Year: 1994  Month: 10  ID: MPT  ARGOS:  8906  Name: Marble Point        
Lat: 77.44S  Lon: 163.76E  Elev:  108m
1994 274 10  1 0000  -17.9  982.2    5.6  140.0  444.0  444.0
1994 274 10  1 0100  -19.8  982.2    6.9  142.0  444.0  444.0
1994 274 10  1 0200  -18.1  981.4    6.6  144.0  444.0  444.0
1994 274 10  1 0300  -17.1  980.9    7.1  149.0  444.0  444.0
1994 274 10  1 0400  -17.4  980.5    6.1  154.0  444.0  444.0
1994 274 10  1 0500  -18.5  980.4    8.6  153.0  444.0  444.0
1994 274 10  1 0600  -16.6  980.3    6.9  167.0  444.0  444.0
1994 274 10  1 0700  -15.9  979.3    7.1  154.0  444.0  444.0
1994 274 10  1 0800  -20.8  979.3    3.7  142.0  444.0  444.0
1994 274 10  1 0900  -19.0  979.0    2.9  198.0  444.0  444.0
1994 274 10  1 1000  -18.4  978.7    0.5  135.0  444.0  444.0
1994 274 10  1 1100  -16.0  978.2    3.4  168.0  444.0  444.0
1994 274 10  1 1200  -16.1  977.8    4.2  174.0  444.0  444.0
1994 274 10  1 1300  -15.6  977.1    1.7  165.0  444.0  444.0
1994 274 10  1 1400  -14.2  975.9    4.2  154.0  444.0  444.0
1994 274 10  1 1500  -14.0  975.4    1.2  170.0  444.0  444.0
1994 274 10  1 1600  -12.2  975.1    2.7  188.0  444.0  444.0
1994 274 10  1 1700  -11.8  975.3    1.5  109.0  444.0  444.0
1994 274 10  1 1800  -12.4  974.5    3.7  358.0  444.0  444.0
1994 274 10  1 1900  -12.6  974.5    6.4    8.0  444.0  444.0
1994 274 10  1 2000  -12.1  975.5    2.0  136.0  444.0  444.0
1994 274 10  1 2100  -11.2  975.9    5.6  109.0  444.0  444.0
1994 274 10  1 2200  444.0  444.0  444.0  444.0  444.0  444.0
1994 274 10  1 2300   -9.9  977.7    5.4  146.0  444.0  444.0
1994 275 10  2 0000   -9.1  978.3    3.4  126.0  444.0  444.0
1994 275 10  2 0100   -8.9  978.8    2.7  185.0  444.0  444.0
1994 275 10  2 0200   -8.6  979.4    4.4  130.0  444.0  444.0
1994 275 10  2 0300   -9.5  980.3    5.4  139.0  444.0  444.0
1994 275 10  2 0400   -9.6  980.8    5.4  132.0  444.0  444.0
1994 275 10  2 0500  -10.0  981.3    8.1  119.0  444.0  444.0
1994 275 10  2 0600  -10.2  981.6    8.1  158.0  444.0  444.0
1994 275 10  2 0700   -9.9  981.6   10.5  157.0  444.0  444.0
1994 275 10  2 0800  -10.2  981.8    8.1  163.0  444.0  444.0
1994 275 10  2 0900   -9.6  981.6   10.3  170.0  444.0  444.0
1994 275 10  2 1000  -10.0  982.0   10.5  154.0  444.0  444.0
1994 275 10  2 1100  -11.1  982.7    8.8  156.0  444.0  444.0
1994 275 10  2 1200  -12.4  983.1    6.1  171.0  444.0  444.0
1994 275 10  2 1300  -12.0  983.0    9.3  163.0  444.0  444.0
1994 275 10  2 1400  -12.0  983.3    3.9  199.0  444.0  444.0
1994 275 10  2 1500  -11.2  982.9    6.4  167.0  444.0  444.0
1994 275 10  2 1600  -10.6  982.9    5.9  165.0  444.0  444.0
1994 275 10  2 1700  -10.5  982.9    9.6  160.0  444.0  444.0
1994 275 10  2 1800  -10.9  983.2    7.8  156.0  444.0  444.0
1994 275 10  2 1900  -10.9  983.4   11.0  147.0  444.0  444.0
1994 275 10  2 2000  -11.4  983.7   10.8  147.0  444.0  444.0
1994 275 10  2 2100  -11.6  984.6   12.5  156.0  444.0  444.0
1994 275 10  2 2200  -12.6  985.0   13.5  160.0  444.0  444.0
1994 275 10  2 2300  -12.9  985.3   11.0  164.0  444.0  444.0
1994 276 10  3 0000  -12.6  985.5   10.8  167.0  444.0  444.0
1994 276 10  3 0100  -12.5  985.9   11.0  168.0  444.0  444.0
1994 276 10  3 0200  -12.4  986.1   10.5  167.0  444.0  444.0
1994 276 10  3 0300  -12.5  986.3   11.8  154.0  444.0  444.0
1994 276 10  3 0400  -12.4  986.9   10.3  163.0  444.0  444.0
1994 276 10  3 0500  -12.6  986.6   12.7  150.0  444.0  444.0
1994 276 10  3 0600  -12.2  987.1   10.0  154.0  444.0  444.0
1994 276 10  3 0700  -12.9  987.1    8.6  167.0  444.0  444.0
1994 276 10  3 0800  -14.4  986.9    7.6  158.0  444.0  444.0
1994 276 10  3 0900  -15.0  986.3    7.8  147.0  444.0  444.0
1994 276 10  3 1000  -15.0  986.5    3.9  140.0  444.0  444.0
1994 276 10  3 1100  -14.6  986.2    7.1  150.0  444.0  444.0
1994 276 10  3 1200  -14.0  986.2    5.1  167.0  444.0  444.0
1994 276 10  3 1300  -14.2  986.0    5.9  163.0  444.0  444.0
1994 276 10  3 1400  -13.6  985.3    6.1  160.0  444.0  444.0
1994 276 10  3 1500  -13.5  985.0    7.6  189.0  444.0  444.0
1994 276 10  3 1600  444.0  444.0  444.0  444.0  444.0  444.0
1994 276 10  3 1700  -13.5  984.5    5.9  147.0  444.0  444.0
1994 276 10  3 1800  -14.5  984.1    5.6  154.0  444.0  444.0
1994 276 10  3 1900  -15.2  984.3    3.9  150.0  444.0  444.0
1994 276 10  3 2000  -13.6  983.6    3.4  177.0  444.0  444.0
1994 276 10  3 2100  444.0  983.2    0.0    0.0  444.0  444.0
1994 276 10  3 2200  -14.6  982.5    4.4  146.0  444.0  444.0
1994 276 10  3 2300  -13.0  981.7    2.7  172.0  444.0  444.0
1994 277 10  4 0000  -13.5  981.0    4.2  149.0  444.0  444.0
1994 277 10  4 0100  -11.8  980.3    6.4  158.0  444.0  444.0
1994 277 10  4 0200  -15.0  980.4    0.7  323.0  444.0  444.0
1994 277 10  4 0300  444.0  980.0    0.0    0.0  444.0  444.0
1994 277 10  4 0400  -13.5  979.3    0.0    0.0  444.0  444.0
1994 277 10  4 0500  -14.1  978.4    0.2  153.0  444.0  444.0
1994 277 10  4 0600  444.0  978.0    1.2  146.0  444.0  444.0
1994 277 10  4 0700  -19.0  977.3    1.7  150.0  444.0  444.0
1994 277 10  4 0800  -18.9  976.6    2.5  171.0  444.0  444.0
1994 277 10  4 0900  -18.2  976.3    1.5  160.0  444.0  444.0
1994 277 10  4 1000  -19.0  975.6    1.7  160.0  444.0  444.0
1994 277 10  4 1100  -18.0  974.8    3.2  154.0  444.0  444.0
1994 277 10  4 1200  -18.4  974.7    1.7  153.0  444.0  444.0
1994 277 10  4 1300  -16.6  974.0    3.2  184.0  444.0  444.0
1994 277 10  4 1400  -17.0  973.8    2.7  168.0  444.0  444.0
1994 277 10  4 1500  -22.0  973.5    2.9  154.0  444.0  444.0
1994 277 10  4 1600  -18.2  973.3    2.2  165.0  444.0  444.0
1994 277 10  4 1700  -17.8  973.1    3.2  165.0  444.0  444.0
1994 277 10  4 1800  -16.6  972.7    0.7  196.0  444.0  444.0
1994 277 10  4 1900  -17.4  972.4    2.2  268.0  444.0  444.0
1994 277 10  4 2000  -16.4  971.6    1.2  292.0  444.0  444.0
1994 277 10  4 2100  444.0  971.4    0.0    0.0  444.0  444.0
1994 277 10  4 2200  444.0  970.6    0.0    0.0  444.0  444.0
1994 277 10  4 2300  -13.9  970.0    1.7  333.0  444.0  444.0
1994 278 10  5 0000  -13.5  969.5    1.0  341.0  444.0  444.0
1994 278 10  5 0100  -11.9  968.9    1.7  338.0  444.0  444.0
1994 278 10  5 0200  444.0  968.5    1.0   21.0  444.0  444.0
1994 278 10  5 0300  444.0  968.1    0.0    0.0  444.0  444.0
1994 278 10  5 0400  -13.6  967.7    0.7  307.0  444.0  444.0
1994 278 10  5 0500  -11.1  967.1    2.7  258.0  444.0  444.0
1994 278 10  5 0600  -12.2  966.9    3.2  261.0  444.0  444.0
1994 278 10  5 0700  -11.2  966.8    2.2  270.0  444.0  444.0
1994 278 10  5 0800  -11.4  966.7    3.9  257.0  444.0  444.0
1994 278 10  5 0900  -11.4  966.7    3.2  253.0  444.0  444.0
1994 278 10  5 1000  -10.5  967.0    2.2  289.0  444.0  444.0
1994 278 10  5 1100  444.0  967.4    1.2  250.0  444.0  444.0
1994 278 10  5 1200  444.0  967.8    0.2  229.0  444.0  444.0
1994 278 10  5 1300  -11.9  968.6    1.2  104.0  444.0  444.0
1994 278 10  5 1400  -11.6  968.7    2.7  213.0  444.0  444.0
1994 278 10  5 1500  -11.4  968.8    2.5  254.0  444.0  444.0
1994 278 10  5 1600  -10.6  969.0    2.7  336.0  444.0  444.0
1994 278 10  5 1700  -10.0  969.7    0.5  208.0  444.0  444.0
1994 278 10  5 1800  -13.6  970.0    1.5  313.0  444.0  444.0
1994 278 10  5 1900  -11.1  969.9    2.7  288.0  444.0  444.0
1994 278 10  5 2000  -11.1  969.9    3.9  278.0  444.0  444.0
1994 278 10  5 2100  -10.0  969.9    1.5  279.0  444.0  444.0
1994 278 10  5 2200   -9.0  970.1    3.7  293.0  444.0  444.0
1994 278 10  5 2300   -8.2  970.1    2.7  298.0  444.0  444.0
1994 279 10  6 0000   -7.6  970.3    0.0    0.0  444.0  444.0
1994 279 10  6 0100   -8.2  970.0    1.5  357.0  444.0  444.0
1994 279 10  6 0200   -6.9  970.2    0.0    0.0  444.0  444.0
1994 279 10  6 0300   -6.4  970.2    1.5  226.0  444.0  444.0
1994 279 10  6 0400   -9.6  971.0    0.0    0.0  444.0  444.0
1994 279 10  6 0500   -8.5  971.3    1.0  227.0  444.0  444.0
1994 279 10  6 0600  444.0  971.6    0.0    0.0  444.0  444.0
1994 279 10  6 0700  444.0  972.2    0.0    0.0  444.0  444.0
1994 279 10  6 0800   -8.9  972.9    0.0    0.0  444.0  444.0
1994 279 10  6 0900  -10.0  973.4    2.2  202.0  444.0  444.0
1994 279 10  6 1000   -9.9  973.5    3.7  184.0  444.0  444.0
1994 279 10  6 1100  -10.0  973.6    2.7  212.0  444.0  444.0
1994 279 10  6 1200   -9.9  973.6    2.0  264.0  444.0  444.0
1994 279 10  6 1300  -10.0  973.9    1.2  236.0  444.0  444.0
1994 279 10  6 1400  -10.0  973.8    1.2  220.0  444.0  444.0
1994 279 10  6 1500  -11.1  974.1    0.0    0.0  444.0  444.0
1994 279 10  6 1600  -14.4  974.5    4.7  130.0  444.0  444.0
1994 279 10  6 1700  -13.6  974.7    4.2  156.0  444.0  444.0
1994 279 10  6 1800  -12.2  974.7    3.7  178.0  444.0  444.0
1994 279 10  6 1900  -10.8  974.6    2.2  178.0  444.0  444.0
1994 279 10  6 2000   -9.4  974.4    1.0  234.0  444.0  444.0
1994 279 10  6 2100  444.0  974.3    0.5   54.0  444.0  444.0
1994 279 10  6 2200  -16.5  974.5    2.2  309.0  444.0  444.0
1994 279 10  6 2300  -12.4  974.4    1.7  315.0  444.0  444.0
1994 280 10  7 0000  -12.4  974.2    1.2  327.0  444.0  444.0
1994 280 10  7 0100  -13.1  974.1    4.2  324.0  444.0  444.0
1994 280 10  7 0200  -13.4  973.7    3.7  313.0  444.0  444.0
1994 280 10  7 0300  -13.6  973.4    3.4  288.0  444.0  444.0
1994 280 10  7 0400  444.0  444.0  444.0  444.0  444.0  444.0
1994 280 10  7 0500  -13.5  972.7    3.7  319.0  444.0  444.0
1994 280 10  7 0600  -14.9  972.2    4.2  319.0  444.0  444.0
1994 280 10  7 0700  -15.4  971.6    3.7  313.0  444.0  444.0
1994 280 10  7 0800  -16.1  971.4    2.5  309.0  444.0  444.0
1994 280 10  7 0900  -19.5  971.0    6.6  139.0  444.0  444.0
1994 280 10  7 1000  -19.8  970.9    5.6  149.0  444.0  444.0
1994 280 10  7 1100  -20.0  970.9    4.9  142.0  444.0  444.0
1994 280 10  7 1200  -20.0  970.4    6.1  139.0  444.0  444.0
1994 280 10  7 1300  -19.0  970.1    5.6  160.0  444.0  444.0
1994 280 10  7 1400  -18.9  969.9    6.4  160.0  444.0  444.0
1994 280 10  7 1500  -20.2  969.3    6.6  133.0  444.0  444.0
1994 280 10  7 1600  -21.4  969.2    4.2  133.0  444.0  444.0
1994 280 10  7 1700  -21.1  968.9    2.5  127.0  444.0  444.0
1994 280 10  7 1800  -21.1  968.7    0.0    0.0  444.0  444.0
1994 280 10  7 1900  -21.4  968.5    2.0  139.0  444.0  444.0
1994 280 10  7 2000  -20.5  968.0    0.0    0.0  444.0  444.0
1994 280 10  7 2100  444.0  444.0  444.0  444.0  444.0  444.0
1994 280 10  7 2200  -19.0  967.5    2.9   25.0  444.0  444.0
1994 280 10  7 2300  -19.4  967.6    0.0    0.0  444.0  444.0
1994 281 10  8 0000  -20.0  967.2    2.2  345.0  444.0  444.0
1994 281 10  8 0100  -18.5  966.8    1.2  261.0  444.0  444.0
1994 281 10  8 0200  -19.1  966.4    1.5  133.0  444.0  444.0
1994 281 10  8 0300  -19.1  966.0    1.2  153.0  444.0  444.0
1994 281 10  8 0400  -20.2  965.7    0.7  119.0  444.0  444.0
1994 281 10  8 0500  -20.4  965.5    0.0    0.0  444.0  444.0
1994 281 10  8 0600  444.0  965.3    0.0    0.0  444.0  444.0
1994 281 10  8 0700  444.0  965.3    0.5  352.0  444.0  444.0
1994 281 10  8 0800  444.0  965.4    0.0    0.0  444.0  444.0
1994 281 10  8 0900  444.0  444.0  444.0  444.0  444.0  444.0
1994 281 10  8 1000  -19.1  965.8    0.0    0.0  444.0  444.0
1994 281 10  8 1100  -20.0  966.0    3.4  206.0  444.0  444.0
1994 281 10  8 1200  -19.5  966.2    3.4  254.0  444.0  444.0
1994 281 10  8 1300  -20.5  966.2    6.6  230.0  444.0  444.0
1994 281 10  8 1400  444.0  966.5    1.0  219.0  444.0  444.0
1994 281 10  8 1500  -17.2  966.3    3.4  248.0  444.0  444.0
1994 281 10  8 1600  -18.4  966.2    3.7  222.0  444.0  444.0
1994 281 10  8 1700  -17.0  966.1    2.9  246.0  444.0  444.0
1994 281 10  8 1800  -15.8  966.2    2.7  185.0  444.0  444.0
1994 281 10  8 1900  444.0  444.0  444.0  444.0  444.0  444.0
1994 281 10  8 2000  -21.8  966.9    3.9  132.0  444.0  444.0
1994 281 10  8 2100  -21.9  967.2    4.4  151.0  444.0  444.0
1994 281 10  8 2200  -20.2  967.1    2.0  156.0  444.0  444.0
1994 281 10  8 2300  -19.5  967.4    6.6  133.0  444.0  444.0
1994 282 10  9 0000  444.0  444.0  444.0  444.0  444.0  444.0
1994 282 10  9 0100  -19.2  967.7    6.1  137.0  444.0  444.0
1994 282 10  9 0200  444.0  444.0  444.0  444.0  444.0  444.0
1994 282 10  9 0300  -17.4  967.9    1.2  157.0  444.0  444.0
1994 282 10  9 0400  -15.5  967.6    2.7  115.0  444.0  444.0
1994 282 10  9 0500  444.0  967.5    0.0    0.0  444.0  444.0
1994 282 10  9 0600  -17.2  967.5    1.7  303.0  444.0  444.0
1994 282 10  9 0700  444.0  444.0  444.0  444.0  444.0  444.0
1994 282 10  9 0800  -19.8  967.3    3.9  320.0  444.0  444.0
1994 282 10  9 0900  -19.0  967.2    5.1  309.0  444.0  444.0
1994 282 10  9 1000  -19.1  967.2    0.7  351.0  444.0  444.0
1994 282 10  9 1100  -18.5  967.0    0.5  360.0  444.0  444.0
1994 282 10  9 1200  444.0  444.0  444.0  444.0  444.0  444.0
1994 282 10  9 1300  -17.0  966.3    1.5  233.0  444.0  444.0
1994 282 10  9 1400  -16.6  966.1    1.5  215.0  444.0  444.0
1994 282 10  9 1500  -16.2  965.9    0.5  255.0  444.0  444.0
1994 282 10  9 1600  -15.2  965.6    3.7  217.0  444.0  444.0
1994 282 10  9 1700  444.0  444.0  444.0  444.0  444.0  444.0
1994 282 10  9 1800  -20.0  965.7    2.2  153.0  444.0  444.0
1994 282 10  9 1900  -22.4  966.1    3.7  151.0  444.0  444.0
1994 282 10  9 2000  -20.9  966.1    1.0  147.0  444.0  444.0
1994 282 10  9 2100  -21.2  966.3    2.7  151.0  444.0  444.0
1994 282 10  9 2200  -21.6  966.3    3.7  142.0  444.0  444.0
1994 282 10  9 2300  -21.1  966.9    2.7  144.0  444.0  444.0
1994 283 10 10 0000  -21.4  967.4    3.7  133.0  444.0  444.0
1994 283 10 10 0100  -20.4  967.4    2.2  133.0  444.0  444.0
1994 283 10 10 0200  -19.8  967.8    3.7  142.0  444.0  444.0
1994 283 10 10 0300  -19.4  968.2    2.7  139.0  444.0  444.0
1994 283 10 10 0400  -19.5  968.5    4.4  137.0  444.0  444.0
1994 283 10 10 0500  444.0  444.0  444.0  444.0  444.0  444.0
1994 283 10 10 0600  444.0  969.0    0.0    0.0  444.0  444.0
1994 283 10 10 0700  444.0  969.1    1.2  317.0  444.0  444.0
1994 283 10 10 0800  -17.4  969.5    1.0  299.0  444.0  444.0
1994 283 10 10 0900  -18.0  969.7    0.0    0.0  444.0  444.0
1994 283 10 10 1000  444.0  444.0  444.0  444.0  444.0  444.0
1994 283 10 10 1100  -15.2  970.2    1.5  233.0  444.0  444.0
1994 283 10 10 1200  -15.2  970.2    2.0  203.0  444.0  444.0
1994 283 10 10 1300  -15.0  970.3    1.7  220.0  444.0  444.0
1994 283 10 10 1400  -15.5  970.3    2.9  219.0  444.0  444.0
1994 283 10 10 1500  444.0  444.0  444.0  444.0  444.0  444.0
1994 283 10 10 1600  -14.8  970.6    2.7  198.0  444.0  444.0
1994 283 10 10 1700  -17.2  971.0    5.1  158.0  444.0  444.0
1994 283 10 10 1800  -17.0  971.2    8.8  158.0  444.0  444.0
1994 283 10 10 1900  -16.5  971.6    9.1  161.0  444.0  444.0
1994 283 10 10 2000  -16.4  971.9    9.6  164.0  444.0  444.0
1994 283 10 10 2100  -17.6  972.2    9.8  104.0  444.0  444.0
1994 283 10 10 2200  -17.6  972.3   10.8  144.0  444.0  444.0
1994 283 10 10 2300  -17.9  972.7   10.3  167.0  444.0  444.0
1994 284 10 11 0000  -17.6  972.8    8.1  156.0  444.0  444.0
1994 284 10 11 0100  -17.8  972.2    9.6  156.0  444.0  444.0
1994 284 10 11 0200  -17.6  972.3    8.1  156.0  444.0  444.0
1994 284 10 11 0300  444.0  444.0  444.0  444.0  444.0  444.0
1994 284 10 11 0400  -18.0  972.1    7.4  156.0  444.0  444.0
1994 284 10 11 0500  -18.1  972.3    6.6  163.0  444.0  444.0
1994 284 10 11 0600  -18.4  972.2    4.9  143.0  444.0  444.0
1994 284 10 11 0700  -19.1  972.0    4.9  170.0  444.0  444.0
1994 284 10 11 0800  -19.5  972.0    5.4  163.0  444.0  444.0
1994 284 10 11 0900  -19.5  972.1    5.6  191.0  444.0  444.0
1994 284 10 11 1000  -18.9  972.0    6.4  177.0  444.0  444.0
1994 284 10 11 1100  -19.0  971.8    5.4  156.0  444.0  444.0
1994 284 10 11 1200  -18.2  971.3    2.7  160.0  444.0  444.0
1994 284 10 11 1300  -19.1  971.0    2.9  158.0  444.0  444.0
1994 284 10 11 1400  -18.4  970.6    2.5  199.0  444.0  444.0
1994 284 10 11 1500  -23.2  970.4    0.5  331.0  444.0  444.0
1994 284 10 11 1600  444.0  970.5    0.5  185.0  444.0  444.0
1994 284 10 11 1700  -20.2  970.4    1.7  206.0  444.0  444.0
1994 284 10 11 1800  -20.1  970.1    1.7  212.0  444.0  444.0
1994 284 10 11 1900  -20.8  970.1    0.0    0.0  444.0  444.0
1994 284 10 11 2000  -20.8  970.0    0.0    0.0  444.0  444.0
1994 284 10 11 2100  -20.9  969.7    1.5  126.0  444.0  444.0
1994 284 10 11 2200  -20.4  969.8    3.2  157.0  444.0  444.0
1994 284 10 11 2300  -21.5  969.7    5.4  136.0  444.0  444.0
1994 285 10 12 0000  -21.9  969.8    7.1  133.0  444.0  444.0
1994 285 10 12 0100  -22.5  970.0    7.4  156.0  444.0  444.0
1994 285 10 12 0200  -22.9  969.9    9.6  140.0  444.0  444.0
1994 285 10 12 0300  -22.4  970.1   10.3  146.0  444.0  444.0
1994 285 10 12 0400  -22.1  970.3    7.6  150.0  444.0  444.0
1994 285 10 12 0500  -22.6  970.4    8.1  143.0  444.0  444.0
1994 285 10 12 0600  -22.4  970.5    7.4  144.0  444.0  444.0
1994 285 10 12 0700  -21.9  970.7    6.4  150.0  444.0  444.0
1994 285 10 12 0800  -21.5  970.9    7.8  142.0  444.0  444.0
1994 285 10 12 0900  -22.1  971.6    7.1  133.0  444.0  444.0
1994 285 10 12 1000  -22.0  971.7    8.1  136.0  444.0  444.0
1994 285 10 12 1100  -22.6  971.8    7.6  123.0  444.0  444.0
1994 285 10 12 1200  -22.4  972.0    9.1  150.0  444.0  444.0
1994 285 10 12 1300  -22.5  972.3    9.6  147.0  444.0  444.0
1994 285 10 12 1400  -22.9  972.6    8.3  139.0  444.0  444.0
1994 285 10 12 1500  444.0  444.0  444.0  444.0  444.0  444.0
1994 285 10 12 1600  444.0  444.0  444.0  444.0  444.0  444.0
1994 285 10 12 1700  -22.5  974.2    9.6  147.0  444.0  444.0
1994 285 10 12 1800  -22.9  974.7    7.4  137.0  444.0  444.0
1994 285 10 12 1900  -22.0  975.4    6.4  143.0  444.0  444.0
1994 285 10 12 2000  -22.4  975.9    8.1  149.0  444.0  444.0
1994 285 10 12 2100  -21.6  976.1    7.8  151.0  444.0  444.0
1994 285 10 12 2200  -21.6  976.5    9.1  142.0  444.0  444.0
1994 285 10 12 2300  -21.6  977.0    7.6  147.0  444.0  444.0
1994 286 10 13 0000  -21.8  977.2   10.0  156.0  444.0  444.0
1994 286 10 13 0100  -21.8  977.1    8.3  146.0  444.0  444.0
1994 286 10 13 0200  -22.9  977.4    8.8  146.0  444.0  444.0
1994 286 10 13 0300  -22.8  977.4   10.0  147.0  444.0  444.0
1994 286 10 13 0400  -23.4  977.6    9.6  146.0  444.0  444.0
1994 286 10 13 0500  -23.4  978.0    8.3  158.0  444.0  444.0
1994 286 10 13 0600  -23.9  978.0    9.6  143.0  444.0  444.0
1994 286 10 13 0700  -24.4  978.2   10.5  150.0  444.0  444.0
1994 286 10 13 0800  -24.6  978.1    9.3  143.0  444.0  444.0
1994 286 10 13 0900  -24.4  978.1   10.0  151.0  444.0  444.0
1994 286 10 13 1000  -24.5  977.9    8.1  146.0  444.0  444.0
1994 286 10 13 1100  -24.6  977.5    7.6  142.0  444.0  444.0
1994 286 10 13 1200  -24.8  977.0    6.1  126.0  444.0  444.0
1994 286 10 13 1300  -24.9  976.8    2.9  143.0  444.0  444.0
1994 286 10 13 1400  -24.0  976.7    6.9  142.0  444.0  444.0
1994 286 10 13 1500  -24.0  976.6    7.6  147.0  444.0  444.0
1994 286 10 13 1600  -23.9  976.2    9.3  156.0  444.0  444.0
1994 286 10 13 1700  -23.4  976.3    7.8  156.0  444.0  444.0
1994 286 10 13 1800  -23.6  976.2    8.1  163.0  444.0  444.0
1994 286 10 13 1900  -23.8  976.2    6.9  149.0  444.0  444.0
1994 286 10 13 2000  -24.0  976.2    6.4  164.0  444.0  444.0
1994 286 10 13 2100  -24.1  975.6    7.6  170.0  444.0  444.0
1994 286 10 13 2200  -23.8  975.4    9.1  151.0  444.0  444.0
1994 286 10 13 2300  444.0  444.0  444.0  444.0  444.0  444.0
1994 287 10 14 0000  -22.8  975.0    6.9  149.0  444.0  444.0
1994 287 10 14 0100  -23.9  974.8    4.9  157.0  444.0  444.0
1994 287 10 14 0200  -23.2  974.7    2.9  150.0  444.0  444.0
1994 287 10 14 0300  -22.9  974.3    2.5  144.0  444.0  444.0
1994 287 10 14 0400  444.0  973.8    0.5  149.0  444.0  444.0
1994 287 10 14 0500  -21.4  973.2    1.2  237.0  444.0  444.0
1994 287 10 14 0600  -22.6  972.5    2.5  250.0  444.0  444.0
1994 287 10 14 0700  444.0  971.8    0.0    0.0  444.0  444.0
1994 287 10 14 0800  444.0  971.2    0.0    0.0  444.0  444.0
1994 287 10 14 0900  -25.2  970.0    1.2  282.0  444.0  444.0
1994 287 10 14 1000  -26.0  969.0    1.5  312.0  444.0  444.0
1994 287 10 14 1100  -25.5  968.6    2.0  284.0  444.0  444.0
1994 287 10 14 1200  -26.4  968.0    0.2  291.0  444.0  444.0
1994 287 10 14 1300  -26.4  967.3    0.0    0.0  444.0  444.0
1994 287 10 14 1400  -29.5  966.6    1.0  167.0  444.0  444.0
1994 287 10 14 1500  -26.9  966.3    1.7  185.0  444.0  444.0
1994 287 10 14 1600  -26.8  966.0    2.5  175.0  444.0  444.0
1994 287 10 14 1700  -26.4  965.7    1.5  180.0  444.0  444.0
1994 287 10 14 1800  444.0  965.5    0.0    0.0  444.0  444.0
1994 287 10 14 1900  444.0  965.1    0.2  351.0  444.0  444.0
1994 287 10 14 2000  444.0  964.8    1.0  225.0  444.0  444.0
1994 287 10 14 2100  -26.5  964.2    2.7  270.0  444.0  444.0
1994 287 10 14 2200  444.0  963.6    0.7   15.0  444.0  444.0
1994 287 10 14 2300  -24.9  963.2    0.0    0.0  444.0  444.0
1994 288 10 15 0000  -25.6  963.0    0.0    0.0  444.0  444.0
1994 288 10 15 0100  -26.2  962.6    2.0  167.0  444.0  444.0
1994 288 10 15 0200  -23.4  962.8    2.0  160.0  444.0  444.0
1994 288 10 15 0300  -23.4  962.4    2.9  161.0  444.0  444.0
1994 288 10 15 0400  -23.6  962.0    4.7  160.0  444.0  444.0
1994 288 10 15 0500  -23.2  961.5    4.4  165.0  444.0  444.0
1994 288 10 15 0600  -24.4  961.1    3.4  168.0  444.0  444.0
1994 288 10 15 0700  -23.9  960.8    3.2  164.0  444.0  444.0
1994 288 10 15 0800  -24.1  960.6    1.7  170.0  444.0  444.0
1994 288 10 15 0900  -25.1  959.8    0.5  196.0  444.0  444.0
1994 288 10 15 1000  -26.1  959.9    0.7  253.0  444.0  444.0
1994 288 10 15 1100  -26.5  959.8    0.0    0.0  444.0  444.0
1994 288 10 15 1200  -27.2  959.4    0.0    0.0  444.0  444.0
1994 288 10 15 1300  -27.8  959.0    2.7  250.0  444.0  444.0
1994 288 10 15 1400  -27.4  958.7    2.0  206.0  444.0  444.0
1994 288 10 15 1500  -27.9  958.4    2.2  219.0  444.0  444.0
1994 288 10 15 1600  -27.2  958.5    0.7  265.0  444.0  444.0
1994 288 10 15 1700  -28.1  958.7    0.0    0.0  444.0  444.0
1994 288 10 15 1800  -27.4  958.6    1.7  213.0  444.0  444.0
1994 288 10 15 1900  -25.6  958.9    1.7  199.0  444.0  444.0
1994 288 10 15 2000  444.0  959.1    0.0    0.0  444.0  444.0
1994 288 10 15 2100  444.0  959.0    0.0    0.0  444.0  444.0
1994 288 10 15 2200  444.0  958.9    1.0  345.0  444.0  444.0
1994 288 10 15 2300  444.0  958.9    0.7   26.0  444.0  444.0
1994 289 10 16 0000  -26.1  959.1    2.7   21.0  444.0  444.0
1994 289 10 16 0100  -26.2  959.3    1.0  278.0  444.0  444.0
1994 289 10 16 0200  -23.4  959.1    1.2  355.0  444.0  444.0
1994 289 10 16 0300  -23.4  959.2    1.2  292.0  444.0  444.0
1994 289 10 16 0400  -24.9  959.4    1.0  284.0  444.0  444.0
1994 289 10 16 0500  -24.5  959.3    2.7  282.0  444.0  444.0
1994 289 10 16 0600  -25.4  959.3    3.7  288.0  444.0  444.0
1994 289 10 16 0700  -25.6  959.6    3.9  282.0  444.0  444.0
1994 289 10 16 0800  -26.5  959.4    3.9  277.0  444.0  444.0
1994 289 10 16 0900  -25.6  959.4    4.4  288.0  444.0  444.0
1994 289 10 16 1000  -25.8  959.3    4.9  277.0  444.0  444.0
1994 289 10 16 1100  -25.1  959.3    1.2  329.0  444.0  444.0
1994 289 10 16 1200  -26.5  959.2    1.2  322.0  444.0  444.0
1994 289 10 16 1300  -27.1  958.9    2.5  257.0  444.0  444.0
1994 289 10 16 1400  -26.5  958.7    3.4  320.0  444.0  444.0
1994 289 10 16 1500  -26.1  958.4    3.9  310.0  444.0  444.0
1994 289 10 16 1600  -26.2  958.1    1.7  298.0  444.0  444.0
1994 289 10 16 1700  -27.4  958.1    5.1  329.0  444.0  444.0
1994 289 10 16 1800  -28.8  958.8    2.7  343.0  444.0  444.0
1994 289 10 16 1900  444.0  960.1    0.0    0.0  444.0  444.0
1994 289 10 16 2000  -28.8  961.7    2.7  136.0  444.0  444.0
1994 289 10 16 2100  -25.6  963.3    2.5  144.0  444.0  444.0
1994 289 10 16 2200  -25.1  964.4    2.0  135.0  444.0  444.0
1994 289 10 16 2300  -25.4  966.1    4.2  144.0  444.0  444.0
1994 290 10 17 0000  444.0  966.8    0.0    0.0  444.0  444.0
1994 290 10 17 0100  444.0  967.6    0.0    0.0  444.0  444.0
1994 290 10 17 0200  -24.2  968.0    2.0  348.0  444.0  444.0
1994 290 10 17 0300  -23.2  968.6    1.0  357.0  444.0  444.0
1994 290 10 17 0400  -23.9  968.7    3.4  312.0  444.0  444.0
1994 290 10 17 0500  -23.8  969.5    2.7  341.0  444.0  444.0
1994 290 10 17 0600  -22.8  969.9    1.5  299.0  444.0  444.0
1994 290 10 17 0700  -23.1  970.5    1.7  347.0  444.0  444.0
1994 290 10 17 0800  -23.6  970.6    2.0  331.0  444.0  444.0
1994 290 10 17 0900  -23.8  970.7    2.5  324.0  444.0  444.0
1994 290 10 17 1000  444.0  970.8    0.0    0.0  444.0  444.0
1994 290 10 17 1100  -23.4  971.0    2.2  313.0  444.0  444.0
1994 290 10 17 1200  -23.6  971.1    2.0  327.0  444.0  444.0
1994 290 10 17 1300  -22.8  971.1    1.5  303.0  444.0  444.0
1994 290 10 17 1400  444.0  971.4    0.5  309.0  444.0  444.0
1994 290 10 17 1500  -23.1  971.8    2.2  133.0  444.0  444.0
1994 290 10 17 1600  -17.4  971.3    2.7  284.0  444.0  444.0
1994 290 10 17 1700  444.0  971.7    0.0    0.0  444.0  444.0
1994 290 10 17 1800  444.0  972.4    0.2  144.0  444.0  444.0
1994 290 10 17 1900  444.0  972.9    0.0    0.0  444.0  444.0
1994 290 10 17 2000  444.0  972.9    0.0    0.0  444.0  444.0
1994 290 10 17 2100  -19.8  973.7    2.7  133.0  444.0  444.0
1994 290 10 17 2200  -15.4  974.1    1.7  139.0  444.0  444.0
1994 290 10 17 2300  -16.2  974.5    2.5  210.0  444.0  444.0
1994 291 10 18 0000  444.0  444.0  444.0  444.0  444.0  444.0
1994 291 10 18 0100  444.0  974.7    0.0    0.0  444.0  444.0
1994 291 10 18 0200  444.0  974.4    0.0    0.0  444.0  444.0
1994 291 10 18 0300  444.0  974.6    0.0    0.0  444.0  444.0
1994 291 10 18 0400  -14.8  974.7    0.7  215.0  444.0  444.0
1994 291 10 18 0500  -15.0  975.3    2.2  136.0  444.0  444.0
1994 291 10 18 0600  -15.8  975.5    2.2  171.0  444.0  444.0
1994 291 10 18 0700  -16.0  976.1    1.5  168.0  444.0  444.0
1994 291 10 18 0800  -16.5  976.9    2.5  167.0  444.0  444.0
1994 291 10 18 0900  -17.8  977.0    2.7  157.0  444.0  444.0
1994 291 10 18 1000  -18.1  976.9    1.0  226.0  444.0  444.0
1994 291 10 18 1100  -18.4  977.1    1.7  172.0  444.0  444.0
1994 291 10 18 1200  444.0  444.0  444.0  444.0  444.0  444.0
1994 291 10 18 1300  -17.4  977.0    2.7  215.0  444.0  444.0
1994 291 10 18 1400  -17.1  977.2    1.7  188.0  444.0  444.0
1994 291 10 18 1500  -17.1  977.7    2.0  187.0  444.0  444.0
1994 291 10 18 1600  -17.1  977.4    2.9  202.0  444.0  444.0
1994 291 10 18 1700  444.0  444.0  444.0  444.0  444.0  444.0
1994 291 10 18 1800  -19.5  978.1    7.6  161.0  444.0  444.0
1994 291 10 18 1900  -19.8  978.1    2.9  194.0  444.0  444.0
1994 291 10 18 2000  -19.6  978.0    6.1  137.0  444.0  444.0
1994 291 10 18 2100  -19.5  977.3    6.1  118.0  444.0  444.0
1994 291 10 18 2200  444.0  444.0  444.0  444.0  444.0  444.0
1994 291 10 18 2300  -19.6  976.5   10.3  119.0  444.0  444.0
1994 292 10 19 0000  -20.0  975.0   12.0  115.0  444.0  444.0
1994 292 10 19 0100  -19.0  976.2    8.6  160.0  444.0  444.0
1994 292 10 19 0200  -19.5  975.2    6.9  126.0  444.0  444.0
1994 292 10 19 0300  -19.5  975.1    7.6  164.0  444.0  444.0
1994 292 10 19 0400  -20.4  973.2   10.0  118.0  444.0  444.0
1994 292 10 19 0500  -19.8  972.4    9.6  122.0  444.0  444.0
1994 292 10 19 0600  -20.4  971.8    4.9  168.0  444.0  444.0
1994 292 10 19 0700  -19.5  971.0    0.5  126.0  444.0  444.0
1994 292 10 19 0800  444.0  970.0    0.0    0.0  444.0  444.0
1994 292 10 19 0900  -22.4  968.4    4.2  239.0  444.0  444.0
1994 292 10 19 1000  444.0  444.0  444.0  444.0  444.0  444.0
1994 292 10 19 1100  -21.8  966.2    2.5  246.0  444.0  444.0
1994 292 10 19 1200  -22.8  964.8    3.9  244.0  444.0  444.0
1994 292 10 19 1300  -21.6  963.4    2.5  262.0  444.0  444.0
1994 292 10 19 1400  -21.0  961.9    2.2  278.0  444.0  444.0
1994 292 10 19 1500  444.0  444.0  444.0  444.0  444.0  444.0
1994 292 10 19 1600  -19.0  958.7    1.7  300.0  444.0  444.0
1994 292 10 19 1700  -15.6  957.1    9.6  181.0  444.0  444.0
1994 292 10 19 1800  -14.9  955.9    8.1  194.0  444.0  444.0
1994 292 10 19 1900  -14.2  954.9    4.7  189.0  444.0  444.0
1994 292 10 19 2000  444.0  444.0  444.0  444.0  444.0  444.0
1994 292 10 19 2100  -16.0  953.1    3.9  303.0  444.0  444.0
1994 292 10 19 2200  444.0  444.0  444.0  444.0  444.0  444.0
1994 292 10 19 2300  -10.0  950.6    0.0    0.0  444.0  444.0
1994 293 10 20 0000   -9.6  950.4    0.0    0.0  444.0  444.0
1994 293 10 20 0100  444.0  949.9    0.5  136.0  444.0  444.0
1994 293 10 20 0200  444.0  949.6    0.0    0.0  444.0  444.0
1994 293 10 20 0300  444.0  444.0  444.0  444.0  444.0  444.0
1994 293 10 20 0400  -11.9  949.2    3.4  253.0  444.0  444.0
1994 293 10 20 0500  -11.4  949.4    3.2  261.0  444.0  444.0
1994 293 10 20 0600  444.0  949.9    0.2  222.0  444.0  444.0
1994 293 10 20 0700  -12.6  950.7    0.0    0.0  444.0  444.0
1994 293 10 20 0800  444.0  444.0  444.0  444.0  444.0  444.0
1994 293 10 20 0900  -12.1  952.3    0.0    0.0  444.0  444.0
1994 293 10 20 1000  -11.6  952.8    1.7  239.0  444.0  444.0
1994 293 10 20 1100  -11.2  953.5    1.5  255.0  444.0  444.0
1994 293 10 20 1200  -11.2  953.9    2.2  253.0  444.0  444.0
1994 293 10 20 1300  444.0  444.0  444.0  444.0  444.0  444.0
1994 293 10 20 1400  -10.5  955.5    2.5  243.0  444.0  444.0
1994 293 10 20 1500  -11.6  956.2    1.0  237.0  444.0  444.0
1994 293 10 20 1600  -12.2  956.8    0.2  312.0  444.0  444.0
1994 293 10 20 1700  -13.9  958.1    0.0    0.0  444.0  444.0
1994 293 10 20 1800  444.0  444.0  444.0  444.0  444.0  444.0
1994 293 10 20 1900  -13.5  960.6    2.5  206.0  444.0  444.0
1994 293 10 20 2000  -13.5  962.5    0.0    0.0  444.0  444.0
1994 293 10 20 2100  -13.2  963.5    0.5  156.0  444.0  444.0
1994 293 10 20 2200  -10.2  964.5    2.0  192.0  444.0  444.0
1994 293 10 20 2300  444.0  965.0    1.2  215.0  444.0  444.0
1994 294 10 21 0000  444.0  966.0    0.7  202.0  444.0  444.0
1994 294 10 21 0100  444.0  444.0  444.0  444.0  444.0  444.0
1994 294 10 21 0200  -10.1  966.6    1.7  230.0  444.0  444.0
1994 294 10 21 0300   -9.6  967.0    2.0  229.0  444.0  444.0
1994 294 10 21 0400  444.0  967.7    0.0    0.0  444.0  444.0
1994 294 10 21 0500  -10.1  968.0    2.0  239.0  444.0  444.0
1994 294 10 21 0600  444.0  444.0  444.0  444.0  444.0  444.0
1994 294 10 21 0700  -12.9  969.1    0.0    0.0  444.0  444.0
1994 294 10 21 0800  -14.6  969.8    3.4  306.0  444.0  444.0
1994 294 10 21 0900  -14.6  970.3    3.2  292.0  444.0  444.0
1994 294 10 21 1000  -14.0  970.7    3.9  271.0  444.0  444.0
1994 294 10 21 1100  -13.9  971.1    3.9  268.0  444.0  444.0
1994 294 10 21 1200  444.0  444.0  444.0  444.0  444.0  444.0
1994 294 10 21 1300  -14.1  971.5    1.7  299.0  444.0  444.0
1994 294 10 21 1400  -13.8  971.6    1.5  320.0  444.0  444.0
1994 294 10 21 1500  444.0  971.7    0.0    0.0  444.0  444.0
1994 294 10 21 1600  444.0  444.0  444.0  444.0  444.0  444.0
1994 294 10 21 1700  -15.8  972.2    1.5  132.0  444.0  444.0
1994 294 10 21 1800  444.0  972.5    0.0    0.0  444.0  444.0
1994 294 10 21 1900  444.0  972.6    0.0    0.0  444.0  444.0
1994 294 10 21 2000  444.0  972.7    0.7  286.0  444.0  444.0
1994 294 10 21 2100  -12.5  972.7    1.5  303.0  444.0  444.0
1994 294 10 21 2200  -11.9  973.0    2.0  317.0  444.0  444.0
1994 294 10 21 2300  -10.0  972.9    1.7  281.0  444.0  444.0
1994 295 10 22 0000  444.0  972.9    1.0  358.0  444.0  444.0
1994 295 10 22 0100  -11.4  972.4    1.5  320.0  444.0  444.0
1994 295 10 22 0200  -12.9  972.2    1.7  347.0  444.0  444.0
1994 295 10 22 0300  -12.6  972.0    2.2  317.0  444.0  444.0
1994 295 10 22 0400  444.0  972.0    0.7  313.0  444.0  444.0
1994 295 10 22 0500  444.0  971.7    0.5  360.0  444.0  444.0
1994 295 10 22 0600  444.0  971.6    0.5  306.0  444.0  444.0
1994 295 10 22 0700  -15.4  971.4    0.7  144.0  444.0  444.0
1994 295 10 22 0800  444.0  971.3    0.0    0.0  444.0  444.0
1994 295 10 22 0900  -16.5  971.5    2.9  136.0  444.0  444.0
1994 295 10 22 1000  -15.5  971.3    2.2  158.0  444.0  444.0
1994 295 10 22 1100  -14.6  971.0    2.0  150.0  444.0  444.0
1994 295 10 22 1200  -16.1  970.8    2.9  139.0  444.0  444.0
1994 295 10 22 1300  -15.2  970.4    4.4  147.0  444.0  444.0
1994 295 10 22 1400  -17.1  970.4    2.5  147.0  444.0  444.0
1994 295 10 22 1500  -15.8  970.2    3.4  156.0  444.0  444.0
1994 295 10 22 1600  -15.0  970.1    2.9  160.0  444.0  444.0
1994 295 10 22 1700  -15.2  970.1    3.4  115.0  444.0  444.0
1994 295 10 22 1800  -15.2  970.2    2.9  149.0  444.0  444.0
1994 295 10 22 1900  -15.2  970.3    4.7  137.0  444.0  444.0
1994 295 10 22 2000  -14.6  970.4    4.9  146.0  444.0  444.0
1994 295 10 22 2100  -13.5  970.6    8.1  153.0  444.0  444.0
1994 295 10 22 2200  -13.0  970.8    6.6  153.0  444.0  444.0
1994 295 10 22 2300  -14.1  971.0    6.6  147.0  444.0  444.0
1994 296 10 23 0000  -14.9  971.3    3.7  160.0  444.0  444.0
1994 296 10 23 0100  -14.6  971.6    3.2  154.0  444.0  444.0
1994 296 10 23 0200  -13.5  971.3    6.9  144.0  444.0  444.0
1994 296 10 23 0300  -14.1  971.7    6.1  147.0  444.0  444.0
1994 296 10 23 0400  -15.4  972.0    6.4  147.0  444.0  444.0
1994 296 10 23 0500  -15.6  972.2    7.4  147.0  444.0  444.0
1994 296 10 23 0600  -15.5  972.4    5.9  149.0  444.0  444.0
1994 296 10 23 0700  -15.9  972.5    5.6  147.0  444.0  444.0
1994 296 10 23 0800  -17.4  972.7    5.9  144.0  444.0  444.0
1994 296 10 23 0900  -18.4  972.9    6.4  142.0  444.0  444.0
1994 296 10 23 1000  -18.0  973.0    7.4  142.0  444.0  444.0
1994 296 10 23 1100  -18.2  973.2    7.4  150.0  444.0  444.0
1994 296 10 23 1200  -18.4  973.3    5.4  146.0  444.0  444.0
1994 296 10 23 1300  -18.2  973.0    7.1  144.0  444.0  444.0
1994 296 10 23 1400  -19.4  973.2    3.7  147.0  444.0  444.0
1994 296 10 23 1500  -18.9  973.3    2.7  132.0  444.0  444.0
1994 296 10 23 1600  -16.1  973.3    2.9  144.0  444.0  444.0
1994 296 10 23 1700  -15.8  973.8    2.2  157.0  444.0  444.0
1994 296 10 23 1800  -16.4  973.9    3.2  156.0  444.0  444.0
1994 296 10 23 1900  444.0  974.0    0.0    0.0  444.0  444.0
1994 296 10 23 2000  -16.6  974.0    1.7  305.0  444.0  444.0
1994 296 10 23 2100  -11.6  974.1    1.2  299.0  444.0  444.0
1994 296 10 23 2200  -13.0  973.9    1.2  317.0  444.0  444.0
1994 296 10 23 2300  444.0  973.9    0.0    0.0  444.0  444.0
1994 297 10 24 0000  -12.2  973.7    0.0    0.0  444.0  444.0
1994 297 10 24 0100  -13.8  973.8    1.0  147.0  444.0  444.0
1994 297 10 24 0200  444.0  973.7    0.2  213.0  444.0  444.0
1994 297 10 24 0300  444.0  973.6    0.5  261.0  444.0  444.0
1994 297 10 24 0400  -11.4  973.5    1.0  122.0  444.0  444.0
1994 297 10 24 0500  -17.0  973.5    3.9  142.0  444.0  444.0
1994 297 10 24 0600  -17.2  973.8    2.9  144.0  444.0  444.0
1994 297 10 24 0700  -16.0  973.6    3.2  156.0  444.0  444.0
1994 297 10 24 0800  -15.4  973.7    2.9  147.0  444.0  444.0
1994 297 10 24 0900  -16.2  973.7    5.9  153.0  444.0  444.0
1994 297 10 24 1000  -17.8  974.3    7.1  158.0  444.0  444.0
1994 297 10 24 1100  -17.9  973.9    9.3  163.0  444.0  444.0
1994 297 10 24 1200  -18.6  973.9    6.9  157.0  444.0  444.0
1994 297 10 24 1300  -19.2  973.8    5.4  150.0  444.0  444.0
1994 297 10 24 1400  -20.0  973.8    8.3  147.0  444.0  444.0
1994 297 10 24 1500  -19.4  973.8   10.8  150.0  444.0  444.0
1994 297 10 24 1600  -19.1  974.0   11.8  161.0  444.0  444.0
1994 297 10 24 1700  -19.0  974.2    9.3  164.0  444.0  444.0
1994 297 10 24 1800  -18.4  974.4    6.4  160.0  444.0  444.0
1994 297 10 24 1900  -17.8  974.3    5.9  171.0  444.0  444.0
1994 297 10 24 2000  -17.4  974.0    9.3  163.0  444.0  444.0
1994 297 10 24 2100  -18.0  973.6   11.5  175.0  444.0  444.0
1994 297 10 24 2200  -17.6  973.2   11.0  151.0  444.0  444.0
1994 297 10 24 2300  -18.9  972.5    9.3  129.0  444.0  444.0
1994 298 10 25 0000  -18.0  972.5    7.8  137.0  444.0  444.0
1994 298 10 25 0100  -18.2  972.4    3.2  126.0  444.0  444.0
1994 298 10 25 0200  444.0  972.0    0.2   40.0  444.0  444.0
1994 298 10 25 0300  444.0  971.2    0.0    0.0  444.0  444.0
1994 298 10 25 0400  444.0  970.9    0.2  146.0  444.0  444.0
1994 298 10 25 0500  444.0  970.0    0.0    0.0  444.0  444.0
1994 298 10 25 0600  -18.8  969.2    2.0  157.0  444.0  444.0
1994 298 10 25 0700  444.0  968.7    0.5  150.0  444.0  444.0
1994 298 10 25 0800  -19.0  968.0    0.0    0.0  444.0  444.0
1994 298 10 25 0900  -18.0  967.3    0.5  338.0  444.0  444.0
1994 298 10 25 1000  -18.5  966.7    2.9  272.0  444.0  444.0
1994 298 10 25 1100  -17.8  966.1    1.2  264.0  444.0  444.0
1994 298 10 25 1200  -17.6  965.8    2.5  282.0  444.0  444.0
1994 298 10 25 1300  -18.2  965.5    0.0    0.0  444.0  444.0
1994 298 10 25 1400  -18.9  965.2    3.9  130.0  444.0  444.0
1994 298 10 25 1500  -19.5  965.2    3.4  139.0  444.0  444.0
1994 298 10 25 1600  -18.4  965.0    2.2  135.0  444.0  444.0
1994 298 10 25 1700  -18.1  965.4    3.2  196.0  444.0  444.0
1994 298 10 25 1800  -18.5  965.7    5.9  133.0  444.0  444.0
1994 298 10 25 1900  -18.9  966.4    4.2  170.0  444.0  444.0
1994 298 10 25 2000  -18.5  966.6    8.6  146.0  444.0  444.0
1994 298 10 25 2100  -19.4  966.8    7.8  142.0  444.0  444.0
1994 298 10 25 2200  -18.9  967.3    6.4  139.0  444.0  444.0
1994 298 10 25 2300  -18.5  967.7   10.5  147.0  444.0  444.0
1994 299 10 26 0000  444.0  444.0  444.0  444.0  444.0  444.0
1994 299 10 26 0100  -17.0  968.6   10.5  150.0  444.0  444.0
1994 299 10 26 0200  -18.6  968.9    7.6  142.0  444.0  444.0
1994 299 10 26 0300  444.0  969.4    8.8  143.0  444.0  444.0
1994 299 10 26 0400  -18.4  970.0    5.9  144.0  444.0  444.0
1994 299 10 26 0500  -19.0  970.4    7.1  135.0  444.0  444.0
1994 299 10 26 0600  -20.0  970.8    9.6  143.0  444.0  444.0
1994 299 10 26 0700  -20.1  971.7   10.5  157.0  444.0  444.0
1994 299 10 26 0800  -20.2  972.1   10.0  157.0  444.0  444.0
1994 299 10 26 0900  -20.6  972.3   11.3  156.0  444.0  444.0
1994 299 10 26 1000  -20.6  972.7   10.8  157.0  444.0  444.0
1994 299 10 26 1100  -20.5  973.0   12.0  150.0  444.0  444.0
1994 299 10 26 1200  -20.8  973.5   11.5  157.0  444.0  444.0
1994 299 10 26 1300  -20.6  973.8   10.5  156.0  444.0  444.0
1994 299 10 26 1400  -21.1  974.4   11.0  154.0  444.0  444.0
1994 299 10 26 1500  -21.2  974.7   11.5  165.0  444.0  444.0
1994 299 10 26 1600  -21.1  975.1    9.8  164.0  444.0  444.0
1994 299 10 26 1700  -20.8  975.4   10.3  178.0  444.0  444.0
1994 299 10 26 1800  -20.4  975.4    9.3  170.0  444.0  444.0
1994 299 10 26 1900  -19.8  975.7    9.8  164.0  444.0  444.0
1994 299 10 26 2000  -20.0  976.2    9.3  170.0  444.0  444.0
1994 299 10 26 2100  -20.1  976.6    7.6  156.0  444.0  444.0
1994 299 10 26 2200  -20.4  977.1   10.0  147.0  444.0  444.0
1994 299 10 26 2300  -21.4  976.9   11.3  151.0  444.0  444.0
1994 300 10 27 0000  -21.5  977.6    8.3  170.0  444.0  444.0
1994 300 10 27 0100  -21.0  978.0    8.1  167.0  444.0  444.0
1994 300 10 27 0200  -20.6  977.9    9.1  168.0  444.0  444.0
1994 300 10 27 0300  -19.8  978.5    5.6  133.0  444.0  444.0
1994 300 10 27 0400  -18.4  978.4    8.3  139.0  444.0  444.0
1994 300 10 27 0500  -18.9  978.8   10.5  146.0  444.0  444.0
1994 300 10 27 0600  -19.4  979.2    7.1  132.0  444.0  444.0
1994 300 10 27 0700  -19.8  444.0   13.2  116.0  444.0  444.0
1994 300 10 27 0800  -20.0  978.8    6.6  139.0  444.0  444.0
1994 300 10 27 0900  -19.8  978.5    5.9  137.0  444.0  444.0
1994 300 10 27 1000  -19.4  978.5    5.4  156.0  444.0  444.0
1994 300 10 27 1100  -19.4  978.2    6.4  136.0  444.0  444.0
1994 300 10 27 1200  -19.8  978.4    6.9  153.0  444.0  444.0
1994 300 10 27 1300  -19.8  978.4    6.9  150.0  444.0  444.0
1994 300 10 27 1400  -20.2  978.1    7.4  154.0  444.0  444.0
1994 300 10 27 1500  -20.5  977.5    8.8  164.0  444.0  444.0
1994 300 10 27 1600  -20.6  977.0    8.3  164.0  444.0  444.0
1994 300 10 27 1700  -20.2  976.5    7.6  160.0  444.0  444.0
1994 300 10 27 1800  -19.6  975.9    7.6  161.0  444.0  444.0
1994 300 10 27 1900  -19.4  975.1    9.8  164.0  444.0  444.0
1994 300 10 27 2000  -18.5  974.8    7.4  156.0  444.0  444.0
1994 300 10 27 2100  -18.2  974.5    6.1  172.0  444.0  444.0
1994 300 10 27 2200  444.0  444.0  444.0  444.0  444.0  444.0
1994 300 10 27 2300  -17.2  974.1    5.9  157.0  444.0  444.0
1994 301 10 28 0000  -17.1  973.7    6.4  160.0  444.0  444.0
1994 301 10 28 0100  -17.1  973.4    5.4  163.0  444.0  444.0
1994 301 10 28 0200  -16.8  972.8    4.4  147.0  444.0  444.0
1994 301 10 28 0300  -16.5  972.7    3.4  133.0  444.0  444.0
1994 301 10 28 0400  -16.4  972.4    3.9  164.0  444.0  444.0
1994 301 10 28 0500  -17.1  972.1    4.4  150.0  444.0  444.0
1994 301 10 28 0600  -17.1  971.9    5.9  170.0  444.0  444.0
1994 301 10 28 0700  -17.6  971.8    6.1  185.0  444.0  444.0
1994 301 10 28 0800  -17.0  971.6    6.4  165.0  444.0  444.0
1994 301 10 28 0900  -17.1  971.7    3.7  178.0  444.0  444.0
1994 301 10 28 1000  -17.6  971.5    4.4  164.0  444.0  444.0
1994 301 10 28 1100  -18.0  971.4    3.9  182.0  444.0  444.0
1994 301 10 28 1200  -17.6  971.4    2.2  189.0  444.0  444.0
1994 301 10 28 1300  -17.8  971.1    2.5  227.0  444.0  444.0
1994 301 10 28 1400  -17.6  971.1    1.7  217.0  444.0  444.0
1994 301 10 28 1500  -17.6  971.1    1.2  216.0  444.0  444.0
1994 301 10 28 1600  -17.6  970.8    1.0  227.0  444.0  444.0
1994 301 10 28 1700  -16.8  970.8    0.2  215.0  444.0  444.0
1994 301 10 28 1800  -17.1  970.8    1.7  248.0  444.0  444.0
1994 301 10 28 1900  444.0  970.9    0.7  293.0  444.0  444.0
1994 301 10 28 2000  444.0  970.9    0.0    0.0  444.0  444.0
1994 301 10 28 2100  444.0  971.0    1.0  282.0  444.0  444.0
1994 301 10 28 2200  444.0  971.2    0.0    0.0  444.0  444.0
1994 301 10 28 2300  444.0  971.0    0.0    0.0  444.0  444.0
1994 302 10 29 0000  444.0  971.1    0.0    0.0  444.0  444.0
1994 302 10 29 0100  444.0  444.0  444.0  444.0  444.0  444.0
1994 302 10 29 0200  444.0  970.6    0.5  295.0  444.0  444.0
1994 302 10 29 0300  444.0  970.6    0.5  285.0  444.0  444.0
1994 302 10 29 0400  444.0  970.5    0.0    0.0  444.0  444.0
1994 302 10 29 0500  444.0  970.4    0.0    0.0  444.0  444.0
1994 302 10 29 0600  444.0  970.5    0.5  246.0  444.0  444.0
1994 302 10 29 0700  -13.6  970.3    1.7  265.0  444.0  444.0
1994 302 10 29 0800  -13.6  970.5    1.2  257.0  444.0  444.0
1994 302 10 29 0900  -14.9  970.7    1.0  208.0  444.0  444.0
1994 302 10 29 1000  -15.0  970.9    0.0    0.0  444.0  444.0
1994 302 10 29 1100  -14.2  971.0    1.2  230.0  444.0  444.0
1994 302 10 29 1200  -15.5  971.2    1.2  127.0  444.0  444.0
1994 302 10 29 1300  444.0  444.0  444.0  444.0  444.0  444.0
1994 302 10 29 1400  -15.0  971.1    1.5  139.0  444.0  444.0
1994 302 10 29 1500  -15.5  971.3    6.4  143.0  444.0  444.0
1994 302 10 29 1600  -15.4  971.8    6.4  139.0  444.0  444.0
1994 302 10 29 1700  -15.4  971.9    6.6  146.0  444.0  444.0
1994 302 10 29 1800  444.0  444.0  444.0  444.0  444.0  444.0
1994 302 10 29 1900  -12.6  971.7   10.5  164.0  444.0  444.0
1994 302 10 29 2000  -12.1  971.8   10.5  177.0  444.0  444.0
1994 302 10 29 2100  -11.8  972.1    7.1  182.0  444.0  444.0
1994 302 10 29 2200  -11.1  972.4    6.1  189.0  444.0  444.0
1994 302 10 29 2300  444.0  444.0  444.0  444.0  444.0  444.0
1994 303 10 30 0000  444.0  972.4    0.5  153.0  444.0  444.0
1994 303 10 30 0100  444.0  444.0  444.0  444.0  444.0  444.0
1994 303 10 30 0200  -10.9  972.0    1.0  144.0  444.0  444.0
1994 303 10 30 0300  -11.4  972.0    1.0  203.0  444.0  444.0
1994 303 10 30 0400  444.0  971.8    0.0    0.0  444.0  444.0
1994 303 10 30 0500  -11.5  972.1    2.9  157.0  444.0  444.0
1994 303 10 30 0600  444.0  444.0  444.0  444.0  444.0  444.0
1994 303 10 30 0700  -12.9  972.4    3.9  149.0  444.0  444.0
1994 303 10 30 0800  -12.6  972.5    2.9  172.0  444.0  444.0
1994 303 10 30 0900  -12.9  973.1    3.2  160.0  444.0  444.0
1994 303 10 30 1000  -13.1  973.5    2.5  146.0  444.0  444.0
1994 303 10 30 1100  444.0  444.0  444.0  444.0  444.0  444.0
1994 303 10 30 1200  -12.6  974.5    3.7  188.0  444.0  444.0
1994 303 10 30 1300  -11.6  974.5    3.2  168.0  444.0  444.0
1994 303 10 30 1400  -11.6  974.2    3.7  151.0  444.0  444.0
1994 303 10 30 1500  -10.6  974.9    5.9  174.0  444.0  444.0
1994 303 10 30 1600  444.0  444.0  444.0  444.0  444.0  444.0
1994 303 10 30 1700  -10.9  974.6    7.4  182.0  444.0  444.0
1994 303 10 30 1800  -10.5  974.7    7.6  174.0  444.0  444.0
1994 303 10 30 1900  -10.8  975.0    7.1  140.0  444.0  444.0
1994 303 10 30 2000  -12.2  975.2    4.4  129.0  444.0  444.0
1994 303 10 30 2100  444.0  444.0  444.0  444.0  444.0  444.0
1994 303 10 30 2200  -10.0  975.6    6.1  142.0  444.0  444.0
1994 303 10 30 2300  444.0  444.0  444.0  444.0  444.0  444.0
1994 304 10 31 0000  -10.0  975.6    0.7  167.0  444.0  444.0
1994 304 10 31 0100   -8.5  975.5    2.7  195.0  444.0  444.0
1994 304 10 31 0200  444.0  975.1    0.0    0.0  444.0  444.0
1994 304 10 31 0300   -8.8  975.2    1.0  360.0  444.0  444.0
1994 304 10 31 0400  444.0  444.0  444.0  444.0  444.0  444.0
1994 304 10 31 0500  444.0  975.3    0.0    0.0  444.0  444.0
1994 304 10 31 0600  444.0  975.3    1.0  305.0  444.0  444.0
1994 304 10 31 0700  444.0  975.9    0.5  360.0  444.0  444.0
1994 304 10 31 0800  -11.9  976.7    2.2  111.0  444.0  444.0
1994 304 10 31 0900  444.0  444.0  444.0  444.0  444.0  444.0
1994 304 10 31 1000  -13.0  976.8    2.5  341.0  444.0  444.0
1994 304 10 31 1100  -12.2  976.8    1.5  291.0  444.0  444.0
1994 304 10 31 1200  -11.1  976.6    1.5   40.0  444.0  444.0
1994 304 10 31 1300  -12.5  977.0    2.9   80.0  444.0  444.0
1994 304 10 31 1400  -12.6  977.1    3.7  174.0  444.0  444.0
1994 304 10 31 1500  -12.5  976.9    5.4  146.0  444.0  444.0
1994 304 10 31 1600  -11.9  976.6    2.2  206.0  444.0  444.0
1994 304 10 31 1700  -11.6  976.4    0.2  153.0  444.0  444.0
1994 304 10 31 1800  -11.8  976.2    1.5  180.0  444.0  444.0
1994 304 10 31 1900  -13.4  975.7    3.2  244.0  444.0  444.0
1994 304 10 31 2000  -12.9  975.5    5.9  253.0  444.0  444.0
1994 304 10 31 2100   -9.5  975.5    1.7  246.0  444.0  444.0
1994 304 10 31 2200   -9.0  975.2    0.2  209.0  444.0  444.0
1994 304 10 31 2300  -10.8  974.6    2.9  177.0  444.0  444.0
