Year: 1995  Month: 04  ID: MPT  ARGOS:  8906  Name: Marble Point        
Lat: 77.44S  Lon: 163.76E  Elev:  108m
1995  91  4  1 0000  -23.2  988.1    0.0    0.0  444.0  444.0
1995  91  4  1 0100  -23.1  987.3    1.5  237.0  444.0  444.0
1995  91  4  1 0200  444.0  986.9    0.5  192.0  444.0  444.0
1995  91  4  1 0300  444.0  986.6    0.7  147.0  444.0  444.0
1995  91  4  1 0400  444.0  986.2    0.0    0.0  444.0  444.0
1995  91  4  1 0500  444.0  986.1    1.0  174.0  444.0  444.0
1995  91  4  1 0600  -24.2  986.1    2.2  205.0  444.0  444.0
1995  91  4  1 0700  -26.1  986.2    3.2  139.0  444.0  444.0
1995  91  4  1 0800  -25.6  986.4    1.7  139.0  444.0  444.0
1995  91  4  1 0900  -24.4  986.5    1.2  171.0  444.0  444.0
1995  91  4  1 1000  -23.8  986.8    1.0  219.0  444.0  444.0
1995  91  4  1 1100  -24.2  987.0    0.7  232.0  444.0  444.0
1995  91  4  1 1200  -24.6  987.3    0.0    0.0  444.0  444.0
1995  91  4  1 1300  -24.6  987.4    0.0    0.0  444.0  444.0
1995  91  4  1 1400  -24.4  987.0    2.2  310.0  444.0  444.0
1995  91  4  1 1500  -22.8  986.8    2.7  322.0  444.0  444.0
1995  91  4  1 1600  -24.1  986.4    4.2  334.0  444.0  444.0
1995  91  4  1 1700  -23.0  986.5    3.9  331.0  444.0  444.0
1995  91  4  1 1800  -24.4  986.2    0.2  260.0  444.0  444.0
1995  91  4  1 1900  -22.4  986.3    0.5  161.0  444.0  444.0
1995  91  4  1 2000  -27.1  986.8    2.7  135.0  444.0  444.0
1995  91  4  1 2100  -26.0  987.3    4.4  130.0  444.0  444.0
1995  91  4  1 2200  -24.2  988.1    5.6  127.0  444.0  444.0
1995  91  4  1 2300  -23.9  988.9    5.4  146.0  444.0  444.0
1995  92  4  2 0000  -22.4  989.3    0.0    0.0  444.0  444.0
1995  92  4  2 0100  -20.1  989.4    0.0    0.0  444.0  444.0
1995  92  4  2 0200  444.0  989.3    0.0    0.0  444.0  444.0
1995  92  4  2 0300  444.0  989.0    0.7   43.0  444.0  444.0
1995  92  4  2 0400  444.0  988.7    0.0    0.0  444.0  444.0
1995  92  4  2 0500  -19.4  988.5    0.5  146.0  444.0  444.0
1995  92  4  2 0600  -20.4  989.0    1.0  135.0  444.0  444.0
1995  92  4  2 0700  -19.6  989.3    1.7  149.0  444.0  444.0
1995  92  4  2 0800  -19.8  989.6    1.5  153.0  444.0  444.0
1995  92  4  2 0900  -19.8  989.8    2.2  196.0  444.0  444.0
1995  92  4  2 1000  444.0  989.9    0.0    0.0  444.0  444.0
1995  92  4  2 1100  444.0  989.8    0.7  219.0  444.0  444.0
1995  92  4  2 1200  -19.6  989.9    1.5  172.0  444.0  444.0
1995  92  4  2 1300  -20.1  990.1    1.5  163.0  444.0  444.0
1995  92  4  2 1400  -20.6  990.1    0.7  225.0  444.0  444.0
1995  92  4  2 1500  -22.9  990.1    0.7  168.0  444.0  444.0
1995  92  4  2 1600  -22.4  990.4    1.0  198.0  444.0  444.0
1995  92  4  2 1700  -21.8  990.5    0.7  184.0  444.0  444.0
1995  92  4  2 1800  -22.0  990.5    1.7  208.0  444.0  444.0
1995  92  4  2 1900  -21.4  990.5    1.7  232.0  444.0  444.0
1995  92  4  2 2000  -21.2  990.5    2.7  251.0  444.0  444.0
1995  92  4  2 2100  -21.9  990.5    3.2  230.0  444.0  444.0
1995  92  4  2 2200  -21.6  990.6    1.0  130.0  444.0  444.0
1995  92  4  2 2300  -22.1  990.9    0.0    0.0  444.0  444.0
1995  93  4  3 0000  -21.6  990.9    0.7  178.0  444.0  444.0
1995  93  4  3 0100  -21.2  990.6    2.2  260.0  444.0  444.0
1995  93  4  3 0200  -21.8  990.4    3.7  274.0  444.0  444.0
1995  93  4  3 0300  -22.8  989.9    4.4  254.0  444.0  444.0
1995  93  4  3 0400  -23.4  989.6    4.4  258.0  444.0  444.0
1995  93  4  3 0500  -23.2  989.4    5.1  254.0  444.0  444.0
1995  93  4  3 0600  -23.2  989.3    5.1  248.0  444.0  444.0
1995  93  4  3 0700  -23.1  989.1    5.6  257.0  444.0  444.0
1995  93  4  3 0800  -22.8  988.9    4.4  264.0  444.0  444.0
1995  93  4  3 0900  -22.5  988.6    3.7  262.0  444.0  444.0
1995  93  4  3 1000  -22.8  988.2    4.2  262.0  444.0  444.0
1995  93  4  3 1100  -22.6  987.8    3.2  272.0  444.0  444.0
1995  93  4  3 1200  -22.6  987.5    2.7  284.0  444.0  444.0
1995  93  4  3 1300  -23.9  987.2    0.0    0.0  444.0  444.0
1995  93  4  3 1400  -23.9  986.9    1.0  331.0  444.0  444.0
1995  93  4  3 1500  -24.4  986.9    0.0    0.0  444.0  444.0
1995  93  4  3 1600  -25.4  986.6    0.0    0.0  444.0  444.0
1995  93  4  3 1700  -24.5  986.5    0.0    0.0  444.0  444.0
1995  93  4  3 1800  -23.6  986.4    0.5  247.0  444.0  444.0
1995  93  4  3 1900  -23.2  986.5    1.0  215.0  444.0  444.0
1995  93  4  3 2000  -24.2  986.9    1.2  164.0  444.0  444.0
1995  93  4  3 2100  -23.1  987.1    2.2  170.0  444.0  444.0
1995  93  4  3 2200  -23.6  987.4    3.4  178.0  444.0  444.0
1995  93  4  3 2300  -26.6  988.0    4.9  150.0  444.0  444.0
1995  94  4  4 0000  -27.1  988.8    2.0  154.0  444.0  444.0
1995  94  4  4 0100  -23.9  989.4    4.9  158.0  444.0  444.0
1995  94  4  4 0200  -23.1  989.9    3.7  157.0  444.0  444.0
1995  94  4  4 0300  -26.1  990.5    5.1  150.0  444.0  444.0
1995  94  4  4 0400  -24.8  991.2    4.4  156.0  444.0  444.0
1995  94  4  4 0500  -24.8  991.7    2.5  146.0  444.0  444.0
1995  94  4  4 0600  -23.9  992.2    3.2  192.0  444.0  444.0
1995  94  4  4 0700  -25.0  992.5    1.2  146.0  444.0  444.0
1995  94  4  4 0800  -24.4  992.9    2.5  243.0  444.0  444.0
1995  94  4  4 0900  -25.4  993.4    2.5  240.0  444.0  444.0
1995  94  4  4 1000  -24.4  994.1    1.2  270.0  444.0  444.0
1995  94  4  4 1100  -24.2  994.4    2.0  244.0  444.0  444.0
1995  94  4  4 1200  -25.0  994.8    2.0  241.0  444.0  444.0
1995  94  4  4 1300  -25.5  995.5    0.0    0.0  444.0  444.0
1995  94  4  4 1400  -25.5  995.9    0.0    0.0  444.0  444.0
1995  94  4  4 1500  -25.1  996.5    0.0    0.0  444.0  444.0
1995  94  4  4 1600  -25.5  997.1    0.7    5.0  444.0  444.0
1995  94  4  4 1700  -25.1  997.7    1.5  217.0  444.0  444.0
1995  94  4  4 1800  -24.9  997.9    0.2  236.0  444.0  444.0
1995  94  4  4 1900  -24.5  998.0    0.0    0.0  444.0  444.0
1995  94  4  4 2000  -24.9  998.5    0.2  201.0  444.0  444.0
1995  94  4  4 2100  -25.0  998.7    0.0    0.0  444.0  444.0
1995  94  4  4 2200  444.0  998.9    0.0    0.0  444.0  444.0
1995  94  4  4 2300  444.0  999.1    0.0    0.0  444.0  444.0
1995  95  4  5 0000  444.0  999.1    0.7  151.0  444.0  444.0
1995  95  4  5 0100  444.0  444.0  444.0  444.0  444.0  444.0
1995  95  4  5 0200  444.0  998.8    0.0    0.0  444.0  444.0
1995  95  4  5 0300  444.0  998.3    0.5  303.0  444.0  444.0
1995  95  4  5 0400  444.0  998.1  444.0  444.0  444.0  444.0
1995  95  4  5 0500  444.0  997.4    0.2  341.0  444.0  444.0
1995  95  4  5 0600  444.0  996.6    0.0    0.0  444.0  444.0
1995  95  4  5 0700  444.0  996.3    0.5    8.0  444.0  444.0
1995  95  4  5 0800  -24.8  995.8    0.7  222.0  444.0  444.0
1995  95  4  5 0900  444.0  995.1    0.7  220.0  444.0  444.0
1995  95  4  5 1000  -26.6  994.5    2.2  158.0  444.0  444.0
1995  95  4  5 1100  -26.5  993.6    2.7  157.0  444.0  444.0
1995  95  4  5 1200  -25.1  992.6    2.2  192.0  444.0  444.0
1995  95  4  5 1300  -25.0  991.7    2.7  195.0  444.0  444.0
1995  95  4  5 1400  -28.1  990.8    1.7  164.0  444.0  444.0
1995  95  4  5 1500  -27.9  990.3    3.9  136.0  444.0  444.0
1995  95  4  5 1600  444.0  989.6    0.7  182.0  444.0  444.0
1995  95  4  5 1700  -27.8  989.0    2.7  150.0  444.0  444.0
1995  95  4  5 1800  -27.2  988.4    2.2  143.0  444.0  444.0
1995  95  4  5 1900  -27.0  987.7    4.7  136.0  444.0  444.0
1995  95  4  5 2000  -27.4  987.3    1.7  132.0  444.0  444.0
1995  95  4  5 2100  444.0  444.0  444.0  444.0  444.0  444.0
1995  95  4  5 2200  -25.1  986.5    2.5  163.0  444.0  444.0
1995  95  4  5 2300  444.0  986.3    1.0  198.0  444.0  444.0
1995  96  4  6 0000  444.0  986.0    1.0  291.0  444.0  444.0
1995  96  4  6 0100  -26.0  985.4    1.5  260.0  444.0  444.0
1995  96  4  6 0200  444.0  444.0  444.0  444.0  444.0  444.0
1995  96  4  6 0300  -26.6  984.3    2.2  217.0  444.0  444.0
1995  96  4  6 0400  -26.1  984.1    0.0    0.0  444.0  444.0
1995  96  4  6 0500  -26.4  983.9    1.2  191.0  444.0  444.0
1995  96  4  6 0600  -26.4  983.4    0.0    0.0  444.0  444.0
1995  96  4  6 0700  -27.1  983.1    0.7  262.0  444.0  444.0
1995  96  4  6 0800  -27.9  982.7    0.0    0.0  444.0  444.0
1995  96  4  6 0900  -27.4  982.1    0.0    0.0  444.0  444.0
1995  96  4  6 1000  -27.2  982.1    1.5  274.0  444.0  444.0
1995  96  4  6 1100  -26.6  981.9    0.7  309.0  444.0  444.0
1995  96  4  6 1200  -27.1  981.8    0.5  326.0  444.0  444.0
1995  96  4  6 1300  -27.1  981.6    1.0  167.0  444.0  444.0
1995  96  4  6 1400  -28.0  981.7    0.0    0.0  444.0  444.0
1995  96  4  6 1500  -27.9  981.8    1.7  199.0  444.0  444.0
1995  96  4  6 1600  -27.9  982.4    1.2  154.0  444.0  444.0
1995  96  4  6 1700  -28.1  982.6    1.0  136.0  444.0  444.0
1995  96  4  6 1800  -27.8  982.8    0.2  216.0  444.0  444.0
1995  96  4  6 1900  444.0  444.0  444.0  444.0  444.0  444.0
1995  96  4  6 2000  -26.4  983.6    0.0    0.0  444.0  444.0
1995  96  4  6 2100  -26.9  983.8    0.0    0.0  444.0  444.0
1995  96  4  6 2200  -26.8  983.7    0.0    0.0  444.0  444.0
1995  96  4  6 2300  -24.6  983.4    1.0  223.0  444.0  444.0
1995  97  4  7 0000  444.0  444.0  444.0  444.0  444.0  444.0
1995  97  4  7 0100  -28.1  983.2    2.0  140.0  444.0  444.0
1995  97  4  7 0200  444.0  444.0  444.0  444.0  444.0  444.0
1995  97  4  7 0300  -25.1  982.6    1.5  165.0  444.0  444.0
1995  97  4  7 0400  -22.0  981.8    1.5  260.0  444.0  444.0
1995  97  4  7 0500  -25.6  981.2    2.2   25.0  444.0  444.0
1995  97  4  7 0600  -26.2  980.6    0.7  295.0  444.0  444.0
1995  97  4  7 0700  444.0  444.0  444.0  444.0  444.0  444.0
1995  97  4  7 0800  -25.8  979.0    2.7  336.0  444.0  444.0
1995  97  4  7 0900  -27.9  978.4    0.7  293.0  444.0  444.0
1995  97  4  7 1000  -25.1  977.7    3.9  322.0  444.0  444.0
1995  97  4  7 1100  -26.1  977.0    1.0  223.0  444.0  444.0
1995  97  4  7 1200  444.0  444.0  444.0  444.0  444.0  444.0
1995  97  4  7 1300  -28.5  976.1    2.2  158.0  444.0  444.0
1995  97  4  7 1400  -26.5  975.6    2.5  160.0  444.0  444.0
1995  97  4  7 1500  -27.4  975.2    3.2  156.0  444.0  444.0
1995  97  4  7 1600  -31.5  974.8    4.7  147.0  444.0  444.0
1995  97  4  7 1700  444.0  444.0  444.0  444.0  444.0  444.0
1995  97  4  7 1800  -26.5  974.5    7.6  147.0  444.0  444.0
1995  97  4  7 1900  -25.8  974.7    6.9  160.0  444.0  444.0
1995  97  4  7 2000  -25.6  974.6    4.7  168.0  444.0  444.0
1995  97  4  7 2100  -25.4  974.5    4.7  172.0  444.0  444.0
1995  97  4  7 2200  444.0  444.0  444.0  444.0  444.0  444.0
1995  97  4  7 2300  -24.2  973.6    4.9  175.0  444.0  444.0
1995  98  4  8 0000  -23.2  972.9    4.2  201.0  444.0  444.0
1995  98  4  8 0100  -22.6  972.6    1.5  133.0  444.0  444.0
1995  98  4  8 0200  -27.0  972.4    1.5  232.0  444.0  444.0
1995  98  4  8 0300  444.0  971.9    1.0  147.0  444.0  444.0
1995  98  4  8 0400  -25.6  971.4    2.0  158.0  444.0  444.0
1995  98  4  8 0500  444.0  444.0  444.0  444.0  444.0  444.0
1995  98  4  8 0600  -26.2  970.4    0.0    0.0  444.0  444.0
1995  98  4  8 0700  -27.1  970.4    0.0    0.0  444.0  444.0
1995  98  4  8 0800  -29.1  970.6    0.5  158.0  444.0  444.0
1995  98  4  8 0900  -29.5  970.7    0.0    0.0  444.0  444.0
1995  98  4  8 1000  444.0  444.0  444.0  444.0  444.0  444.0
1995  98  4  8 1100  -29.5  971.2    1.2  130.0  444.0  444.0
1995  98  4  8 1200  -30.0  971.4    0.0    0.0  444.0  444.0
1995  98  4  8 1300  -30.1  971.5    0.0    0.0  444.0  444.0
1995  98  4  8 1400  -28.8  971.5    2.0  265.0  444.0  444.0
1995  98  4  8 1500  444.0  444.0  444.0  444.0  444.0  444.0
1995  98  4  8 1600  -28.6  971.7    1.7  168.0  444.0  444.0
1995  98  4  8 1700  -28.5  972.0    0.5  143.0  444.0  444.0
1995  98  4  8 1800  -28.4  971.7    1.5  205.0  444.0  444.0
1995  98  4  8 1900  -26.9  971.5    0.0    0.0  444.0  444.0
1995  98  4  8 2000  -28.4  971.9    2.2  142.0  444.0  444.0
1995  98  4  8 2100  -28.6  971.9    0.0    0.0  444.0  444.0
1995  98  4  8 2200  -23.6  972.3    0.2  289.0  444.0  444.0
1995  98  4  8 2300  -22.8  972.2    2.2  360.0  444.0  444.0
1995  99  4  9 0000  -19.0  971.9    0.0    0.0  444.0  444.0
1995  99  4  9 0100  -20.8  972.3    2.0  320.0  444.0  444.0
1995  99  4  9 0200  -17.8  972.2    4.2  226.0  444.0  444.0
1995  99  4  9 0300  -16.1  971.8    6.4  261.0  444.0  444.0
1995  99  4  9 0400  -17.0  972.4    2.2   90.0  444.0  444.0
1995  99  4  9 0500  -24.0  973.3    4.9  146.0  444.0  444.0
1995  99  4  9 0600  -16.2  972.9    4.2  187.0  444.0  444.0
1995  99  4  9 0700  -17.4  973.5    0.0    0.0  444.0  444.0
1995  99  4  9 0800  444.0  974.6    1.0  180.0  444.0  444.0
1995  99  4  9 0900  -15.6  974.8    1.0  113.0  444.0  444.0
1995  99  4  9 1000  -16.8  975.1    4.9  264.0  444.0  444.0
1995  99  4  9 1100  -15.8  974.5    4.7  303.0  444.0  444.0
1995  99  4  9 1200  -14.0  974.8    1.5  306.0  444.0  444.0
1995  99  4  9 1300  -14.1  975.1    2.2  195.0  444.0  444.0
1995  99  4  9 1400  -14.0  975.2    3.7  135.0  444.0  444.0
1995  99  4  9 1500  -13.6  975.8    0.2  113.0  444.0  444.0
1995  99  4  9 1600  -14.9  975.8    4.4  324.0  444.0  444.0
1995  99  4  9 1700  -13.9  976.5    1.7  329.0  444.0  444.0
1995  99  4  9 1800  -15.0  977.1    2.9  322.0  444.0  444.0
1995  99  4  9 1900  -14.9  977.9    4.9  105.0  444.0  444.0
1995  99  4  9 2000  -15.2  978.5    0.7  230.0  444.0  444.0
1995  99  4  9 2100  -15.4  979.0    1.7  220.0  444.0  444.0
1995  99  4  9 2200  -15.2  979.6    2.5  210.0  444.0  444.0
1995  99  4  9 2300  -15.6  980.4    2.5  125.0  444.0  444.0
1995 100  4 10 0000  -14.6  980.6    2.2  222.0  444.0  444.0
1995 100  4 10 0100  -15.2  980.8    2.9  225.0  444.0  444.0
1995 100  4 10 0200  -17.1  981.4    3.4  170.0  444.0  444.0
1995 100  4 10 0300  -14.9  981.3    1.7  360.0  444.0  444.0
1995 100  4 10 0400  -16.1  981.7    2.7  213.0  444.0  444.0
1995 100  4 10 0500  -16.1  982.1    4.4  139.0  444.0  444.0
1995 100  4 10 0600  -17.0  982.5    4.4  178.0  444.0  444.0
1995 100  4 10 0700  -16.5  982.8    3.9  184.0  444.0  444.0
1995 100  4 10 0800  -18.1  982.8    4.4  234.0  444.0  444.0
1995 100  4 10 0900  -16.8  982.9    4.7  237.0  444.0  444.0
1995 100  4 10 1000  -15.2  983.2    0.0    0.0  444.0  444.0
1995 100  4 10 1100  -15.2  982.4    2.0  210.0  444.0  444.0
1995 100  4 10 1200  -16.1  982.7    2.5  167.0  444.0  444.0
1995 100  4 10 1300  -14.6  982.6    2.9  189.0  444.0  444.0
1995 100  4 10 1400  -15.8  982.3    2.0  237.0  444.0  444.0
1995 100  4 10 1500  -14.8  982.3    2.7  178.0  444.0  444.0
1995 100  4 10 1600  -15.0  981.9    5.6  161.0  444.0  444.0
1995 100  4 10 1700  -15.2  981.5    3.9  165.0  444.0  444.0
1995 100  4 10 1800  -14.9  980.9    3.2  189.0  444.0  444.0
1995 100  4 10 1900  -16.4  980.2    4.2  244.0  444.0  444.0
1995 100  4 10 2000  -14.0  979.0    2.2   60.0  444.0  444.0
1995 100  4 10 2100  -17.1  979.7    1.5  160.0  444.0  444.0
1995 100  4 10 2200  -14.6  979.4    2.2  217.0  444.0  444.0
1995 100  4 10 2300  -14.4  979.0    1.5  185.0  444.0  444.0
1995 101  4 11 0000  -16.4  978.2    0.0    0.0  444.0  444.0
1995 101  4 11 0100  -15.5  977.4    1.5  178.0  444.0  444.0
1995 101  4 11 0200  -16.4  976.6    5.1  165.0  444.0  444.0
1995 101  4 11 0300  -15.6  975.9    5.4  167.0  444.0  444.0
1995 101  4 11 0400  -14.6  975.2    2.5  133.0  444.0  444.0
1995 101  4 11 0500  -15.2  974.6    2.5  199.0  444.0  444.0
1995 101  4 11 0600  -15.0  973.9    3.2  174.0  444.0  444.0
1995 101  4 11 0700  -15.2  973.2    3.2  203.0  444.0  444.0
1995 101  4 11 0800  -15.0  972.0    2.9  232.0  444.0  444.0
1995 101  4 11 0900  -14.9  971.1    1.5  225.0  444.0  444.0
1995 101  4 11 1000  -14.1  970.3    1.7  248.0  444.0  444.0
1995 101  4 11 1100  -14.4  968.9    3.2  279.0  444.0  444.0
1995 101  4 11 1200  -13.4  968.0    0.0    0.0  444.0  444.0
1995 101  4 11 1300  -15.2  967.2    2.7  139.0  444.0  444.0
1995 101  4 11 1400  -14.9  966.4    2.0  150.0  444.0  444.0
1995 101  4 11 1500  -13.2  965.5    1.2  164.0  444.0  444.0
1995 101  4 11 1600  -11.8  964.8    2.0  217.0  444.0  444.0
1995 101  4 11 1700  -11.8  963.6    1.2  264.0  444.0  444.0
1995 101  4 11 1800  -12.5  962.1    2.9  275.0  444.0  444.0
1995 101  4 11 1900  -11.6  960.9    4.4  315.0  444.0  444.0
1995 101  4 11 2000  -12.5  960.3    2.0  216.0  444.0  444.0
1995 101  4 11 2100  -11.8  960.0    2.2  291.0  444.0  444.0
1995 101  4 11 2200  -16.8  960.2    4.9  132.0  444.0  444.0
1995 101  4 11 2300  -17.0  960.4    5.9  140.0  444.0  444.0
1995 102  4 12 0000  -15.4  960.4    1.7  195.0  444.0  444.0
1995 102  4 12 0100  -14.1  960.5    2.7  195.0  444.0  444.0
1995 102  4 12 0200  -13.8  960.2    2.5  130.0  444.0  444.0
1995 102  4 12 0300  -13.2  960.2    0.7  310.0  444.0  444.0
1995 102  4 12 0400  -12.2  960.6    3.2  153.0  444.0  444.0
1995 102  4 12 0500  -12.9  961.0    3.7  198.0  444.0  444.0
1995 102  4 12 0600  -12.0  961.6    3.7  158.0  444.0  444.0
1995 102  4 12 0700  -13.9  962.3    5.9  164.0  444.0  444.0
1995 102  4 12 0800  -14.5  962.9    5.4  167.0  444.0  444.0
1995 102  4 12 0900  -15.0  963.4    3.4  143.0  444.0  444.0
1995 102  4 12 1000  -13.8  964.2    4.4  202.0  444.0  444.0
1995 102  4 12 1100  -15.6  964.8    8.3  112.0  444.0  444.0
1995 102  4 12 1200  -17.8  966.6    9.3  172.0  444.0  444.0
1995 102  4 12 1300  -18.8  967.4    8.3  147.0  444.0  444.0
1995 102  4 12 1400  -19.2  968.9    9.1  165.0  444.0  444.0
1995 102  4 12 1500  -18.9  969.7    6.9  153.0  444.0  444.0
1995 102  4 12 1600  -19.4  970.4    7.1  136.0  444.0  444.0
1995 102  4 12 1700  -20.1  970.8   14.0  127.0  444.0  444.0
1995 102  4 12 1800  -20.2  971.7   13.7  129.0  444.0  444.0
1995 102  4 12 1900  -20.2  973.1   13.0  133.0  444.0  444.0
1995 102  4 12 2000  -20.4  974.1   10.8  161.0  444.0  444.0
1995 102  4 12 2100  -20.4  974.6   10.5  160.0  444.0  444.0
1995 102  4 12 2200  -20.1  975.1   12.2  157.0  444.0  444.0
1995 102  4 12 2300  444.0  444.0  444.0  444.0  444.0  444.0
1995 103  4 13 0000  -19.8  976.0    8.8  143.0  444.0  444.0
1995 103  4 13 0100  -19.8  976.4    7.4  149.0  444.0  444.0
1995 103  4 13 0200  -19.4  976.8    8.3  156.0  444.0  444.0
1995 103  4 13 0300  -19.0  977.2    7.4  147.0  444.0  444.0
1995 103  4 13 0400  -18.8  977.5   11.5  164.0  444.0  444.0
1995 103  4 13 0500  -18.0  977.3   11.5  140.0  444.0  444.0
1995 103  4 13 0600  -17.6  977.8    8.6  156.0  444.0  444.0
1995 103  4 13 0700  -16.8  978.1    7.4  150.0  444.0  444.0
1995 103  4 13 0800  -16.4  978.0    6.9  156.0  444.0  444.0
1995 103  4 13 0900  -15.6  978.2   10.0  156.0  444.0  444.0
1995 103  4 13 1000  -15.2  978.3   10.0  142.0  444.0  444.0
1995 103  4 13 1100  -14.8  978.5    8.6  147.0  444.0  444.0
1995 103  4 13 1200  -14.4  978.6    7.6  153.0  444.0  444.0
1995 103  4 13 1300  -13.6  978.5    8.1  130.0  444.0  444.0
1995 103  4 13 1400  -13.9  978.8    7.8  163.0  444.0  444.0
1995 103  4 13 1500  -13.4  979.2    7.1  178.0  444.0  444.0
1995 103  4 13 1600  -12.6  979.4    6.6  133.0  444.0  444.0
1995 103  4 13 1700  -12.9  980.1    9.6  147.0  444.0  444.0
1995 103  4 13 1800  -13.1  980.5    7.1  154.0  444.0  444.0
1995 103  4 13 1900  -12.6  980.8    6.4  156.0  444.0  444.0
1995 103  4 13 2000  -11.9  980.8    7.6  143.0  444.0  444.0
1995 103  4 13 2100  -12.2  981.3    4.2  171.0  444.0  444.0
1995 103  4 13 2200  -12.5  981.5    7.6  157.0  444.0  444.0
1995 103  4 13 2300  -12.4  981.7   11.0  154.0  444.0  444.0
1995 104  4 14 0000  -11.9  981.8   10.5  158.0  444.0  444.0
1995 104  4 14 0100  -11.9  981.7    9.6  160.0  444.0  444.0
1995 104  4 14 0200  -12.0  981.8    6.9  163.0  444.0  444.0
1995 104  4 14 0300  -12.0  981.8    6.1  178.0  444.0  444.0
1995 104  4 14 0400  -11.9  982.0    5.6  175.0  444.0  444.0
1995 104  4 14 0500  -11.6  982.0    4.4  170.0  444.0  444.0
1995 104  4 14 0600  -11.8  981.7    4.4  184.0  444.0  444.0
1995 104  4 14 0700  -11.8  981.4    3.4  165.0  444.0  444.0
1995 104  4 14 0800  -11.4  981.0    2.9  192.0  444.0  444.0
1995 104  4 14 0900  -11.9  980.7    2.0  223.0  444.0  444.0
1995 104  4 14 1000  444.0  980.4    0.5  167.0  444.0  444.0
1995 104  4 14 1100  -13.1  980.0    0.7    8.0  444.0  444.0
1995 104  4 14 1200  -14.9  979.7    0.0    0.0  444.0  444.0
1995 104  4 14 1300  -14.4  979.0    0.0    0.0  444.0  444.0
1995 104  4 14 1400  -15.4  978.5    0.0    0.0  444.0  444.0
1995 104  4 14 1500  -15.9  978.0    0.0    0.0  444.0  444.0
1995 104  4 14 1600  -16.4  977.5    0.2  188.0  444.0  444.0
1995 104  4 14 1700  -17.0  976.6    4.9  158.0  444.0  444.0
1995 104  4 14 1800  -16.5  975.6    3.7  142.0  444.0  444.0
1995 104  4 14 1900  -17.1  975.0    2.2  132.0  444.0  444.0
1995 104  4 14 2000  -16.8  974.4    2.2  144.0  444.0  444.0
1995 104  4 14 2100  444.0  444.0  444.0  444.0  444.0  444.0
1995 104  4 14 2200  -17.6  973.5    4.7  139.0  444.0  444.0
1995 104  4 14 2300  -18.1  973.0    5.1  129.0  444.0  444.0
1995 105  4 15 0000  -17.9  972.5    5.6  137.0  444.0  444.0
1995 105  4 15 0100  -17.9  972.0    5.1  137.0  444.0  444.0
1995 105  4 15 0200  -18.1  971.5    5.4  143.0  444.0  444.0
1995 105  4 15 0300  -17.8  971.2    8.6  151.0  444.0  444.0
1995 105  4 15 0400  -19.1  971.0    7.1  150.0  444.0  444.0
1995 105  4 15 0500  -18.4  970.7    8.1  149.0  444.0  444.0
1995 105  4 15 0600  -19.0  970.4    9.6  140.0  444.0  444.0
1995 105  4 15 0700  -18.9  970.5   10.3  150.0  444.0  444.0
1995 105  4 15 0800  -18.9  970.3    8.3  153.0  444.0  444.0
1995 105  4 15 0900  -18.9  970.3    9.8  142.0  444.0  444.0
1995 105  4 15 1000  -18.9  970.5    8.3  150.0  444.0  444.0
1995 105  4 15 1100  -18.9  970.7    7.4  156.0  444.0  444.0
1995 105  4 15 1200  -18.9  970.6    6.9  164.0  444.0  444.0
1995 105  4 15 1300  -20.1  970.2    6.1  150.0  444.0  444.0
1995 105  4 15 1400  444.0  444.0  444.0  444.0  444.0  444.0
1995 105  4 15 1500  -20.8  969.5    4.7  158.0  444.0  444.0
1995 105  4 15 1600  -20.8  969.3    5.1  143.0  444.0  444.0
1995 105  4 15 1700  -21.1  969.2    5.9  146.0  444.0  444.0
1995 105  4 15 1800  -21.2  969.0    6.6  153.0  444.0  444.0
1995 105  4 15 1900  444.0  444.0  444.0  444.0  444.0  444.0
1995 105  4 15 2000  -21.8  968.8    7.8  143.0  444.0  444.0
1995 105  4 15 2100  -22.4  968.9    8.1  150.0  444.0  444.0
1995 105  4 15 2200  -22.4  969.0    8.6  156.0  444.0  444.0
1995 105  4 15 2300  -23.8  968.6    8.3  139.0  444.0  444.0
1995 106  4 16 0000  -23.8  968.9    7.1  133.0  444.0  444.0
1995 106  4 16 0100  -23.9  968.6    7.4  136.0  444.0  444.0
1995 106  4 16 0200  444.0  444.0  444.0  444.0  444.0  444.0
1995 106  4 16 0300  -24.4  968.4    6.4  132.0  444.0  444.0
1995 106  4 16 0400  -24.4  968.4    8.3  137.0  444.0  444.0
1995 106  4 16 0500  -24.5  968.4    8.3  147.0  444.0  444.0
1995 106  4 16 0600  -25.0  968.3    6.6  139.0  444.0  444.0
1995 106  4 16 0700  444.0  444.0  444.0  444.0  444.0  444.0
1995 106  4 16 0800  -25.1  968.2    5.1  147.0  444.0  444.0
1995 106  4 16 0900  -25.5  968.2    6.6  133.0  444.0  444.0
1995 106  4 16 1000  -26.0  968.4    7.1  144.0  444.0  444.0
1995 106  4 16 1100  -26.5  968.5    5.4  147.0  444.0  444.0
1995 106  4 16 1200  444.0  444.0  444.0  444.0  444.0  444.0
1995 106  4 16 1300  -26.4  968.7    4.4  147.0  444.0  444.0
1995 106  4 16 1400  -26.8  969.1    6.4  147.0  444.0  444.0
1995 106  4 16 1500  -26.8  969.4    5.9  150.0  444.0  444.0
1995 106  4 16 1600  -26.4  969.4    4.2  136.0  444.0  444.0
1995 106  4 16 1700  444.0  444.0  444.0  444.0  444.0  444.0
1995 106  4 16 1800  -27.4  969.8    0.0    0.0  444.0  444.0
1995 106  4 16 1900  -26.4  970.1    0.0    0.0  444.0  444.0
1995 106  4 16 2000  -26.2  970.3    0.0    0.0  444.0  444.0
1995 106  4 16 2100  -26.0  970.1    1.0  293.0  444.0  444.0
1995 106  4 16 2200  -26.4  970.3    0.2  247.0  444.0  444.0
1995 106  4 16 2300  -25.8  970.5    0.5  312.0  444.0  444.0
1995 107  4 17 0000  444.0  444.0  444.0  444.0  444.0  444.0
1995 107  4 17 0100  -25.0  970.7    0.7  240.0  444.0  444.0
1995 107  4 17 0200  -25.6  970.9    0.5  139.0  444.0  444.0
1995 107  4 17 0300  -25.1  971.3    1.0  174.0  444.0  444.0
1995 107  4 17 0400  -25.6  970.8    2.5  151.0  444.0  444.0
1995 107  4 17 0500  444.0  444.0  444.0  444.0  444.0  444.0
1995 107  4 17 0600  -24.8  970.4    3.2  158.0  444.0  444.0
1995 107  4 17 0700  -27.2  969.4    2.2  143.0  444.0  444.0
1995 107  4 17 0800  -24.5  969.1    2.9  144.0  444.0  444.0
1995 107  4 17 0900  -25.0  968.8    1.5  133.0  444.0  444.0
1995 107  4 17 1000  -26.6  968.1    4.9  144.0  444.0  444.0
1995 107  4 17 1100  -26.8  967.5    7.6  136.0  444.0  444.0
1995 107  4 17 1200  -26.4  967.4    6.9  146.0  444.0  444.0
1995 107  4 17 1300  -26.0  967.4    8.8  151.0  444.0  444.0
1995 107  4 17 1400  -25.6  967.6    8.6  150.0  444.0  444.0
1995 107  4 17 1500  -25.6  968.0    8.3  146.0  444.0  444.0
1995 107  4 17 1600  -25.5  968.3    9.3  150.0  444.0  444.0
1995 107  4 17 1700  -25.5  968.4   10.0  147.0  444.0  444.0
1995 107  4 17 1800  -25.8  968.7    6.6  137.0  444.0  444.0
1995 107  4 17 1900  -25.2  969.3    8.1  154.0  444.0  444.0
1995 107  4 17 2000  -26.6  968.9    4.7  133.0  444.0  444.0
1995 107  4 17 2100  -26.1  969.1    3.4  130.0  444.0  444.0
1995 107  4 17 2200  -26.9  969.4    1.2   39.0  444.0  444.0
1995 107  4 17 2300  -26.8  969.4    0.7  337.0  444.0  444.0
1995 108  4 18 0000  -27.0  969.5    1.0  257.0  444.0  444.0
1995 108  4 18 0100  444.0  444.0  444.0  444.0  444.0  444.0
1995 108  4 18 0200  -26.9  969.5    3.2  144.0  444.0  444.0
1995 108  4 18 0300  -27.4  969.7    2.7  137.0  444.0  444.0
1995 108  4 18 0400  -28.1  969.7    3.4  139.0  444.0  444.0
1995 108  4 18 0500  -28.5  969.4    2.7  133.0  444.0  444.0
1995 108  4 18 0600  -28.1  969.4    2.0  122.0  444.0  444.0
1995 108  4 18 0700  -27.9  969.2    0.7  146.0  444.0  444.0
1995 108  4 18 0800  -27.4  968.8    1.5  217.0  444.0  444.0
1995 108  4 18 0900  -28.5  968.9    1.0  105.0  444.0  444.0
1995 108  4 18 1000  -28.5  968.7    1.7  125.0  444.0  444.0
1995 108  4 18 1100  -26.9  968.1    2.5  258.0  444.0  444.0
1995 108  4 18 1200  -26.8  967.7    0.0    0.0  444.0  444.0
1995 108  4 18 1300  -26.0  967.5    0.0    0.0  444.0  444.0
1995 108  4 18 1400  -26.0  966.9    2.0  217.0  444.0  444.0
1995 108  4 18 1500  -28.0  966.8    0.0    0.0  444.0  444.0
1995 108  4 18 1600  -26.5  966.9    1.2  210.0  444.0  444.0
1995 108  4 18 1700  -26.5  966.4    0.2  206.0  444.0  444.0
1995 108  4 18 1800  -26.8  966.2    0.0    0.0  444.0  444.0
1995 108  4 18 1900  -27.1  966.2    1.7  198.0  444.0  444.0
1995 108  4 18 2000  -27.8  966.3    0.7  241.0  444.0  444.0
1995 108  4 18 2100  -26.8  966.1    1.0  220.0  444.0  444.0
1995 108  4 18 2200  -27.5  966.1    1.5  230.0  444.0  444.0
1995 108  4 18 2300  -27.8  966.3    0.0    0.0  444.0  444.0
1995 109  4 19 0000  -28.5  966.0    0.0    0.0  444.0  444.0
1995 109  4 19 0100  -30.9  965.9    2.0  144.0  444.0  444.0
1995 109  4 19 0200  -30.1  966.1    0.0    0.0  444.0  444.0
1995 109  4 19 0300  -30.4  965.8    0.0    0.0  444.0  444.0
1995 109  4 19 0400  -31.5  966.0    1.5  232.0  444.0  444.0
1995 109  4 19 0500  -31.9  966.0    1.7  151.0  444.0  444.0
1995 109  4 19 0600  -31.1  966.1    2.2  153.0  444.0  444.0
1995 109  4 19 0700  -31.6  965.6    4.2  129.0  444.0  444.0
1995 109  4 19 0800  -30.2  965.7    2.9  149.0  444.0  444.0
1995 109  4 19 0900  -31.4  966.0    0.2  320.0  444.0  444.0
1995 109  4 19 1000  -30.8  966.0    2.2  151.0  444.0  444.0
1995 109  4 19 1100  -30.1  966.2    1.5  188.0  444.0  444.0
1995 109  4 19 1200  -27.6  966.3    0.0    0.0  444.0  444.0
1995 109  4 19 1300  -28.0  966.0    2.0  348.0  444.0  444.0
1995 109  4 19 1400  -25.2  966.5    0.2  157.0  444.0  444.0
1995 109  4 19 1500  -24.2  966.7    7.8  180.0  444.0  444.0
1995 109  4 19 1600  -23.8  966.8    4.7  158.0  444.0  444.0
1995 109  4 19 1700  -25.5  966.8    2.2  343.0  444.0  444.0
1995 109  4 19 1800  -26.0  966.2    1.7  227.0  444.0  444.0
1995 109  4 19 1900  -27.4  965.9    4.9  247.0  444.0  444.0
1995 109  4 19 2000  -26.9  965.6    8.3  265.0  444.0  444.0
1995 109  4 19 2100  -26.4  965.3    0.7  355.0  444.0  444.0
1995 109  4 19 2200  -26.1  964.8    2.7  223.0  444.0  444.0
1995 109  4 19 2300  -26.2  964.8    1.7  302.0  444.0  444.0
1995 110  4 20 0000  -27.4  964.8    2.5  299.0  444.0  444.0
1995 110  4 20 0100  -26.8  965.3    1.5  244.0  444.0  444.0
1995 110  4 20 0200  -26.5  965.1    1.0  267.0  444.0  444.0
1995 110  4 20 0300  -26.6  965.1    1.7  278.0  444.0  444.0
1995 110  4 20 0400  -25.6  964.8    3.4  293.0  444.0  444.0
1995 110  4 20 0500  -27.8  965.7    0.0    0.0  444.0  444.0
1995 110  4 20 0600  -27.2  966.0    2.2  208.0  444.0  444.0
1995 110  4 20 0700  -29.9  966.0    4.2  161.0  444.0  444.0
1995 110  4 20 0800  -29.6  966.4    6.9  144.0  444.0  444.0
1995 110  4 20 0900  -29.8  966.8    4.2  158.0  444.0  444.0
1995 110  4 20 1000  -28.1  967.2    1.0  130.0  444.0  444.0
1995 110  4 20 1100  -28.5  967.3    3.4  192.0  444.0  444.0
1995 110  4 20 1200  -28.4  967.8    3.2  123.0  444.0  444.0
1995 110  4 20 1300  -27.8  968.5    2.0  172.0  444.0  444.0
1995 110  4 20 1400  -26.8  968.6    2.9  209.0  444.0  444.0
1995 110  4 20 1500  -27.5  969.8    2.0  154.0  444.0  444.0
1995 110  4 20 1600  -27.2  970.5    1.5  177.0  444.0  444.0
1995 110  4 20 1700  -30.4  971.5    8.3  143.0  444.0  444.0
1995 110  4 20 1800  -30.2  972.8   10.0  144.0  444.0  444.0
1995 110  4 20 1900  -28.5  974.6    6.6  147.0  444.0  444.0
1995 110  4 20 2000  -28.5  975.3    7.4  161.0  444.0  444.0
1995 110  4 20 2100  -27.4  975.9    8.3  157.0  444.0  444.0
1995 110  4 20 2200  -27.1  976.6    8.6  158.0  444.0  444.0
1995 110  4 20 2300  -27.2  977.7    7.1  161.0  444.0  444.0
1995 111  4 21 0000  -30.2  978.6    8.8  147.0  444.0  444.0
1995 111  4 21 0100  -27.9  979.0   10.3  151.0  444.0  444.0
1995 111  4 21 0200  -30.0  979.1    8.1  144.0  444.0  444.0
1995 111  4 21 0300  -31.2  980.1   10.8  149.0  444.0  444.0
1995 111  4 21 0400  -31.6  980.2   12.2  153.0  444.0  444.0
1995 111  4 21 0500  -31.4  980.8   10.0  147.0  444.0  444.0
1995 111  4 21 0600  -31.8  981.2   10.0  139.0  444.0  444.0
1995 111  4 21 0700  -31.6  981.0   11.8  149.0  444.0  444.0
1995 111  4 21 0800  -31.9  981.7    9.1  135.0  444.0  444.0
1995 111  4 21 0900  -31.6  981.6   10.3  150.0  444.0  444.0
1995 111  4 21 1000  -31.5  982.4   10.3  144.0  444.0  444.0
1995 111  4 21 1100  -31.2  982.3    9.3  151.0  444.0  444.0
1995 111  4 21 1200  -31.4  982.0   11.5  142.0  444.0  444.0
1995 111  4 21 1300  -31.0  982.5   10.0  150.0  444.0  444.0
1995 111  4 21 1400  -30.8  982.6   10.8  149.0  444.0  444.0
1995 111  4 21 1500  -29.8  983.2   10.8  156.0  444.0  444.0
1995 111  4 21 1600  -29.2  982.6   13.2  164.0  444.0  444.0
1995 111  4 21 1700  444.0  444.0  444.0  444.0  444.0  444.0
1995 111  4 21 1800  -28.9  983.8   10.0  149.0  444.0  444.0
1995 111  4 21 1900  -28.4  984.0   10.5  156.0  444.0  444.0
1995 111  4 21 2000  -28.8  984.5   12.5  161.0  444.0  444.0
1995 111  4 21 2100  -28.8  985.0   11.8  167.0  444.0  444.0
1995 111  4 21 2200  -28.6  985.1   12.5  161.0  444.0  444.0
1995 111  4 21 2300  -28.6  985.9   12.7  168.0  444.0  444.0
1995 112  4 22 0000  -29.0  986.5   10.5  158.0  444.0  444.0
1995 112  4 22 0100  -28.8  986.5   10.3  154.0  444.0  444.0
1995 112  4 22 0200  -29.1  987.0    8.3  167.0  444.0  444.0
1995 112  4 22 0300  -28.8  987.2    8.3  157.0  444.0  444.0
1995 112  4 22 0400  -29.0  987.3    8.3  167.0  444.0  444.0
1995 112  4 22 0500  -29.1  987.5    7.6  158.0  444.0  444.0
1995 112  4 22 0600  -29.0  987.4    8.6  167.0  444.0  444.0
1995 112  4 22 0700  -29.0  987.3    8.3  164.0  444.0  444.0
1995 112  4 22 0800  -29.0  987.2    9.6  153.0  444.0  444.0
1995 112  4 22 0900  -28.8  986.7    8.1  150.0  444.0  444.0
1995 112  4 22 1000  -29.9  986.4   11.3  158.0  444.0  444.0
1995 112  4 22 1100  -30.5  985.7   10.8  150.0  444.0  444.0
1995 112  4 22 1200  -30.8  984.9    7.1  140.0  444.0  444.0
1995 112  4 22 1300  -29.8  984.5    9.6  157.0  444.0  444.0
1995 112  4 22 1400  -30.2  984.2    5.6  149.0  444.0  444.0
1995 112  4 22 1500  -29.1  983.2    7.1  150.0  444.0  444.0
1995 112  4 22 1600  -29.1  982.8    6.4  143.0  444.0  444.0
1995 112  4 22 1700  -31.1  981.9    6.1  130.0  444.0  444.0
1995 112  4 22 1800  -32.2  981.6    5.1  139.0  444.0  444.0
1995 112  4 22 1900  -32.5  981.3    4.2  140.0  444.0  444.0
1995 112  4 22 2000  -33.1  980.7    3.2  140.0  444.0  444.0
1995 112  4 22 2100  -33.5  979.8    3.7  150.0  444.0  444.0
1995 112  4 22 2200  -33.2  978.7    2.7  105.0  444.0  444.0
1995 112  4 22 2300  -34.0  978.1    2.0  150.0  444.0  444.0
1995 113  4 23 0000  -34.2  976.7    0.0    0.0  444.0  444.0
1995 113  4 23 0100  444.0  444.0  444.0  444.0  444.0  444.0
1995 113  4 23 0200  -34.2  974.2    3.2  125.0  444.0  444.0
1995 113  4 23 0300  -34.9  973.0    1.0  127.0  444.0  444.0
1995 113  4 23 0400  -35.0  971.6    1.7  127.0  444.0  444.0
1995 113  4 23 0500  -35.9  970.5    5.6  123.0  444.0  444.0
1995 113  4 23 0600  -36.2  969.6    6.1  136.0  444.0  444.0
1995 113  4 23 0700  -36.1  969.1    5.9  139.0  444.0  444.0
1995 113  4 23 0800  -36.0  968.1    7.1  142.0  444.0  444.0
1995 113  4 23 0900  -35.9  967.2    5.9  144.0  444.0  444.0
1995 113  4 23 1000  -35.5  966.6    4.2  146.0  444.0  444.0
1995 113  4 23 1100  -35.2  965.7    2.9  133.0  444.0  444.0
1995 113  4 23 1200  -34.6  965.2    1.7  180.0  444.0  444.0
1995 113  4 23 1300  -34.2  964.9    3.4  172.0  444.0  444.0
1995 113  4 23 1400  -35.0  964.7    3.4  157.0  444.0  444.0
1995 113  4 23 1500  -33.4  964.9    4.9  160.0  444.0  444.0
1995 113  4 23 1600  -32.5  965.0    3.4  154.0  444.0  444.0
1995 113  4 23 1700  -32.0  965.6    3.4  151.0  444.0  444.0
1995 113  4 23 1800  -35.0  966.6    4.7  163.0  444.0  444.0
1995 113  4 23 1900  -36.0  967.9    6.4  137.0  444.0  444.0
1995 113  4 23 2000  -35.6  968.8    8.3  149.0  444.0  444.0
1995 113  4 23 2100  444.0  444.0  444.0  444.0  444.0  444.0
1995 113  4 23 2200  -35.5  970.1    9.8  167.0  444.0  444.0
1995 113  4 23 2300  -36.4  970.6    9.1  151.0  444.0  444.0
1995 114  4 24 0000  -36.1  971.0    8.6  140.0  444.0  444.0
1995 114  4 24 0100  -35.0  972.2    8.3  165.0  444.0  444.0
1995 114  4 24 0200  -34.2  972.4    8.1  168.0  444.0  444.0
1995 114  4 24 0300  -32.9  973.2    7.1  165.0  444.0  444.0
1995 114  4 24 0400  444.0  444.0  444.0  444.0  444.0  444.0
1995 114  4 24 0500  -30.0  973.5    5.1  168.0  444.0  444.0
1995 114  4 24 0600  -30.2  973.5    3.4  164.0  444.0  444.0
1995 114  4 24 0700  -30.2  973.3    3.4  164.0  444.0  444.0
1995 114  4 24 0800  -29.2  973.3    3.7  158.0  444.0  444.0
1995 114  4 24 0900  -35.1  973.0    3.9  149.0  444.0  444.0
1995 114  4 24 1000  -37.0  973.0    2.7  161.0  444.0  444.0
1995 114  4 24 1100  -37.0  972.4    1.7  167.0  444.0  444.0
1995 114  4 24 1200  -36.8  972.0    2.7  136.0  444.0  444.0
1995 114  4 24 1300  -37.4  972.0    2.5  144.0  444.0  444.0
1995 114  4 24 1400  -33.2  971.2    2.5  170.0  444.0  444.0
1995 114  4 24 1500  -31.9  970.4    4.4  157.0  444.0  444.0
1995 114  4 24 1600  -33.8  970.4    2.9  146.0  444.0  444.0
1995 114  4 24 1700  -33.6  970.1    3.4  163.0  444.0  444.0
1995 114  4 24 1800  -34.0  969.6    2.9  165.0  444.0  444.0
1995 114  4 24 1900  -34.2  969.4    3.7  174.0  444.0  444.0
1995 114  4 24 2000  -33.2  969.1    3.4  206.0  444.0  444.0
1995 114  4 24 2100  444.0  444.0  444.0  444.0  444.0  444.0
1995 114  4 24 2200  -33.4  968.1    3.9  157.0  444.0  444.0
1995 114  4 24 2300  -34.2  967.9    3.2  140.0  444.0  444.0
1995 115  4 25 0000  444.0  444.0  444.0  444.0  444.0  444.0
1995 115  4 25 0100  -33.5  967.1    2.2  226.0  444.0  444.0
1995 115  4 25 0200  444.0  444.0  444.0  444.0  444.0  444.0
1995 115  4 25 0300  -33.8  966.3    0.2  253.0  444.0  444.0
1995 115  4 25 0400  -33.1  966.1    0.7  240.0  444.0  444.0
1995 115  4 25 0500  -35.5  966.3    1.2  108.0  444.0  444.0
1995 115  4 25 0600  -35.9  966.2    1.2  313.0  444.0  444.0
1995 115  4 25 0700  444.0  444.0  444.0  444.0  444.0  444.0
1995 115  4 25 0800  -32.9  966.1    2.9  326.0  444.0  444.0
1995 115  4 25 0900  -33.1  966.1    1.0  322.0  444.0  444.0
1995 115  4 25 1000  -32.5  965.9    2.0  313.0  444.0  444.0
1995 115  4 25 1100  -32.5  965.7    2.0  327.0  444.0  444.0
1995 115  4 25 1200  444.0  444.0  444.0  444.0  444.0  444.0
1995 115  4 25 1300  -35.5  964.4    0.5  312.0  444.0  444.0
1995 115  4 25 1400  -33.2  964.3    2.7  181.0  444.0  444.0
1995 115  4 25 1500  -32.5  964.0    0.0    0.0  444.0  444.0
1995 115  4 25 1600  -33.8  964.1    0.7   45.0  444.0  444.0
1995 115  4 25 1700  444.0  444.0  444.0  444.0  444.0  444.0
1995 115  4 25 1800  -31.4  963.5    1.2  288.0  444.0  444.0
1995 115  4 25 1900  -29.8  963.2    1.7  210.0  444.0  444.0
1995 115  4 25 2000  -29.4  962.8    1.2  187.0  444.0  444.0
1995 115  4 25 2100  -29.8  962.6    1.0  112.0  444.0  444.0
1995 115  4 25 2200  -28.8  962.2  444.0  444.0  444.0  444.0
1995 115  4 25 2300  -30.2  962.6    3.4   91.0  444.0  444.0
1995 116  4 26 0000  444.0  444.0  444.0  444.0  444.0  444.0
1995 116  4 26 0100  -28.6  961.7    0.5  187.0  444.0  444.0
1995 116  4 26 0200  -28.4  960.9    0.0    0.0  444.0  444.0
1995 116  4 26 0300  -29.1  960.3    2.0  170.0  444.0  444.0
1995 116  4 26 0400  -30.1  960.0    2.7  300.0  444.0  444.0
1995 116  4 26 0500  -28.0  960.3    2.7  195.0  444.0  444.0
1995 116  4 26 0600  -27.5  960.0    2.0  154.0  444.0  444.0
1995 116  4 26 0700  -26.0  960.0    0.0    0.0  444.0  444.0
1995 116  4 26 0800  -26.6  959.4    2.9  234.0  444.0  444.0
1995 116  4 26 0900  -26.8  960.1    1.0  188.0  444.0  444.0
1995 116  4 26 1000  444.0  444.0  444.0  444.0  444.0  444.0
1995 116  4 26 1100  -26.5  960.7    1.7  278.0  444.0  444.0
1995 116  4 26 1200  -25.8  961.3    1.7  222.0  444.0  444.0
1995 116  4 26 1300  -25.5  961.8    2.2  226.0  444.0  444.0
1995 116  4 26 1400  -25.5  962.1    2.7  222.0  444.0  444.0
1995 116  4 26 1500  444.0  444.0  444.0  444.0  444.0  444.0
1995 116  4 26 1600  -24.8  963.3    1.5  253.0  444.0  444.0
1995 116  4 26 1700  -25.5  963.9    0.2  302.0  444.0  444.0
1995 116  4 26 1800  -27.4  964.1    2.9  262.0  444.0  444.0
1995 116  4 26 1900  -26.8  964.7    2.7  154.0  444.0  444.0
1995 116  4 26 2000  -30.1  965.9    2.2  157.0  444.0  444.0
1995 116  4 26 2100  -29.8  967.3    4.2  135.0  444.0  444.0
1995 116  4 26 2200  444.0  444.0  444.0  444.0  444.0  444.0
1995 116  4 26 2300  -28.1  969.2    3.2  139.0  444.0  444.0
1995 117  4 27 0000  -25.8  970.3    3.2  165.0  444.0  444.0
1995 117  4 27 0100  -22.8  971.0    2.0  133.0  444.0  444.0
1995 117  4 27 0200  -22.0  971.9    1.7  247.0  444.0  444.0
1995 117  4 27 0300  444.0  972.7    1.5  142.0  444.0  444.0
1995 117  4 27 0400  -23.0  973.3    2.7  227.0  444.0  444.0
1995 117  4 27 0500  -22.4  973.6    2.7  198.0  444.0  444.0
1995 117  4 27 0600  -23.9  973.9    4.7  174.0  444.0  444.0
1995 117  4 27 0700  -23.6  974.1    4.2  164.0  444.0  444.0
1995 117  4 27 0800  -24.0  974.3    4.9  164.0  444.0  444.0
1995 117  4 27 0900  -24.8  974.5    6.1  164.0  444.0  444.0
1995 117  4 27 1000  -23.6  974.2    1.2  177.0  444.0  444.0
1995 117  4 27 1100  -24.6  973.8    0.7  306.0  444.0  444.0
1995 117  4 27 1200  -25.6  973.9    0.0    0.0  444.0  444.0
1995 117  4 27 1300  -26.2  973.8    1.2  147.0  444.0  444.0
1995 117  4 27 1400  -26.9  973.8    2.0  194.0  444.0  444.0
1995 117  4 27 1500  -26.4  973.6    0.7  255.0  444.0  444.0
1995 117  4 27 1600  -26.5  972.8    2.7  312.0  444.0  444.0
1995 117  4 27 1700  -27.8  972.9    3.2  146.0  444.0  444.0
1995 117  4 27 1800  -31.8  973.9    5.6  150.0  444.0  444.0
1995 117  4 27 1900  -29.0  973.6    3.9  153.0  444.0  444.0
1995 117  4 27 2000  -28.0  973.1    1.5  277.0  444.0  444.0
1995 117  4 27 2100  -27.2  972.9    0.0    0.0  444.0  444.0
1995 117  4 27 2200  -28.4  973.1    2.7  150.0  444.0  444.0
1995 117  4 27 2300  -29.2  973.2    4.4  160.0  444.0  444.0
1995 118  4 28 0000  -30.4  973.6    2.2  164.0  444.0  444.0
1995 118  4 28 0100  -30.8  973.9    3.7  154.0  444.0  444.0
1995 118  4 28 0200  -31.1  974.0    2.2  161.0  444.0  444.0
1995 118  4 28 0300  -31.5  974.7    4.7  132.0  444.0  444.0
1995 118  4 28 0400  -29.8  975.1    2.2  181.0  444.0  444.0
1995 118  4 28 0500  -33.1  976.6    8.8  143.0  444.0  444.0
1995 118  4 28 0600  -32.5  977.0    6.1  150.0  444.0  444.0
1995 118  4 28 0700  -32.5  977.2    5.1  135.0  444.0  444.0
1995 118  4 28 0800  -32.1  978.1    0.0    0.0  444.0  444.0
1995 118  4 28 0900  -30.1  978.7    5.1  118.0  444.0  444.0
1995 118  4 28 1000  -32.1  979.7    2.5  156.0  444.0  444.0
1995 118  4 28 1100  -32.6  980.0    5.9  144.0  444.0  444.0
1995 118  4 28 1200  -30.8  980.5    8.6  144.0  444.0  444.0
1995 118  4 28 1300  -31.0  980.8   10.5  149.0  444.0  444.0
1995 118  4 28 1400  -31.0  981.2    9.3  150.0  444.0  444.0
1995 118  4 28 1500  -32.6  981.5   10.0  147.0  444.0  444.0
1995 118  4 28 1600  -32.9  982.0   10.5  158.0  444.0  444.0
1995 118  4 28 1700  -34.2  982.2   10.3  156.0  444.0  444.0
1995 118  4 28 1800  -32.8  982.7    8.8  161.0  444.0  444.0
1995 118  4 28 1900  -33.5  982.6    6.9  136.0  444.0  444.0
1995 118  4 28 2000  -36.2  982.8    3.4  137.0  444.0  444.0
1995 118  4 28 2100  -36.4  983.1    4.7  130.0  444.0  444.0
1995 118  4 28 2200  -34.9  983.4    4.9  156.0  444.0  444.0
1995 118  4 28 2300  -33.8  983.5    3.4  163.0  444.0  444.0
1995 119  4 29 0000  -33.1  983.1    5.4  165.0  444.0  444.0
1995 119  4 29 0100  -31.9  983.1    4.4  154.0  444.0  444.0
1995 119  4 29 0200  -33.2  983.1    2.9  161.0  444.0  444.0
1995 119  4 29 0300  -33.6  982.7    1.7  164.0  444.0  444.0
1995 119  4 29 0400  -31.4  982.3    1.5  168.0  444.0  444.0
1995 119  4 29 0500  -31.2  982.0    1.2  237.0  444.0  444.0
1995 119  4 29 0600  -32.0  981.8    0.0    0.0  444.0  444.0
1995 119  4 29 0700  -31.5  981.2    0.0    0.0  444.0  444.0
1995 119  4 29 0800  -30.4  980.8    1.7  177.0  444.0  444.0
1995 119  4 29 0900  -30.8  980.4    0.0    0.0  444.0  444.0
1995 119  4 29 1000  -32.9  980.0    0.0    0.0  444.0  444.0
1995 119  4 29 1100  -32.5  979.6    0.0    0.0  444.0  444.0
1995 119  4 29 1200  -31.4  979.0    0.0    0.0  444.0  444.0
1995 119  4 29 1300  -30.1  978.4    0.2  360.0  444.0  444.0
1995 119  4 29 1400  -30.9  978.1    0.0    0.0  444.0  444.0
1995 119  4 29 1500  -32.5  977.4    1.0  156.0  444.0  444.0
1995 119  4 29 1600  -31.8  976.7    1.7  147.0  444.0  444.0
1995 119  4 29 1700  -31.2  976.3    0.0    0.0  444.0  444.0
1995 119  4 29 1800  -31.5  975.7    1.7  323.0  444.0  444.0
1995 119  4 29 1900  -29.0  975.1    2.7  295.0  444.0  444.0
1995 119  4 29 2000  -30.8  974.6    3.4  253.0  444.0  444.0
1995 119  4 29 2100  -29.1  974.0    3.4  298.0  444.0  444.0
1995 119  4 29 2200  -29.0  974.0    1.5  286.0  444.0  444.0
1995 119  4 29 2300  -28.6  974.1    1.7  285.0  444.0  444.0
1995 120  4 30 0000  -28.4  974.4    1.0  306.0  444.0  444.0
1995 120  4 30 0100  -28.1  974.9    1.2  195.0  444.0  444.0
1995 120  4 30 0200  -28.6  976.2    1.2  209.0  444.0  444.0
1995 120  4 30 0300  -27.8  976.8    0.5  329.0  444.0  444.0
1995 120  4 30 0400  -22.8  977.1    3.4  233.0  444.0  444.0
1995 120  4 30 0500  -21.5  977.5    3.9  241.0  444.0  444.0
1995 120  4 30 0600  -20.6  978.3    5.4  215.0  444.0  444.0
1995 120  4 30 0700  -21.6  978.9    4.7  201.0  444.0  444.0
1995 120  4 30 0800  -19.5  980.2    4.2  199.0  444.0  444.0
1995 120  4 30 0900  -18.2  981.5    2.5  208.0  444.0  444.0
1995 120  4 30 1000  -21.5  982.5    2.0  168.0  444.0  444.0
1995 120  4 30 1100  -19.8  984.0    2.0  212.0  444.0  444.0
1995 120  4 30 1200  -22.6  985.2    0.2   49.0  444.0  444.0
1995 120  4 30 1300  -20.9  986.0    0.5  122.0  444.0  444.0
1995 120  4 30 1400  -31.9  987.9    2.7  157.0  444.0  444.0
1995 120  4 30 1500  -26.8  988.6    6.1  164.0  444.0  444.0
1995 120  4 30 1600  -26.8  990.6    8.1  146.0  444.0  444.0
1995 120  4 30 1700  -26.9  991.9   10.8  160.0  444.0  444.0
1995 120  4 30 1800  -26.2  993.5    9.8  165.0  444.0  444.0
1995 120  4 30 1900  -27.1  994.0    8.3  157.0  444.0  444.0
1995 120  4 30 2000  -28.0  995.8    7.4  151.0  444.0  444.0
1995 120  4 30 2100  -28.1  996.1    8.1  156.0  444.0  444.0
1995 120  4 30 2200  -28.6  996.8    8.3  160.0  444.0  444.0
1995 120  4 30 2300  -28.4  997.2    9.1  158.0  444.0  444.0
