Year: 1994  Month: 11  ID: MPT  ARGOS:  8906  Name: Marble Point        
Lat: 77.44S  Lon: 163.76E  Elev:  108m
1994 305 11  1 0000  444.0  444.0  444.0  444.0  444.0  444.0
1994 305 11  1 0100   -8.2  973.6    1.5  160.0  444.0  444.0
1994 305 11  1 0200  444.0  444.0  444.0  444.0  444.0  444.0
1994 305 11  1 0300   -7.9  972.2    2.0  151.0  444.0  444.0
1994 305 11  1 0400  444.0  971.4    1.0  208.0  444.0  444.0
1994 305 11  1 0500   -9.4  970.8    2.0  250.0  444.0  444.0
1994 305 11  1 0600  -10.5  969.9    3.7  232.0  444.0  444.0
1994 305 11  1 0700  -10.9  969.3    4.2  234.0  444.0  444.0
1994 305 11  1 0800  -11.1  968.5    3.4  240.0  444.0  444.0
1994 305 11  1 0900  -11.4  967.6    3.7  241.0  444.0  444.0
1994 305 11  1 1000  -12.0  967.3    2.7  295.0  444.0  444.0
1994 305 11  1 1100  -12.0  966.5    3.4  272.0  444.0  444.0
1994 305 11  1 1200  -12.5  966.4    2.7  313.0  444.0  444.0
1994 305 11  1 1300  -12.9  966.0    0.0    0.0  444.0  444.0
1994 305 11  1 1400  -14.0  965.2    2.5  217.0  444.0  444.0
1994 305 11  1 1500  -12.5  965.0    1.2  191.0  444.0  444.0
1994 305 11  1 1600  -14.1  964.9    2.5  142.0  444.0  444.0
1994 305 11  1 1700  -12.6  964.9    3.7  164.0  444.0  444.0
1994 305 11  1 1800  -12.2  964.7    2.0  139.0  444.0  444.0
1994 305 11  1 1900  -10.5  964.1    2.7  119.0  444.0  444.0
1994 305 11  1 2000  -10.2  963.6    1.7  279.0  444.0  444.0
1994 305 11  1 2100   -8.9  963.2    0.0    0.0  444.0  444.0
1994 305 11  1 2200   -9.6  962.6    2.9  327.0  444.0  444.0
1994 305 11  1 2300   -5.1  961.8    1.2  315.0  444.0  444.0
1994 306 11  2 0000   -6.1  961.4    2.5  348.0  444.0  444.0
1994 306 11  2 0100  444.0  961.0    0.0    0.0  444.0  444.0
1994 306 11  2 0200   -9.5  961.1    2.5  147.0  444.0  444.0
1994 306 11  2 0300   -9.6  961.6    2.0  180.0  444.0  444.0
1994 306 11  2 0400   -8.1  961.6    1.2  232.0  444.0  444.0
1994 306 11  2 0500   -8.4  961.9    1.5   88.0  444.0  444.0
1994 306 11  2 0600   -9.2  962.2    3.7  170.0  444.0  444.0
1994 306 11  2 0700   -9.4  962.2    3.9  160.0  444.0  444.0
1994 306 11  2 0800   -9.2  962.0    3.2  161.0  444.0  444.0
1994 306 11  2 0900   -8.8  961.8    1.5  187.0  444.0  444.0
1994 306 11  2 1000   -8.9  962.0    2.5  233.0  444.0  444.0
1994 306 11  2 1100   -8.6  961.8    4.2  241.0  444.0  444.0
1994 306 11  2 1200   -7.5  961.6    2.0  126.0  444.0  444.0
1994 306 11  2 1300   -7.5  961.9    0.2  136.0  444.0  444.0
1994 306 11  2 1400   -7.1  962.0   11.0  142.0  444.0  444.0
1994 306 11  2 1500   -7.2  962.0    8.6  139.0  444.0  444.0
1994 306 11  2 1600   -7.6  964.2    7.4  142.0  444.0  444.0
1994 306 11  2 1700   -7.9  964.4    6.6  105.0  444.0  444.0
1994 306 11  2 1800   -9.0  965.3    2.7  137.0  444.0  444.0
1994 306 11  2 1900   -8.5  965.2    3.4   92.0  444.0  444.0
1994 306 11  2 2000   -8.4  965.7    1.7  295.0  444.0  444.0
1994 306 11  2 2100   -7.8  966.0    0.0    0.0  444.0  444.0
1994 306 11  2 2200   -6.9  965.9    1.2  267.0  444.0  444.0
1994 306 11  2 2300   -4.9  965.4    1.7  272.0  444.0  444.0
1994 307 11  3 0000   -4.5  965.5    0.0    0.0  444.0  444.0
1994 307 11  3 0100   -3.5  964.5    2.7  262.0  444.0  444.0
1994 307 11  3 0200   -3.6  964.6    3.2  132.0  444.0  444.0
1994 307 11  3 0300   -4.5  964.4    5.1  133.0  444.0  444.0
1994 307 11  3 0400   -3.9  964.7    3.4  184.0  444.0  444.0
1994 307 11  3 0500   -3.0  965.0    3.7  149.0  444.0  444.0
1994 307 11  3 0600   -2.1  964.3    0.7  341.0  444.0  444.0
1994 307 11  3 0700   -0.6  964.3    4.9  130.0  444.0  444.0
1994 307 11  3 0800  444.0  444.0  444.0  444.0  444.0  444.0
1994 307 11  3 0900   -3.9  964.2   11.3  135.0  444.0  444.0
1994 307 11  3 1000   -2.4  964.4   14.9  160.0  444.0  444.0
1994 307 11  3 1100   -5.5  964.9    7.6  146.0  444.0  444.0
1994 307 11  3 1200   -6.6  964.8   12.5  106.0  444.0  444.0
1994 307 11  3 1300   -5.2  966.4    4.4  116.0  444.0  444.0
1994 307 11  3 1400   -1.4  965.9   14.7  163.0  444.0  444.0
1994 307 11  3 1500   -2.5  966.3    7.6  116.0  444.0  444.0
1994 307 11  3 1600   -5.5  967.0    8.1   71.0  444.0  444.0
1994 307 11  3 1700   -3.9  965.4   15.7  133.0  444.0  444.0
1994 307 11  3 1800   -7.0  964.3   19.1  123.0  444.0  444.0
1994 307 11  3 1900   -7.1  965.6   14.5  140.0  444.0  444.0
1994 307 11  3 2000   -7.1  968.0   10.3  143.0  444.0  444.0
1994 307 11  3 2100   -6.9  968.9   14.0  135.0  444.0  444.0
1994 307 11  3 2200   -8.8  970.6   12.7  156.0  444.0  444.0
1994 307 11  3 2300   -8.1  970.9   10.5  139.0  444.0  444.0
1994 308 11  4 0000   -5.5  971.8    4.4  126.0  444.0  444.0
1994 308 11  4 0100   -5.2  971.2    1.7  133.0  444.0  444.0
1994 308 11  4 0200   -3.9  971.7    3.2  132.0  444.0  444.0
1994 308 11  4 0300   -3.4  971.7    3.2  127.0  444.0  444.0
1994 308 11  4 0400   -4.5  971.6    3.9  329.0  444.0  444.0
1994 308 11  4 0500   -1.4  971.7    4.4  105.0  444.0  444.0
1994 308 11  4 0600   -3.1  971.6    5.4  175.0  444.0  444.0
1994 308 11  4 0700   -2.6  971.6    7.6  164.0  444.0  444.0
1994 308 11  4 0800   -2.5  971.7    4.2  154.0  444.0  444.0
1994 308 11  4 0900   -5.1  972.0    3.9  307.0  444.0  444.0
1994 308 11  4 1000   -3.8  971.8    2.9  360.0  444.0  444.0
1994 308 11  4 1100   -4.0  972.4    4.2  175.0  444.0  444.0
1994 308 11  4 1200   -4.0  971.5    8.1  146.0  444.0  444.0
1994 308 11  4 1300   -4.0  971.6    8.6  154.0  444.0  444.0
1994 308 11  4 1400   -4.0  972.3    6.1  172.0  444.0  444.0
1994 308 11  4 1500   -4.5  972.3    1.0   14.0  444.0  444.0
1994 308 11  4 1600   -4.8  972.3    3.2  313.0  444.0  444.0
1994 308 11  4 1700   -9.4  973.6    6.6  120.0  444.0  444.0
1994 308 11  4 1800   -8.8  973.5    6.6  143.0  444.0  444.0
1994 308 11  4 1900   -6.8  972.9    7.8  154.0  444.0  444.0
1994 308 11  4 2000   -4.9  973.1    8.1  146.0  444.0  444.0
1994 308 11  4 2100   -6.1  973.7   11.3  129.0  444.0  444.0
1994 308 11  4 2200   -6.4  974.9   12.2  143.0  444.0  444.0
1994 308 11  4 2300   -5.9  975.4   13.2  125.0  444.0  444.0
1994 309 11  5 0000   -8.2  976.3   13.7  113.0  444.0  444.0
1994 309 11  5 0100   -8.2  976.6   16.2  144.0  444.0  444.0
1994 309 11  5 0200   -8.2  978.2   13.2  133.0  444.0  444.0
1994 309 11  5 0300  -10.8  979.9    6.6  167.0  444.0  444.0
1994 309 11  5 0400   -9.9  980.4    5.4  149.0  444.0  444.0
1994 309 11  5 0500   -9.0  980.7    6.6  177.0  444.0  444.0
1994 309 11  5 0600   -9.4  980.6    6.6  157.0  444.0  444.0
1994 309 11  5 0700   -9.2  980.3    2.9  171.0  444.0  444.0
1994 309 11  5 0800   -9.5  979.9    2.9  188.0  444.0  444.0
1994 309 11  5 0900  -10.8  979.5    3.2  248.0  444.0  444.0
1994 309 11  5 1000  -11.6  979.1    4.9  253.0  444.0  444.0
1994 309 11  5 1100  -11.4  978.7    3.7  271.0  444.0  444.0
1994 309 11  5 1200  -10.2  977.8    2.2  282.0  444.0  444.0
1994 309 11  5 1300   -9.5  977.0    1.7  320.0  444.0  444.0
1994 309 11  5 1400  -10.5  976.4    0.0    0.0  444.0  444.0
1994 309 11  5 1500  -11.2  975.5    1.0  358.0  444.0  444.0
1994 309 11  5 1600  -10.1  975.0    1.7  319.0  444.0  444.0
1994 309 11  5 1700  -10.8  974.3    0.5  305.0  444.0  444.0
1994 309 11  5 1800  -10.8  973.7    0.2  237.0  444.0  444.0
1994 309 11  5 1900  -11.8  973.0    1.0  350.0  444.0  444.0
1994 309 11  5 2000   -9.9  971.9    1.2  336.0  444.0  444.0
1994 309 11  5 2100  444.0  971.4    0.0    0.0  444.0  444.0
1994 309 11  5 2200  444.0  970.6    0.7   59.0  444.0  444.0
1994 309 11  5 2300  -11.8  970.3    1.2  150.0  444.0  444.0
1994 310 11  6 0000  -11.8  969.8    2.7  147.0  444.0  444.0
1994 310 11  6 0100  -11.6  969.8    4.2  158.0  444.0  444.0
1994 310 11  6 0200  -11.4  970.1    4.9  140.0  444.0  444.0
1994 310 11  6 0300   -9.2  970.0    6.4  139.0  444.0  444.0
1994 310 11  6 0400   -9.5  970.2    5.1  133.0  444.0  444.0
1994 310 11  6 0500   -8.8  970.4    3.4  137.0  444.0  444.0
1994 310 11  6 0600   -9.0  970.6    3.4  156.0  444.0  444.0
1994 310 11  6 0700   -8.8  970.6    3.7  153.0  444.0  444.0
1994 310 11  6 0800   -9.6  971.1    4.9  156.0  444.0  444.0
1994 310 11  6 0900  -10.5  971.5    6.9  157.0  444.0  444.0
1994 310 11  6 1000  -10.5  972.1    5.6  178.0  444.0  444.0
1994 310 11  6 1100   -9.6  972.6    2.9  191.0  444.0  444.0
1994 310 11  6 1200  -10.8  973.2    2.9  144.0  444.0  444.0
1994 310 11  6 1300  -10.5  973.5    0.7  178.0  444.0  444.0
1994 310 11  6 1400  -10.8  973.6    3.4  277.0  444.0  444.0
1994 310 11  6 1500  -11.2  973.8    3.9  253.0  444.0  444.0
1994 310 11  6 1600  -10.6  974.2    3.2  265.0  444.0  444.0
1994 310 11  6 1700  -11.4  974.6    2.7  267.0  444.0  444.0
1994 310 11  6 1800  -10.5  975.6    2.0  136.0  444.0  444.0
1994 310 11  6 1900  -11.8  976.5    3.2  142.0  444.0  444.0
1994 310 11  6 2000  -11.1  977.2    4.4  135.0  444.0  444.0
1994 310 11  6 2100  -11.1  977.8    4.9  161.0  444.0  444.0
1994 310 11  6 2200  -10.5  978.5    4.4  156.0  444.0  444.0
1994 310 11  6 2300   -9.9  978.9    3.9  164.0  444.0  444.0
1994 311 11  7 0000  -10.0  979.4    4.2  156.0  444.0  444.0
1994 311 11  7 0100  -10.0  979.6    5.9  146.0  444.0  444.0
1994 311 11  7 0200  -10.0  980.1    7.1  154.0  444.0  444.0
1994 311 11  7 0300  -10.2  980.7    6.9  143.0  444.0  444.0
1994 311 11  7 0400  -10.5  981.1    6.1  163.0  444.0  444.0
1994 311 11  7 0500  -11.0  981.4    5.9  150.0  444.0  444.0
1994 311 11  7 0600  -11.1  981.8    5.6  158.0  444.0  444.0
1994 311 11  7 0700  -11.8  982.1    5.9  161.0  444.0  444.0
1994 311 11  7 0800  -11.8  982.6    3.9  168.0  444.0  444.0
1994 311 11  7 0900  -11.9  983.0    3.9  168.0  444.0  444.0
1994 311 11  7 1000  -12.0  983.1    2.0  158.0  444.0  444.0
1994 311 11  7 1100  -11.9  983.3    0.7  226.0  444.0  444.0
1994 311 11  7 1200  -12.2  983.5    1.0   66.0  444.0  444.0
1994 311 11  7 1300  -12.6  983.4    0.0    0.0  444.0  444.0
1994 311 11  7 1400  -12.6  983.2    0.5  216.0  444.0  444.0
1994 311 11  7 1500  -11.2  983.3    1.0  358.0  444.0  444.0
1994 311 11  7 1600  -10.5  983.2    1.0  170.0  444.0  444.0
1994 311 11  7 1700  -10.9  983.2    0.7  319.0  444.0  444.0
1994 311 11  7 1800   -9.5  983.1    1.7  360.0  444.0  444.0
1994 311 11  7 1900   -8.9  982.6   10.3  184.0  444.0  444.0
1994 311 11  7 2000   -8.1  982.5    5.9  191.0  444.0  444.0
1994 311 11  7 2100   -7.5  982.6    2.5  104.0  444.0  444.0
1994 311 11  7 2200   -7.6  982.4    0.7  358.0  444.0  444.0
1994 311 11  7 2300  444.0  982.3    0.0    0.0  444.0  444.0
1994 312 11  8 0000  444.0  981.8    1.0  251.0  444.0  444.0
1994 312 11  8 0100   -5.9  981.5    1.7  306.0  444.0  444.0
1994 312 11  8 0200   -5.1  980.9    2.2  299.0  444.0  444.0
1994 312 11  8 0300   -4.5  980.6    1.5  330.0  444.0  444.0
1994 312 11  8 0400   -4.6  980.2    1.5  277.0  444.0  444.0
1994 312 11  8 0500   -5.1  979.8    2.0  258.0  444.0  444.0
1994 312 11  8 0600  444.0  979.7    0.0    0.0  444.0  444.0
1994 312 11  8 0700   -4.5  979.3    2.0   78.0  444.0  444.0
1994 312 11  8 0800   -7.8  979.4    2.0  209.0  444.0  444.0
1994 312 11  8 0900   -7.8  979.4    2.0  196.0  444.0  444.0
1994 312 11  8 1000   -9.1  979.1    2.5  217.0  444.0  444.0
1994 312 11  8 1100   -9.9  979.2    2.7  167.0  444.0  444.0
1994 312 11  8 1200  -10.5  979.2    2.7  220.0  444.0  444.0
1994 312 11  8 1300  -10.6  979.0    2.9  185.0  444.0  444.0
1994 312 11  8 1400  -10.8  978.8    3.4  195.0  444.0  444.0
1994 312 11  8 1500  -10.1  978.7    3.9  164.0  444.0  444.0
1994 312 11  8 1600  444.0  444.0  444.0  444.0  444.0  444.0
1994 312 11  8 1700  -10.1  978.2    2.7  227.0  444.0  444.0
1994 312 11  8 1800   -9.9  978.2    2.7  208.0  444.0  444.0
1994 312 11  8 1900   -9.0  978.1    2.5  209.0  444.0  444.0
1994 312 11  8 2000   -7.8  978.3    3.2  163.0  444.0  444.0
1994 312 11  8 2100  444.0  444.0  444.0  444.0  444.0  444.0
1994 312 11  8 2200   -8.1  977.7    3.9  142.0  444.0  444.0
1994 312 11  8 2300   -8.2  977.7    3.4  139.0  444.0  444.0
1994 313 11  9 0000   -8.1  977.4    3.4  144.0  444.0  444.0
1994 313 11  9 0100   -7.6  977.4    3.7  153.0  444.0  444.0
1994 313 11  9 0200   -7.6  977.0    5.6  137.0  444.0  444.0
1994 313 11  9 0300   -8.2  976.8    6.1  142.0  444.0  444.0
1994 313 11  9 0400  444.0  444.0  444.0  444.0  444.0  444.0
1994 313 11  9 0500   -8.2  976.5    7.6  147.0  444.0  444.0
1994 313 11  9 0600   -8.5  976.4    8.3  127.0  444.0  444.0
1994 313 11  9 0700   -8.8  976.7    6.4  153.0  444.0  444.0
1994 313 11  9 0800   -8.2  976.5    7.4  149.0  444.0  444.0
1994 313 11  9 0900   -7.9  976.4    8.8  158.0  444.0  444.0
1994 313 11  9 1000   -8.6  976.3    8.6  158.0  444.0  444.0
1994 313 11  9 1100   -8.2  976.2    7.8  157.0  444.0  444.0
1994 313 11  9 1200   -8.5  976.2    5.9  171.0  444.0  444.0
1994 313 11  9 1300   -8.5  976.0    7.1  168.0  444.0  444.0
1994 313 11  9 1400  444.0  444.0  444.0  444.0  444.0  444.0
1994 313 11  9 1500   -8.2  975.8    5.6  165.0  444.0  444.0
1994 313 11  9 1600   -8.1  975.7    6.6  165.0  444.0  444.0
1994 313 11  9 1700   -7.6  975.8    5.9  163.0  444.0  444.0
1994 313 11  9 1800   -7.8  976.0    6.1  156.0  444.0  444.0
1994 313 11  9 1900  444.0  444.0  444.0  444.0  444.0  444.0
1994 313 11  9 2000   -7.1  976.3    5.4  150.0  444.0  444.0
1994 313 11  9 2100   -6.1  976.1    6.6  137.0  444.0  444.0
1994 313 11  9 2200   -6.4  976.0    6.1  139.0  444.0  444.0
1994 313 11  9 2300   -6.5  976.3    7.8  144.0  444.0  444.0
1994 314 11 10 0000   -6.1  976.0    6.4  144.0  444.0  444.0
1994 314 11 10 0100   -6.4  976.3    8.6  150.0  444.0  444.0
1994 314 11 10 0200  444.0  444.0  444.0  444.0  444.0  444.0
1994 314 11 10 0300   -6.2  976.5    7.8  164.0  444.0  444.0
1994 314 11 10 0400   -6.6  976.8    8.8  156.0  444.0  444.0
1994 314 11 10 0500   -7.2  976.8    8.8  164.0  444.0  444.0
1994 314 11 10 0600   -8.1  976.9    9.1  161.0  444.0  444.0
1994 314 11 10 0700  444.0  444.0  444.0  444.0  444.0  444.0
1994 314 11 10 0800   -7.6  977.5    8.1  168.0  444.0  444.0
1994 314 11 10 0900   -8.1  977.4    9.6  154.0  444.0  444.0
1994 314 11 10 1000   -8.8  977.6   10.0  157.0  444.0  444.0
1994 314 11 10 1100   -9.0  978.0    9.1  157.0  444.0  444.0
1994 314 11 10 1200  444.0  444.0  444.0  444.0  444.0  444.0
1994 314 11 10 1300   -8.9  978.1    9.1  160.0  444.0  444.0
1994 314 11 10 1400   -9.2  978.3    8.6  161.0  444.0  444.0
1994 314 11 10 1500   -9.0  978.6    8.6  158.0  444.0  444.0
1994 314 11 10 1600   -9.5  978.7    8.8  163.0  444.0  444.0
1994 314 11 10 1700  444.0  444.0  444.0  444.0  444.0  444.0
1994 314 11 10 1800   -8.9  979.0    5.9  163.0  444.0  444.0
1994 314 11 10 1900  444.0  444.0  444.0  444.0  444.0  444.0
1994 314 11 10 2000   -7.6  979.1    8.3  164.0  444.0  444.0
1994 314 11 10 2100   -7.6  979.2    7.6  153.0  444.0  444.0
1994 314 11 10 2200   -7.5  979.1    8.1  164.0  444.0  444.0
1994 314 11 10 2300   -7.2  978.9    7.6  150.0  444.0  444.0
1994 315 11 11 0000  444.0  444.0  444.0  444.0  444.0  444.0
1994 315 11 11 0100   -7.2  978.5    8.6  150.0  444.0  444.0
1994 315 11 11 0200   -7.8  978.4    8.1  158.0  444.0  444.0
1994 315 11 11 0300   -7.6  978.1    9.1  153.0  444.0  444.0
1994 315 11 11 0400   -8.1  978.3    8.3  154.0  444.0  444.0
1994 315 11 11 0500  444.0  444.0  444.0  444.0  444.0  444.0
1994 315 11 11 0600   -8.6  978.1    8.6  163.0  444.0  444.0
1994 315 11 11 0700   -8.6  978.1    8.3  156.0  444.0  444.0
1994 315 11 11 0800   -8.8  978.2   10.3  165.0  444.0  444.0
1994 315 11 11 0900   -8.9  978.2    7.6  163.0  444.0  444.0
1994 315 11 11 1000   -8.9  978.2    5.6  172.0  444.0  444.0
1994 315 11 11 1100   -9.5  977.7    8.1  182.0  444.0  444.0
1994 315 11 11 1200   -9.5  978.1    9.8  160.0  444.0  444.0
1994 315 11 11 1300   -9.9  977.8    6.4  161.0  444.0  444.0
1994 315 11 11 1400   -9.6  977.5    7.8  153.0  444.0  444.0
1994 315 11 11 1500   -9.9  977.1    8.1  144.0  444.0  444.0
1994 315 11 11 1600  -10.2  977.1    6.6  142.0  444.0  444.0
1994 315 11 11 1700   -9.1  977.3    6.9  156.0  444.0  444.0
1994 315 11 11 1800   -9.0  977.3    6.1  142.0  444.0  444.0
1994 315 11 11 1900   -8.9  977.3    5.6  170.0  444.0  444.0
1994 315 11 11 2000   -8.6  977.4    4.2  171.0  444.0  444.0
1994 315 11 11 2100   -7.6  977.1    4.9  151.0  444.0  444.0
1994 315 11 11 2200  444.0  444.0  444.0  444.0  444.0  444.0
1994 315 11 11 2300   -6.6  977.1    5.1  151.0  444.0  444.0
1994 316 11 12 0000   -6.6  976.8    3.2  151.0  444.0  444.0
1994 316 11 12 0100   -6.4  976.7    3.9  151.0  444.0  444.0
1994 316 11 12 0200   -6.2  976.6    4.4  133.0  444.0  444.0
1994 316 11 12 0300   -6.2  976.5    4.2  139.0  444.0  444.0
1994 316 11 12 0400   -6.0  976.5    4.2  140.0  444.0  444.0
1994 316 11 12 0500   -6.0  976.6    4.2  139.0  444.0  444.0
1994 316 11 12 0600   -6.0  976.7    2.9  163.0  444.0  444.0
1994 316 11 12 0700   -6.2  976.9    2.7  137.0  444.0  444.0
1994 316 11 12 0800   -7.1  976.9    4.7  137.0  444.0  444.0
1994 316 11 12 0900   -8.1  977.1    2.7  167.0  444.0  444.0
1994 316 11 12 1000   -8.4  977.2    3.2  165.0  444.0  444.0
1994 316 11 12 1100   -8.5  977.2    3.7  161.0  444.0  444.0
1994 316 11 12 1200   -9.0  977.1    2.7  191.0  444.0  444.0
1994 316 11 12 1300   -9.5  977.2    2.5  219.0  444.0  444.0
1994 316 11 12 1400  -11.2  977.0    2.7  223.0  444.0  444.0
1994 316 11 12 1500  -10.1  977.3    2.0  229.0  444.0  444.0
1994 316 11 12 1600   -8.5  977.3    0.0    0.0  444.0  444.0
1994 316 11 12 1700  444.0  977.5    0.2  236.0  444.0  444.0
1994 316 11 12 1800  444.0  977.5    0.0    0.0  444.0  444.0
1994 316 11 12 1900  444.0  977.7    0.5   36.0  444.0  444.0
1994 316 11 12 2000  444.0  977.7    0.0    0.0  444.0  444.0
1994 316 11 12 2100  444.0  977.8    0.0    0.0  444.0  444.0
1994 316 11 12 2200   -7.6  977.8    0.0    0.0  444.0  444.0
1994 316 11 12 2300   -5.4  977.7    0.0    0.0  444.0  444.0
1994 317 11 13 0000   -6.0  977.5    0.0    0.0  444.0  444.0
1994 317 11 13 0100  444.0  977.5    1.0    4.0  444.0  444.0
1994 317 11 13 0200  444.0  977.3    0.2   52.0  444.0  444.0
1994 317 11 13 0300  444.0  977.2    0.0    0.0  444.0  444.0
1994 317 11 13 0400  444.0  977.0    1.0  341.0  444.0  444.0
1994 317 11 13 0500   -5.5  976.9    0.0    0.0  444.0  444.0
1994 317 11 13 0600   -5.1  976.8    0.0    0.0  444.0  444.0
1994 317 11 13 0700   -7.2  976.7    2.0  247.0  444.0  444.0
1994 317 11 13 0800   -8.9  976.8    2.5  268.0  444.0  444.0
1994 317 11 13 0900   -9.4  976.9    2.9  277.0  444.0  444.0
1994 317 11 13 1000   -9.5  977.2    2.2  267.0  444.0  444.0
1994 317 11 13 1100   -9.4  977.4    2.2  251.0  444.0  444.0
1994 317 11 13 1200  -10.5  977.4    3.4  253.0  444.0  444.0
1994 317 11 13 1300   -9.5  977.4    2.7  251.0  444.0  444.0
1994 317 11 13 1400   -9.5  977.7    2.2  227.0  444.0  444.0
1994 317 11 13 1500   -8.1  977.6    1.2  227.0  444.0  444.0
1994 317 11 13 1600   -8.1  977.6    1.0  233.0  444.0  444.0
1994 317 11 13 1700   -8.1  977.6    0.2  282.0  444.0  444.0
1994 317 11 13 1800   -8.1  977.5    0.7  285.0  444.0  444.0
1994 317 11 13 1900   -7.6  977.6    0.2  306.0  444.0  444.0
1994 317 11 13 2000   -7.8  977.6    0.7  341.0  444.0  444.0
1994 317 11 13 2100   -8.2  977.5    2.7  306.0  444.0  444.0
1994 317 11 13 2200   -7.8  977.6    3.9  341.0  444.0  444.0
1994 317 11 13 2300   -7.1  977.7    2.7  302.0  444.0  444.0
1994 318 11 14 0000   -6.6  977.7    2.5  305.0  444.0  444.0
1994 318 11 14 0100   -5.9  977.7    2.7  298.0  444.0  444.0
1994 318 11 14 0200   -5.1  977.6    2.2  324.0  444.0  444.0
1994 318 11 14 0300   -5.5  977.3    1.7  261.0  444.0  444.0
1994 318 11 14 0400  444.0  977.2    1.2  296.0  444.0  444.0
1994 318 11 14 0500   -6.5  977.1    3.4  355.0  444.0  444.0
1994 318 11 14 0600   -7.0  977.3    3.9  350.0  444.0  444.0
1994 318 11 14 0700   -8.1  977.1    2.5  303.0  444.0  444.0
1994 318 11 14 0800   -8.6  977.2    2.5  281.0  444.0  444.0
1994 318 11 14 0900   -9.1  977.4    1.7  285.0  444.0  444.0
1994 318 11 14 1000   -8.5  977.7    2.0  291.0  444.0  444.0
1994 318 11 14 1100   -9.4  977.5    2.7  275.0  444.0  444.0
1994 318 11 14 1200   -9.6  977.6    1.0  317.0  444.0  444.0
1994 318 11 14 1300   -9.5  977.8    0.5  307.0  444.0  444.0
1994 318 11 14 1400   -9.4  977.9    1.0  281.0  444.0  444.0
1994 318 11 14 1500   -9.0  978.0    0.0    0.0  444.0  444.0
1994 318 11 14 1600   -9.4  978.0    0.5  278.0  444.0  444.0
1994 318 11 14 1700   -9.0  978.0    1.0  288.0  444.0  444.0
1994 318 11 14 1800   -8.9  978.1    1.2  282.0  444.0  444.0
1994 318 11 14 1900   -7.9  978.2    0.2  262.0  444.0  444.0
1994 318 11 14 2000  444.0  978.3    0.0    0.0  444.0  444.0
1994 318 11 14 2100  444.0  978.3    0.0    0.0  444.0  444.0
1994 318 11 14 2200   -7.0  978.6    0.5  360.0  444.0  444.0
1994 318 11 14 2300   -7.1  978.7    2.2  319.0  444.0  444.0
1994 319 11 15 0000   -7.2  978.8    2.9  331.0  444.0  444.0
1994 319 11 15 0100   -7.0  978.8    3.7  324.0  444.0  444.0
1994 319 11 15 0200   -7.4  978.8    3.2  333.0  444.0  444.0
1994 319 11 15 0300   -7.1  979.3    3.9  333.0  444.0  444.0
1994 319 11 15 0400   -7.5  979.6    4.9  326.0  444.0  444.0
1994 319 11 15 0500   -7.9  980.0    4.7  313.0  444.0  444.0
1994 319 11 15 0600   -7.1  980.8    2.2  286.0  444.0  444.0
1994 319 11 15 0700   -8.2  981.0    2.7  278.0  444.0  444.0
1994 319 11 15 0800  -10.2  981.1    2.7  271.0  444.0  444.0
1994 319 11 15 0900   -9.6  981.7    2.7  274.0  444.0  444.0
1994 319 11 15 1000  -10.0  982.1    2.5  278.0  444.0  444.0
1994 319 11 15 1100  -10.0  982.6    2.2  274.0  444.0  444.0
1994 319 11 15 1200   -9.0  983.0    0.7  319.0  444.0  444.0
1994 319 11 15 1300   -8.8  983.4    0.0    0.0  444.0  444.0
1994 319 11 15 1400   -9.0  983.6    0.7  302.0  444.0  444.0
1994 319 11 15 1500   -9.0  984.1    1.2  136.0  444.0  444.0
1994 319 11 15 1600   -9.4  984.6    1.0  156.0  444.0  444.0
1994 319 11 15 1700   -8.9  985.1    1.2  201.0  444.0  444.0
1994 319 11 15 1800  444.0  985.7    0.5  147.0  444.0  444.0
1994 319 11 15 1900  444.0  985.9    0.0    0.0  444.0  444.0
1994 319 11 15 2000  444.0  986.3    0.0    0.0  444.0  444.0
1994 319 11 15 2100  444.0  986.7    0.0    0.0  444.0  444.0
1994 319 11 15 2200   -5.9  987.0    1.5    8.0  444.0  444.0
1994 319 11 15 2300  444.0  986.9    0.0    0.0  444.0  444.0
1994 320 11 16 0000   -7.2  987.1    0.7  345.0  444.0  444.0
1994 320 11 16 0100   -7.0  987.1    2.2  333.0  444.0  444.0
1994 320 11 16 0200   -6.1  987.0    2.0  306.0  444.0  444.0
1994 320 11 16 0300   -7.4  986.8    2.5  351.0  444.0  444.0
1994 320 11 16 0400   -7.2  986.7    2.5  347.0  444.0  444.0
1994 320 11 16 0500   -7.5  986.8    2.5  348.0  444.0  444.0
1994 320 11 16 0600   -7.8  986.6    3.4  336.0  444.0  444.0
1994 320 11 16 0700   -7.9  986.3    2.9  310.0  444.0  444.0
1994 320 11 16 0800   -7.8  986.1    2.7  316.0  444.0  444.0
1994 320 11 16 0900   -8.8  985.8    2.0  307.0  444.0  444.0
1994 320 11 16 1000   -8.8  985.7    0.0    0.0  444.0  444.0
1994 320 11 16 1100  444.0  985.8    0.0    0.0  444.0  444.0
1994 320 11 16 1200   -8.8  985.4    1.2  222.0  444.0  444.0
1994 320 11 16 1300   -8.2  985.2    1.2  223.0  444.0  444.0
1994 320 11 16 1400   -7.8  985.1    0.0    0.0  444.0  444.0
1994 320 11 16 1500   -8.5  984.8    0.5  255.0  444.0  444.0
1994 320 11 16 1600  444.0  984.7    0.0    0.0  444.0  444.0
1994 320 11 16 1700   -8.4  984.7    0.7  182.0  444.0  444.0
1994 320 11 16 1800   -9.9  984.7    1.2  142.0  444.0  444.0
1994 320 11 16 1900   -9.6  984.9    0.0    0.0  444.0  444.0
1994 320 11 16 2000   -7.5  984.7    1.5  305.0  444.0  444.0
1994 320 11 16 2100   -8.2  984.7    1.5  317.0  444.0  444.0
1994 320 11 16 2200   -9.0  985.0    1.2  348.0  444.0  444.0
1994 320 11 16 2300  444.0  985.0    0.0    0.0  444.0  444.0
1994 321 11 17 0000  444.0  985.1    0.0    0.0  444.0  444.0
1994 321 11 17 0100  444.0  985.0    0.0    0.0  444.0  444.0
1994 321 11 17 0200   -6.0  984.8    1.5  320.0  444.0  444.0
1994 321 11 17 0300   -8.1  984.9    1.2  354.0  444.0  444.0
1994 321 11 17 0400   -8.2  985.0    3.7  343.0  444.0  444.0
1994 321 11 17 0500   -7.5  985.2    3.7  324.0  444.0  444.0
1994 321 11 17 0600   -7.5  985.4    2.5  331.0  444.0  444.0
1994 321 11 17 0700   -8.2  985.6    2.2  336.0  444.0  444.0
1994 321 11 17 0800   -8.1  985.8    0.0    0.0  444.0  444.0
1994 321 11 17 0900  444.0  986.1    0.0    0.0  444.0  444.0
1994 321 11 17 1000   -8.9  986.3    1.2  251.0  444.0  444.0
1994 321 11 17 1100   -9.6  986.6    1.7  243.0  444.0  444.0
1994 321 11 17 1200   -9.5  986.5    1.0  226.0  444.0  444.0
1994 321 11 17 1300  -10.0  986.4    1.2  227.0  444.0  444.0
1994 321 11 17 1400   -8.9  986.6    0.0    0.0  444.0  444.0
1994 321 11 17 1500   -9.6  986.7    1.0  174.0  444.0  444.0
1994 321 11 17 1600   -9.4  986.4    1.7  149.0  444.0  444.0
1994 321 11 17 1700   -9.6  986.5    2.5  142.0  444.0  444.0
1994 321 11 17 1800  -11.2  986.3    3.2  154.0  444.0  444.0
1994 321 11 17 1900  -12.4  986.4    2.9  143.0  444.0  444.0
1994 321 11 17 2000  -11.9  986.4    4.2  137.0  444.0  444.0
1994 321 11 17 2100  -10.9  986.5    4.4  133.0  444.0  444.0
1994 321 11 17 2200  -10.1  986.5    3.7  140.0  444.0  444.0
1994 321 11 17 2300   -8.9  986.3    3.4  126.0  444.0  444.0
1994 322 11 18 0000   -9.4  986.4    3.4  143.0  444.0  444.0
1994 322 11 18 0100   -8.6  986.4    2.5  127.0  444.0  444.0
1994 322 11 18 0200   -8.1  986.4    3.7  130.0  444.0  444.0
1994 322 11 18 0300   -7.8  986.5    3.2  147.0  444.0  444.0
1994 322 11 18 0400   -7.1  986.7    3.2  133.0  444.0  444.0
1994 322 11 18 0500   -6.4  986.9    1.5  119.0  444.0  444.0
1994 322 11 18 0600   -7.1  986.9    2.9  137.0  444.0  444.0
1994 322 11 18 0700   -7.4  987.5    2.0  189.0  444.0  444.0
1994 322 11 18 0800   -7.1  987.7    2.0  192.0  444.0  444.0
1994 322 11 18 0900   -7.9  988.0    3.7  136.0  444.0  444.0
1994 322 11 18 1000   -7.9  988.3    4.9  151.0  444.0  444.0
1994 322 11 18 1100   -8.5  988.7    4.4  157.0  444.0  444.0
1994 322 11 18 1200   -9.6  989.2    3.4  146.0  444.0  444.0
1994 322 11 18 1300   -9.5  989.2    4.2  142.0  444.0  444.0
1994 322 11 18 1400   -9.5  989.3    7.4  143.0  444.0  444.0
1994 322 11 18 1500  -10.0  989.5    5.1  144.0  444.0  444.0
1994 322 11 18 1600   -9.6  990.0    5.9  151.0  444.0  444.0
1994 322 11 18 1700   -9.9  990.4    5.4  153.0  444.0  444.0
1994 322 11 18 1800   -9.4  990.6    8.3  142.0  444.0  444.0
1994 322 11 18 1900  444.0  444.0  444.0  444.0  444.0  444.0
1994 322 11 18 2000  -10.8  990.8    8.8  137.0  444.0  444.0
1994 322 11 18 2100   -8.9  990.9    7.1  136.0  444.0  444.0
1994 322 11 18 2200   -8.8  991.2    7.1  147.0  444.0  444.0
1994 322 11 18 2300   -9.1  991.3    6.6  153.0  444.0  444.0
1994 323 11 19 0000   -9.2  991.3    7.1  147.0  444.0  444.0
1994 323 11 19 0100   -9.0  991.3    7.1  140.0  444.0  444.0
1994 323 11 19 0200  444.0  444.0  444.0  444.0  444.0  444.0
1994 323 11 19 0300   -8.9  991.6    7.6  153.0  444.0  444.0
1994 323 11 19 0400   -8.9  991.7    8.1  163.0  444.0  444.0
1994 323 11 19 0500   -8.9  991.6    6.6  160.0  444.0  444.0
1994 323 11 19 0600   -9.0  991.5    8.6  137.0  444.0  444.0
1994 323 11 19 0700  444.0  444.0  444.0  444.0  444.0  444.0
1994 323 11 19 0800   -9.9  991.5    9.1  153.0  444.0  444.0
1994 323 11 19 0900   -9.9  991.7    5.9  180.0  444.0  444.0
1994 323 11 19 1000   -9.6  991.5    6.1  150.0  444.0  444.0
1994 323 11 19 1100  -10.8  991.5    3.7  184.0  444.0  444.0
1994 323 11 19 1200  -10.6  991.3    4.2  175.0  444.0  444.0
1994 323 11 19 1300  -11.1  991.2    2.7  167.0  444.0  444.0
1994 323 11 19 1400  -10.0  990.9    3.4  143.0  444.0  444.0
1994 323 11 19 1500  -10.1  990.8    3.7  146.0  444.0  444.0
1994 323 11 19 1600  -10.1  990.7    4.2  144.0  444.0  444.0
1994 323 11 19 1700  444.0  444.0  444.0  444.0  444.0  444.0
1994 323 11 19 1800  -10.6  990.5    3.7  142.0  444.0  444.0
1994 323 11 19 1900  -10.1  990.4    4.4  133.0  444.0  444.0
1994 323 11 19 2000   -9.9  990.3    3.4  140.0  444.0  444.0
1994 323 11 19 2100   -9.9  990.2    3.4  142.0  444.0  444.0
1994 323 11 19 2200  -10.2  990.1    4.4  135.0  444.0  444.0
1994 323 11 19 2300   -9.4  990.0    1.7  130.0  444.0  444.0
1994 324 11 20 0000  444.0  444.0  444.0  444.0  444.0  444.0
1994 324 11 20 0100   -8.2  989.2    1.7  136.0  444.0  444.0
1994 324 11 20 0200   -7.9  988.9    1.5  127.0  444.0  444.0
1994 324 11 20 0300   -8.4  988.7    3.2  127.0  444.0  444.0
1994 324 11 20 0400   -8.5  988.3    4.4  146.0  444.0  444.0
1994 324 11 20 0500  444.0  444.0  444.0  444.0  444.0  444.0
1994 324 11 20 0600   -8.8  988.3    3.7  153.0  444.0  444.0
1994 324 11 20 0700   -9.6  987.8    3.7  150.0  444.0  444.0
1994 324 11 20 0800  -10.1  987.5    4.2  133.0  444.0  444.0
1994 324 11 20 0900  -11.0  987.4    3.4  144.0  444.0  444.0
1994 324 11 20 1000  444.0  444.0  444.0  444.0  444.0  444.0
1994 324 11 20 1100  -11.4  987.2    2.7  133.0  444.0  444.0
1994 324 11 20 1200  -11.4  986.9    1.5  146.0  444.0  444.0
1994 324 11 20 1300  -11.4  986.5    1.0  185.0  444.0  444.0
1994 324 11 20 1400  -10.8  986.2    0.0    0.0  444.0  444.0
1994 324 11 20 1500  -11.4  985.9    1.5  156.0  444.0  444.0
1994 324 11 20 1600  -12.0  985.5    2.2  140.0  444.0  444.0
1994 324 11 20 1700  -10.9  985.3    2.5  143.0  444.0  444.0
1994 324 11 20 1800  -10.1  985.0    1.7  143.0  444.0  444.0
1994 324 11 20 1900  -10.5  984.8    2.2  142.0  444.0  444.0
1994 324 11 20 2000   -9.6  984.4    2.5  136.0  444.0  444.0
1994 324 11 20 2100   -9.5  984.1    2.0  140.0  444.0  444.0
1994 324 11 20 2200  444.0  444.0  444.0  444.0  444.0  444.0
1994 324 11 20 2300  -10.0  983.3    3.7  136.0  444.0  444.0
1994 325 11 21 0000   -9.6  982.8    3.9  129.0  444.0  444.0
1994 325 11 21 0100   -9.6  982.4    5.1  130.0  444.0  444.0
1994 325 11 21 0200   -9.9  982.3    4.9  123.0  444.0  444.0
1994 325 11 21 0300  444.0  444.0  444.0  444.0  444.0  444.0
1994 325 11 21 0400  -10.5  981.3    5.1  132.0  444.0  444.0
1994 325 11 21 0500  -10.5  981.0    4.7  139.0  444.0  444.0
1994 325 11 21 0600  -10.5  980.9    5.6  133.0  444.0  444.0
1994 325 11 21 0700  -10.9  980.5    6.1  147.0  444.0  444.0
1994 325 11 21 0800  444.0  444.0  444.0  444.0  444.0  444.0
1994 325 11 21 0900  -11.5  980.2    6.6  154.0  444.0  444.0
1994 325 11 21 1000  -12.4  980.0    7.1  144.0  444.0  444.0
1994 325 11 21 1100  -12.6  979.9    7.4  154.0  444.0  444.0
1994 325 11 21 1200  -13.0  979.7    6.6  154.0  444.0  444.0
1994 325 11 21 1300  444.0  444.0  444.0  444.0  444.0  444.0
1994 325 11 21 1400  -13.5  978.9    5.9  146.0  444.0  444.0
1994 325 11 21 1500  -13.5  978.7    6.6  150.0  444.0  444.0
1994 325 11 21 1600  -13.5  978.4    5.9  150.0  444.0  444.0
1994 325 11 21 1700  -13.1  978.1    6.1  154.0  444.0  444.0
1994 325 11 21 1800  -13.4  978.1    4.9  151.0  444.0  444.0
1994 325 11 21 1900  -12.9  977.8    4.2  144.0  444.0  444.0
1994 325 11 21 2000  -12.6  977.5    3.9  132.0  444.0  444.0
1994 325 11 21 2100  -12.2  977.4    3.2  133.0  444.0  444.0
1994 325 11 21 2200  -11.8  977.1    4.4  126.0  444.0  444.0
1994 325 11 21 2300  -11.6  976.8    4.9  132.0  444.0  444.0
1994 326 11 22 0000  -11.8  976.7    4.7  129.0  444.0  444.0
1994 326 11 22 0100  444.0  444.0  444.0  444.0  444.0  444.0
1994 326 11 22 0200  -10.9  976.2    3.7  139.0  444.0  444.0
1994 326 11 22 0300  -10.8  976.1    4.2  144.0  444.0  444.0
1994 326 11 22 0400  -11.2  976.0    3.7  140.0  444.0  444.0
1994 326 11 22 0500  -10.8  975.8    2.9  125.0  444.0  444.0
1994 326 11 22 0600  -11.8  975.7    3.4  129.0  444.0  444.0
1994 326 11 22 0700  -12.2  975.9    3.4  142.0  444.0  444.0
1994 326 11 22 0800  -12.5  975.9    3.4  137.0  444.0  444.0
1994 326 11 22 0900  -12.9  975.9    2.5  154.0  444.0  444.0
1994 326 11 22 1000  -12.6  976.0    3.4  136.0  444.0  444.0
1994 326 11 22 1100  -13.1  976.1    2.9  142.0  444.0  444.0
1994 326 11 22 1200  -13.6  975.9    3.4  137.0  444.0  444.0
1994 326 11 22 1300  -14.1  976.0    3.7  142.0  444.0  444.0
1994 326 11 22 1400  -13.8  976.1    2.7  135.0  444.0  444.0
1994 326 11 22 1500  -13.1  976.1    2.2  125.0  444.0  444.0
1994 326 11 22 1600  -13.6  976.2    2.7  133.0  444.0  444.0
1994 326 11 22 1700  -13.1  976.3    1.5  112.0  444.0  444.0
1994 326 11 22 1800  -12.2  976.5    2.7  157.0  444.0  444.0
1994 326 11 22 1900  -12.2  976.4    3.2  144.0  444.0  444.0
1994 326 11 22 2000  -11.9  976.6    4.2  137.0  444.0  444.0
1994 326 11 22 2100  -11.8  976.8    3.4  127.0  444.0  444.0
1994 326 11 22 2200  -11.4  976.7    4.4  118.0  444.0  444.0
1994 326 11 22 2300  444.0  444.0  444.0  444.0  444.0  444.0
1994 327 11 23 0000  -11.8  976.7    4.7  130.0  444.0  444.0
1994 327 11 23 0100  -11.0  976.8    2.9  113.0  444.0  444.0
1994 327 11 23 0200  -10.0  976.7    2.9  137.0  444.0  444.0
1994 327 11 23 0300  -10.5  976.7    3.4  127.0  444.0  444.0
1994 327 11 23 0400   -9.5  976.6    4.9  142.0  444.0  444.0
1994 327 11 23 0500   -9.4  976.7    2.7  132.0  444.0  444.0
1994 327 11 23 0600   -9.1  976.9    1.7  135.0  444.0  444.0
1994 327 11 23 0700   -9.9  976.9    2.5  140.0  444.0  444.0
1994 327 11 23 0800   -9.5  976.8    2.9  154.0  444.0  444.0
1994 327 11 23 0900  -10.1  976.7    2.9  161.0  444.0  444.0
1994 327 11 23 1000   -9.6  976.8    2.2  146.0  444.0  444.0
1994 327 11 23 1100  -10.5  976.7    1.7  139.0  444.0  444.0
1994 327 11 23 1200  -10.5  976.8    1.2  149.0  444.0  444.0
1994 327 11 23 1300  -10.5  976.8    1.2  271.0  444.0  444.0
1994 327 11 23 1400   -9.5  976.4    1.2  205.0  444.0  444.0
1994 327 11 23 1500   -9.6  976.4    3.4  240.0  444.0  444.0
1994 327 11 23 1600   -9.4  976.3    1.7  222.0  444.0  444.0
1994 327 11 23 1700   -8.5  976.4    1.0  344.0  444.0  444.0
1994 327 11 23 1800   -8.5  976.2    1.2  288.0  444.0  444.0
1994 327 11 23 1900   -8.4  976.1    1.2  295.0  444.0  444.0
1994 327 11 23 2000   -8.2  976.3    1.5    7.0  444.0  444.0
1994 327 11 23 2100   -9.9  976.2    3.4  106.0  444.0  444.0
1994 327 11 23 2200  -10.0  976.3    3.2  113.0  444.0  444.0
1994 327 11 23 2300  -10.5  976.1    4.2  133.0  444.0  444.0
1994 328 11 24 0000   -9.6  975.8    2.0  140.0  444.0  444.0
1994 328 11 24 0100  444.0  975.2    1.0  140.0  444.0  444.0
1994 328 11 24 0200   -8.2  974.6    2.2   97.0  444.0  444.0
1994 328 11 24 0300  444.0  974.2    1.2  277.0  444.0  444.0
1994 328 11 24 0400   -8.5  974.0    2.2   80.0  444.0  444.0
1994 328 11 24 0500   -9.0  973.8    2.2  115.0  444.0  444.0
1994 328 11 24 0600   -9.0  973.8    1.7  126.0  444.0  444.0
1994 328 11 24 0700   -8.8  973.6    0.0    0.0  444.0  444.0
1994 328 11 24 0800   -8.8  973.4    0.0    0.0  444.0  444.0
1994 328 11 24 0900  -10.2  972.8    2.7  333.0  444.0  444.0
1994 328 11 24 1000  -10.5  972.4    3.7  329.0  444.0  444.0
1994 328 11 24 1100  -11.2  972.0    3.9  319.0  444.0  444.0
1994 328 11 24 1200  -12.0  971.6    3.9  306.0  444.0  444.0
1994 328 11 24 1300  444.0  971.4    0.0    0.0  444.0  444.0
1994 328 11 24 1400  444.0  971.2    0.0    0.0  444.0  444.0
1994 328 11 24 1500  -11.9  971.0    0.0    0.0  444.0  444.0
1994 328 11 24 1600  -11.0  970.6    2.0  154.0  444.0  444.0
1994 328 11 24 1700  444.0  970.3    0.0    0.0  444.0  444.0
1994 328 11 24 1800  444.0  970.0    0.5  139.0  444.0  444.0
1994 328 11 24 1900  444.0  969.7    1.2  291.0  444.0  444.0
1994 328 11 24 2000   -6.5  969.5    1.5  323.0  444.0  444.0
1994 328 11 24 2100   -8.4  969.2    0.7  323.0  444.0  444.0
1994 328 11 24 2200   -7.5  969.0    2.2  344.0  444.0  444.0
1994 328 11 24 2300  444.0  968.9    0.0    0.0  444.0  444.0
1994 329 11 25 0000   -9.0  968.7    1.7  307.0  444.0  444.0
1994 329 11 25 0100  444.0  968.8    1.2  344.0  444.0  444.0
1994 329 11 25 0200   -7.2  968.7    2.2  313.0  444.0  444.0
1994 329 11 25 0300  444.0  968.8    0.0    0.0  444.0  444.0
1994 329 11 25 0400   -6.0  968.8    3.2  337.0  444.0  444.0
1994 329 11 25 0500   -6.8  968.9    3.4  348.0  444.0  444.0
1994 329 11 25 0600   -7.1  969.4    3.2  351.0  444.0  444.0
1994 329 11 25 0700  444.0  969.8    0.0    0.0  444.0  444.0
1994 329 11 25 0800   -8.9  969.9    2.5  136.0  444.0  444.0
1994 329 11 25 0900   -9.0  970.7    3.2  139.0  444.0  444.0
1994 329 11 25 1000   -8.2  971.3    2.5  157.0  444.0  444.0
1994 329 11 25 1100   -8.1  971.8    1.5  147.0  444.0  444.0
1994 329 11 25 1200   -9.0  972.2    1.7  144.0  444.0  444.0
1994 329 11 25 1300   -8.6  972.5    1.5  140.0  444.0  444.0
1994 329 11 25 1400   -9.5  972.9    2.7  142.0  444.0  444.0
1994 329 11 25 1500   -9.2  973.4    2.5  147.0  444.0  444.0
1994 329 11 25 1600   -9.0  973.8    2.2  149.0  444.0  444.0
1994 329 11 25 1700  -11.9  974.4    4.4  139.0  444.0  444.0
1994 329 11 25 1800  -10.0  975.2    4.2  135.0  444.0  444.0
1994 329 11 25 1900  -11.1  976.0    4.2  146.0  444.0  444.0
1994 329 11 25 2000  -11.5  976.7    4.9  136.0  444.0  444.0
1994 329 11 25 2100  -10.9  976.9    6.4  127.0  444.0  444.0
1994 329 11 25 2200  -10.9  977.5    8.1  135.0  444.0  444.0
1994 329 11 25 2300  -13.2  978.1    8.1  132.0  444.0  444.0
1994 330 11 26 0000  -13.0  978.5    7.6  146.0  444.0  444.0
1994 330 11 26 0100  -13.0  978.7    7.8  146.0  444.0  444.0
1994 330 11 26 0200  -12.6  978.8    8.1  144.0  444.0  444.0
1994 330 11 26 0300  -13.1  978.9    9.1  142.0  444.0  444.0
1994 330 11 26 0400  -13.2  979.4    8.3  149.0  444.0  444.0
1994 330 11 26 0500  -13.6  979.5    9.8  149.0  444.0  444.0
1994 330 11 26 0600  -13.5  979.7    9.8  153.0  444.0  444.0
1994 330 11 26 0700  -14.1  979.9    8.1  149.0  444.0  444.0
1994 330 11 26 0800  -14.1  979.9    8.3  147.0  444.0  444.0
1994 330 11 26 0900  -14.6  980.1    8.6  139.0  444.0  444.0
1994 330 11 26 1000  -14.6  980.1    8.6  139.0  444.0  444.0
1994 330 11 26 1100  -14.6  980.2    8.3  151.0  444.0  444.0
1994 330 11 26 1200  -14.9  980.2    6.4  133.0  444.0  444.0
1994 330 11 26 1300  -14.8  979.9    6.9  140.0  444.0  444.0
1994 330 11 26 1400  -14.9  979.7    4.2  139.0  444.0  444.0
1994 330 11 26 1500  -14.5  979.1    3.2  146.0  444.0  444.0
1994 330 11 26 1600  -12.9  978.8    2.0  215.0  444.0  444.0
1994 330 11 26 1700  444.0  978.5    0.0    0.0  444.0  444.0
1994 330 11 26 1800  444.0  978.0    0.0    0.0  444.0  444.0
1994 330 11 26 1900  444.0  977.4    0.0    0.0  444.0  444.0
1994 330 11 26 2000  -10.8  977.2    0.5  340.0  444.0  444.0
1994 330 11 26 2100  -10.1  976.7    0.7  300.0  444.0  444.0
1994 330 11 26 2200  -10.8  976.2    0.0    0.0  444.0  444.0
1994 330 11 26 2300  444.0  975.7    0.5  360.0  444.0  444.0
1994 331 11 27 0000   -8.4  975.0    0.0    0.0  444.0  444.0
1994 331 11 27 0100   -8.9  974.5    0.0    0.0  444.0  444.0
1994 331 11 27 0200   -8.2  973.7    2.0   12.0  444.0  444.0
1994 331 11 27 0300  444.0  973.4    0.0    0.0  444.0  444.0
1994 331 11 27 0400   -7.5  973.1    1.0   18.0  444.0  444.0
1994 331 11 27 0500   -7.9  972.8    0.7  345.0  444.0  444.0
1994 331 11 27 0600   -8.8  972.6    1.5  344.0  444.0  444.0
1994 331 11 27 0700   -9.0  972.5    1.0  338.0  444.0  444.0
1994 331 11 27 0800  -10.1  971.9    1.5  347.0  444.0  444.0
1994 331 11 27 0900   -9.6  972.1    0.2  334.0  444.0  444.0
1994 331 11 27 1000  -10.0  972.1    0.0    0.0  444.0  444.0
1994 331 11 27 1100   -9.6  972.2    1.0  144.0  444.0  444.0
1994 331 11 27 1200  -12.5  972.0    1.5  135.0  444.0  444.0
1994 331 11 27 1300  -12.6  972.0    0.5  149.0  444.0  444.0
1994 331 11 27 1400  -12.2  971.7    0.0    0.0  444.0  444.0
1994 331 11 27 1500  -12.0  971.4    1.0  227.0  444.0  444.0
1994 331 11 27 1600  -11.1  971.1    0.0    0.0  444.0  444.0
1994 331 11 27 1700  -11.0  970.8    0.0    0.0  444.0  444.0
1994 331 11 27 1800  444.0  970.4    0.0    0.0  444.0  444.0
1994 331 11 27 1900  444.0  970.1    0.0    0.0  444.0  444.0
1994 331 11 27 2000  444.0  969.6    0.0    0.0  444.0  444.0
1994 331 11 27 2100  444.0  969.3    0.0    0.0  444.0  444.0
1994 331 11 27 2200  444.0  969.0    0.0    0.0  444.0  444.0
1994 331 11 27 2300   -8.8  968.8    0.7  105.0  444.0  444.0
1994 332 11 28 0000   -9.2  968.5    1.7  143.0  444.0  444.0
1994 332 11 28 0100   -9.9  968.4    2.7  102.0  444.0  444.0
1994 332 11 28 0200   -9.9  968.3    2.9  144.0  444.0  444.0
1994 332 11 28 0300   -9.2  968.0    2.5  136.0  444.0  444.0
1994 332 11 28 0400   -9.0  967.9    2.0  101.0  444.0  444.0
1994 332 11 28 0500   -8.5  968.0    0.5  111.0  444.0  444.0
1994 332 11 28 0600   -8.8  968.2    1.5   95.0  444.0  444.0
1994 332 11 28 0700   -8.5  968.4    0.0    0.0  444.0  444.0
1994 332 11 28 0800  -10.5  968.3    2.2  126.0  444.0  444.0
1994 332 11 28 0900  -11.0  968.4    2.2  135.0  444.0  444.0
1994 332 11 28 1000  -11.9  968.7    2.7  135.0  444.0  444.0
1994 332 11 28 1100  -12.0  968.7    2.9  129.0  444.0  444.0
1994 332 11 28 1200  -12.4  968.9    3.9  133.0  444.0  444.0
1994 332 11 28 1300  -12.1  968.9    3.2  143.0  444.0  444.0
1994 332 11 28 1400  -11.9  968.8    3.4  133.0  444.0  444.0
1994 332 11 28 1500  -11.6  968.8    3.2  143.0  444.0  444.0
1994 332 11 28 1600  -10.1  968.9    2.0  133.0  444.0  444.0
1994 332 11 28 1700  -10.5  968.9    2.0  116.0  444.0  444.0
1994 332 11 28 1800  444.0  969.1    0.0    0.0  444.0  444.0
1994 332 11 28 1900  444.0  969.1    0.0    0.0  444.0  444.0
1994 332 11 28 2000   -9.5  969.1    1.0   99.0  444.0  444.0
1994 332 11 28 2100  -10.2  969.2    1.5  127.0  444.0  444.0
1994 332 11 28 2200  -10.5  969.4    1.7  137.0  444.0  444.0
1994 332 11 28 2300  -10.1  969.6    0.7  146.0  444.0  444.0
1994 333 11 29 0000  -10.1  969.6    1.0  153.0  444.0  444.0
1994 333 11 29 0100   -9.5  969.7    0.0    0.0  444.0  444.0
1994 333 11 29 0200  444.0  969.8    0.0    0.0  444.0  444.0
1994 333 11 29 0300  444.0  969.9    0.2  126.0  444.0  444.0
1994 333 11 29 0400   -7.9  970.1    0.2  142.0  444.0  444.0
1994 333 11 29 0500  444.0  970.4    0.0    0.0  444.0  444.0
1994 333 11 29 0600   -8.5  970.6    1.7  358.0  444.0  444.0
1994 333 11 29 0700   -8.2  970.7    2.0  302.0  444.0  444.0
1994 333 11 29 0800  -10.1  971.0    2.5  261.0  444.0  444.0
1994 333 11 29 0900  -11.1  971.3    2.2  258.0  444.0  444.0
1994 333 11 29 1000  -10.0  971.9    2.2  255.0  444.0  444.0
1994 333 11 29 1100  -11.2  972.3    1.2  305.0  444.0  444.0
1994 333 11 29 1200  -11.0  972.5    3.7  306.0  444.0  444.0
1994 333 11 29 1300  -10.9  973.1    3.4  300.0  444.0  444.0
1994 333 11 29 1400  -10.5  973.2    1.5  284.0  444.0  444.0
1994 333 11 29 1500  -10.5  973.6    2.7  316.0  444.0  444.0
1994 333 11 29 1600  -10.5  973.9    3.4  298.0  444.0  444.0
1994 333 11 29 1700  -10.5  974.4    2.0  327.0  444.0  444.0
1994 333 11 29 1800  -10.1  975.0    2.0  268.0  444.0  444.0
1994 333 11 29 1900  -10.5  975.5    2.5  281.0  444.0  444.0
1994 333 11 29 2000   -9.0  975.9    1.5  264.0  444.0  444.0
1994 333 11 29 2100   -8.2  976.4    2.2  291.0  444.0  444.0
1994 333 11 29 2200   -8.1  976.7    1.5  338.0  444.0  444.0
1994 333 11 29 2300   -8.8  976.9    2.9  352.0  444.0  444.0
1994 334 11 30 0000   -8.8  977.3    2.5  348.0  444.0  444.0
1994 334 11 30 0100   -9.0  977.6    3.2  340.0  444.0  444.0
1994 334 11 30 0200   -8.5  977.9    4.7  360.0  444.0  444.0
1994 334 11 30 0300  444.0  444.0  444.0  444.0  444.0  444.0
1994 334 11 30 0400   -8.2  978.6    3.4  344.0  444.0  444.0
1994 334 11 30 0500   -7.8  979.1    2.9  307.0  444.0  444.0
1994 334 11 30 0600   -7.8  979.4    3.7  317.0  444.0  444.0
1994 334 11 30 0700   -8.1  979.8    2.7  275.0  444.0  444.0
1994 334 11 30 0800   -8.9  979.9    2.7  258.0  444.0  444.0
1994 334 11 30 0900   -8.9  980.2    2.9  247.0  444.0  444.0
1994 334 11 30 1000   -9.5  980.6    2.2  254.0  444.0  444.0
1994 334 11 30 1100   -9.8  980.9    2.2  246.0  444.0  444.0
1994 334 11 30 1200  -10.1  981.1    2.5  251.0  444.0  444.0
1994 334 11 30 1300  -10.5  981.2    3.4  261.0  444.0  444.0
1994 334 11 30 1400  -10.5  981.2    2.7  246.0  444.0  444.0
1994 334 11 30 1500  -10.9  981.5    1.7  271.0  444.0  444.0
1994 334 11 30 1600   -9.9  981.7    1.2  254.0  444.0  444.0
1994 334 11 30 1700  444.0  981.9    0.2  316.0  444.0  444.0
1994 334 11 30 1800   -8.5  981.9    1.5  268.0  444.0  444.0
1994 334 11 30 1900   -8.6  981.8    2.5  260.0  444.0  444.0
1994 334 11 30 2000  444.0  444.0  444.0  444.0  444.0  444.0
1994 334 11 30 2100  444.0  444.0  444.0  444.0  444.0  444.0
1994 334 11 30 2200   -8.1  981.9    3.4  354.0  444.0  444.0
1994 334 11 30 2300   -7.9  981.8    2.7  317.0  444.0  444.0
