Year: 1997  Month: 12  ID: MPT  ARGOS:  8906  Name: Marble Point        
Lat: 77.44S  Lon: 163.76E  Elev:  108m
1997 335 12  1 0000  444.0  444.0  444.0  444.0  444.0  444.0
1997 335 12  1 0100   -3.4  988.0    7.1  347.0  444.0  444.0
1997 335 12  1 0200   -3.6  987.9    5.9  354.0  444.0  444.0
1997 335 12  1 0300   -3.4  988.1    0.5   21.0  444.0  444.0
1997 335 12  1 0400   -3.1  987.9    2.5   80.0  444.0  444.0
1997 335 12  1 0500   -3.5  987.7    1.2   25.0  444.0  444.0
1997 335 12  1 0600   -3.9  987.5    1.7    5.0  444.0  444.0
1997 335 12  1 0700   -3.6  987.1    4.2  348.0  444.0  444.0
1997 335 12  1 0800   -3.0  986.9    4.7  337.0  444.0  444.0
1997 335 12  1 0900   -3.9  986.1    4.2  336.0  444.0  444.0
1997 335 12  1 1000   -3.8  985.9    4.7  300.0  444.0  444.0
1997 335 12  1 1100   -5.4  985.5    4.2  296.0  444.0  444.0
1997 335 12  1 1200   -5.8  985.5    4.2  300.0  444.0  444.0
1997 335 12  1 1300   -5.8  985.1    4.7  316.0  444.0  444.0
1997 335 12  1 1400   -5.9  984.9    4.9  333.0  444.0  444.0
1997 335 12  1 1500   -6.0  984.7    3.2  333.0  444.0  444.0
1997 335 12  1 1600   -5.8  984.6    2.9  324.0  444.0  444.0
1997 335 12  1 1700   -5.4  984.5    2.9  352.0  444.0  444.0
1997 335 12  1 1800   -4.8  984.5    2.5  352.0  444.0  444.0
1997 335 12  1 1900   -4.9  984.5    1.7  345.0  444.0  444.0
1997 335 12  1 2000   -5.1  984.4    2.0  360.0  444.0  444.0
1997 335 12  1 2100   -3.4  984.4    1.5  358.0  444.0  444.0
1997 335 12  1 2200   -3.5  984.1    2.0    2.0  444.0  444.0
1997 335 12  1 2300   -2.9  984.1    2.7  358.0  444.0  444.0
1997 336 12  2 0000   -3.6  983.8    3.7   18.0  444.0  444.0
1997 336 12  2 0100   -3.6  983.5    3.9  347.0  444.0  444.0
1997 336 12  2 0200  444.0  444.0  444.0  444.0  444.0  444.0
1997 336 12  2 0300   -3.4  983.0    5.4  358.0  444.0  444.0
1997 336 12  2 0400   -3.5  983.0    4.4  338.0  444.0  444.0
1997 336 12  2 0500   -4.5  983.1    4.4  360.0  444.0  444.0
1997 336 12  2 0600   -3.9  983.1    4.9  350.0  444.0  444.0
1997 336 12  2 0700   -3.5  983.2    4.2  360.0  444.0  444.0
1997 336 12  2 0800   -3.6  983.2    3.2  357.0  444.0  444.0
1997 336 12  2 0900   -3.6  983.3    0.5  317.0  444.0  444.0
1997 336 12  2 1000   -4.2  983.5    2.0   18.0  444.0  444.0
1997 336 12  2 1100   -4.6  983.8    2.9  352.0  444.0  444.0
1997 336 12  2 1200   -4.4  984.1    1.7  264.0  444.0  444.0
1997 336 12  2 1300   -4.6  984.1    2.9  270.0  444.0  444.0
1997 336 12  2 1400   -5.1  984.1    2.2  272.0  444.0  444.0
1997 336 12  2 1500   -5.2  984.2    2.9  272.0  444.0  444.0
1997 336 12  2 1600   -4.6  984.3    2.2  315.0  444.0  444.0
1997 336 12  2 1700   -4.0  984.4    3.4  288.0  444.0  444.0
1997 336 12  2 1800   -3.8  984.4    3.9  341.0  444.0  444.0
1997 336 12  2 1900  444.0  444.0  444.0  444.0  444.0  444.0
1997 336 12  2 2000   -3.9  985.3    2.9  343.0  444.0  444.0
1997 336 12  2 2100   -3.9  985.8    1.5  341.0  444.0  444.0
1997 336 12  2 2200   -6.4  986.2    6.6  135.0  444.0  444.0
1997 336 12  2 2300   -6.1  986.7    5.9  130.0  444.0  444.0
1997 337 12  3 0000  444.0  444.0  444.0  444.0  444.0  444.0
1997 337 12  3 0100   -5.9  987.2    2.9  113.0  444.0  444.0
1997 337 12  3 0200   -5.9  987.4    3.4  113.0  444.0  444.0
1997 337 12  3 0300   -4.8  987.5    2.2  106.0  444.0  444.0
1997 337 12  3 0400   -4.9  987.5    2.5  116.0  444.0  444.0
1997 337 12  3 0500   -4.9  987.6    3.4  133.0  444.0  444.0
1997 337 12  3 0600   -3.5  987.7    0.7  347.0  444.0  444.0
1997 337 12  3 0700   -4.4  987.2    2.7  248.0  444.0  444.0
1997 337 12  3 0800   -3.4  987.0    2.9  285.0  444.0  444.0
1997 337 12  3 0900   -4.8  986.7    2.9  292.0  444.0  444.0
1997 337 12  3 1000   -5.1  986.6    3.9  307.0  444.0  444.0
1997 337 12  3 1100   -5.2  986.7    2.2  351.0  444.0  444.0
1997 337 12  3 1200   -6.2  987.7    7.1  150.0  444.0  444.0
1997 337 12  3 1300   -6.9  988.0    6.6  147.0  444.0  444.0
1997 337 12  3 1400   -7.1  988.1    4.4  129.0  444.0  444.0
1997 337 12  3 1500   -7.6  988.1    5.9  130.0  444.0  444.0
1997 337 12  3 1600   -6.9  988.2    3.4  130.0  444.0  444.0
1997 337 12  3 1700  444.0  444.0  444.0  444.0  444.0  444.0
1997 337 12  3 1800   -8.1  988.6    4.7  129.0  444.0  444.0
1997 337 12  3 1900   -5.8  988.3    2.5  144.0  444.0  444.0
1997 337 12  3 2000  444.0  987.8    0.2   40.0  444.0  444.0
1997 337 12  3 2100   -3.5  987.8    1.5    8.0  444.0  444.0
1997 337 12  3 2200  444.0  444.0  444.0  444.0  444.0  444.0
1997 337 12  3 2300   -3.1  987.7    2.9   14.0  444.0  444.0
1997 338 12  4 0000  444.0  444.0  444.0  444.0  444.0  444.0
1997 338 12  4 0100   -5.4  987.7    6.4  123.0  444.0  444.0
1997 338 12  4 0200   -5.9  987.8    6.1  133.0  444.0  444.0
1997 338 12  4 0300   -6.4  987.8    7.6  142.0  444.0  444.0
1997 338 12  4 0400   -6.2  988.2    8.8  144.0  444.0  444.0
1997 338 12  4 0500   -6.6  988.6    8.3  143.0  444.0  444.0
1997 338 12  4 0600   -6.4  989.0    8.6  136.0  444.0  444.0
1997 338 12  4 0700   -6.9  989.3    9.6  140.0  444.0  444.0
1997 338 12  4 0800   -7.1  989.8    6.6  140.0  444.0  444.0
1997 338 12  4 0900   -7.5  990.1    6.6  140.0  444.0  444.0
1997 338 12  4 1000   -7.2  990.6    5.4  111.0  444.0  444.0
1997 338 12  4 1100   -7.2  990.9    5.6  125.0  444.0  444.0
1997 338 12  4 1200   -6.9  991.1    5.9  137.0  444.0  444.0
1997 338 12  4 1300   -7.1  991.4    5.1  125.0  444.0  444.0
1997 338 12  4 1400   -6.5  991.9    4.4  132.0  444.0  444.0
1997 338 12  4 1500  444.0  444.0  444.0  444.0  444.0  444.0
1997 338 12  4 1600   -7.6  992.8    4.2  136.0  444.0  444.0
1997 338 12  4 1700   -7.1  993.4    4.9  133.0  444.0  444.0
1997 338 12  4 1800   -7.0  994.0    5.4  132.0  444.0  444.0
1997 338 12  4 1900   -6.4  994.6    6.1  118.0  444.0  444.0
1997 338 12  4 2000  444.0  444.0  444.0  444.0  444.0  444.0
1997 338 12  4 2100   -6.0  995.7    8.1  150.0  444.0  444.0
1997 338 12  4 2200   -5.9  996.2    6.9  142.0  444.0  444.0
1997 338 12  4 2300   -6.1  996.5    9.8  126.0  444.0  444.0
1997 339 12  5 0000   -6.0  996.9    9.6  137.0  444.0  444.0
1997 339 12  5 0100   -6.0  997.0    6.6  133.0  444.0  444.0
1997 339 12  5 0200   -5.5  997.0    6.6  129.0  444.0  444.0
1997 339 12  5 0300  444.0  444.0  444.0  444.0  444.0  444.0
1997 339 12  5 0400   -5.5  996.7    5.4  144.0  444.0  444.0
1997 339 12  5 0500   -5.5  996.5    5.9  135.0  444.0  444.0
1997 339 12  5 0600   -5.4  996.3    3.9  153.0  444.0  444.0
1997 339 12  5 0700   -5.8  995.7    4.7  127.0  444.0  444.0
1997 339 12  5 0800  444.0  444.0  444.0  444.0  444.0  444.0
1997 339 12  5 0900   -5.5  995.0    2.0   97.0  444.0  444.0
1997 339 12  5 1000   -5.9  994.4    1.5   82.0  444.0  444.0
1997 339 12  5 1100   -7.0  994.0    1.7  150.0  444.0  444.0
1997 339 12  5 1200   -6.6  993.5    2.0  119.0  444.0  444.0
1997 339 12  5 1300   -6.9  993.1    1.5  115.0  444.0  444.0
1997 339 12  5 1400   -6.2  992.3    1.2  106.0  444.0  444.0
1997 339 12  5 1500   -5.5  991.6    0.5  341.0  444.0  444.0
1997 339 12  5 1600   -5.8  990.9    2.7  309.0  444.0  444.0
1997 339 12  5 1700   -5.5  990.4    3.9  310.0  444.0  444.0
1997 339 12  5 1800   -5.4  989.9    4.2  317.0  444.0  444.0
1997 339 12  5 1900   -5.1  989.4    5.1  315.0  444.0  444.0
1997 339 12  5 2000   -4.6  988.7    7.1  336.0  444.0  444.0
1997 339 12  5 2100   -4.6  988.5    6.4  317.0  444.0  444.0
1997 339 12  5 2200   -4.0  988.1    4.9  323.0  444.0  444.0
1997 339 12  5 2300   -4.0  987.8    4.4  315.0  444.0  444.0
1997 340 12  6 0000   -3.5  987.4    4.7  331.0  444.0  444.0
1997 340 12  6 0100   -4.6  986.9    2.5    9.0  444.0  444.0
1997 340 12  6 0200   -4.9  986.6    3.2    4.0  444.0  444.0
1997 340 12  6 0300   -5.1  986.4    2.2   25.0  444.0  444.0
1997 340 12  6 0400  444.0  986.0    0.7   97.0  444.0  444.0
1997 340 12  6 0500   -4.2  985.7    2.5  282.0  444.0  444.0
1997 340 12  6 0600   -4.9  985.5    2.9  112.0  444.0  444.0
1997 340 12  6 0700   -4.9  985.4    2.0  123.0  444.0  444.0
1997 340 12  6 0800   -6.0  985.4    5.6  139.0  444.0  444.0
1997 340 12  6 0900   -6.6  985.5    6.1  156.0  444.0  444.0
1997 340 12  6 1000   -7.6  985.4    6.6  133.0  444.0  444.0
1997 340 12  6 1100   -7.5  985.5    8.3  130.0  444.0  444.0
1997 340 12  6 1200   -7.8  985.8    6.4  133.0  444.0  444.0
1997 340 12  6 1300   -8.1  985.9    6.1  137.0  444.0  444.0
1997 340 12  6 1400   -8.5  986.0    6.4  153.0  444.0  444.0
1997 340 12  6 1500   -8.5  986.3    6.1  147.0  444.0  444.0
1997 340 12  6 1600   -8.6  986.3    5.9  147.0  444.0  444.0
1997 340 12  6 1700   -8.5  986.5    7.1  147.0  444.0  444.0
1997 340 12  6 1800   -8.4  986.6    8.1  136.0  444.0  444.0
1997 340 12  6 1900   -7.9  987.0    8.6  130.0  444.0  444.0
1997 340 12  6 2000   -6.9  987.2    6.9  132.0  444.0  444.0
1997 340 12  6 2100   -7.2  987.5    6.4  129.0  444.0  444.0
1997 340 12  6 2200   -7.1  987.6    8.8  137.0  444.0  444.0
1997 340 12  6 2300   -7.2  988.5    8.1  130.0  444.0  444.0
1997 341 12  7 0000   -7.1  988.6    8.3  130.0  444.0  444.0
1997 341 12  7 0100   -7.5  989.1    7.4  127.0  444.0  444.0
1997 341 12  7 0200   -7.8  989.5    7.8  147.0  444.0  444.0
1997 341 12  7 0300   -7.8  990.1    7.1  136.0  444.0  444.0
1997 341 12  7 0400   -7.9  990.1    8.8  137.0  444.0  444.0
1997 341 12  7 0500   -7.8  990.7    5.4  139.0  444.0  444.0
1997 341 12  7 0600   -7.9  991.2    8.3  146.0  444.0  444.0
1997 341 12  7 0700   -8.1  991.3    8.1  142.0  444.0  444.0
1997 341 12  7 0800   -8.1  991.6    7.4  140.0  444.0  444.0
1997 341 12  7 0900   -8.1  992.1    6.4  150.0  444.0  444.0
1997 341 12  7 1000   -8.2  992.3    5.9  140.0  444.0  444.0
1997 341 12  7 1100   -8.4  992.8    6.4  149.0  444.0  444.0
1997 341 12  7 1200   -8.5  993.1    6.9  147.0  444.0  444.0
1997 341 12  7 1300   -8.8  993.2    7.6  139.0  444.0  444.0
1997 341 12  7 1400   -8.9  993.5    9.1  149.0  444.0  444.0
1997 341 12  7 1500   -8.8  993.7    6.9  137.0  444.0  444.0
1997 341 12  7 1600   -8.9  994.0    6.1  144.0  444.0  444.0
1997 341 12  7 1700   -9.0  994.2    5.9  140.0  444.0  444.0
1997 341 12  7 1800   -8.9  994.7    5.9  147.0  444.0  444.0
1997 341 12  7 1900   -8.6  994.7    7.4  136.0  444.0  444.0
1997 341 12  7 2000   -8.6  994.8    6.1  142.0  444.0  444.0
1997 341 12  7 2100   -8.2  995.0    7.1  147.0  444.0  444.0
1997 341 12  7 2200   -7.9  994.9    7.8  139.0  444.0  444.0
1997 341 12  7 2300   -7.6  994.9    7.4  139.0  444.0  444.0
1997 342 12  8 0000   -7.1  995.1    6.1  133.0  444.0  444.0
1997 342 12  8 0100   -7.4  994.9    8.1  129.0  444.0  444.0
1997 342 12  8 0200   -7.1  994.8    6.4  129.0  444.0  444.0
1997 342 12  8 0300   -7.1  994.5    5.6  133.0  444.0  444.0
1997 342 12  8 0400   -7.0  994.4    7.1  133.0  444.0  444.0
1997 342 12  8 0500   -7.0  994.1    7.4  133.0  444.0  444.0
1997 342 12  8 0600   -7.1  993.9    6.9  129.0  444.0  444.0
1997 342 12  8 0700   -7.1  994.1    5.9  133.0  444.0  444.0
1997 342 12  8 0800   -6.4  994.1    5.9  144.0  444.0  444.0
1997 342 12  8 0900   -7.1  993.9    5.6  137.0  444.0  444.0
1997 342 12  8 1000   -7.4  994.0    5.9  125.0  444.0  444.0
1997 342 12  8 1100   -8.5  994.0    6.4  149.0  444.0  444.0
1997 342 12  8 1200   -7.6  993.8    5.1  132.0  444.0  444.0
1997 342 12  8 1300   -8.2  993.8    3.4  133.0  444.0  444.0
1997 342 12  8 1400   -8.5  993.2    4.9  139.0  444.0  444.0
1997 342 12  8 1500   -7.9  993.2    2.7  140.0  444.0  444.0
1997 342 12  8 1600   -7.9  992.7    3.4  133.0  444.0  444.0
1997 342 12  8 1700   -7.9  992.7    2.9  132.0  444.0  444.0
1997 342 12  8 1800   -8.2  992.5    3.4  127.0  444.0  444.0
1997 342 12  8 1900   -7.9  992.4    3.2  112.0  444.0  444.0
1997 342 12  8 2000   -7.6  992.2    3.4  143.0  444.0  444.0
1997 342 12  8 2100   -7.5  992.0    4.4  127.0  444.0  444.0
1997 342 12  8 2200   -7.5  991.7    4.4  111.0  444.0  444.0
1997 342 12  8 2300   -7.6  991.6    3.4  105.0  444.0  444.0
1997 343 12  9 0000   -7.6  991.0    5.1  133.0  444.0  444.0
1997 343 12  9 0100   -7.0  990.6    5.6  115.0  444.0  444.0
1997 343 12  9 0200   -7.0  990.2    5.4  104.0  444.0  444.0
1997 343 12  9 0300   -6.6  989.8    2.9  122.0  444.0  444.0
1997 343 12  9 0400   -6.4  989.5    2.7  105.0  444.0  444.0
1997 343 12  9 0500   -6.4  989.0    4.4  105.0  444.0  444.0
1997 343 12  9 0600   -6.6  988.7    3.4  116.0  444.0  444.0
1997 343 12  9 0700   -6.5  988.3    2.7  115.0  444.0  444.0
1997 343 12  9 0800   -7.8  988.1    3.9  133.0  444.0  444.0
1997 343 12  9 0900   -7.5  987.7    3.4  129.0  444.0  444.0
1997 343 12  9 1000   -9.2  987.6    3.4  129.0  444.0  444.0
1997 343 12  9 1100   -9.0  987.6    2.7  133.0  444.0  444.0
1997 343 12  9 1200   -8.9  987.4    1.5  126.0  444.0  444.0
1997 343 12  9 1300   -8.8  987.1    1.0  136.0  444.0  444.0
1997 343 12  9 1400   -8.5  986.7    0.5  127.0  444.0  444.0
1997 343 12  9 1500   -8.8  986.2    0.2   99.0  444.0  444.0
1997 343 12  9 1600   -8.2  985.8    1.2  106.0  444.0  444.0
1997 343 12  9 1700   -8.1  985.5    1.0  112.0  444.0  444.0
1997 343 12  9 1800   -8.2  985.5    1.2  111.0  444.0  444.0
1997 343 12  9 1900   -5.2  985.2    1.5   46.0  444.0  444.0
1997 343 12  9 2000   -5.8  984.9    1.2   64.0  444.0  444.0
1997 343 12  9 2100  444.0  984.7    1.0  116.0  444.0  444.0
1997 343 12  9 2200   -5.8  984.4    2.2  104.0  444.0  444.0
1997 343 12  9 2300   -5.9  984.0    2.5   57.0  444.0  444.0
1997 344 12 10 0000   -5.5  983.6    3.7  130.0  444.0  444.0
1997 344 12 10 0100   -4.4  983.5    0.7   29.0  444.0  444.0
1997 344 12 10 0200   -5.9  983.2    2.9  108.0  444.0  444.0
1997 344 12 10 0300   -4.1  983.0    2.5   88.0  444.0  444.0
1997 344 12 10 0400   -5.1  982.6    3.9  132.0  444.0  444.0
1997 344 12 10 0500   -6.2  982.3    5.1  129.0  444.0  444.0
1997 344 12 10 0600   -7.0  982.4    4.9  123.0  444.0  444.0
1997 344 12 10 0700   -7.9  982.6    5.6  142.0  444.0  444.0
1997 344 12 10 0800   -8.1  982.4    4.9  125.0  444.0  444.0
1997 344 12 10 0900   -8.5  982.3    6.6  130.0  444.0  444.0
1997 344 12 10 1000   -8.8  982.2    4.9  135.0  444.0  444.0
1997 344 12 10 1100   -9.5  982.4    5.6  132.0  444.0  444.0
1997 344 12 10 1200   -9.4  982.4    5.9  135.0  444.0  444.0
1997 344 12 10 1300  -10.0  982.2    6.6  126.0  444.0  444.0
1997 344 12 10 1400  -10.1  982.2    6.1  133.0  444.0  444.0
1997 344 12 10 1500  -10.1  982.1    6.4  137.0  444.0  444.0
1997 344 12 10 1600  -10.5  982.2    6.6  126.0  444.0  444.0
1997 344 12 10 1700  -10.2  982.4    6.1  133.0  444.0  444.0
1997 344 12 10 1800  -10.2  982.3    7.6  137.0  444.0  444.0
1997 344 12 10 1900  -10.2  982.4    7.4  120.0  444.0  444.0
1997 344 12 10 2000  -10.5  982.7    6.1  123.0  444.0  444.0
1997 344 12 10 2100  444.0  444.0  444.0  444.0  444.0  444.0
1997 344 12 10 2200  -10.1  982.8    8.3  122.0  444.0  444.0
1997 344 12 10 2300  -10.2  982.9    7.4  133.0  444.0  444.0
1997 345 12 11 0000  -10.0  983.1    7.8  136.0  444.0  444.0
1997 345 12 11 0100  -10.1  983.3    7.1  133.0  444.0  444.0
1997 345 12 11 0200  -10.0  983.1    8.6  146.0  444.0  444.0
1997 345 12 11 0300   -9.6  982.8    7.6  122.0  444.0  444.0
1997 345 12 11 0400   -9.9  982.7    7.8  123.0  444.0  444.0
1997 345 12 11 0500  -10.0  982.6    7.4  135.0  444.0  444.0
1997 345 12 11 0600  -10.1  982.6    9.1  129.0  444.0  444.0
1997 345 12 11 0700  -10.0  982.8    7.1  136.0  444.0  444.0
1997 345 12 11 0800  -10.2  982.6    7.8  126.0  444.0  444.0
1997 345 12 11 0900  -10.5  982.7    5.9  130.0  444.0  444.0
1997 345 12 11 1000  -10.0  982.5    5.6  123.0  444.0  444.0
1997 345 12 11 1100   -8.4  982.4    5.9  144.0  444.0  444.0
1997 345 12 11 1200  -10.0  982.3    4.2  154.0  444.0  444.0
1997 345 12 11 1300  -10.1  981.9    1.7  116.0  444.0  444.0
1997 345 12 11 1400  -10.1  981.5    2.7  130.0  444.0  444.0
1997 345 12 11 1500  -10.0  981.2    2.5  133.0  444.0  444.0
1997 345 12 11 1600   -9.6  981.0    4.4  133.0  444.0  444.0
1997 345 12 11 1700   -9.6  980.7    5.6  129.0  444.0  444.0
1997 345 12 11 1800   -9.4  980.6    5.6  149.0  444.0  444.0
1997 345 12 11 1900  444.0  444.0  444.0  444.0  444.0  444.0
1997 345 12 11 2000   -8.1  980.4    7.1  150.0  444.0  444.0
1997 345 12 11 2100   -7.9  979.8    6.4  149.0  444.0  444.0
1997 345 12 11 2200   -7.5  979.5    5.4  126.0  444.0  444.0
1997 345 12 11 2300   -6.6  979.3    3.9  129.0  444.0  444.0
1997 346 12 12 0000  444.0  444.0  444.0  444.0  444.0  444.0
1997 346 12 12 0100   -5.5  978.6    3.2  156.0  444.0  444.0
1997 346 12 12 0200   -5.1  978.0    4.9  120.0  444.0  444.0
1997 346 12 12 0300   -4.9  977.4    6.4   90.0  444.0  444.0
1997 346 12 12 0400   -4.9  977.1    5.6  102.0  444.0  444.0
1997 346 12 12 0500   -5.5  976.9    6.4  101.0  444.0  444.0
1997 346 12 12 0600   -5.4  976.8    5.6   95.0  444.0  444.0
1997 346 12 12 0700   -5.5  976.7    2.2  102.0  444.0  444.0
1997 346 12 12 0800   -6.0  976.3    4.7  111.0  444.0  444.0
1997 346 12 12 0900   -6.5  976.1    4.7  101.0  444.0  444.0
1997 346 12 12 1000   -6.2  976.0    3.7  109.0  444.0  444.0
1997 346 12 12 1100   -6.1  975.9    0.7  147.0  444.0  444.0
1997 346 12 12 1200  444.0  444.0  444.0  444.0  444.0  444.0
1997 346 12 12 1300   -5.9  975.3    0.0    0.0  444.0  444.0
1997 346 12 12 1400  444.0  974.8    0.0    0.0  444.0  444.0
1997 346 12 12 1500   -6.0  974.6    2.0   81.0  444.0  444.0
1997 346 12 12 1600  444.0  974.1    0.0    0.0  444.0  444.0
1997 346 12 12 1700  444.0  444.0  444.0  444.0  444.0  444.0
1997 346 12 12 1800   -5.1  974.0    1.7  220.0  444.0  444.0
1997 346 12 12 1900   -4.9  974.1    4.7  144.0  444.0  444.0
1997 346 12 12 2000   -5.4  974.1    4.9  129.0  444.0  444.0
1997 346 12 12 2100   -5.1  974.1    3.2  144.0  444.0  444.0
1997 346 12 12 2200  444.0  444.0  444.0  444.0  444.0  444.0
1997 346 12 12 2300   -3.9  973.7    2.5  140.0  444.0  444.0
1997 347 12 13 0000   -2.8  973.2    1.7  352.0  444.0  444.0
1997 347 12 13 0100  444.0  972.5    0.0    0.0  444.0  444.0
1997 347 12 13 0200   -2.9  971.7    3.2  360.0  444.0  444.0
1997 347 12 13 0300   -1.2  971.0    4.7  317.0  444.0  444.0
1997 347 12 13 0400   -1.8  970.6    3.7  351.0  444.0  444.0
1997 347 12 13 0500  444.0  444.0  444.0  444.0  444.0  444.0
1997 347 12 13 0600   -2.1  970.6    3.9  351.0  444.0  444.0
1997 347 12 13 0700   -2.9  970.8    2.5  358.0  444.0  444.0
1997 347 12 13 0800   -2.8  971.1    1.5   12.0  444.0  444.0
1997 347 12 13 0900   -3.4  970.9    2.9   90.0  444.0  444.0
1997 347 12 13 1000  444.0  444.0  444.0  444.0  444.0  444.0
1997 347 12 13 1100   -4.0  970.7    3.4  133.0  444.0  444.0
1997 347 12 13 1200   -4.6  970.8    3.7  135.0  444.0  444.0
1997 347 12 13 1300   -4.6  970.7    3.7  133.0  444.0  444.0
1997 347 12 13 1400   -4.1  970.6    1.5  130.0  444.0  444.0
1997 347 12 13 1500  444.0  444.0  444.0  444.0  444.0  444.0
1997 347 12 13 1600   -3.6  970.0    1.7  130.0  444.0  444.0
1997 347 12 13 1700  444.0  969.9    1.0  132.0  444.0  444.0
1997 347 12 13 1800  444.0  969.8    0.0    0.0  444.0  444.0
1997 347 12 13 1900  444.0  970.1    0.0    0.0  444.0  444.0
1997 347 12 13 2000  444.0  444.0  444.0  444.0  444.0  444.0
1997 347 12 13 2100    0.0  969.8    2.0  160.0  444.0  444.0
1997 347 12 13 2200   -1.0  969.9    3.2  111.0  444.0  444.0
1997 347 12 13 2300   -2.8  969.9    5.4  126.0  444.0  444.0
1997 348 12 14 0000   -3.1  970.1    4.4  130.0  444.0  444.0
1997 348 12 14 0100   -3.8  970.4    4.7  140.0  444.0  444.0
1997 348 12 14 0200   -3.9  970.4    6.6  125.0  444.0  444.0
1997 348 12 14 0300  444.0  444.0  444.0  444.0  444.0  444.0
1997 348 12 14 0400   -4.9  970.8    4.4  136.0  444.0  444.0
1997 348 12 14 0500   -5.4  971.1    4.4  137.0  444.0  444.0
1997 348 12 14 0600   -4.6  971.6    4.7  137.0  444.0  444.0
1997 348 12 14 0700   -5.1  972.1    3.9  149.0  444.0  444.0
1997 348 12 14 0800   -5.1  972.3    6.6  133.0  444.0  444.0
1997 348 12 14 0900   -4.6  972.8    5.4  147.0  444.0  444.0
1997 348 12 14 1000   -4.8  973.3    4.9  136.0  444.0  444.0
1997 348 12 14 1100   -5.1  973.8    6.6  147.0  444.0  444.0
1997 348 12 14 1200   -5.2  974.5    5.9  142.0  444.0  444.0
1997 348 12 14 1300   -5.2  975.2    6.4  143.0  444.0  444.0
1997 348 12 14 1400   -5.1  975.6    6.4  139.0  444.0  444.0
1997 348 12 14 1500   -5.1  976.3    5.1  147.0  444.0  444.0
1997 348 12 14 1600   -4.6  976.8    6.4  135.0  444.0  444.0
1997 348 12 14 1700   -5.0  977.7    4.4  142.0  444.0  444.0
1997 348 12 14 1800   -5.1  978.3    8.6  146.0  444.0  444.0
1997 348 12 14 1900   -5.0  979.1    7.8  142.0  444.0  444.0
1997 348 12 14 2000   -4.5  980.1    5.9  147.0  444.0  444.0
1997 348 12 14 2100   -4.0  980.5    7.6  132.0  444.0  444.0
1997 348 12 14 2200   -2.8  981.1    7.4  127.0  444.0  444.0
1997 348 12 14 2300   -2.9  981.7    6.9  118.0  444.0  444.0
1997 349 12 15 0000   -2.8  982.8    3.7  133.0  444.0  444.0
1997 349 12 15 0100   -2.4  983.5    0.0    0.0  444.0  444.0
1997 349 12 15 0200   -2.2  983.8    1.5  101.0  444.0  444.0
1997 349 12 15 0300   -1.8  984.0    2.9  352.0  444.0  444.0
1997 349 12 15 0400   -2.1  984.0    1.0  358.0  444.0  444.0
1997 349 12 15 0500   -0.4  984.2    2.0  360.0  444.0  444.0
1997 349 12 15 0600   -0.8  984.5    1.7    8.0  444.0  444.0
1997 349 12 15 0700   -1.4  984.4    2.0    4.0  444.0  444.0
1997 349 12 15 0800   -0.4  984.6    2.0  232.0  444.0  444.0
1997 349 12 15 0900   -0.8  984.5    2.5  316.0  444.0  444.0
1997 349 12 15 1000   -1.2  984.7    2.7  298.0  444.0  444.0
1997 349 12 15 1100  444.0  984.7    1.2  257.0  444.0  444.0
1997 349 12 15 1200   -1.8  984.7    0.5  260.0  444.0  444.0
1997 349 12 15 1300   -2.0  984.6    1.0  254.0  444.0  444.0
1997 349 12 15 1400  444.0  984.6    0.0    0.0  444.0  444.0
1997 349 12 15 1500  444.0  984.3    0.0    0.0  444.0  444.0
1997 349 12 15 1600  444.0  984.2    0.0    0.0  444.0  444.0
1997 349 12 15 1700  444.0  983.9    0.0    0.0  444.0  444.0
1997 349 12 15 1800   -2.2  983.6    1.7  350.0  444.0  444.0
1997 349 12 15 1900   -1.8  983.3    1.5  344.0  444.0  444.0
1997 349 12 15 2000   -2.8  982.9    1.7  360.0  444.0  444.0
1997 349 12 15 2100   -3.4  982.8    2.5  341.0  444.0  444.0
1997 349 12 15 2200   -3.8  982.6    2.7  351.0  444.0  444.0
1997 349 12 15 2300   -4.5  982.3    4.2  357.0  444.0  444.0
1997 350 12 16 0000   -4.9  982.1    3.7  358.0  444.0  444.0
1997 350 12 16 0100   -4.6  981.8    3.7  357.0  444.0  444.0
1997 350 12 16 0200   -3.9  981.5    2.0  323.0  444.0  444.0
1997 350 12 16 0300   -3.4  981.2    1.0  347.0  444.0  444.0
1997 350 12 16 0400   -2.4  980.9    2.0   19.0  444.0  444.0
1997 350 12 16 0500  444.0  980.9    0.0    0.0  444.0  444.0
1997 350 12 16 0600   -0.4  980.5    1.5   61.0  444.0  444.0
1997 350 12 16 0700   -1.6  980.3    2.7  130.0  444.0  444.0
1997 350 12 16 0800   -3.6  979.8    6.1  130.0  444.0  444.0
1997 350 12 16 0900   -4.9  980.1    7.1  130.0  444.0  444.0
1997 350 12 16 1000   -5.5  980.3    5.9  140.0  444.0  444.0
1997 350 12 16 1100   -5.9  980.2    8.3  146.0  444.0  444.0
1997 350 12 16 1200   -5.5  980.3    8.8  143.0  444.0  444.0
1997 350 12 16 1300   -5.9  980.3    9.6  140.0  444.0  444.0
1997 350 12 16 1400   -5.8  980.7    9.3  144.0  444.0  444.0
1997 350 12 16 1500   -5.8  981.0   10.8  147.0  444.0  444.0
1997 350 12 16 1600   -5.9  981.1   12.7  147.0  444.0  444.0
1997 350 12 16 1700   -5.9  981.5   10.0  153.0  444.0  444.0
1997 350 12 16 1800   -5.2  982.0    7.8  165.0  444.0  444.0
1997 350 12 16 1900   -4.8  982.1    8.3  151.0  444.0  444.0
1997 350 12 16 2000   -4.6  982.4    6.9  136.0  444.0  444.0
1997 350 12 16 2100   -4.1  982.3    7.4  136.0  444.0  444.0
1997 350 12 16 2200   -3.4  982.7    5.6  139.0  444.0  444.0
1997 350 12 16 2300   -3.6  982.6    6.9  136.0  444.0  444.0
1997 351 12 17 0000   -3.9  982.6    5.6  123.0  444.0  444.0
1997 351 12 17 0100   -3.6  982.4    6.9  126.0  444.0  444.0
1997 351 12 17 0200   -3.8  982.2    6.4  123.0  444.0  444.0
1997 351 12 17 0300   -3.5  981.9    4.4  127.0  444.0  444.0
1997 351 12 17 0400   -2.5  981.7    3.2   67.0  444.0  444.0
1997 351 12 17 0500  444.0  981.5    0.0    0.0  444.0  444.0
1997 351 12 17 0600   -1.4  981.2    1.7   45.0  444.0  444.0
1997 351 12 17 0700   -1.2  981.0    1.7   26.0  444.0  444.0
1997 351 12 17 0800   -1.8  980.6    1.0   33.0  444.0  444.0
1997 351 12 17 0900  444.0  980.4    0.0    0.0  444.0  444.0
1997 351 12 17 1000  444.0  980.1    0.0    0.0  444.0  444.0
1997 351 12 17 1100  444.0  979.8    0.0    0.0  444.0  444.0
1997 351 12 17 1200  444.0  979.4    0.7  136.0  444.0  444.0
1997 351 12 17 1300   -4.0  979.2    1.2  132.0  444.0  444.0
1997 351 12 17 1400  444.0  979.0    1.2  120.0  444.0  444.0
1997 351 12 17 1500  444.0  978.9    0.0    0.0  444.0  444.0
1997 351 12 17 1600   -3.6  978.8    0.0    0.0  444.0  444.0
1997 351 12 17 1700  444.0  978.5    0.7  133.0  444.0  444.0
1997 351 12 17 1800   -2.9  978.2    0.0    0.0  444.0  444.0
1997 351 12 17 1900  444.0  978.2    0.7   59.0  444.0  444.0
1997 351 12 17 2000  444.0  444.0  444.0  444.0  444.0  444.0
1997 351 12 17 2100   -4.9  978.2    2.9  123.0  444.0  444.0
1997 351 12 17 2200   -6.2  978.4    2.9  120.0  444.0  444.0
1997 351 12 17 2300   -7.6  978.8    3.2  123.0  444.0  444.0
1997 352 12 18 0000   -6.9  979.0    3.2  116.0  444.0  444.0
1997 352 12 18 0100   -5.8  979.1    2.2  120.0  444.0  444.0
1997 352 12 18 0200   -6.0  979.1    3.4  120.0  444.0  444.0
1997 352 12 18 0300   -5.8  979.0    3.4  120.0  444.0  444.0
1997 352 12 18 0400   -5.5  978.9    5.1  126.0  444.0  444.0
1997 352 12 18 0500   -5.5  979.2    5.1  127.0  444.0  444.0
1997 352 12 18 0600   -5.9  979.5    7.1  129.0  444.0  444.0
1997 352 12 18 0700   -7.0  979.7    7.8  130.0  444.0  444.0
1997 352 12 18 0800   -6.1  980.0    8.1  142.0  444.0  444.0
1997 352 12 18 0900   -6.4  980.2    9.6  135.0  444.0  444.0
1997 352 12 18 1000   -7.9  980.7    6.6  142.0  444.0  444.0
1997 352 12 18 1100   -7.8  981.3    7.4  157.0  444.0  444.0
1997 352 12 18 1200   -8.2  981.6    8.6  144.0  444.0  444.0
1997 352 12 18 1300   -8.1  981.8    6.4  139.0  444.0  444.0
1997 352 12 18 1400   -7.5  982.0    7.4  154.0  444.0  444.0
1997 352 12 18 1500   -7.2  982.2    4.9  136.0  444.0  444.0
1997 352 12 18 1600   -7.0  982.4    3.4  160.0  444.0  444.0
1997 352 12 18 1700   -6.2  982.3    4.7  150.0  444.0  444.0
1997 352 12 18 1800   -6.2  982.4    4.7  143.0  444.0  444.0
1997 352 12 18 1900   -6.0  982.2    3.9  142.0  444.0  444.0
1997 352 12 18 2000   -5.5  982.0    4.4  143.0  444.0  444.0
1997 352 12 18 2100   -5.1  981.9    4.4  132.0  444.0  444.0
1997 352 12 18 2200   -4.9  981.9    5.1  112.0  444.0  444.0
1997 352 12 18 2300   -5.4  981.7    3.7  118.0  444.0  444.0
1997 353 12 19 0000   -5.1  981.4    3.9   98.0  444.0  444.0
1997 353 12 19 0100   -4.6  981.2    2.2  118.0  444.0  444.0
1997 353 12 19 0200   -3.6  981.0    2.5   16.0  444.0  444.0
1997 353 12 19 0300   -3.6  980.8    2.9  360.0  444.0  444.0
1997 353 12 19 0400   -2.8  980.3    3.7  234.0  444.0  444.0
1997 353 12 19 0500   -2.8  980.1    3.2  289.0  444.0  444.0
1997 353 12 19 0600   -3.5  979.6    2.9  279.0  444.0  444.0
1997 353 12 19 0700   -4.1  979.3    3.9  285.0  444.0  444.0
1997 353 12 19 0800   -3.4  979.3    3.9  281.0  444.0  444.0
1997 353 12 19 0900   -5.5  979.1    3.2  345.0  444.0  444.0
1997 353 12 19 1000   -6.0  979.0    3.2  307.0  444.0  444.0
1997 353 12 19 1100   -6.0  978.7    4.4  300.0  444.0  444.0
1997 353 12 19 1200   -6.0  978.7    3.4  306.0  444.0  444.0
1997 353 12 19 1300   -6.2  978.4    2.9  302.0  444.0  444.0
1997 353 12 19 1400   -6.5  977.9    3.2  309.0  444.0  444.0
1997 353 12 19 1500   -6.2  977.5    2.7  299.0  444.0  444.0
1997 353 12 19 1600   -6.6  977.1    2.9  341.0  444.0  444.0
1997 353 12 19 1700   -6.4  977.0    2.5  343.0  444.0  444.0
1997 353 12 19 1800   -6.8  976.9    1.5  360.0  444.0  444.0
1997 353 12 19 1900   -7.2  976.8    2.9  354.0  444.0  444.0
1997 353 12 19 2000   -7.4  976.7    3.9  345.0  444.0  444.0
1997 353 12 19 2100   -5.8  976.8    4.4  343.0  444.0  444.0
1997 353 12 19 2200   -4.5  977.0    3.2  340.0  444.0  444.0
1997 353 12 19 2300   -3.4  976.8    7.4  331.0  444.0  444.0
1997 354 12 20 0000   -3.4  977.0    3.9  327.0  444.0  444.0
1997 354 12 20 0100   -2.9  977.2    1.7  341.0  444.0  444.0
1997 354 12 20 0200  444.0  444.0  444.0  444.0  444.0  444.0
1997 354 12 20 0300   -2.4  977.4    2.2  109.0  444.0  444.0
1997 354 12 20 0400   -1.9  977.5    2.2   85.0  444.0  444.0
1997 354 12 20 0500   -1.9  977.8    0.0    0.0  444.0  444.0
1997 354 12 20 0600  444.0  978.4    0.0    0.0  444.0  444.0
1997 354 12 20 0700   -1.9  978.6    2.0  105.0  444.0  444.0
1997 354 12 20 0800   -3.1  979.1    2.5  129.0  444.0  444.0
1997 354 12 20 0900   -3.9  979.6    1.7  126.0  444.0  444.0
1997 354 12 20 1000   -4.9  980.2    3.7  133.0  444.0  444.0
1997 354 12 20 1100   -3.6  980.7    3.9  142.0  444.0  444.0
1997 354 12 20 1200   -3.8  981.1    5.6  146.0  444.0  444.0
1997 354 12 20 1300   -4.0  981.5    4.4  140.0  444.0  444.0
1997 354 12 20 1400   -3.5  982.3    5.6  135.0  444.0  444.0
1997 354 12 20 1500   -4.2  982.6    6.1  133.0  444.0  444.0
1997 354 12 20 1600   -4.5  983.3    8.6  146.0  444.0  444.0
1997 354 12 20 1700   -4.6  983.6    8.6  140.0  444.0  444.0
1997 354 12 20 1800   -5.4  984.6    6.4  133.0  444.0  444.0
1997 354 12 20 1900  444.0  444.0  444.0  444.0  444.0  444.0
1997 354 12 20 2000   -5.4  985.6    6.1  119.0  444.0  444.0
1997 354 12 20 2100   -6.0  986.1    7.1  113.0  444.0  444.0
1997 354 12 20 2200   -5.5  986.6    7.4  143.0  444.0  444.0
1997 354 12 20 2300   -5.1  986.9    7.1  139.0  444.0  444.0
1997 355 12 21 0000  444.0  444.0  444.0  444.0  444.0  444.0
1997 355 12 21 0100   -4.5  986.9    8.6  122.0  444.0  444.0
1997 355 12 21 0200   -4.6  987.3    8.3  115.0  444.0  444.0
1997 355 12 21 0300   -4.6  987.5    6.4  111.0  444.0  444.0
1997 355 12 21 0400   -3.8  987.5    2.9  112.0  444.0  444.0
1997 355 12 21 0500   -3.5  987.7    3.7  115.0  444.0  444.0
1997 355 12 21 0600   -3.9  988.0    4.2  126.0  444.0  444.0
1997 355 12 21 0700  444.0  444.0  444.0  444.0  444.0  444.0
1997 355 12 21 0800   -5.1  988.2    6.1  120.0  444.0  444.0
1997 355 12 21 0900   -4.9  988.0    7.6  129.0  444.0  444.0
1997 355 12 21 1000   -5.5  988.4    7.6  153.0  444.0  444.0
1997 355 12 21 1100   -5.4  988.6    4.7  156.0  444.0  444.0
1997 355 12 21 1200   -5.5  988.3    5.9  132.0  444.0  444.0
1997 355 12 21 1300   -5.5  988.1    3.9  149.0  444.0  444.0
1997 355 12 21 1400   -4.2  988.1    2.2  149.0  444.0  444.0
1997 355 12 21 1500  444.0  987.5    0.0    0.0  444.0  444.0
1997 355 12 21 1600  444.0  987.2    0.0    0.0  444.0  444.0
1997 355 12 21 1700  444.0  444.0  444.0  444.0  444.0  444.0
1997 355 12 21 1800   -3.0  986.6    2.7  271.0  444.0  444.0
1997 355 12 21 1900   -2.5  986.3    2.5  257.0  444.0  444.0
1997 355 12 21 2000   -2.4  986.0    4.2  250.0  444.0  444.0
1997 355 12 21 2100   -1.0  985.8    3.7  243.0  444.0  444.0
1997 355 12 21 2200  444.0  444.0  444.0  444.0  444.0  444.0
1997 355 12 21 2300   -0.8  984.9    3.2  289.0  444.0  444.0
1997 356 12 22 0000  444.0  444.0  444.0  444.0  444.0  444.0
1997 356 12 22 0100   -1.2  984.3    4.4  358.0  444.0  444.0
1997 356 12 22 0200   -0.5  984.3    3.7   12.0  444.0  444.0
1997 356 12 22 0300   -0.8  984.2    2.9    2.0  444.0  444.0
1997 356 12 22 0400   -0.4  983.8    2.7   15.0  444.0  444.0
1997 356 12 22 0500  444.0  444.0  444.0  444.0  444.0  444.0
1997 356 12 22 0600   -0.8  983.4    2.2    4.0  444.0  444.0
1997 356 12 22 0700   -0.1  982.9    3.4  291.0  444.0  444.0
1997 356 12 22 0800    0.6  982.6    3.2  310.0  444.0  444.0
1997 356 12 22 0900   -1.0  982.4    2.7  322.0  444.0  444.0
1997 356 12 22 1000  444.0  444.0  444.0  444.0  444.0  444.0
1997 356 12 22 1100   -1.5  982.1    2.7  237.0  444.0  444.0
1997 356 12 22 1200   -1.0  981.7    2.5  241.0  444.0  444.0
1997 356 12 22 1300   -1.6  981.8    2.0  120.0  444.0  444.0
1997 356 12 22 1400  444.0  981.5    0.0    0.0  444.0  444.0
1997 356 12 22 1500  444.0  444.0  444.0  444.0  444.0  444.0
1997 356 12 22 1600   -0.6  980.9    0.5  130.0  444.0  444.0
1997 356 12 22 1700  444.0  980.5    0.0    0.0  444.0  444.0
1997 356 12 22 1800  444.0  980.4    0.7  264.0  444.0  444.0
1997 356 12 22 1900   -0.4  980.1    0.0    0.0  444.0  444.0
1997 356 12 22 2000    0.6  979.9    1.7  360.0  444.0  444.0
1997 356 12 22 2100    1.6  979.8    1.7   81.0  444.0  444.0
1997 356 12 22 2200    2.9  979.4    1.7  106.0  444.0  444.0
1997 356 12 22 2300    1.4  979.2    2.2  360.0  444.0  444.0
1997 357 12 23 0000    0.6  979.1    1.0  360.0  444.0  444.0
1997 357 12 23 0100    1.1  978.9    1.5  350.0  444.0  444.0
1997 357 12 23 0200    1.9  978.6    2.7  360.0  444.0  444.0
1997 357 12 23 0300    1.8  978.4    2.9   85.0  444.0  444.0
1997 357 12 23 0400    0.8  978.1    1.7  122.0  444.0  444.0
1997 357 12 23 0500    0.6  977.8    2.0   59.0  444.0  444.0
1997 357 12 23 0600    0.1  977.7    3.4   90.0  444.0  444.0
1997 357 12 23 0700    1.4  977.3    2.2  102.0  444.0  444.0
1997 357 12 23 0800  444.0  444.0  444.0  444.0  444.0  444.0
1997 357 12 23 0900   -1.0  977.2    3.4  123.0  444.0  444.0
1997 357 12 23 1000   -1.4  977.4    2.2   54.0  444.0  444.0
1997 357 12 23 1100  444.0  977.9    0.2  139.0  444.0  444.0
1997 357 12 23 1200   -1.0  977.7    0.7  358.0  444.0  444.0
1997 357 12 23 1300  444.0  444.0  444.0  444.0  444.0  444.0
1997 357 12 23 1400   -3.0  977.0    0.7   85.0  444.0  444.0
1997 357 12 23 1500   -2.2  977.4    0.7  123.0  444.0  444.0
1997 357 12 23 1600   -2.1  976.9    2.2  337.0  444.0  444.0
1997 357 12 23 1700   -2.2  977.1    1.7    1.0  444.0  444.0
1997 357 12 23 1800   -1.9  977.4    2.2    5.0  444.0  444.0
1997 357 12 23 1900   -1.0  977.5    2.2  258.0  444.0  444.0
1997 357 12 23 2000  444.0  977.7    1.2  227.0  444.0  444.0
1997 357 12 23 2100    2.9  977.6    1.5  357.0  444.0  444.0
1997 357 12 23 2200    2.4  977.2    5.1  282.0  444.0  444.0
1997 357 12 23 2300    1.4  977.6    4.2  354.0  444.0  444.0
1997 358 12 24 0000    1.4  978.0    2.7  358.0  444.0  444.0
1997 358 12 24 0100    1.2  978.3    0.7   15.0  444.0  444.0
1997 358 12 24 0200    3.8  978.9    1.5   54.0  444.0  444.0
1997 358 12 24 0300    1.8  979.1    1.5  358.0  444.0  444.0
1997 358 12 24 0400    2.0  979.7    2.2  323.0  444.0  444.0
1997 358 12 24 0500    1.8  980.4    0.2   56.0  444.0  444.0
1997 358 12 24 0600    1.9  980.8    1.0   82.0  444.0  444.0
1997 358 12 24 0700    1.0  981.3    2.9  113.0  444.0  444.0
1997 358 12 24 0800    1.0  982.2    1.7   98.0  444.0  444.0
1997 358 12 24 0900    0.6  983.0    0.0    0.0  444.0  444.0
1997 358 12 24 1000    0.6  983.4    2.9  127.0  444.0  444.0
1997 358 12 24 1100    0.6  984.0    2.7  115.0  444.0  444.0
1997 358 12 24 1200    0.5  984.2    1.0  168.0  444.0  444.0
1997 358 12 24 1300    0.8  984.4    0.0    0.0  444.0  444.0
1997 358 12 24 1400    0.5  985.0    1.2   52.0  444.0  444.0
1997 358 12 24 1500    0.2  985.2    0.0    0.0  444.0  444.0
1997 358 12 24 1600    0.2  985.1    1.5  253.0  444.0  444.0
1997 358 12 24 1700    0.5  985.4    0.2  338.0  444.0  444.0
1997 358 12 24 1800   -0.4  986.0    2.7  125.0  444.0  444.0
1997 358 12 24 1900   -0.5  986.0    3.9  147.0  444.0  444.0
1997 358 12 24 2000    0.1  986.0    7.1  119.0  444.0  444.0
1997 358 12 24 2100   -0.1  986.3    5.1  136.0  444.0  444.0
1997 358 12 24 2200    0.0  986.5    4.7  160.0  444.0  444.0
1997 358 12 24 2300    0.2  986.5    3.7  160.0  444.0  444.0
1997 359 12 25 0000    0.2  986.4    3.9  147.0  444.0  444.0
1997 359 12 25 0100   -0.4  986.5    5.1  137.0  444.0  444.0
1997 359 12 25 0200   -0.4  986.5    3.7  126.0  444.0  444.0
1997 359 12 25 0300    0.0  986.1    6.1  136.0  444.0  444.0
1997 359 12 25 0400   -0.4  985.6   11.3  116.0  444.0  444.0
1997 359 12 25 0500   -0.5  985.7   13.0  122.0  444.0  444.0
1997 359 12 25 0600    0.1  986.1    8.8  135.0  444.0  444.0
1997 359 12 25 0700   -0.8  985.8   10.5  125.0  444.0  444.0
1997 359 12 25 0800   -1.8  986.5   10.3  136.0  444.0  444.0
1997 359 12 25 0900   -1.9  986.9    7.4  140.0  444.0  444.0
1997 359 12 25 1000   -1.8  986.9    8.6  140.0  444.0  444.0
1997 359 12 25 1100   -1.8  986.8    8.1  130.0  444.0  444.0
1997 359 12 25 1200   -1.1  987.2    3.7  165.0  444.0  444.0
1997 359 12 25 1300   -2.8  986.0    8.1  126.0  444.0  444.0
1997 359 12 25 1400   -2.5  986.5    2.9  129.0  444.0  444.0
1997 359 12 25 1500   -2.4  986.2    2.2  157.0  444.0  444.0
1997 359 12 25 1600   -1.9  985.8    1.7  140.0  444.0  444.0
1997 359 12 25 1700  444.0  985.5    0.5  167.0  444.0  444.0
1997 359 12 25 1800    0.6  985.0    4.2  254.0  444.0  444.0
1997 359 12 25 1900   -0.1  984.4    2.9  243.0  444.0  444.0
1997 359 12 25 2000    0.5  983.7    5.1  277.0  444.0  444.0
1997 359 12 25 2100    0.9  982.9    4.7  326.0  444.0  444.0
1997 359 12 25 2200    0.0  982.5    4.2  348.0  444.0  444.0
1997 359 12 25 2300    1.4  982.0    2.0  358.0  444.0  444.0
1997 360 12 26 0000    0.5  981.7    3.2  358.0  444.0  444.0
1997 360 12 26 0100    2.0  981.3    1.5  350.0  444.0  444.0
1997 360 12 26 0200    1.9  980.8    2.0    8.0  444.0  444.0
1997 360 12 26 0300    3.0  980.3    1.7  357.0  444.0  444.0
1997 360 12 26 0400    2.9  980.0    1.5  354.0  444.0  444.0
1997 360 12 26 0500    2.9  979.5    0.5   19.0  444.0  444.0
1997 360 12 26 0600    3.1  979.0    2.2  358.0  444.0  444.0
1997 360 12 26 0700    3.2  978.4    2.5  347.0  444.0  444.0
1997 360 12 26 0800    2.1  977.7    3.4  347.0  444.0  444.0
1997 360 12 26 0900    1.0  977.4    2.7  348.0  444.0  444.0
1997 360 12 26 1000    1.0  977.5    2.7  347.0  444.0  444.0
1997 360 12 26 1100    1.6  977.1    3.7  317.0  444.0  444.0
1997 360 12 26 1200    1.4  976.7    2.9  278.0  444.0  444.0
1997 360 12 26 1300    1.4  976.1    1.7  296.0  444.0  444.0
1997 360 12 26 1400    0.9  975.5    2.0  345.0  444.0  444.0
1997 360 12 26 1500    0.6  975.2    0.7  312.0  444.0  444.0
1997 360 12 26 1600  444.0  974.8    0.0    0.0  444.0  444.0
1997 360 12 26 1700    1.0  974.7    2.2  351.0  444.0  444.0
1997 360 12 26 1800  444.0  974.6    1.2  360.0  444.0  444.0
1997 360 12 26 1900  444.0  974.5    1.5  340.0  444.0  444.0
1997 360 12 26 2000    4.1  974.5    0.0    0.0  444.0  444.0
1997 360 12 26 2100    4.2  974.5    0.0    0.0  444.0  444.0
1997 360 12 26 2200    0.8  974.6    3.9  122.0  444.0  444.0
1997 360 12 26 2300    0.8  974.8    4.2  109.0  444.0  444.0
1997 361 12 27 0000    0.9  975.2    2.5  101.0  444.0  444.0
1997 361 12 27 0100    1.9  975.4    2.7  122.0  444.0  444.0
1997 361 12 27 0200    1.9  975.5    1.7  119.0  444.0  444.0
1997 361 12 27 0300    4.2  975.7    2.0   98.0  444.0  444.0
1997 361 12 27 0400    3.8  976.0    1.7   66.0  444.0  444.0
1997 361 12 27 0500    3.5  976.2    1.2   66.0  444.0  444.0
1997 361 12 27 0600    2.9  976.3    1.7   75.0  444.0  444.0
1997 361 12 27 0700    2.4  976.4    2.2  149.0  444.0  444.0
1997 361 12 27 0800    3.1  976.6    0.0    0.0  444.0  444.0
1997 361 12 27 0900    1.9  976.5    1.7  355.0  444.0  444.0
1997 361 12 27 1000    1.8  976.4    4.2  258.0  444.0  444.0
1997 361 12 27 1100    1.9  976.8    3.4  288.0  444.0  444.0
1997 361 12 27 1200    1.6  977.1    3.7  316.0  444.0  444.0
1997 361 12 27 1300    0.5  977.3    2.5  347.0  444.0  444.0
1997 361 12 27 1400    0.5  977.6    0.5  302.0  444.0  444.0
1997 361 12 27 1500    1.0  977.6    2.9  298.0  444.0  444.0
1997 361 12 27 1600    1.2  977.9    2.7  315.0  444.0  444.0
1997 361 12 27 1700    0.9  978.0    3.2  338.0  444.0  444.0
1997 361 12 27 1800    1.1  978.4    1.7  343.0  444.0  444.0
1997 361 12 27 1900    1.4  978.9    2.2  350.0  444.0  444.0
1997 361 12 27 2000    2.0  979.0    1.2  355.0  444.0  444.0
1997 361 12 27 2100    2.0  979.0    2.7  351.0  444.0  444.0
1997 361 12 27 2200    1.1  979.2    2.2  341.0  444.0  444.0
1997 361 12 27 2300  444.0  979.7    1.2  358.0  444.0  444.0
1997 362 12 28 0000    3.0  980.1    0.0    0.0  444.0  444.0
1997 362 12 28 0100    2.5  980.5    0.0    0.0  444.0  444.0
1997 362 12 28 0200    2.4  980.4    2.2   92.0  444.0  444.0
1997 362 12 28 0300    3.1  980.7    2.9   88.0  444.0  444.0
1997 362 12 28 0400    1.4  981.1    2.9  119.0  444.0  444.0
1997 362 12 28 0500    0.9  981.4    3.9  112.0  444.0  444.0
1997 362 12 28 0600    1.1  982.0    3.4  137.0  444.0  444.0
1997 362 12 28 0700    0.1  982.2    5.1  140.0  444.0  444.0
1997 362 12 28 0800   -0.4  982.4    5.1  137.0  444.0  444.0
1997 362 12 28 0900    0.0  982.5    3.4  126.0  444.0  444.0
1997 362 12 28 1000   -0.5  982.5    2.7  108.0  444.0  444.0
1997 362 12 28 1100  444.0  982.7    0.7  109.0  444.0  444.0
1997 362 12 28 1200   -1.1  982.7    2.2  118.0  444.0  444.0
1997 362 12 28 1300   -1.0  982.7    0.7  136.0  444.0  444.0
1997 362 12 28 1400   -0.4  982.8    1.7  136.0  444.0  444.0
1997 362 12 28 1500    0.2  982.6    2.0  123.0  444.0  444.0
1997 362 12 28 1600   -0.4  982.3    1.5  113.0  444.0  444.0
1997 362 12 28 1700  444.0  982.1    0.0    0.0  444.0  444.0
1997 362 12 28 1800    0.0  982.1    0.0    0.0  444.0  444.0
1997 362 12 28 1900   -1.9  981.9    3.2  360.0  444.0  444.0
1997 362 12 28 2000   -2.9  981.5    3.7  340.0  444.0  444.0
1997 362 12 28 2100   -2.2  981.4    2.7  344.0  444.0  444.0
1997 362 12 28 2200   -1.9  981.1    4.4  347.0  444.0  444.0
1997 362 12 28 2300   -0.5  980.8    4.2  348.0  444.0  444.0
1997 363 12 29 0000   -1.4  980.6    4.2  358.0  444.0  444.0
1997 363 12 29 0100   -1.2  980.4    4.9  352.0  444.0  444.0
1997 363 12 29 0200   -1.0  980.1    4.4  360.0  444.0  444.0
1997 363 12 29 0300   -1.5  979.8    4.4  341.0  444.0  444.0
1997 363 12 29 0400   -0.6  979.5    4.9  341.0  444.0  444.0
1997 363 12 29 0500   -0.5  979.1    4.4  352.0  444.0  444.0
1997 363 12 29 0600   -0.8  978.9    4.9  344.0  444.0  444.0
1997 363 12 29 0700   -0.8  978.5    5.6  329.0  444.0  444.0
1997 363 12 29 0800   -1.8  978.4    3.9  341.0  444.0  444.0
1997 363 12 29 0900    0.0  978.0    4.2  336.0  444.0  444.0
1997 363 12 29 1000   -0.8  977.9    2.5  351.0  444.0  444.0
1997 363 12 29 1100   -0.6  977.8    1.2  344.0  444.0  444.0
1997 363 12 29 1200   -0.8  977.6    0.7  357.0  444.0  444.0
1997 363 12 29 1300   -1.8  977.6    0.7  358.0  444.0  444.0
1997 363 12 29 1400   -1.4  977.5    1.2  143.0  444.0  444.0
1997 363 12 29 1500   -1.4  977.5    1.7  147.0  444.0  444.0
1997 363 12 29 1600   -0.5  977.7    2.7  139.0  444.0  444.0
1997 363 12 29 1700   -0.4  977.9    3.7  154.0  444.0  444.0
1997 363 12 29 1800    0.5  978.3    4.2  149.0  444.0  444.0
1997 363 12 29 1900  444.0  444.0  444.0  444.0  444.0  444.0
1997 363 12 29 2000    0.8  978.8    4.7  139.0  444.0  444.0
1997 363 12 29 2100    1.1  979.2    4.7  142.0  444.0  444.0
1997 363 12 29 2200    1.1  979.3    6.9  137.0  444.0  444.0
1997 363 12 29 2300    0.5  979.6    4.7  133.0  444.0  444.0
1997 364 12 30 0000   -0.2  980.0    3.4  140.0  444.0  444.0
1997 364 12 30 0100   -0.8  980.4    3.9  119.0  444.0  444.0
1997 364 12 30 0200  444.0  444.0  444.0  444.0  444.0  444.0
1997 364 12 30 0300   -1.6  981.0    5.6  140.0  444.0  444.0
1997 364 12 30 0400   -1.1  981.1    5.4  143.0  444.0  444.0
1997 364 12 30 0500   -1.2  981.1    6.4  151.0  444.0  444.0
1997 364 12 30 0600   -1.4  981.7    5.6  144.0  444.0  444.0
1997 364 12 30 0700   -1.4  982.2    4.2  140.0  444.0  444.0
1997 364 12 30 0800   -1.4  982.3    3.7  146.0  444.0  444.0
1997 364 12 30 0900   -1.4  982.3    5.1  140.0  444.0  444.0
1997 364 12 30 1000   -1.2  982.5    6.1  137.0  444.0  444.0
1997 364 12 30 1100   -1.6  982.6    7.6  137.0  444.0  444.0
1997 364 12 30 1200   -2.1  982.7    5.9  127.0  444.0  444.0
1997 364 12 30 1300   -2.2  983.0    4.4  132.0  444.0  444.0
1997 364 12 30 1400   -2.2  982.9    5.1  132.0  444.0  444.0
1997 364 12 30 1500   -2.2  983.0    2.5  135.0  444.0  444.0
1997 364 12 30 1600   -2.0  982.8    2.5  133.0  444.0  444.0
1997 364 12 30 1700  444.0  444.0  444.0  444.0  444.0  444.0
1997 364 12 30 1800   -1.9  982.8    2.7  130.0  444.0  444.0
1997 364 12 30 1900   -1.6  982.8    2.5  150.0  444.0  444.0
1997 364 12 30 2000   -1.6  982.7    4.2  133.0  444.0  444.0
1997 364 12 30 2100   -1.9  982.8    2.7  130.0  444.0  444.0
1997 364 12 30 2200  444.0  444.0  444.0  444.0  444.0  444.0
1997 364 12 30 2300   -1.8  982.4    2.9  135.0  444.0  444.0
1997 365 12 31 0000  444.0  444.0  444.0  444.0  444.0  444.0
1997 365 12 31 0100   -1.6  982.2    3.4  143.0  444.0  444.0
1997 365 12 31 0200   -1.2  982.2    2.9  139.0  444.0  444.0
1997 365 12 31 0300   -1.2  981.9    2.5  108.0  444.0  444.0
1997 365 12 31 0400   -1.1  981.7    2.2  139.0  444.0  444.0
1997 365 12 31 0500  444.0  444.0  444.0  444.0  444.0  444.0
1997 365 12 31 0600   -1.2  981.3    2.2  122.0  444.0  444.0
1997 365 12 31 0700   -1.1  981.3    1.0  104.0  444.0  444.0
1997 365 12 31 0800   -1.4  981.2    1.5  129.0  444.0  444.0
1997 365 12 31 0900   -1.6  980.9    1.0  125.0  444.0  444.0
1997 365 12 31 1000  444.0  444.0  444.0  444.0  444.0  444.0
1997 365 12 31 1100   -1.9  980.8    0.0    0.0  444.0  444.0
1997 365 12 31 1200   -2.6  980.8    1.5  118.0  444.0  444.0
1997 365 12 31 1300   -2.5  980.8    1.0  157.0  444.0  444.0
1997 365 12 31 1400   -2.5  980.7    2.0  122.0  444.0  444.0
1997 365 12 31 1500  444.0  444.0  444.0  444.0  444.0  444.0
1997 365 12 31 1600   -3.0  980.8    3.9  132.0  444.0  444.0
1997 365 12 31 1700   -3.0  981.0    4.9  151.0  444.0  444.0
1997 365 12 31 1800   -3.0  981.3    3.9  116.0  444.0  444.0
1997 365 12 31 1900   -2.9  981.5    4.4  147.0  444.0  444.0
1997 365 12 31 2000  444.0  444.0  444.0  444.0  444.0  444.0
1997 365 12 31 2100   -3.4  982.0    7.6  144.0  444.0  444.0
1997 365 12 31 2200  444.0  444.0  444.0  444.0  444.0  444.0
1997 365 12 31 2300  444.0  444.0  444.0  444.0  444.0  444.0
