Year: 1995  Month: 01  ID: MPT  ARGOS:  8906  Name: Marble Point        
Lat: 77.44S  Lon: 163.76E  Elev:  108m
1995   1  1  1 0000  444.0  444.0  444.0  444.0  444.0  444.0
1995   1  1  1 0100  444.0  444.0  444.0  444.0  444.0  444.0
1995   1  1  1 0200   -1.8  982.5    5.9  351.0  444.0  444.0
1995   1  1  1 0300   -1.4  982.3    4.7  354.0  444.0  444.0
1995   1  1  1 0400   -1.1  982.0    5.9  344.0  444.0  444.0
1995   1  1  1 0500   -1.1  981.8    5.4  338.0  444.0  444.0
1995   1  1  1 0600   -1.2  981.6    5.9  352.0  444.0  444.0
1995   1  1  1 0700   -1.8  981.5    5.1  348.0  444.0  444.0
1995   1  1  1 0800   -1.5  981.4    4.9  344.0  444.0  444.0
1995   1  1  1 0900   -1.4  981.5    4.9  333.0  444.0  444.0
1995   1  1  1 1000  444.0  444.0  444.0  444.0  444.0  444.0
1995   1  1  1 1100   -1.9  981.3    3.9  299.0  444.0  444.0
1995   1  1  1 1200   -2.8  981.2    3.4  299.0  444.0  444.0
1995   1  1  1 1300   -2.8  981.0    2.9  320.0  444.0  444.0
1995   1  1  1 1400   -3.1  980.5    3.2  315.0  444.0  444.0
1995   1  1  1 1500  444.0  444.0  444.0  444.0  444.0  444.0
1995   1  1  1 1600   -5.9  980.0    1.5  347.0  444.0  444.0
1995   1  1  1 1700  444.0  979.6    0.7  282.0  444.0  444.0
1995   1  1  1 1800   -2.8  979.4    1.7  313.0  444.0  444.0
1995   1  1  1 1900   -2.2  978.9    4.2  296.0  444.0  444.0
1995   1  1  1 2000  444.0  444.0  444.0  444.0  444.0  444.0
1995   1  1  1 2100   -0.1  978.3    5.6  317.0  444.0  444.0
1995   1  1  1 2200   -0.5  978.0    5.4  315.0  444.0  444.0
1995   1  1  1 2300   -0.2  977.8    5.6  322.0  444.0  444.0
1995   2  1  2 0000    0.0  977.6    7.1  303.0  444.0  444.0
1995   2  1  2 0100  444.0  444.0  444.0  444.0  444.0  444.0
1995   2  1  2 0200   -0.1  977.2    4.9  358.0  444.0  444.0
1995   2  1  2 0300    0.0  977.0    5.9  327.0  444.0  444.0
1995   2  1  2 0400    0.1  976.8    6.6  358.0  444.0  444.0
1995   2  1  2 0500    1.1  976.8    3.7  277.0  444.0  444.0
1995   2  1  2 0600    2.4  976.8    1.7  286.0  444.0  444.0
1995   2  1  2 0700   -3.1  977.1    4.4  125.0  444.0  444.0
1995   2  1  2 0800  444.0  444.0  444.0  444.0  444.0  444.0
1995   2  1  2 0900   -5.4  977.9    6.9  133.0  444.0  444.0
1995   2  1  2 1000   -6.1  978.1    5.9  133.0  444.0  444.0
1995   2  1  2 1100   -6.2  978.2    5.9  139.0  444.0  444.0
1995   2  1  2 1200   -6.8  978.4    6.1  143.0  444.0  444.0
1995   2  1  2 1300  444.0  444.0  444.0  444.0  444.0  444.0
1995   2  1  2 1400   -7.0  978.6    7.4  144.0  444.0  444.0
1995   2  1  2 1500   -6.9  978.6    6.4  140.0  444.0  444.0
1995   2  1  2 1600   -7.2  978.5    6.9  135.0  444.0  444.0
1995   2  1  2 1700   -7.4  978.6    6.4  132.0  444.0  444.0
1995   2  1  2 1800  444.0  444.0  444.0  444.0  444.0  444.0
1995   2  1  2 1900   -7.2  979.1    8.6  139.0  444.0  444.0
1995   2  1  2 2000   -7.1  979.2    6.1  136.0  444.0  444.0
1995   2  1  2 2100   -7.0  979.3    8.1  144.0  444.0  444.0
1995   2  1  2 2200   -6.6  979.6    8.1  133.0  444.0  444.0
1995   2  1  2 2300   -6.2  979.6    8.1  146.0  444.0  444.0
1995   3  1  3 0000   -5.9  979.6    7.6  133.0  444.0  444.0
1995   3  1  3 0100  444.0  444.0  444.0  444.0  444.0  444.0
1995   3  1  3 0200   -5.1  979.2    7.4  150.0  444.0  444.0
1995   3  1  3 0300   -4.9  979.1    7.1  143.0  444.0  444.0
1995   3  1  3 0400   -5.2  978.9    8.3  129.0  444.0  444.0
1995   3  1  3 0500   -5.2  978.8    8.3  136.0  444.0  444.0
1995   3  1  3 0600  444.0  444.0  444.0  444.0  444.0  444.0
1995   3  1  3 0700   -6.0  979.1    6.6  137.0  444.0  444.0
1995   3  1  3 0800   -6.2  979.1    4.9  136.0  444.0  444.0
1995   3  1  3 0900   -6.2  978.9    6.1  132.0  444.0  444.0
1995   3  1  3 1000   -6.4  978.9    3.9  142.0  444.0  444.0
1995   3  1  3 1100  444.0  444.0  444.0  444.0  444.0  444.0
1995   3  1  3 1200   -6.6  978.8    4.9  133.0  444.0  444.0
1995   3  1  3 1300   -6.4  978.7    6.1  157.0  444.0  444.0
1995   3  1  3 1400   -6.4  978.5    5.6  151.0  444.0  444.0
1995   3  1  3 1500   -5.9  978.4    4.9  150.0  444.0  444.0
1995   3  1  3 1600  444.0  444.0  444.0  444.0  444.0  444.0
1995   3  1  3 1700   -5.9  978.3    5.4  147.0  444.0  444.0
1995   3  1  3 1800   -5.8  977.9    7.8  136.0  444.0  444.0
1995   3  1  3 1900   -5.8  977.9    6.4  137.0  444.0  444.0
1995   3  1  3 2000   -5.2  977.9    5.6  130.0  444.0  444.0
1995   3  1  3 2100   -5.2  977.7    5.4  118.0  444.0  444.0
1995   3  1  3 2200   -5.1  977.5    2.5  108.0  444.0  444.0
1995   3  1  3 2300   -4.6  977.2    3.4  115.0  444.0  444.0
1995   4  1  4 0000   -4.6  977.1    3.7  123.0  444.0  444.0
1995   4  1  4 0100   -3.8  977.0    2.0  136.0  444.0  444.0
1995   4  1  4 0200   -3.5  976.4    3.4  108.0  444.0  444.0
1995   4  1  4 0300   -2.9  976.2    2.2  126.0  444.0  444.0
1995   4  1  4 0400  444.0  444.0  444.0  444.0  444.0  444.0
1995   4  1  4 0500   -3.4  975.6    2.2  115.0  444.0  444.0
1995   4  1  4 0600   -2.9  975.5    2.5  123.0  444.0  444.0
1995   4  1  4 0700   -3.6  975.3    2.9  102.0  444.0  444.0
1995   4  1  4 0800   -4.6  975.2    3.2  130.0  444.0  444.0
1995   4  1  4 0900   -4.2  975.2    2.2  143.0  444.0  444.0
1995   4  1  4 1000   -4.0  975.1    2.9  130.0  444.0  444.0
1995   4  1  4 1100   -4.4  974.9    2.7  116.0  444.0  444.0
1995   4  1  4 1200   -4.9  975.0    1.7  122.0  444.0  444.0
1995   4  1  4 1300   -5.0  974.7    2.0  137.0  444.0  444.0
1995   4  1  4 1400   -5.1  974.6    2.5  135.0  444.0  444.0
1995   4  1  4 1500   -4.9  974.4    2.7  144.0  444.0  444.0
1995   4  1  4 1600   -5.1  974.4    2.7  146.0  444.0  444.0
1995   4  1  4 1700   -5.2  974.4    3.2  147.0  444.0  444.0
1995   4  1  4 1800   -3.9  974.1    3.4  129.0  444.0  444.0
1995   4  1  4 1900   -5.5  973.9    3.2  133.0  444.0  444.0
1995   4  1  4 2000   -5.4  974.0    2.5  143.0  444.0  444.0
1995   4  1  4 2100   -3.4  974.0    2.0  102.0  444.0  444.0
1995   4  1  4 2200   -3.9  973.9    2.9  139.0  444.0  444.0
1995   4  1  4 2300   -4.5  973.8    4.9  132.0  444.0  444.0
1995   5  1  5 0000   -4.1  973.9    5.4  139.0  444.0  444.0
1995   5  1  5 0100   -4.8  973.5    5.9  135.0  444.0  444.0
1995   5  1  5 0200   -4.1  973.1    6.9  130.0  444.0  444.0
1995   5  1  5 0300   -3.6  973.0    6.9  126.0  444.0  444.0
1995   5  1  5 0400   -3.5  972.7    9.6  135.0  444.0  444.0
1995   5  1  5 0500   -4.4  972.7    7.8  140.0  444.0  444.0
1995   5  1  5 0600   -4.6  973.4    5.1  150.0  444.0  444.0
1995   5  1  5 0700   -4.5  973.5    8.1  149.0  444.0  444.0
1995   5  1  5 0800   -5.0  973.6    7.6  144.0  444.0  444.0
1995   5  1  5 0900   -5.4  973.7    9.6  146.0  444.0  444.0
1995   5  1  5 1000   -5.5  973.7    9.8  150.0  444.0  444.0
1995   5  1  5 1100   -5.4  974.0    7.6  147.0  444.0  444.0
1995   5  1  5 1200   -6.1  974.1    9.8  142.0  444.0  444.0
1995   5  1  5 1300   -6.2  974.1    8.6  142.0  444.0  444.0
1995   5  1  5 1400   -6.4  974.3    9.3  146.0  444.0  444.0
1995   5  1  5 1500   -6.6  974.1    7.8  139.0  444.0  444.0
1995   5  1  5 1600   -6.2  974.2    7.6  146.0  444.0  444.0
1995   5  1  5 1700   -6.5  974.4    7.6  147.0  444.0  444.0
1995   5  1  5 1800   -6.0  974.6    8.3  150.0  444.0  444.0
1995   5  1  5 1900   -5.4  974.5   12.0  143.0  444.0  444.0
1995   5  1  5 2000   -5.5  974.6   10.5  140.0  444.0  444.0
1995   5  1  5 2100   -5.1  975.1   10.3  133.0  444.0  444.0
1995   5  1  5 2200   -4.5  975.4   10.3  137.0  444.0  444.0
1995   5  1  5 2300   -5.8  975.8    7.8  140.0  444.0  444.0
1995   6  1  6 0000   -6.1  975.9    9.8  142.0  444.0  444.0
1995   6  1  6 0100   -6.0  976.1   10.0  147.0  444.0  444.0
1995   6  1  6 0200   -6.2  976.2   14.2  137.0  444.0  444.0
1995   6  1  6 0300   -6.4  976.3   14.0  136.0  444.0  444.0
1995   6  1  6 0400   -5.9  976.4   12.2  139.0  444.0  444.0
1995   6  1  6 0500   -5.5  977.1   10.0  147.0  444.0  444.0
1995   6  1  6 0600   -5.4  977.4   12.2  150.0  444.0  444.0
1995   6  1  6 0700   -6.2  978.1   10.0  140.0  444.0  444.0
1995   6  1  6 0800   -6.2  978.5   10.3  151.0  444.0  444.0
1995   6  1  6 0900   -6.6  978.8    6.6  156.0  444.0  444.0
1995   6  1  6 1000   -6.6  979.3    7.4  157.0  444.0  444.0
1995   6  1  6 1100   -7.0  979.4    7.6  157.0  444.0  444.0
1995   6  1  6 1200   -7.1  979.8    8.6  150.0  444.0  444.0
1995   6  1  6 1300   -7.1  980.1    7.4  153.0  444.0  444.0
1995   6  1  6 1400   -6.9  980.3    7.4  161.0  444.0  444.0
1995   6  1  6 1500   -6.4  980.0    9.3  146.0  444.0  444.0
1995   6  1  6 1600   -6.4  980.2    6.9  149.0  444.0  444.0
1995   6  1  6 1700   -6.0  980.5    5.4  149.0  444.0  444.0
1995   6  1  6 1800   -5.9  980.7    5.1  147.0  444.0  444.0
1995   6  1  6 1900   -5.5  980.8    5.1  135.0  444.0  444.0
1995   6  1  6 2000   -5.1  981.0    5.1  137.0  444.0  444.0
1995   6  1  6 2100   -4.6  981.0    6.1  132.0  444.0  444.0
1995   6  1  6 2200   -3.6  981.2    3.9  129.0  444.0  444.0
1995   6  1  6 2300   -3.5  981.1    2.0  123.0  444.0  444.0
1995   7  1  7 0000   -3.1  981.1    1.2  146.0  444.0  444.0
1995   7  1  7 0100   -1.9  980.9    1.5   99.0  444.0  444.0
1995   7  1  7 0200   -1.8  980.6    2.2  116.0  444.0  444.0
1995   7  1  7 0300    0.5  980.2    1.7   59.0  444.0  444.0
1995   7  1  7 0400  444.0  980.0    0.0    0.0  444.0  444.0
1995   7  1  7 0500  444.0  979.8    0.7  357.0  444.0  444.0
1995   7  1  7 0600  444.0  979.6    1.2  360.0  444.0  444.0
1995   7  1  7 0700    1.0  979.5    1.5  360.0  444.0  444.0
1995   7  1  7 0800    0.0  979.2    1.0  313.0  444.0  444.0
1995   7  1  7 0900   -0.6  978.9    3.2  260.0  444.0  444.0
1995   7  1  7 1000   -1.4  978.9    3.9  232.0  444.0  444.0
1995   7  1  7 1100   -1.2  978.6    2.7  230.0  444.0  444.0
1995   7  1  7 1200   -1.4  978.5    2.9  248.0  444.0  444.0
1995   7  1  7 1300   -1.5  978.3    2.2  253.0  444.0  444.0
1995   7  1  7 1400   -2.4  978.1    3.4  254.0  444.0  444.0
1995   7  1  7 1500  444.0  977.7    1.2  223.0  444.0  444.0
1995   7  1  7 1600  444.0  977.7    1.0  160.0  444.0  444.0
1995   7  1  7 1700  444.0  977.7    1.0  215.0  444.0  444.0
1995   7  1  7 1800    0.8  977.5    1.5  239.0  444.0  444.0
1995   7  1  7 1900  444.0  977.6    0.0    0.0  444.0  444.0
1995   7  1  7 2000  444.0  977.3    1.2  216.0  444.0  444.0
1995   7  1  7 2100    0.0  977.0    2.2  139.0  444.0  444.0
1995   7  1  7 2200    1.4  976.8    2.0  132.0  444.0  444.0
1995   7  1  7 2300   -1.8  976.8    2.9  123.0  444.0  444.0
1995   8  1  8 0000   -1.8  976.7    2.9  140.0  444.0  444.0
1995   8  1  8 0100   -2.9  976.6    3.9  120.0  444.0  444.0
1995   8  1  8 0200   -2.8  976.3    4.7  142.0  444.0  444.0
1995   8  1  8 0300   -0.8  976.1    4.2  129.0  444.0  444.0
1995   8  1  8 0400   -2.0  975.9    4.2  127.0  444.0  444.0
1995   8  1  8 0500   -1.4  975.8    2.7  135.0  444.0  444.0
1995   8  1  8 0600    0.6  975.8    2.5  147.0  444.0  444.0
1995   8  1  8 0700    1.2  975.5    2.7  123.0  444.0  444.0
1995   8  1  8 0800   -0.4  975.1    1.2  150.0  444.0  444.0
1995   8  1  8 0900    1.0  974.9    1.5  133.0  444.0  444.0
1995   8  1  8 1000  444.0  974.7    0.0    0.0  444.0  444.0
1995   8  1  8 1100  444.0  974.4    1.2  258.0  444.0  444.0
1995   8  1  8 1200   -1.0  974.2    1.0  223.0  444.0  444.0
1995   8  1  8 1300  444.0  974.1    0.0    0.0  444.0  444.0
1995   8  1  8 1400  444.0  973.8    0.0    0.0  444.0  444.0
1995   8  1  8 1500   -0.5  973.4    0.5  274.0  444.0  444.0
1995   8  1  8 1600   -2.1  973.1    0.0    0.0  444.0  444.0
1995   8  1  8 1700  444.0  972.8    1.0  285.0  444.0  444.0
1995   8  1  8 1800  444.0  972.6    1.0  360.0  444.0  444.0
1995   8  1  8 1900   -2.9  972.2    2.5  351.0  444.0  444.0
1995   8  1  8 2000   -2.4  971.7    1.0  345.0  444.0  444.0
1995   8  1  8 2100   -2.9  971.1    2.7  341.0  444.0  444.0
1995   8  1  8 2200   -2.4  970.7    4.9  345.0  444.0  444.0
1995   8  1  8 2300   -2.9  970.3    3.9  350.0  444.0  444.0
1995   9  1  9 0000   -1.5  969.8    4.7  348.0  444.0  444.0
1995   9  1  9 0100   -1.1  969.2    5.1  341.0  444.0  444.0
1995   9  1  9 0200   -0.8  968.8    3.7  352.0  444.0  444.0
1995   9  1  9 0300   -1.0  968.4    4.2    1.0  444.0  444.0
1995   9  1  9 0400   -0.1  968.3    3.2   15.0  444.0  444.0
1995   9  1  9 0500    0.8  968.4    1.7   36.0  444.0  444.0
1995   9  1  9 0600   -1.0  968.4    2.9  360.0  444.0  444.0
1995   9  1  9 0700   -1.0  968.1    3.2  355.0  444.0  444.0
1995   9  1  9 0800   -1.1  967.6    3.7  351.0  444.0  444.0
1995   9  1  9 0900   -1.4  967.3    2.7  343.0  444.0  444.0
1995   9  1  9 1000   -1.1  967.0    3.4  355.0  444.0  444.0
1995   9  1  9 1100   -2.4  966.8    3.7  344.0  444.0  444.0
1995   9  1  9 1200   -1.2  966.7    2.2  316.0  444.0  444.0
1995   9  1  9 1300   -1.1  966.6    2.2  336.0  444.0  444.0
1995   9  1  9 1400    0.0  966.3    2.0  333.0  444.0  444.0
1995   9  1  9 1500   -0.5  966.1    1.5  319.0  444.0  444.0
1995   9  1  9 1600   -4.5  966.2    5.1  127.0  444.0  444.0
1995   9  1  9 1700   -3.6  966.5    3.9  122.0  444.0  444.0
1995   9  1  9 1800   -3.1  966.8    3.4  139.0  444.0  444.0
1995   9  1  9 1900   -2.1  967.3    5.4  146.0  444.0  444.0
1995   9  1  9 2000   -1.2  967.4    4.7  142.0  444.0  444.0
1995   9  1  9 2100   -1.2  967.4    2.9  150.0  444.0  444.0
1995   9  1  9 2200   -0.5  967.4    4.2  136.0  444.0  444.0
1995   9  1  9 2300   -0.5  967.4    4.9  136.0  444.0  444.0
1995  10  1 10 0000   -0.5  967.7    6.9  136.0  444.0  444.0
1995  10  1 10 0100   -2.1  968.1    4.9  120.0  444.0  444.0
1995  10  1 10 0200  444.0  968.2    1.2  136.0  444.0  444.0
1995  10  1 10 0300  444.0  968.0    0.0    0.0  444.0  444.0
1995  10  1 10 0400    0.1  967.4    1.5  130.0  444.0  444.0
1995  10  1 10 0500    0.0  967.5    1.2  130.0  444.0  444.0
1995  10  1 10 0600   -0.4  967.6    1.0   90.0  444.0  444.0
1995  10  1 10 0700  444.0  967.3    1.2  144.0  444.0  444.0
1995  10  1 10 0800   -0.6  967.2    1.0   99.0  444.0  444.0
1995  10  1 10 0900  444.0  966.8    1.0  205.0  444.0  444.0
1995  10  1 10 1000  444.0  966.6    0.0    0.0  444.0  444.0
1995  10  1 10 1100   -1.0  966.5    2.0  132.0  444.0  444.0
1995  10  1 10 1200   -1.6  966.4    0.7  258.0  444.0  444.0
1995  10  1 10 1300   -1.6  966.3    1.7  202.0  444.0  444.0
1995  10  1 10 1400   -3.0  965.9    1.2  208.0  444.0  444.0
1995  10  1 10 1500   -2.5  966.0    0.0    0.0  444.0  444.0
1995  10  1 10 1600   -2.4  965.8    1.2  262.0  444.0  444.0
1995  10  1 10 1700   -1.8  966.0    1.7  264.0  444.0  444.0
1995  10  1 10 1800  444.0  966.1    1.2  333.0  444.0  444.0
1995  10  1 10 1900   -2.4  966.1    1.7  156.0  444.0  444.0
1995  10  1 10 2000  444.0  965.9    0.0    0.0  444.0  444.0
1995  10  1 10 2100   -0.8  965.7    2.0  132.0  444.0  444.0
1995  10  1 10 2200   -2.8  965.2    5.4  132.0  444.0  444.0
1995  10  1 10 2300   -1.8  965.3    2.7  118.0  444.0  444.0
1995  11  1 11 0000   -1.4  965.7    2.5  158.0  444.0  444.0
1995  11  1 11 0100  444.0  444.0  444.0  444.0  444.0  444.0
1995  11  1 11 0200   -1.5  965.4    3.7  119.0  444.0  444.0
1995  11  1 11 0300   -1.0  965.5    5.1  109.0  444.0  444.0
1995  11  1 11 0400   -1.6  965.3    3.2  126.0  444.0  444.0
1995  11  1 11 0500  444.0  965.3    0.0    0.0  444.0  444.0
1995  11  1 11 0600  444.0  965.2    1.0    7.0  444.0  444.0
1995  11  1 11 0700   -0.4  965.1    0.5   23.0  444.0  444.0
1995  11  1 11 0800   -1.4  965.2    2.5   22.0  444.0  444.0
1995  11  1 11 0900   -1.6  965.4    1.7  295.0  444.0  444.0
1995  11  1 11 1000   -1.9  965.7    2.2  156.0  444.0  444.0
1995  11  1 11 1100   -3.1  965.9    2.7  147.0  444.0  444.0
1995  11  1 11 1200   -3.1  966.1    2.9  143.0  444.0  444.0
1995  11  1 11 1300   -3.1  966.2    4.7  144.0  444.0  444.0
1995  11  1 11 1400   -3.1  966.4    2.9  147.0  444.0  444.0
1995  11  1 11 1500   -3.1  966.4    2.7  139.0  444.0  444.0
1995  11  1 11 1600   -3.4  966.3    3.9  130.0  444.0  444.0
1995  11  1 11 1700   -3.4  966.2    2.9  139.0  444.0  444.0
1995  11  1 11 1800  444.0  444.0  444.0  444.0  444.0  444.0
1995  11  1 11 1900   -2.9  966.4    2.5  135.0  444.0  444.0
1995  11  1 11 2000   -2.5  966.5    2.5  136.0  444.0  444.0
1995  11  1 11 2100   -2.5  966.6    2.7  135.0  444.0  444.0
1995  11  1 11 2200   -3.1  966.8    2.9  101.0  444.0  444.0
1995  11  1 11 2300  444.0  444.0  444.0  444.0  444.0  444.0
1995  12  1 12 0000   -4.1  967.1    2.5  137.0  444.0  444.0
1995  12  1 12 0100   -3.9  967.1    4.4  119.0  444.0  444.0
1995  12  1 12 0200   -3.5  967.1    3.2  119.0  444.0  444.0
1995  12  1 12 0300   -3.6  967.0    2.9  120.0  444.0  444.0
1995  12  1 12 0400  444.0  444.0  444.0  444.0  444.0  444.0
1995  12  1 12 0500   -5.4  967.1    5.4  140.0  444.0  444.0
1995  12  1 12 0600   -5.1  967.1    5.1  142.0  444.0  444.0
1995  12  1 12 0700   -4.9  966.9    4.9  133.0  444.0  444.0
1995  12  1 12 0800   -4.9  967.0    5.6  144.0  444.0  444.0
1995  12  1 12 0900   -4.6  967.0    4.9  135.0  444.0  444.0
1995  12  1 12 1000   -5.1  967.1    4.4  154.0  444.0  444.0
1995  12  1 12 1100  444.0  444.0  444.0  444.0  444.0  444.0
1995  12  1 12 1200   -5.5  967.3    3.4  149.0  444.0  444.0
1995  12  1 12 1300   -5.5  967.5    4.2  144.0  444.0  444.0
1995  12  1 12 1400   -5.9  967.6    4.2  142.0  444.0  444.0
1995  12  1 12 1500   -5.9  967.5    2.2  143.0  444.0  444.0
1995  12  1 12 1600  444.0  444.0  444.0  444.0  444.0  444.0
1995  12  1 12 1700   -5.5  967.5    1.2  123.0  444.0  444.0
1995  12  1 12 1800  444.0  967.6    0.0    0.0  444.0  444.0
1995  12  1 12 1900  444.0  967.6    1.0   14.0  444.0  444.0
1995  12  1 12 2000   -4.0  967.7    1.5   21.0  444.0  444.0
1995  12  1 12 2100  444.0  444.0  444.0  444.0  444.0  444.0
1995  12  1 12 2200   -4.0  967.8    2.0   66.0  444.0  444.0
1995  12  1 12 2300  444.0  444.0  444.0  444.0  444.0  444.0
1995  13  1 13 0000   -4.1  968.3    5.6  139.0  444.0  444.0
1995  13  1 13 0100  444.0  444.0  444.0  444.0  444.0  444.0
1995  13  1 13 0200  444.0  444.0  444.0  444.0  444.0  444.0
1995  13  1 13 0300   -4.2  968.6    4.9  125.0  444.0  444.0
1995  13  1 13 0400  444.0  444.0  444.0  444.0  444.0  444.0
1995  13  1 13 0500   -3.0  969.0    3.4  111.0  444.0  444.0
1995  13  1 13 0600   -3.6  969.4    4.4  125.0  444.0  444.0
1995  13  1 13 0700   -4.0  969.7    3.7  137.0  444.0  444.0
1995  13  1 13 0800   -3.9  969.9    3.4  149.0  444.0  444.0
1995  13  1 13 0900  444.0  444.0  444.0  444.0  444.0  444.0
1995  13  1 13 1000   -4.5  970.8    6.1  144.0  444.0  444.0
1995  13  1 13 1100   -5.4  971.0    5.9  151.0  444.0  444.0
1995  13  1 13 1200   -6.2  971.3    5.6  144.0  444.0  444.0
1995  13  1 13 1300   -6.0  971.7    4.2  158.0  444.0  444.0
1995  13  1 13 1400  444.0  444.0  444.0  444.0  444.0  444.0
1995  13  1 13 1500   -5.5  971.8    5.4  151.0  444.0  444.0
1995  13  1 13 1600   -5.2  972.0    5.9  163.0  444.0  444.0
1995  13  1 13 1700   -5.5  972.0    5.4  130.0  444.0  444.0
1995  13  1 13 1800   -5.5  972.3    4.7  139.0  444.0  444.0
1995  13  1 13 1900  444.0  444.0  444.0  444.0  444.0  444.0
1995  13  1 13 2000   -5.2  972.6    3.2  133.0  444.0  444.0
1995  13  1 13 2100   -4.2  973.0    2.9  156.0  444.0  444.0
1995  13  1 13 2200   -4.0  973.0    2.5  116.0  444.0  444.0
1995  13  1 13 2300   -4.2  973.4    2.2   97.0  444.0  444.0
1995  14  1 14 0000   -3.9  973.4    2.0  151.0  444.0  444.0
1995  14  1 14 0100   -3.6  973.4    1.0   49.0  444.0  444.0
1995  14  1 14 0200  444.0  444.0  444.0  444.0  444.0  444.0
1995  14  1 14 0300   -3.4  972.8    0.5    2.0  444.0  444.0
1995  14  1 14 0400   -1.9  972.4    3.2  284.0  444.0  444.0
1995  14  1 14 0500   -2.8  972.3    5.1  268.0  444.0  444.0
1995  14  1 14 0600   -2.8  972.4    4.9  270.0  444.0  444.0
1995  14  1 14 0700   -2.4  972.7    2.7   80.0  444.0  444.0
1995  14  1 14 0800   -1.2  972.6    1.5  130.0  444.0  444.0
1995  14  1 14 0900   -2.9  972.4    2.0   15.0  444.0  444.0
1995  14  1 14 1000   -2.8  972.3    1.5  347.0  444.0  444.0
1995  14  1 14 1100   -3.4  972.1    2.9  258.0  444.0  444.0
1995  14  1 14 1200   -3.6  972.2    2.0  260.0  444.0  444.0
1995  14  1 14 1300   -3.5  972.4    0.0    0.0  444.0  444.0
1995  14  1 14 1400   -3.5  972.4    1.7   92.0  444.0  444.0
1995  14  1 14 1500   -4.1  972.6    2.2  113.0  444.0  444.0
1995  14  1 14 1600   -4.2  972.3    2.5  149.0  444.0  444.0
1995  14  1 14 1700   -3.8  972.3    2.9  170.0  444.0  444.0
1995  14  1 14 1800   -4.2  972.2    3.2  133.0  444.0  444.0
1995  14  1 14 1900   -3.4  972.4    2.7  136.0  444.0  444.0
1995  14  1 14 2000   -3.0  972.4    1.5  139.0  444.0  444.0
1995  14  1 14 2100   -1.4  972.3    2.2  126.0  444.0  444.0
1995  14  1 14 2200   -1.8  971.9    1.5   29.0  444.0  444.0
1995  14  1 14 2300   -1.2  971.9    1.5   35.0  444.0  444.0
1995  15  1 15 0000  444.0  971.7    1.0    9.0  444.0  444.0
1995  15  1 15 0100   -2.8  971.8    3.2   82.0  444.0  444.0
1995  15  1 15 0200   -2.4  971.7    3.2   80.0  444.0  444.0
1995  15  1 15 0300   -2.9  971.5    1.5  127.0  444.0  444.0
1995  15  1 15 0400   -3.0  971.5    4.4  116.0  444.0  444.0
1995  15  1 15 0500   -3.5  971.6    3.7  133.0  444.0  444.0
1995  15  1 15 0600   -3.5  971.6    3.7  133.0  444.0  444.0
1995  15  1 15 0700   -3.5  971.4    2.7  113.0  444.0  444.0
1995  15  1 15 0800   -4.1  971.6    3.4  112.0  444.0  444.0
1995  15  1 15 0900   -4.4  971.7    1.0  133.0  444.0  444.0
1995  15  1 15 1000   -4.1  971.7    0.5  130.0  444.0  444.0
1995  15  1 15 1100   -4.1  971.6    1.2  151.0  444.0  444.0
1995  15  1 15 1200  444.0  971.6    1.0  133.0  444.0  444.0
1995  15  1 15 1300   -4.0  971.2    0.5  213.0  444.0  444.0
1995  15  1 15 1400   -4.1  971.1    1.0  232.0  444.0  444.0
1995  15  1 15 1500   -4.1  971.0    1.0  262.0  444.0  444.0
1995  15  1 15 1600   -3.5  970.8    0.0    0.0  444.0  444.0
1995  15  1 15 1700   -3.5  971.0    0.0    0.0  444.0  444.0
1995  15  1 15 1800   -4.1  971.0    1.2  139.0  444.0  444.0
1995  15  1 15 1900   -3.4  971.3    2.0  140.0  444.0  444.0
1995  15  1 15 2000   -3.5  971.1    2.9  118.0  444.0  444.0
1995  15  1 15 2100   -4.4  971.0    3.7  129.0  444.0  444.0
1995  15  1 15 2200   -3.4  970.9    3.9  126.0  444.0  444.0
1995  15  1 15 2300   -3.4  970.9    2.5  119.0  444.0  444.0
1995  16  1 16 0000   -3.1  970.9    3.2  132.0  444.0  444.0
1995  16  1 16 0100   -2.6  970.9    2.7  137.0  444.0  444.0
1995  16  1 16 0200   -2.8  970.7    3.7  137.0  444.0  444.0
1995  16  1 16 0300   -1.9  970.4    4.4  129.0  444.0  444.0
1995  16  1 16 0400   -1.9  970.4    4.9  157.0  444.0  444.0
1995  16  1 16 0500   -1.5  970.4    5.6  130.0  444.0  444.0
1995  16  1 16 0600   -2.1  970.4    3.9  151.0  444.0  444.0
1995  16  1 16 0700   -2.8  970.3    3.7  136.0  444.0  444.0
1995  16  1 16 0800   -2.4  970.5    2.9  144.0  444.0  444.0
1995  16  1 16 0900   -2.6  970.4    3.2  140.0  444.0  444.0
1995  16  1 16 1000   -2.5  970.4    2.2  161.0  444.0  444.0
1995  16  1 16 1100   -2.4  970.4    2.2  147.0  444.0  444.0
1995  16  1 16 1200   -3.1  970.4    2.0  142.0  444.0  444.0
1995  16  1 16 1300   -3.5  970.6    2.7  144.0  444.0  444.0
1995  16  1 16 1400   -2.9  970.6    2.5  142.0  444.0  444.0
1995  16  1 16 1500   -2.8  970.6    2.0  140.0  444.0  444.0
1995  16  1 16 1600   -3.1  970.4    1.2  222.0  444.0  444.0
1995  16  1 16 1700   -3.6  970.4    2.7  153.0  444.0  444.0
1995  16  1 16 1800   -3.5  970.5    3.9  136.0  444.0  444.0
1995  16  1 16 1900   -3.1  970.6    2.7  132.0  444.0  444.0
1995  16  1 16 2000   -2.5  970.7    2.9  129.0  444.0  444.0
1995  16  1 16 2100   -2.4  970.8    2.5  144.0  444.0  444.0
1995  16  1 16 2200   -1.8  970.7    2.2  127.0  444.0  444.0
1995  16  1 16 2300   -2.4  970.6    2.2  112.0  444.0  444.0
1995  17  1 17 0000   -2.1  970.7    1.7  116.0  444.0  444.0
1995  17  1 17 0100   -2.4  970.7    1.5   84.0  444.0  444.0
1995  17  1 17 0200   -2.2  970.6    1.7  133.0  444.0  444.0
1995  17  1 17 0300   -1.2  970.6    2.0  146.0  444.0  444.0
1995  17  1 17 0400   -1.2  970.4    2.9  106.0  444.0  444.0
1995  17  1 17 0500   -0.6  970.4    1.7  119.0  444.0  444.0
1995  17  1 17 0600   -1.0  970.3    2.7  139.0  444.0  444.0
1995  17  1 17 0700   -1.4  970.3    2.9  133.0  444.0  444.0
1995  17  1 17 0800   -1.4  970.4    2.0  112.0  444.0  444.0
1995  17  1 17 0900   -2.2  970.5    2.0  146.0  444.0  444.0
1995  17  1 17 1000   -3.8  970.6    1.7  150.0  444.0  444.0
1995  17  1 17 1100   -4.1  971.1    3.2  139.0  444.0  444.0
1995  17  1 17 1200   -3.8  971.3    1.2  158.0  444.0  444.0
1995  17  1 17 1300   -3.8  971.5    0.0    0.0  444.0  444.0
1995  17  1 17 1400  444.0  971.7    0.0    0.0  444.0  444.0
1995  17  1 17 1500   -3.8  971.4    1.2  264.0  444.0  444.0
1995  17  1 17 1600   -4.1  971.3    1.7  257.0  444.0  444.0
1995  17  1 17 1700  444.0  971.5    0.0    0.0  444.0  444.0
1995  17  1 17 1800   -3.6  971.8    2.5  133.0  444.0  444.0
1995  17  1 17 1900   -5.0  971.9    4.4  137.0  444.0  444.0
1995  17  1 17 2000   -4.1  972.1    2.9  143.0  444.0  444.0
1995  17  1 17 2100   -4.0  972.1    3.7  137.0  444.0  444.0
1995  17  1 17 2200   -4.2  972.4    2.7  158.0  444.0  444.0
1995  17  1 17 2300   -3.8  972.4    3.9  126.0  444.0  444.0
1995  18  1 18 0000   -4.0  972.4    2.7  126.0  444.0  444.0
1995  18  1 18 0100   -3.1  972.5    3.2  119.0  444.0  444.0
1995  18  1 18 0200   -2.4  972.2    3.7   88.0  444.0  444.0
1995  18  1 18 0300   -2.9  972.1    3.9   97.0  444.0  444.0
1995  18  1 18 0400   -3.4  972.0    4.4   78.0  444.0  444.0
1995  18  1 18 0500   -3.5  972.2    4.4   68.0  444.0  444.0
1995  18  1 18 0600   -3.9  972.2    2.2   78.0  444.0  444.0
1995  18  1 18 0700   -3.6  972.3    2.5   12.0  444.0  444.0
1995  18  1 18 0800   -4.0  972.2    2.0    7.0  444.0  444.0
1995  18  1 18 0900   -4.4  972.2    2.5   15.0  444.0  444.0
1995  18  1 18 1000   -4.5  972.2    2.9    4.0  444.0  444.0
1995  18  1 18 1100   -4.5  972.1    1.2  343.0  444.0  444.0
1995  18  1 18 1200   -5.4  971.9    2.2  348.0  444.0  444.0
1995  18  1 18 1300   -5.5  971.8    1.7  289.0  444.0  444.0
1995  18  1 18 1400   -5.5  971.6    2.2  278.0  444.0  444.0
1995  18  1 18 1500   -5.5  971.3    2.0  303.0  444.0  444.0
1995  18  1 18 1600   -5.2  971.3    0.0    0.0  444.0  444.0
1995  18  1 18 1700   -5.2  971.2    0.5  350.0  444.0  444.0
1995  18  1 18 1800   -4.6  971.0    1.5  319.0  444.0  444.0
1995  18  1 18 1900  444.0  971.0    0.7   68.0  444.0  444.0
1995  18  1 18 2000  444.0  971.0    0.0    0.0  444.0  444.0
1995  18  1 18 2100  444.0  970.9    0.7  341.0  444.0  444.0
1995  18  1 18 2200   -3.5  971.1    2.9   80.0  444.0  444.0
1995  18  1 18 2300  444.0  971.2    0.5  102.0  444.0  444.0
1995  19  1 19 0000   -1.8  971.2    0.7   45.0  444.0  444.0
1995  19  1 19 0100  444.0  444.0  444.0  444.0  444.0  444.0
1995  19  1 19 0200   -1.6  971.2    2.5   64.0  444.0  444.0
1995  19  1 19 0300   -1.4  971.1    2.2   92.0  444.0  444.0
1995  19  1 19 0400   -2.5  970.9    8.6  109.0  444.0  444.0
1995  19  1 19 0500   -3.4  971.4    4.4  116.0  444.0  444.0
1995  19  1 19 0600   -3.5  971.8    4.2  132.0  444.0  444.0
1995  19  1 19 0700   -3.9  971.8    6.6  130.0  444.0  444.0
1995  19  1 19 0800   -4.0  972.2    4.9  143.0  444.0  444.0
1995  19  1 19 0900   -4.1  972.2    4.9  127.0  444.0  444.0
1995  19  1 19 1000   -4.6  972.1    4.2  142.0  444.0  444.0
1995  19  1 19 1100   -5.0  972.3    1.7  108.0  444.0  444.0
1995  19  1 19 1200   -5.1  972.5    0.2   77.0  444.0  444.0
1995  19  1 19 1300   -4.9  972.7    0.7  144.0  444.0  444.0
1995  19  1 19 1400   -4.8  972.4    0.0    0.0  444.0  444.0
1995  19  1 19 1500   -4.5  972.2    1.2  195.0  444.0  444.0
1995  19  1 19 1600   -5.1  972.0    2.5  223.0  444.0  444.0
1995  19  1 19 1700   -4.6  972.1    1.2  213.0  444.0  444.0
1995  19  1 19 1800   -4.2  971.8    1.5  108.0  444.0  444.0
1995  19  1 19 1900   -4.1  971.8    3.4  130.0  444.0  444.0
1995  19  1 19 2000   -3.1  971.7    3.2  143.0  444.0  444.0
1995  19  1 19 2100   -3.9  971.3    5.1  137.0  444.0  444.0
1995  19  1 19 2200   -3.5  971.2    5.9  150.0  444.0  444.0
1995  19  1 19 2300   -3.4  971.0    5.6  139.0  444.0  444.0
1995  20  1 20 0000   -3.4  971.0    4.4  140.0  444.0  444.0
1995  20  1 20 0100  444.0  444.0  444.0  444.0  444.0  444.0
1995  20  1 20 0200   -3.0  970.7    3.7  153.0  444.0  444.0
1995  20  1 20 0300   -3.5  970.2    4.7  144.0  444.0  444.0
1995  20  1 20 0400   -2.5  970.0    4.7  143.0  444.0  444.0
1995  20  1 20 0500   -2.9  970.0    5.4  146.0  444.0  444.0
1995  20  1 20 0600   -2.4  969.9    2.9  165.0  444.0  444.0
1995  20  1 20 0700   -2.9  969.7    4.9  136.0  444.0  444.0
1995  20  1 20 0800   -2.9  969.7    4.7  144.0  444.0  444.0
1995  20  1 20 0900   -3.6  969.7    4.4  139.0  444.0  444.0
1995  20  1 20 1000   -3.1  969.9    4.2  130.0  444.0  444.0
1995  20  1 20 1100   -4.2  970.0    4.4  150.0  444.0  444.0
1995  20  1 20 1200   -4.8  970.1    3.2  146.0  444.0  444.0
1995  20  1 20 1300   -5.4  970.2    4.2  143.0  444.0  444.0
1995  20  1 20 1400   -4.8  970.1    3.9  153.0  444.0  444.0
1995  20  1 20 1500   -5.5  970.2    3.7  144.0  444.0  444.0
1995  20  1 20 1600   -5.5  970.3    2.7  129.0  444.0  444.0
1995  20  1 20 1700   -4.8  970.4    2.0  113.0  444.0  444.0
1995  20  1 20 1800   -6.1  970.6    2.0  150.0  444.0  444.0
1995  20  1 20 1900   -4.9  970.7    2.5  164.0  444.0  444.0
1995  20  1 20 2000   -4.2  970.9    2.9  118.0  444.0  444.0
1995  20  1 20 2100   -3.5  971.0    2.5  120.0  444.0  444.0
1995  20  1 20 2200   -3.4  971.0    3.2  115.0  444.0  444.0
1995  20  1 20 2300  444.0  444.0  444.0  444.0  444.0  444.0
1995  21  1 21 0000   -2.8  971.8    2.2  129.0  444.0  444.0
1995  21  1 21 0100   -1.6  972.1    1.2  126.0  444.0  444.0
1995  21  1 21 0200   -0.6  971.9    1.2   84.0  444.0  444.0
1995  21  1 21 0300   -0.8  971.9    1.7   88.0  444.0  444.0
1995  21  1 21 0400    0.0  972.0    1.5   95.0  444.0  444.0
1995  21  1 21 0500   -0.6  972.6    2.5   56.0  444.0  444.0
1995  21  1 21 0600  444.0  973.0    1.2  118.0  444.0  444.0
1995  21  1 21 0700   -1.0  973.1    1.2  118.0  444.0  444.0
1995  21  1 21 0800    0.4  973.2    0.0    0.0  444.0  444.0
1995  21  1 21 0900  444.0  973.6    0.5   40.0  444.0  444.0
1995  21  1 21 1000  444.0  973.7    0.0    0.0  444.0  444.0
1995  21  1 21 1100   -3.5  973.9    0.5    1.0  444.0  444.0
1995  21  1 21 1200   -4.4  974.3    0.0    0.0  444.0  444.0
1995  21  1 21 1300  444.0  974.8    0.0    0.0  444.0  444.0
1995  21  1 21 1400  444.0  975.0    0.0    0.0  444.0  444.0
1995  21  1 21 1500   -3.4  975.0    1.7  212.0  444.0  444.0
1995  21  1 21 1600  444.0  975.1    1.0  261.0  444.0  444.0
1995  21  1 21 1700   -4.2  975.5    1.5  223.0  444.0  444.0
1995  21  1 21 1800   -2.5  975.8    1.2  264.0  444.0  444.0
1995  21  1 21 1900  444.0  975.9    1.0   52.0  444.0  444.0
1995  21  1 21 2000   -2.8  976.1    1.2  151.0  444.0  444.0
1995  21  1 21 2100  444.0  976.0    0.0    0.0  444.0  444.0
1995  21  1 21 2200   -1.5  976.0    1.2  360.0  444.0  444.0
1995  21  1 21 2300   -1.2  976.2    0.7  111.0  444.0  444.0
1995  22  1 22 0000   -1.6  976.1    1.7  130.0  444.0  444.0
1995  22  1 22 0100   -1.8  976.1    1.5  113.0  444.0  444.0
1995  22  1 22 0200  444.0  444.0  444.0  444.0  444.0  444.0
1995  22  1 22 0300   -2.9  975.7    2.7  144.0  444.0  444.0
1995  22  1 22 0400  444.0  444.0  444.0  444.0  444.0  444.0
1995  22  1 22 0500   -2.8  975.6    3.7  127.0  444.0  444.0
1995  22  1 22 0600   -3.1  975.7    3.7  111.0  444.0  444.0
1995  22  1 22 0700   -2.8  975.8    2.2  106.0  444.0  444.0
1995  22  1 22 0800   -1.9  975.9    2.5  125.0  444.0  444.0
1995  22  1 22 0900   -4.2  976.0    4.2  144.0  444.0  444.0
1995  22  1 22 1000   -4.8  976.0    2.9  129.0  444.0  444.0
1995  22  1 22 1100   -4.9  976.1    3.9  140.0  444.0  444.0
1995  22  1 22 1200   -3.9  976.1    2.7  132.0  444.0  444.0
1995  22  1 22 1300   -4.6  975.9    2.2  143.0  444.0  444.0
1995  22  1 22 1400  444.0  444.0  444.0  444.0  444.0  444.0
1995  22  1 22 1500   -5.0  975.3    2.5  158.0  444.0  444.0
1995  22  1 22 1600   -4.5  975.0    1.0  146.0  444.0  444.0
1995  22  1 22 1700   -4.6  974.9    2.5  136.0  444.0  444.0
1995  22  1 22 1800   -4.6  975.0    4.2  137.0  444.0  444.0
1995  22  1 22 1900  444.0  444.0  444.0  444.0  444.0  444.0
1995  22  1 22 2000  444.0  444.0  444.0  444.0  444.0  444.0
1995  22  1 22 2100  444.0  974.2    1.2  135.0  444.0  444.0
1995  22  1 22 2200  444.0  974.0    1.2   80.0  444.0  444.0
1995  22  1 22 2300   -3.5  973.4    0.0    0.0  444.0  444.0
1995  23  1 23 0000  444.0  444.0  444.0  444.0  444.0  444.0
1995  23  1 23 0100   -2.9  972.5    1.2   60.0  444.0  444.0
1995  23  1 23 0200  444.0  444.0  444.0  444.0  444.0  444.0
1995  23  1 23 0300   -1.4  971.3    2.7   23.0  444.0  444.0
1995  23  1 23 0400   -2.4  970.6    1.5   14.0  444.0  444.0
1995  23  1 23 0500   -2.2  970.2    1.5    5.0  444.0  444.0
1995  23  1 23 0600   -3.1  970.0    2.0   14.0  444.0  444.0
1995  23  1 23 0700  444.0  444.0  444.0  444.0  444.0  444.0
1995  23  1 23 0800   -1.4  969.6    2.2  111.0  444.0  444.0
1995  23  1 23 0900   -4.0  969.3    5.1  116.0  444.0  444.0
1995  23  1 23 1000   -5.4  969.4    4.7  146.0  444.0  444.0
1995  23  1 23 1100   -5.5  969.3    4.9  142.0  444.0  444.0
1995  23  1 23 1200  444.0  444.0  444.0  444.0  444.0  444.0
1995  23  1 23 1300   -5.9  969.2    2.2  127.0  444.0  444.0
1995  23  1 23 1400   -5.9  968.9    0.7  129.0  444.0  444.0
1995  23  1 23 1500   -6.2  968.8    1.5  140.0  444.0  444.0
1995  23  1 23 1600   -6.0  968.7    1.5  136.0  444.0  444.0
1995  23  1 23 1700  444.0  444.0  444.0  444.0  444.0  444.0
1995  23  1 23 1800   -5.5  968.8    1.7  125.0  444.0  444.0
1995  23  1 23 1900   -5.5  968.8    2.2  139.0  444.0  444.0
1995  23  1 23 2000   -5.5  968.8    2.2  132.0  444.0  444.0
1995  23  1 23 2100   -4.6  968.7    2.0   99.0  444.0  444.0
1995  23  1 23 2200  444.0  444.0  444.0  444.0  444.0  444.0
1995  23  1 23 2300   -3.9  968.5    2.2   99.0  444.0  444.0
1995  24  1 24 0000  444.0  444.0  444.0  444.0  444.0  444.0
1995  24  1 24 0100   -3.5  968.3    1.0  108.0  444.0  444.0
1995  24  1 24 0200   -3.4  968.0    2.0  129.0  444.0  444.0
1995  24  1 24 0300   -3.5  967.9    1.7  146.0  444.0  444.0
1995  24  1 24 0400   -3.5  967.9    2.9  109.0  444.0  444.0
1995  24  1 24 0500  444.0  444.0  444.0  444.0  444.0  444.0
1995  24  1 24 0600   -3.5  968.0    2.2  127.0  444.0  444.0
1995  24  1 24 0700   -3.1  968.2    0.0    0.0  444.0  444.0
1995  24  1 24 0800   -2.9  968.2    1.7   80.0  444.0  444.0
1995  24  1 24 0900   -3.9  968.3    3.9   95.0  444.0  444.0
1995  24  1 24 1000  444.0  444.0  444.0  444.0  444.0  444.0
1995  24  1 24 1100   -7.0  969.2    3.9  111.0  444.0  444.0
1995  24  1 24 1200   -7.4  969.6    4.4  133.0  444.0  444.0
1995  24  1 24 1300   -7.2  969.9    2.2  133.0  444.0  444.0
1995  24  1 24 1400   -7.5  970.0    3.7  139.0  444.0  444.0
1995  24  1 24 1500   -7.2  970.3    4.7  135.0  444.0  444.0
1995  24  1 24 1600   -7.1  970.6    2.5  130.0  444.0  444.0
1995  24  1 24 1700   -7.1  971.0    2.7  139.0  444.0  444.0
1995  24  1 24 1800   -6.9  971.1    2.7  115.0  444.0  444.0
1995  24  1 24 1900   -5.8  971.6    1.5  106.0  444.0  444.0
1995  24  1 24 2000   -5.9  971.4    1.2  126.0  444.0  444.0
1995  24  1 24 2100   -3.1  971.6    1.5  246.0  444.0  444.0
1995  24  1 24 2200  444.0  444.0  444.0  444.0  444.0  444.0
1995  24  1 24 2300  444.0  971.5    0.5   39.0  444.0  444.0
1995  25  1 25 0000  444.0  971.3    0.0    0.0  444.0  444.0
1995  25  1 25 0100  444.0  970.8    1.0  360.0  444.0  444.0
1995  25  1 25 0200   -3.1  970.5    3.7    4.0  444.0  444.0
1995  25  1 25 0300  444.0  444.0  444.0  444.0  444.0  444.0
1995  25  1 25 0400   -2.6  970.3    3.4  360.0  444.0  444.0
1995  25  1 25 0500   -1.4  970.4    1.5  350.0  444.0  444.0
1995  25  1 25 0600   -0.8  970.2    2.2   11.0  444.0  444.0
1995  25  1 25 0700   -2.4  970.2    1.0  360.0  444.0  444.0
1995  25  1 25 0800  444.0  444.0  444.0  444.0  444.0  444.0
1995  25  1 25 0900  444.0  970.1    0.7    4.0  444.0  444.0
1995  25  1 25 1000  444.0  970.3    0.7   40.0  444.0  444.0
1995  25  1 25 1100   -3.4  970.1    1.7  271.0  444.0  444.0
1995  25  1 25 1200   -4.6  970.4    0.0    0.0  444.0  444.0
1995  25  1 25 1300   -4.9  970.5    1.2  265.0  444.0  444.0
1995  25  1 25 1400   -4.9  970.6    0.0    0.0  444.0  444.0
1995  25  1 25 1500  444.0  970.8    0.7  261.0  444.0  444.0
1995  25  1 25 1600  444.0  970.6    0.0    0.0  444.0  444.0
1995  25  1 25 1700   -3.4  970.5    1.0  156.0  444.0  444.0
1995  25  1 25 1800   -3.4  970.5    2.0  165.0  444.0  444.0
1995  25  1 25 1900   -4.0  970.7    5.9  129.0  444.0  444.0
1995  25  1 25 2000   -5.1  971.2    4.9  146.0  444.0  444.0
1995  25  1 25 2100   -5.1  971.4    5.4  135.0  444.0  444.0
1995  25  1 25 2200   -5.4  971.9    4.4  137.0  444.0  444.0
1995  25  1 25 2300   -5.9  972.3    4.4  132.0  444.0  444.0
1995  26  1 26 0000   -6.2  972.1    4.9  125.0  444.0  444.0
1995  26  1 26 0100  444.0  444.0  444.0  444.0  444.0  444.0
1995  26  1 26 0200   -5.1  972.1    0.0    0.0  444.0  444.0
1995  26  1 26 0300  444.0  972.0    0.5   75.0  444.0  444.0
1995  26  1 26 0400  444.0  972.0    0.0    0.0  444.0  444.0
1995  26  1 26 0500   -3.1  971.7    1.5  360.0  444.0  444.0
1995  26  1 26 0600  444.0  971.7    0.0    0.0  444.0  444.0
1995  26  1 26 0700   -3.8  971.6    1.7  244.0  444.0  444.0
1995  26  1 26 0800   -4.0  971.7    1.5  255.0  444.0  444.0
1995  26  1 26 0900   -3.5  971.9    0.7  307.0  444.0  444.0
1995  26  1 26 1000   -4.2  971.7    3.9  299.0  444.0  444.0
1995  26  1 26 1100   -4.4  971.8    3.9  336.0  444.0  444.0
1995  26  1 26 1200   -4.6  971.5    3.2  319.0  444.0  444.0
1995  26  1 26 1300   -4.8  971.4    1.7  212.0  444.0  444.0
1995  26  1 26 1400   -4.8  971.1    2.2  237.0  444.0  444.0
1995  26  1 26 1500   -4.9  970.8    0.0    0.0  444.0  444.0
1995  26  1 26 1600  444.0  970.6    1.2  184.0  444.0  444.0
1995  26  1 26 1700   -4.9  970.8    1.2  146.0  444.0  444.0
1995  26  1 26 1800  444.0  970.7    0.0    0.0  444.0  444.0
1995  26  1 26 1900   -2.8  970.6    1.2  177.0  444.0  444.0
1995  26  1 26 2000   -1.9  970.5    2.0  140.0  444.0  444.0
1995  26  1 26 2100   -2.8  970.3    2.5  122.0  444.0  444.0
1995  26  1 26 2200   -3.4  970.3    2.7  129.0  444.0  444.0
1995  26  1 26 2300   -1.8  970.2    1.7  105.0  444.0  444.0
1995  27  1 27 0000   -1.1  970.0    1.7  127.0  444.0  444.0
1995  27  1 27 0100   -1.0  969.5    1.0   92.0  444.0  444.0
1995  27  1 27 0200   -0.5  969.1    1.7  149.0  444.0  444.0
1995  27  1 27 0300    0.1  968.8    2.0  129.0  444.0  444.0
1995  27  1 27 0400   -0.1  968.6    2.5  127.0  444.0  444.0
1995  27  1 27 0500   -0.1  968.4    2.0   82.0  444.0  444.0
1995  27  1 27 0600   -0.5  968.5    2.2   73.0  444.0  444.0
1995  27  1 27 0700   -1.5  968.4    2.7  360.0  444.0  444.0
1995  27  1 27 0800   -1.5  968.4    1.5  360.0  444.0  444.0
1995  27  1 27 0900   -1.9  968.2    2.7  260.0  444.0  444.0
1995  27  1 27 1000   -2.8  968.3    2.5  267.0  444.0  444.0
1995  27  1 27 1100   -4.0  968.1    2.9  251.0  444.0  444.0
1995  27  1 27 1200   -3.6  968.4    2.9  260.0  444.0  444.0
1995  27  1 27 1300   -3.4  968.6    2.0  246.0  444.0  444.0
1995  27  1 27 1400  444.0  968.8    0.0    0.0  444.0  444.0
1995  27  1 27 1500  444.0  969.1    1.0  144.0  444.0  444.0
1995  27  1 27 1600   -4.2  969.2    1.0  139.0  444.0  444.0
1995  27  1 27 1700   -5.8  969.6    2.9  140.0  444.0  444.0
1995  27  1 27 1800   -5.1  969.7    3.9  123.0  444.0  444.0
1995  27  1 27 1900   -5.5  969.9    4.7  136.0  444.0  444.0
1995  27  1 27 2000   -5.4  970.2    4.9  139.0  444.0  444.0
1995  27  1 27 2100   -5.2  970.5    4.7  137.0  444.0  444.0
1995  27  1 27 2200   -4.0  970.8    4.7  149.0  444.0  444.0
1995  27  1 27 2300   -5.1  971.1    6.1  132.0  444.0  444.0
1995  28  1 28 0000   -4.9  971.3    5.4  140.0  444.0  444.0
1995  28  1 28 0100   -4.9  971.5    7.4  143.0  444.0  444.0
1995  28  1 28 0200   -5.4  971.7    8.3  140.0  444.0  444.0
1995  28  1 28 0300   -5.5  972.0    8.3  144.0  444.0  444.0
1995  28  1 28 0400   -5.4  972.1    7.1  139.0  444.0  444.0
1995  28  1 28 0500   -6.4  972.5    7.6  154.0  444.0  444.0
1995  28  1 28 0600   -6.0  972.8    6.9  144.0  444.0  444.0
1995  28  1 28 0700   -5.9  973.1    7.1  153.0  444.0  444.0
1995  28  1 28 0800   -6.0  973.6    6.9  147.0  444.0  444.0
1995  28  1 28 0900   -6.6  973.8    6.6  146.0  444.0  444.0
1995  28  1 28 1000   -6.4  974.0    5.6  151.0  444.0  444.0
1995  28  1 28 1100   -6.1  974.4    6.6  149.0  444.0  444.0
1995  28  1 28 1200   -6.4  974.7    5.9  156.0  444.0  444.0
1995  28  1 28 1300   -7.0  974.9    3.7  139.0  444.0  444.0
1995  28  1 28 1400   -7.9  975.1    4.2  133.0  444.0  444.0
1995  28  1 28 1500   -7.6  975.4    3.7  126.0  444.0  444.0
1995  28  1 28 1600   -7.6  975.9    3.2  142.0  444.0  444.0
1995  28  1 28 1700   -6.6  976.3    2.7  149.0  444.0  444.0
1995  28  1 28 1800   -6.2  976.5    2.9  135.0  444.0  444.0
1995  28  1 28 1900   -6.0  976.7    2.0  144.0  444.0  444.0
1995  28  1 28 2000   -5.2  976.8    1.2  112.0  444.0  444.0
1995  28  1 28 2100   -4.8  977.1    1.7  136.0  444.0  444.0
1995  28  1 28 2200   -3.6  977.4    1.5  102.0  444.0  444.0
1995  28  1 28 2300   -4.1  977.7    1.0   16.0  444.0  444.0
1995  29  1 29 0000   -4.0  977.6    1.0   30.0  444.0  444.0
1995  29  1 29 0100   -3.9  977.7    2.2  360.0  444.0  444.0
1995  29  1 29 0200   -3.6  977.6    2.7    7.0  444.0  444.0
1995  29  1 29 0300   -3.1  977.5    2.5  306.0  444.0  444.0
1995  29  1 29 0400   -4.0  977.5    4.9  347.0  444.0  444.0
1995  29  1 29 0500   -3.4  977.5    4.7  345.0  444.0  444.0
1995  29  1 29 0600   -4.1  977.6    5.1  351.0  444.0  444.0
1995  29  1 29 0700   -4.5  977.7    5.4  345.0  444.0  444.0
1995  29  1 29 0800   -4.9  977.6    3.7  343.0  444.0  444.0
1995  29  1 29 0900   -5.1  977.7    3.7  336.0  444.0  444.0
1995  29  1 29 1000   -4.6  977.9    2.2  337.0  444.0  444.0
1995  29  1 29 1100  444.0  978.1    0.0    0.0  444.0  444.0
1995  29  1 29 1200  444.0  977.9    0.0    0.0  444.0  444.0
1995  29  1 29 1300  444.0  977.7    0.5  146.0  444.0  444.0
1995  29  1 29 1400   -6.0  977.8    0.2   80.0  444.0  444.0
1995  29  1 29 1500   -6.4  978.1    0.0    0.0  444.0  444.0
1995  29  1 29 1600   -5.4  978.2    0.0    0.0  444.0  444.0
1995  29  1 29 1700  444.0  978.3    0.5  215.0  444.0  444.0
1995  29  1 29 1800  444.0  978.5    0.7  337.0  444.0  444.0
1995  29  1 29 1900   -4.5  978.6    1.2  351.0  444.0  444.0
1995  29  1 29 2000   -4.0  978.8    2.5  320.0  444.0  444.0
1995  29  1 29 2100   -3.6  978.9    2.9  330.0  444.0  444.0
1995  29  1 29 2200   -3.5  979.0    3.2  323.0  444.0  444.0
1995  29  1 29 2300   -3.9  979.1    3.2  347.0  444.0  444.0
1995  30  1 30 0000   -2.9  979.0    5.1  348.0  444.0  444.0
1995  30  1 30 0100   -2.8  979.1    3.2    4.0  444.0  444.0
1995  30  1 30 0200   -2.5  979.0    3.7    8.0  444.0  444.0
1995  30  1 30 0300   -2.2  978.9    2.9  360.0  444.0  444.0
1995  30  1 30 0400   -1.8  978.9    2.9   15.0  444.0  444.0
1995  30  1 30 0500   -2.9  979.0    3.2  358.0  444.0  444.0
1995  30  1 30 0600   -3.1  979.1    4.4  352.0  444.0  444.0
1995  30  1 30 0700   -3.1  979.1    3.4  357.0  444.0  444.0
1995  30  1 30 0800   -3.5  979.2    3.4  350.0  444.0  444.0
1995  30  1 30 0900   -3.4  979.2    2.0  347.0  444.0  444.0
1995  30  1 30 1000  444.0  979.6    0.0    0.0  444.0  444.0
1995  30  1 30 1100  444.0  979.8    0.0    0.0  444.0  444.0
1995  30  1 30 1200  444.0  980.1    0.0    0.0  444.0  444.0
1995  30  1 30 1300  444.0  980.4    0.5  206.0  444.0  444.0
1995  30  1 30 1400  444.0  980.8    0.2  164.0  444.0  444.0
1995  30  1 30 1500   -6.4  981.1    1.2  144.0  444.0  444.0
1995  30  1 30 1600   -5.5  981.4    0.7  149.0  444.0  444.0
1995  30  1 30 1700   -5.9  981.9    1.7  133.0  444.0  444.0
1995  30  1 30 1800   -4.5  982.6    2.0  157.0  444.0  444.0
1995  30  1 30 1900   -3.9  983.0    1.5  127.0  444.0  444.0
1995  30  1 30 2000   -4.1  983.2    2.2  127.0  444.0  444.0
1995  30  1 30 2100   -4.2  983.6    3.9  137.0  444.0  444.0
1995  30  1 30 2200   -4.9  984.0    5.6  122.0  444.0  444.0
1995  30  1 30 2300   -6.0  984.6    3.4  136.0  444.0  444.0
1995  31  1 31 0000   -5.4  984.9    4.4  125.0  444.0  444.0
1995  31  1 31 0100   -6.0  985.2    5.9  126.0  444.0  444.0
1995  31  1 31 0200  444.0  444.0  444.0  444.0  444.0  444.0
1995  31  1 31 0300   -4.9  986.2    5.1  144.0  444.0  444.0
1995  31  1 31 0400   -4.0  986.5    5.1  151.0  444.0  444.0
1995  31  1 31 0500   -4.9  986.8    6.4  149.0  444.0  444.0
1995  31  1 31 0600   -4.9  986.9    5.4  126.0  444.0  444.0
1995  31  1 31 0700   -5.4  986.9    4.2  126.0  444.0  444.0
1995  31  1 31 0800   -4.9  987.2    2.2  142.0  444.0  444.0
1995  31  1 31 0900   -5.1  987.3    1.7  135.0  444.0  444.0
1995  31  1 31 1000  444.0  987.2    0.2   85.0  444.0  444.0
1995  31  1 31 1100  444.0  987.2    0.0    0.0  444.0  444.0
1995  31  1 31 1200  444.0  987.2    0.7  302.0  444.0  444.0
1995  31  1 31 1300   -6.5  987.2    1.7  255.0  444.0  444.0
1995  31  1 31 1400   -6.4  987.0    1.0  240.0  444.0  444.0
1995  31  1 31 1500   -6.1  987.1    0.7  177.0  444.0  444.0
1995  31  1 31 1600  444.0  986.9    0.0    0.0  444.0  444.0
1995  31  1 31 1700   -4.5  986.9    1.2  130.0  444.0  444.0
1995  31  1 31 1800   -4.6  986.7    3.7  261.0  444.0  444.0
1995  31  1 31 1900  444.0  987.3    1.0  334.0  444.0  444.0
1995  31  1 31 2000   -2.2  987.4    2.0  307.0  444.0  444.0
1995  31  1 31 2100  444.0  444.0  444.0  444.0  444.0  444.0
1995  31  1 31 2200   -3.1  986.9    1.7  333.0  444.0  444.0
1995  31  1 31 2300   -2.5  986.8    2.7  355.0  444.0  444.0
