Year: 1997  Month: 07  ID: MPT  ARGOS:  8906  Name: Marble Point        
Lat: 77.44S  Lon: 163.76E  Elev:  108m
1997 182  7  1 0000  444.0  444.0  444.0  444.0  444.0  444.0
1997 182  7  1 0100  -32.2  981.4    1.7  225.0  444.0  444.0
1997 182  7  1 0200  -32.8  981.2    0.0    0.0  444.0  444.0
1997 182  7  1 0300  -32.0  980.8    1.7  237.0  444.0  444.0
1997 182  7  1 0400  -31.5  980.4    0.5  257.0  444.0  444.0
1997 182  7  1 0500  444.0  444.0  444.0  444.0  444.0  444.0
1997 182  7  1 0600  -31.0  979.6    1.0  275.0  444.0  444.0
1997 182  7  1 0700  -31.1  979.4    1.0  275.0  444.0  444.0
1997 182  7  1 0800  -31.0  978.9    1.7  278.0  444.0  444.0
1997 182  7  1 0900  -30.5  978.8    1.2  267.0  444.0  444.0
1997 182  7  1 1000  -30.4  978.4    1.2  270.0  444.0  444.0
1997 182  7  1 1100  -31.1  978.1    0.0    0.0  444.0  444.0
1997 182  7  1 1200  -31.5  977.8    1.5  192.0  444.0  444.0
1997 182  7  1 1300  -31.6  977.2    0.0    0.0  444.0  444.0
1997 182  7  1 1400  -31.6  977.1    0.2  199.0  444.0  444.0
1997 182  7  1 1500  -31.6  977.0    0.0    0.0  444.0  444.0
1997 182  7  1 1600  -31.5  977.1    0.0    0.0  444.0  444.0
1997 182  7  1 1700  -31.2  977.3    0.2  227.0  444.0  444.0
1997 182  7  1 1800  -31.6  977.3    0.0    0.0  444.0  444.0
1997 182  7  1 1900  -32.0  977.3    0.0    0.0  444.0  444.0
1997 182  7  1 2000  -31.9  977.2    0.0    0.0  444.0  444.0
1997 182  7  1 2100  -32.8  977.5    0.0    0.0  444.0  444.0
1997 182  7  1 2200  444.0  444.0  444.0  444.0  444.0  444.0
1997 182  7  1 2300  -32.5  977.8    0.0    0.0  444.0  444.0
1997 183  7  2 0000  -31.9  977.7    0.7  217.0  444.0  444.0
1997 183  7  2 0100  -32.2  977.6    0.0    0.0  444.0  444.0
1997 183  7  2 0200  -31.5  977.6    1.0  219.0  444.0  444.0
1997 183  7  2 0300  444.0  444.0  444.0  444.0  444.0  444.0
1997 183  7  2 0400  -32.5  978.3    0.0    0.0  444.0  444.0
1997 183  7  2 0500  -32.2  978.3    0.0    0.0  444.0  444.0
1997 183  7  2 0600  -32.2  978.4    1.0  199.0  444.0  444.0
1997 183  7  2 0700  -32.9  978.0    0.0    0.0  444.0  444.0
1997 183  7  2 0800  -32.2  977.9    1.0   95.0  444.0  444.0
1997 183  7  2 0900  -31.1  978.2    1.2  171.0  444.0  444.0
1997 183  7  2 1000  -31.4  978.5    1.5  202.0  444.0  444.0
1997 183  7  2 1100  -32.0  978.4    0.5  264.0  444.0  444.0
1997 183  7  2 1200  -30.1  978.4    0.0    0.0  444.0  444.0
1997 183  7  2 1300  -31.0  978.3    1.0  217.0  444.0  444.0
1997 183  7  2 1400  -29.4  978.3    0.0    0.0  444.0  444.0
1997 183  7  2 1500  444.0  444.0  444.0  444.0  444.0  444.0
1997 183  7  2 1600  -29.5  978.4    0.0    0.0  444.0  444.0
1997 183  7  2 1700  -29.9  978.4    2.2  137.0  444.0  444.0
1997 183  7  2 1800  -27.5  978.1    0.5  127.0  444.0  444.0
1997 183  7  2 1900  -28.0  977.8    0.0    0.0  444.0  444.0
1997 183  7  2 2000  444.0  444.0  444.0  444.0  444.0  444.0
1997 183  7  2 2100  -29.8  977.6    1.5   73.0  444.0  444.0
1997 183  7  2 2200  -29.2  977.7    0.0    0.0  444.0  444.0
1997 183  7  2 2300  -28.4  977.6    0.7  147.0  444.0  444.0
1997 184  7  3 0000  -28.6  977.6    0.0    0.0  444.0  444.0
1997 184  7  3 0100  -28.4  977.3    0.0    0.0  444.0  444.0
1997 184  7  3 0200  -25.5  977.0    1.0  219.0  444.0  444.0
1997 184  7  3 0300  -23.8  976.2    1.2  254.0  444.0  444.0
1997 184  7  3 0400  -23.2  975.6    0.7  306.0  444.0  444.0
1997 184  7  3 0500  -23.4  974.8    0.2    4.0  444.0  444.0
1997 184  7  3 0600  -23.2  974.1    0.0    0.0  444.0  444.0
1997 184  7  3 0700  -25.5  973.1    0.0    0.0  444.0  444.0
1997 184  7  3 0800  -24.1  972.0    1.5  140.0  444.0  444.0
1997 184  7  3 0900  -25.0  972.2    0.0    0.0  444.0  444.0
1997 184  7  3 1000  -23.1  971.3    2.9  237.0  444.0  444.0
1997 184  7  3 1100  -20.6  969.9    0.7  251.0  444.0  444.0
1997 184  7  3 1200  -20.0  968.5    1.2  282.0  444.0  444.0
1997 184  7  3 1300  444.0  444.0  444.0  444.0  444.0  444.0
1997 184  7  3 1400  -18.4  966.3    2.2  267.0  444.0  444.0
1997 184  7  3 1500  -17.2  965.1    3.9  230.0  444.0  444.0
1997 184  7  3 1600  -17.0  963.9    4.4  212.0  444.0  444.0
1997 184  7  3 1700  -17.6  963.0    4.2  243.0  444.0  444.0
1997 184  7  3 1800  444.0  444.0  444.0  444.0  444.0  444.0
1997 184  7  3 1900  -15.6  961.4    1.7  220.0  444.0  444.0
1997 184  7  3 2000  -16.5  961.4    3.2  225.0  444.0  444.0
1997 184  7  3 2100  -17.2  961.2    6.4  248.0  444.0  444.0
1997 184  7  3 2200  -18.4  961.4    8.8  241.0  444.0  444.0
1997 184  7  3 2300  -17.8  961.8    5.4  237.0  444.0  444.0
1997 185  7  4 0000  -16.2  962.0    8.1  234.0  444.0  444.0
1997 185  7  4 0100  -17.2  962.7    4.9  237.0  444.0  444.0
1997 185  7  4 0200  -17.4  962.8    8.1  236.0  444.0  444.0
1997 185  7  4 0300  -16.6  963.4    7.1  232.0  444.0  444.0
1997 185  7  4 0400  -15.9  964.5    5.1  220.0  444.0  444.0
1997 185  7  4 0500  -13.8  965.5   11.3  182.0  444.0  444.0
1997 185  7  4 0600  444.0  444.0  444.0  444.0  444.0  444.0
1997 185  7  4 0700  -16.1  969.3    4.9  118.0  444.0  444.0
1997 185  7  4 0800  -16.5  971.0    3.4  181.0  444.0  444.0
1997 185  7  4 0900  -16.6  972.4    3.4  153.0  444.0  444.0
1997 185  7  4 1000  -16.6  974.0    3.4  153.0  444.0  444.0
1997 185  7  4 1100  -17.9  975.7    4.2  156.0  444.0  444.0
1997 185  7  4 1200  -17.6  977.0    5.6  137.0  444.0  444.0
1997 185  7  4 1300  -17.6  978.1    1.5  182.0  444.0  444.0
1997 185  7  4 1400  -19.1  978.9    3.4  226.0  444.0  444.0
1997 185  7  4 1500  -19.1  979.4    5.1  243.0  444.0  444.0
1997 185  7  4 1600  -19.1  980.1    2.7  244.0  444.0  444.0
1997 185  7  4 1700  -18.9  980.2    4.9  243.0  444.0  444.0
1997 185  7  4 1800  -19.8  981.2    1.7   30.0  444.0  444.0
1997 185  7  4 1900  -18.9  981.8    1.2  240.0  444.0  444.0
1997 185  7  4 2000  -18.9  982.0    2.7  265.0  444.0  444.0
1997 185  7  4 2100  -19.0  982.3    3.9  241.0  444.0  444.0
1997 185  7  4 2200  -18.2  982.5    2.5  209.0  444.0  444.0
1997 185  7  4 2300  -18.9  982.7    3.2  118.0  444.0  444.0
1997 186  7  5 0000  -19.0  982.5    2.0  164.0  444.0  444.0
1997 186  7  5 0100  -19.6  982.3    3.2  198.0  444.0  444.0
1997 186  7  5 0200  -19.6  981.9    3.2  199.0  444.0  444.0
1997 186  7  5 0300  -19.6  981.5    2.9  230.0  444.0  444.0
1997 186  7  5 0400  -20.2  980.9    4.7  229.0  444.0  444.0
1997 186  7  5 0500  -20.1  980.5    3.4  229.0  444.0  444.0
1997 186  7  5 0600  -18.8  980.3    0.0    0.0  444.0  444.0
1997 186  7  5 0700  -18.4  980.0    2.9  229.0  444.0  444.0
1997 186  7  5 0800  -18.4  979.7    0.0    0.0  444.0  444.0
1997 186  7  5 0900  -18.8  978.9    0.2  331.0  444.0  444.0
1997 186  7  5 1000  -20.8  978.6    3.7  233.0  444.0  444.0
1997 186  7  5 1100  -19.4  978.0    2.5  201.0  444.0  444.0
1997 186  7  5 1200  -20.0  977.2    1.7  229.0  444.0  444.0
1997 186  7  5 1300  -20.9  976.5    4.4  240.0  444.0  444.0
1997 186  7  5 1400  -20.6  976.2    0.0    0.0  444.0  444.0
1997 186  7  5 1500  -20.0  975.1    0.0    0.0  444.0  444.0
1997 186  7  5 1600  -21.9  974.7    3.7  222.0  444.0  444.0
1997 186  7  5 1700  -22.8  974.1    3.4  208.0  444.0  444.0
1997 186  7  5 1800  -22.4  973.4    2.2  226.0  444.0  444.0
1997 186  7  5 1900  -22.0  973.0    2.0  229.0  444.0  444.0
1997 186  7  5 2000  -21.8  972.1    1.7  222.0  444.0  444.0
1997 186  7  5 2100  -21.9  971.7    0.7  180.0  444.0  444.0
1997 186  7  5 2200  -21.1  971.2    0.0    0.0  444.0  444.0
1997 186  7  5 2300  -21.5  970.5    3.9  181.0  444.0  444.0
1997 187  7  6 0000  -20.2  970.0    4.9  149.0  444.0  444.0
1997 187  7  6 0100  -21.8  969.8    1.7  130.0  444.0  444.0
1997 187  7  6 0200  -21.1  969.8    0.0    0.0  444.0  444.0
1997 187  7  6 0300  -20.6  969.4    1.0  230.0  444.0  444.0
1997 187  7  6 0400  -21.0  970.0    2.0  160.0  444.0  444.0
1997 187  7  6 0500  -21.2  970.3    5.1  153.0  444.0  444.0
1997 187  7  6 0600  -21.2  970.7    5.4  168.0  444.0  444.0
1997 187  7  6 0700  -21.4  970.7    6.4  157.0  444.0  444.0
1997 187  7  6 0800  -23.8  971.3    8.6  144.0  444.0  444.0
1997 187  7  6 0900  -22.6  971.9    9.6  146.0  444.0  444.0
1997 187  7  6 1000  -22.0  972.7    5.1  151.0  444.0  444.0
1997 187  7  6 1100  -21.8  973.1    3.7  147.0  444.0  444.0
1997 187  7  6 1200  -22.0  973.7    1.0  105.0  444.0  444.0
1997 187  7  6 1300  -22.5  974.3    0.2  181.0  444.0  444.0
1997 187  7  6 1400  -21.9  974.4    1.2  168.0  444.0  444.0
1997 187  7  6 1500  -22.0  973.9    1.7  217.0  444.0  444.0
1997 187  7  6 1600  -22.0  973.6    2.9  240.0  444.0  444.0
1997 187  7  6 1700  -21.8  973.1    1.5  268.0  444.0  444.0
1997 187  7  6 1800  -21.8  971.5    2.5  316.0  444.0  444.0
1997 187  7  6 1900  -21.8  971.7    2.9  348.0  444.0  444.0
1997 187  7  6 2000  -21.9  971.4    2.9  309.0  444.0  444.0
1997 187  7  6 2100  -19.8  970.6    4.7  265.0  444.0  444.0
1997 187  7  6 2200  -20.1  970.1    0.0    0.0  444.0  444.0
1997 187  7  6 2300  -18.1  969.2   11.0  181.0  444.0  444.0
1997 188  7  7 0000  -18.5  968.5    9.3  181.0  444.0  444.0
1997 188  7  7 0100  -18.9  968.6    1.7   98.0  444.0  444.0
1997 188  7  7 0200  -18.0  967.8    2.5  109.0  444.0  444.0
1997 188  7  7 0300  -17.9  967.4    2.0  149.0  444.0  444.0
1997 188  7  7 0400  -18.0  967.0    1.2  144.0  444.0  444.0
1997 188  7  7 0500  -18.2  966.2    0.2  153.0  444.0  444.0
1997 188  7  7 0600  -18.2  965.9    1.5   84.0  444.0  444.0
1997 188  7  7 0700  -17.4  965.3    1.7  172.0  444.0  444.0
1997 188  7  7 0800  -16.6  964.5    5.6  182.0  444.0  444.0
1997 188  7  7 0900  -14.9  964.0    7.6  180.0  444.0  444.0
1997 188  7  7 1000  -14.9  963.7    9.8  189.0  444.0  444.0
1997 188  7  7 1100  -14.2  962.8   10.0  181.0  444.0  444.0
1997 188  7  7 1200  -16.8  963.1    5.4  157.0  444.0  444.0
1997 188  7  7 1300  -14.8  962.4    8.1  132.0  444.0  444.0
1997 188  7  7 1400  -14.9  962.1    8.1  144.0  444.0  444.0
1997 188  7  7 1500  -13.8  961.5    9.8  181.0  444.0  444.0
1997 188  7  7 1600  -13.8  961.4   11.0  174.0  444.0  444.0
1997 188  7  7 1700  -13.1  961.3    8.1  149.0  444.0  444.0
1997 188  7  7 1800  -13.2  960.7   10.3  174.0  444.0  444.0
1997 188  7  7 1900  -12.9  960.8    3.7  161.0  444.0  444.0
1997 188  7  7 2000  -14.0  961.0    2.2   43.0  444.0  444.0
1997 188  7  7 2100  -14.2  961.0    1.0  120.0  444.0  444.0
1997 188  7  7 2200  -13.8  961.0    1.0  236.0  444.0  444.0
1997 188  7  7 2300  -15.0  960.6    3.4  247.0  444.0  444.0
1997 189  7  8 0000  -14.8  960.3    2.5  258.0  444.0  444.0
1997 189  7  8 0100  -14.0  960.1    0.0    0.0  444.0  444.0
1997 189  7  8 0200  -14.2  959.8    3.7  208.0  444.0  444.0
1997 189  7  8 0300  -14.1  959.7    2.9  219.0  444.0  444.0
1997 189  7  8 0400  -14.4  959.8    2.5  219.0  444.0  444.0
1997 189  7  8 0500  -14.8  960.1    0.5   43.0  444.0  444.0
1997 189  7  8 0600  -15.6  960.7    1.7   97.0  444.0  444.0
1997 189  7  8 0700  -16.4  961.4    6.9  161.0  444.0  444.0
1997 189  7  8 0800  -16.8  962.2    9.3  156.0  444.0  444.0
1997 189  7  8 0900  -17.4  963.4    6.9  161.0  444.0  444.0
1997 189  7  8 1000  -17.0  964.1    8.1  132.0  444.0  444.0
1997 189  7  8 1100  -18.9  965.3    7.4  142.0  444.0  444.0
1997 189  7  8 1200  -18.0  966.1    6.1  142.0  444.0  444.0
1997 189  7  8 1300  -18.1  966.6    3.7  165.0  444.0  444.0
1997 189  7  8 1400  -18.0  966.4    5.1  171.0  444.0  444.0
1997 189  7  8 1500  -17.2  966.2    1.5  194.0  444.0  444.0
1997 189  7  8 1600  -18.0  966.0    2.9  251.0  444.0  444.0
1997 189  7  8 1700  -18.0  966.2    1.0  223.0  444.0  444.0
1997 189  7  8 1800  -18.2  966.2    3.7  307.0  444.0  444.0
1997 189  7  8 1900  -18.5  966.1    2.5  298.0  444.0  444.0
1997 189  7  8 2000  -18.8  966.1    2.2  282.0  444.0  444.0
1997 189  7  8 2100  -18.8  965.8    2.2  268.0  444.0  444.0
1997 189  7  8 2200  -18.8  965.6    1.5  234.0  444.0  444.0
1997 189  7  8 2300  -18.5  965.3    0.0    0.0  444.0  444.0
1997 190  7  9 0000  -19.0  965.1    0.0    0.0  444.0  444.0
1997 190  7  9 0100  -20.0  965.1    1.2  233.0  444.0  444.0
1997 190  7  9 0200  -20.4  965.4    0.5  282.0  444.0  444.0
1997 190  7  9 0300  -20.1  965.8    1.7  327.0  444.0  444.0
1997 190  7  9 0400  -20.2  966.7    1.7  277.0  444.0  444.0
1997 190  7  9 0500  -20.1  967.6    0.0    0.0  444.0  444.0
1997 190  7  9 0600  -21.2  968.6    0.7  156.0  444.0  444.0
1997 190  7  9 0700  -20.9  969.8    2.0  130.0  444.0  444.0
1997 190  7  9 0800  -20.8  971.2    5.1  147.0  444.0  444.0
1997 190  7  9 0900  -20.5  972.7    5.9  156.0  444.0  444.0
1997 190  7  9 1000  -20.1  973.9    8.1  151.0  444.0  444.0
1997 190  7  9 1100  -20.1  975.3    8.1  164.0  444.0  444.0
1997 190  7  9 1200  -20.6  976.0    5.1  129.0  444.0  444.0
1997 190  7  9 1300  -21.9  976.7    6.9  115.0  444.0  444.0
1997 190  7  9 1400  -22.5  977.5    3.2  196.0  444.0  444.0
1997 190  7  9 1500  -21.9  977.9    2.5  181.0  444.0  444.0
1997 190  7  9 1600  -22.4  977.7    2.0  210.0  444.0  444.0
1997 190  7  9 1700  -22.4  977.7    2.2  215.0  444.0  444.0
1997 190  7  9 1800  -22.4  977.3    2.2  198.0  444.0  444.0
1997 190  7  9 1900  -22.4  976.4    3.4  243.0  444.0  444.0
1997 190  7  9 2000  -21.5  976.3    2.0  201.0  444.0  444.0
1997 190  7  9 2100  -22.4  975.8    3.7  203.0  444.0  444.0
1997 190  7  9 2200  -23.2  975.7    0.5  188.0  444.0  444.0
1997 190  7  9 2300  -23.4  974.9    2.9  248.0  444.0  444.0
1997 191  7 10 0000  444.0  444.0  444.0  444.0  444.0  444.0
1997 191  7 10 0100  -23.2  973.1    3.7  208.0  444.0  444.0
1997 191  7 10 0200  -22.4  972.4    2.7  243.0  444.0  444.0
1997 191  7 10 0300  -22.4  971.4    1.2   11.0  444.0  444.0
1997 191  7 10 0400  -24.2  970.3    4.4  232.0  444.0  444.0
1997 191  7 10 0500  -23.6  969.6    0.0    0.0  444.0  444.0
1997 191  7 10 0600  -22.4  968.5    4.2  223.0  444.0  444.0
1997 191  7 10 0700  -22.9  967.2    1.7  230.0  444.0  444.0
1997 191  7 10 0800  -23.0  966.7    2.7  223.0  444.0  444.0
1997 191  7 10 0900  -22.4  965.6    3.7  196.0  444.0  444.0
1997 191  7 10 1000  -22.4  964.7    0.7  160.0  444.0  444.0
1997 191  7 10 1100  -22.4  963.6    0.2  285.0  444.0  444.0
1997 191  7 10 1200  -23.0  962.4    2.2  215.0  444.0  444.0
1997 191  7 10 1300  -22.4  961.3    1.2  248.0  444.0  444.0
1997 191  7 10 1400  -21.9  960.4    1.2  265.0  444.0  444.0
1997 191  7 10 1500  -22.1  959.4    2.7  265.0  444.0  444.0
1997 191  7 10 1600  -22.4  958.3    3.9  248.0  444.0  444.0
1997 191  7 10 1700  -24.1  956.8    4.7  258.0  444.0  444.0
1997 191  7 10 1800  -23.0  955.7    3.9  255.0  444.0  444.0
1997 191  7 10 1900  -22.0  954.6    3.2  240.0  444.0  444.0
1997 191  7 10 2000  -23.8  953.7    3.2  205.0  444.0  444.0
1997 191  7 10 2100  -24.0  952.8    0.7  156.0  444.0  444.0
1997 191  7 10 2200  444.0  444.0  444.0  444.0  444.0  444.0
1997 191  7 10 2300  -25.1  951.5    0.0    0.0  444.0  444.0
1997 192  7 11 0000  -26.8  950.5    0.2  154.0  444.0  444.0
1997 192  7 11 0100  -26.8  949.8    0.0    0.0  444.0  444.0
1997 192  7 11 0200  -26.9  949.0    0.5  189.0  444.0  444.0
1997 192  7 11 0300  -26.8  948.1    0.0    0.0  444.0  444.0
1997 192  7 11 0400  -27.9  947.4    0.5  309.0  444.0  444.0
1997 192  7 11 0500  -27.8  946.4    1.5  310.0  444.0  444.0
1997 192  7 11 0600  -28.0  945.8    2.2  323.0  444.0  444.0
1997 192  7 11 0700  -28.4  945.4    2.0  327.0  444.0  444.0
1997 192  7 11 0800  -28.1  945.0    2.0  338.0  444.0  444.0
1997 192  7 11 0900  -28.8  945.3    1.5  234.0  444.0  444.0
1997 192  7 11 1000  444.0  444.0  444.0  444.0  444.0  444.0
1997 192  7 11 1100  -28.6  946.3    2.7  232.0  444.0  444.0
1997 192  7 11 1200  -29.1  947.4    3.2  149.0  444.0  444.0
1997 192  7 11 1300  -30.2  947.9    6.6  153.0  444.0  444.0
1997 192  7 11 1400  -30.9  948.9    8.6  160.0  444.0  444.0
1997 192  7 11 1500  444.0  444.0  444.0  444.0  444.0  444.0
1997 192  7 11 1600  -31.1  950.8    7.1  151.0  444.0  444.0
1997 192  7 11 1700  -31.1  951.6    7.8  150.0  444.0  444.0
1997 192  7 11 1800  -31.5  952.7    8.3  147.0  444.0  444.0
1997 192  7 11 1900  -31.6  953.8    8.1  160.0  444.0  444.0
1997 192  7 11 2000  444.0  444.0  444.0  444.0  444.0  444.0
1997 192  7 11 2100  -32.5  957.8    8.3  156.0  444.0  444.0
1997 192  7 11 2200  -33.1  959.4    6.6  156.0  444.0  444.0
1997 192  7 11 2300  -33.4  961.4    8.6  163.0  444.0  444.0
1997 193  7 12 0000  -34.0  963.1   10.0  157.0  444.0  444.0
1997 193  7 12 0100  444.0  444.0  444.0  444.0  444.0  444.0
1997 193  7 12 0200  -34.5  966.4    9.6  161.0  444.0  444.0
1997 193  7 12 0300  -34.9  968.6    7.8  167.0  444.0  444.0
1997 193  7 12 0400  -35.1  969.6    9.3  165.0  444.0  444.0
1997 193  7 12 0500  -35.2  971.0    8.6  149.0  444.0  444.0
1997 193  7 12 0600  -35.6  972.1    7.1  158.0  444.0  444.0
1997 193  7 12 0700  -35.6  973.3    9.3  154.0  444.0  444.0
1997 193  7 12 0800  444.0  444.0  444.0  444.0  444.0  444.0
1997 193  7 12 0900  -33.9  975.2    9.8  158.0  444.0  444.0
1997 193  7 12 1000  -36.1  976.0    6.6  135.0  444.0  444.0
1997 193  7 12 1100  -35.9  976.6    6.6  137.0  444.0  444.0
1997 193  7 12 1200  -34.8  977.9    8.3  146.0  444.0  444.0
1997 193  7 12 1300  444.0  444.0  444.0  444.0  444.0  444.0
1997 193  7 12 1400  -35.0  979.1    6.6  144.0  444.0  444.0
1997 193  7 12 1500  -33.9  979.4    7.4  139.0  444.0  444.0
1997 193  7 12 1600  -33.2  980.0    5.9  136.0  444.0  444.0
1997 193  7 12 1700  -33.8  980.3    4.7  135.0  444.0  444.0
1997 193  7 12 1800  444.0  444.0  444.0  444.0  444.0  444.0
1997 193  7 12 1900  -32.9  980.7    2.5  161.0  444.0  444.0
1997 193  7 12 2000  -30.9  980.8    7.8  192.0  444.0  444.0
1997 193  7 12 2100  -31.1  981.6    2.9   33.0  444.0  444.0
1997 193  7 12 2200  -30.2  981.3   11.5  189.0  444.0  444.0
1997 193  7 12 2300  -29.9  981.7   12.0  184.0  444.0  444.0
1997 194  7 13 0000  -28.4  982.3   10.8  182.0  444.0  444.0
1997 194  7 13 0100  444.0  444.0  444.0  444.0  444.0  444.0
1997 194  7 13 0200  -26.2  981.7   15.7  195.0  444.0  444.0
1997 194  7 13 0300  -25.8  982.4   13.5  188.0  444.0  444.0
1997 194  7 13 0400  -25.1  982.5   10.8  199.0  444.0  444.0
1997 194  7 13 0500  -24.0  982.2    9.1  185.0  444.0  444.0
1997 194  7 13 0600  -24.6  982.0    6.6  219.0  444.0  444.0
1997 194  7 13 0700  -24.8  981.7    9.1  215.0  444.0  444.0
1997 194  7 13 0800  -25.5  981.9    7.4  226.0  444.0  444.0
1997 194  7 13 0900  -25.8  981.8    9.1  189.0  444.0  444.0
1997 194  7 13 1000  -24.9  981.7    8.6  229.0  444.0  444.0
1997 194  7 13 1100  -25.5  981.1    7.1  219.0  444.0  444.0
1997 194  7 13 1200  -25.6  980.7    7.1  241.0  444.0  444.0
1997 194  7 13 1300  -25.0  980.1    7.8  210.0  444.0  444.0
1997 194  7 13 1400  -23.4  979.7    7.6  201.0  444.0  444.0
1997 194  7 13 1500  -23.4  979.1    6.6  232.0  444.0  444.0
1997 194  7 13 1600  444.0  444.0  444.0  444.0  444.0  444.0
1997 194  7 13 1700  -26.1  977.0    7.4  227.0  444.0  444.0
1997 194  7 13 1800  -25.6  976.3    8.6  232.0  444.0  444.0
1997 194  7 13 1900  -23.2  975.5    4.4  226.0  444.0  444.0
1997 194  7 13 2000  -23.8  974.4    9.3  230.0  444.0  444.0
1997 194  7 13 2100  -23.0  973.8    4.4  220.0  444.0  444.0
1997 194  7 13 2200  -24.1  972.9    9.3  248.0  444.0  444.0
1997 194  7 13 2300  -23.0  972.5    5.9  240.0  444.0  444.0
1997 195  7 14 0000  -21.2  971.8    3.9  241.0  444.0  444.0
1997 195  7 14 0100  -21.4  971.1    1.2  265.0  444.0  444.0
1997 195  7 14 0200  -23.0  970.1    4.7  241.0  444.0  444.0
1997 195  7 14 0300  -20.9  969.1    2.9  206.0  444.0  444.0
1997 195  7 14 0400  -20.9  968.1    1.7  234.0  444.0  444.0
1997 195  7 14 0500  -22.4  967.1    4.4  223.0  444.0  444.0
1997 195  7 14 0600  -20.2  966.5    0.0    0.0  444.0  444.0
1997 195  7 14 0700  -21.1  965.8    0.0    0.0  444.0  444.0
1997 195  7 14 0800  -22.1  965.1    2.5  142.0  444.0  444.0
1997 195  7 14 0900  -22.5  964.6    1.5  142.0  444.0  444.0
1997 195  7 14 1000  -22.4  964.1    2.7  142.0  444.0  444.0
1997 195  7 14 1100  -23.6  963.5    2.0  158.0  444.0  444.0
1997 195  7 14 1200  -23.8  962.9    1.2  181.0  444.0  444.0
1997 195  7 14 1300  -24.9  962.2    0.0    0.0  444.0  444.0
1997 195  7 14 1400  -24.4  962.1    2.0  225.0  444.0  444.0
1997 195  7 14 1500  -24.8  961.4    1.0  142.0  444.0  444.0
1997 195  7 14 1600  -25.4  960.8    2.0  142.0  444.0  444.0
1997 195  7 14 1700  -26.0  960.7    2.9  146.0  444.0  444.0
1997 195  7 14 1800  -26.2  960.4    2.9  140.0  444.0  444.0
1997 195  7 14 1900  -26.5  960.3    4.2  147.0  444.0  444.0
1997 195  7 14 2000  -27.2  960.2    4.2  154.0  444.0  444.0
1997 195  7 14 2100  -27.2  960.5    3.2  144.0  444.0  444.0
1997 195  7 14 2200  -27.4  960.9    3.2  147.0  444.0  444.0
1997 195  7 14 2300  -27.4  961.0    4.2  140.0  444.0  444.0
1997 196  7 15 0000  -27.9  961.1    3.7  133.0  444.0  444.0
1997 196  7 15 0100  -27.9  961.0    3.7  149.0  444.0  444.0
1997 196  7 15 0200  -28.6  961.2    4.2  135.0  444.0  444.0
1997 196  7 15 0300  -27.5  961.4    2.9  164.0  444.0  444.0
1997 196  7 15 0400  -27.1  961.6    2.9  154.0  444.0  444.0
1997 196  7 15 0500  -26.8  962.0    3.7  168.0  444.0  444.0
1997 196  7 15 0600  -27.5  962.2    1.5  177.0  444.0  444.0
1997 196  7 15 0700  -26.4  962.9    2.0  160.0  444.0  444.0
1997 196  7 15 0800  -26.6  963.7    0.5  163.0  444.0  444.0
1997 196  7 15 0900  -26.8  964.3    0.5   80.0  444.0  444.0
1997 196  7 15 1000  -26.9  964.9    0.0    0.0  444.0  444.0
1997 196  7 15 1100  -27.1  966.0    3.7  154.0  444.0  444.0
1997 196  7 15 1200  -27.8  967.0    4.7  146.0  444.0  444.0
1997 196  7 15 1300  444.0  444.0  444.0  444.0  444.0  444.0
1997 196  7 15 1400  -27.2  968.6    4.7  156.0  444.0  444.0
1997 196  7 15 1500  -26.8  968.8    4.7  146.0  444.0  444.0
1997 196  7 15 1600  -25.1  969.5    4.7  139.0  444.0  444.0
1997 196  7 15 1700  -25.6  970.2    1.7  144.0  444.0  444.0
1997 196  7 15 1800  -25.5  970.4    0.0    0.0  444.0  444.0
1997 196  7 15 1900  -24.6  971.2    0.2  247.0  444.0  444.0
1997 196  7 15 2000  -25.5  971.8    1.0  298.0  444.0  444.0
1997 196  7 15 2100  -24.1  972.2    1.2  279.0  444.0  444.0
1997 196  7 15 2200  -24.4  972.4    0.0    0.0  444.0  444.0
1997 196  7 15 2300  -23.8  972.9    2.0  278.0  444.0  444.0
1997 197  7 16 0000  -25.5  973.5    1.5  139.0  444.0  444.0
1997 197  7 16 0100  -25.4  974.1    2.0  136.0  444.0  444.0
1997 197  7 16 0200  -25.1  974.6    1.5  146.0  444.0  444.0
1997 197  7 16 0300  -24.9  975.1    2.0  167.0  444.0  444.0
1997 197  7 16 0400  -25.0  975.2    0.2   45.0  444.0  444.0
1997 197  7 16 0500  -25.0  975.0    1.7  255.0  444.0  444.0
1997 197  7 16 0600  -24.4  975.4    0.5  208.0  444.0  444.0
1997 197  7 16 0700  -26.0  976.1    2.2  198.0  444.0  444.0
1997 197  7 16 0800  -24.8  976.4    2.0  216.0  444.0  444.0
1997 197  7 16 0900  -24.8  976.9    1.7  261.0  444.0  444.0
1997 197  7 16 1000  -24.9  977.6    0.0    0.0  444.0  444.0
1997 197  7 16 1100  -24.4  978.5    1.0  188.0  444.0  444.0
1997 197  7 16 1200  -24.2  979.0    1.5  143.0  444.0  444.0
1997 197  7 16 1300  -23.8  979.4    2.2   98.0  444.0  444.0
1997 197  7 16 1400  -23.0  980.1    2.2  195.0  444.0  444.0
1997 197  7 16 1500  -21.9  980.6    1.5  208.0  444.0  444.0
1997 197  7 16 1600  -22.4  981.3    2.0  232.0  444.0  444.0
1997 197  7 16 1700  -22.5  981.5    2.0  248.0  444.0  444.0
1997 197  7 16 1800  -22.4  981.8    2.0  248.0  444.0  444.0
1997 197  7 16 1900  -23.6  982.2    3.9  232.0  444.0  444.0
1997 197  7 16 2000  -23.0  983.0    4.2  240.0  444.0  444.0
1997 197  7 16 2100  -23.1  982.5    5.9  233.0  444.0  444.0
1997 197  7 16 2200  -21.5  982.9    0.0    0.0  444.0  444.0
1997 197  7 16 2300  -20.9  982.9    4.7  240.0  444.0  444.0
1997 198  7 17 0000  -21.2  983.3    0.5  191.0  444.0  444.0
1997 198  7 17 0100  -22.6  983.1    0.2  320.0  444.0  444.0
1997 198  7 17 0200  -22.1  983.0    0.0    0.0  444.0  444.0
1997 198  7 17 0300  -21.4  982.5    1.2  132.0  444.0  444.0
1997 198  7 17 0400  -21.4  982.2    1.7  168.0  444.0  444.0
1997 198  7 17 0500  -22.0  982.1    0.0    0.0  444.0  444.0
1997 198  7 17 0600  -21.4  982.1    2.0  212.0  444.0  444.0
1997 198  7 17 0700  -21.4  981.9    1.0  223.0  444.0  444.0
1997 198  7 17 0800  -22.1  981.8    2.9  191.0  444.0  444.0
1997 198  7 17 0900  -23.6  981.5    2.9  129.0  444.0  444.0
1997 198  7 17 1000  -22.4  981.2    1.5  153.0  444.0  444.0
1997 198  7 17 1100  -23.6  981.0    0.7  133.0  444.0  444.0
1997 198  7 17 1200  -23.9  980.8    0.7  345.0  444.0  444.0
1997 198  7 17 1300  -23.8  980.1    1.7  206.0  444.0  444.0
1997 198  7 17 1400  -24.1  979.8    2.7  144.0  444.0  444.0
1997 198  7 17 1500  -24.9  979.4    3.9  130.0  444.0  444.0
1997 198  7 17 1600  -24.9  979.1    2.9  140.0  444.0  444.0
1997 198  7 17 1700  -25.1  978.7    3.4  161.0  444.0  444.0
1997 198  7 17 1800  -25.4  978.2    1.2  161.0  444.0  444.0
1997 198  7 17 1900  -25.6  977.8    2.0  168.0  444.0  444.0
1997 198  7 17 2000  -26.2  977.3    2.9  160.0  444.0  444.0
1997 198  7 17 2100  -26.5  976.8    1.2  180.0  444.0  444.0
1997 198  7 17 2200  -26.9  976.4    2.5  156.0  444.0  444.0
1997 198  7 17 2300  -27.9  975.9    2.5  147.0  444.0  444.0
1997 199  7 18 0000  -27.4  975.0    2.0  156.0  444.0  444.0
1997 199  7 18 0100  -28.5  974.2    2.5  149.0  444.0  444.0
1997 199  7 18 0200  -28.0  973.7    2.7  144.0  444.0  444.0
1997 199  7 18 0300  -27.8  973.4    2.5  160.0  444.0  444.0
1997 199  7 18 0400  -28.6  972.6    1.5  150.0  444.0  444.0
1997 199  7 18 0500  -28.5  972.6    2.9  163.0  444.0  444.0
1997 199  7 18 0600  -28.8  972.2    2.9  163.0  444.0  444.0
1997 199  7 18 0700  -29.6  971.9    2.9  151.0  444.0  444.0
1997 199  7 18 0800  -30.0  971.6    3.2  137.0  444.0  444.0
1997 199  7 18 0900  -29.5  971.4    3.4  136.0  444.0  444.0
1997 199  7 18 1000  -30.1  971.5    3.7  149.0  444.0  444.0
1997 199  7 18 1100  -29.1  971.6    4.2  164.0  444.0  444.0
1997 199  7 18 1200  -29.1  971.8    3.2  165.0  444.0  444.0
1997 199  7 18 1300  -29.6  971.7    4.7  149.0  444.0  444.0
1997 199  7 18 1400  -29.9  972.1    4.9  160.0  444.0  444.0
1997 199  7 18 1500  -29.0  972.1    3.9  160.0  444.0  444.0
1997 199  7 18 1600  -30.2  972.4    5.4  149.0  444.0  444.0
1997 199  7 18 1700  -30.1  972.6    3.7  149.0  444.0  444.0
1997 199  7 18 1800  -29.6  972.8    4.9  151.0  444.0  444.0
1997 199  7 18 1900  -30.8  973.6    5.1  156.0  444.0  444.0
1997 199  7 18 2000  -30.8  973.8    4.2  147.0  444.0  444.0
1997 199  7 18 2100  -30.4  974.3    4.2  139.0  444.0  444.0
1997 199  7 18 2200  -30.4  974.9    5.1  139.0  444.0  444.0
1997 199  7 18 2300  -30.9  975.4    5.6  149.0  444.0  444.0
1997 200  7 19 0000  -31.5  975.7    4.9  158.0  444.0  444.0
1997 200  7 19 0100  -31.9  976.4    4.9  142.0  444.0  444.0
1997 200  7 19 0200  -31.9  976.6    4.2  144.0  444.0  444.0
1997 200  7 19 0300  -32.5  976.9    3.4  143.0  444.0  444.0
1997 200  7 19 0400  -29.2  977.0    6.6  164.0  444.0  444.0
1997 200  7 19 0500  -30.1  977.0    4.9  151.0  444.0  444.0
1997 200  7 19 0600  -29.9  977.1    5.4  140.0  444.0  444.0
1997 200  7 19 0700  -29.5  977.6    4.2  167.0  444.0  444.0
1997 200  7 19 0800  -29.0  978.1    3.7  181.0  444.0  444.0
1997 200  7 19 0900  -29.0  978.3    2.9  156.0  444.0  444.0
1997 200  7 19 1000  -28.4  978.4    1.2  164.0  444.0  444.0
1997 200  7 19 1100  -29.1  978.8    0.5  289.0  444.0  444.0
1997 200  7 19 1200  -29.8  978.8    0.0    0.0  444.0  444.0
1997 200  7 19 1300  -29.5  979.0    0.2  244.0  444.0  444.0
1997 200  7 19 1400  -29.1  979.1    1.2  220.0  444.0  444.0
1997 200  7 19 1500  -29.1  979.2    0.0    0.0  444.0  444.0
1997 200  7 19 1600  -28.9  979.5    0.7  295.0  444.0  444.0
1997 200  7 19 1700  -29.0  979.4    0.2  289.0  444.0  444.0
1997 200  7 19 1800  -28.9  979.5    1.0  237.0  444.0  444.0
1997 200  7 19 1900  -29.0  979.6    0.0    0.0  444.0  444.0
1997 200  7 19 2000  -30.1  979.7    0.0    0.0  444.0  444.0
1997 200  7 19 2100  -29.9  979.8    0.2  181.0  444.0  444.0
1997 200  7 19 2200  444.0  444.0  444.0  444.0  444.0  444.0
1997 200  7 19 2300  -30.1  980.0    0.2  164.0  444.0  444.0
1997 201  7 20 0000  -30.1  979.9    0.5  164.0  444.0  444.0
1997 201  7 20 0100  -30.8  979.8    0.2  137.0  444.0  444.0
1997 201  7 20 0200  -30.9  979.9    0.0    0.0  444.0  444.0
1997 201  7 20 0300  -30.9  980.0    0.0    0.0  444.0  444.0
1997 201  7 20 0400  -30.5  980.2    0.0    0.0  444.0  444.0
1997 201  7 20 0500  444.0  444.0  444.0  444.0  444.0  444.0
1997 201  7 20 0600  -30.4  980.0    0.0    0.0  444.0  444.0
1997 201  7 20 0700  -29.2  979.9    2.0  180.0  444.0  444.0
1997 201  7 20 0800  -31.1  980.1    0.0    0.0  444.0  444.0
1997 201  7 20 0900  -29.9  980.1    2.0  172.0  444.0  444.0
1997 201  7 20 1000  444.0  444.0  444.0  444.0  444.0  444.0
1997 201  7 20 1100  -30.9  980.8    0.0    0.0  444.0  444.0
1997 201  7 20 1200  -30.5  980.8    1.2  137.0  444.0  444.0
1997 201  7 20 1300  -30.4  980.6    3.2  150.0  444.0  444.0
1997 201  7 20 1400  -30.8  981.3    0.5  142.0  444.0  444.0
1997 201  7 20 1500  444.0  444.0  444.0  444.0  444.0  444.0
1997 201  7 20 1600  -29.5  981.5    0.7  137.0  444.0  444.0
1997 201  7 20 1700  -29.5  981.6    1.2  210.0  444.0  444.0
1997 201  7 20 1800  -29.1  981.4    0.7  205.0  444.0  444.0
1997 201  7 20 1900  -29.5  980.9    1.5  178.0  444.0  444.0
1997 201  7 20 2000  444.0  444.0  444.0  444.0  444.0  444.0
1997 201  7 20 2100  -29.4  980.8    2.0  202.0  444.0  444.0
1997 201  7 20 2200  -29.5  980.8    1.2  153.0  444.0  444.0
1997 201  7 20 2300  -30.1  980.9    2.5  154.0  444.0  444.0
1997 202  7 21 0000  -30.2  980.9    2.7  157.0  444.0  444.0
1997 202  7 21 0100  -32.0  980.9    3.7  146.0  444.0  444.0
1997 202  7 21 0200  -32.1  980.4    3.9  142.0  444.0  444.0
1997 202  7 21 0300  444.0  444.0  444.0  444.0  444.0  444.0
1997 202  7 21 0400  -32.8  979.8    3.2  132.0  444.0  444.0
1997 202  7 21 0500  -31.5  979.7    0.7  348.0  444.0  444.0
1997 202  7 21 0600  -32.5  979.7    2.0  140.0  444.0  444.0
1997 202  7 21 0700  -32.4  979.3    2.7  143.0  444.0  444.0
1997 202  7 21 0800  444.0  444.0  444.0  444.0  444.0  444.0
1997 202  7 21 0900  -34.6  978.7    2.9  137.0  444.0  444.0
1997 202  7 21 1000  -33.8  978.7    4.4  146.0  444.0  444.0
1997 202  7 21 1100  -33.2  978.5    4.2  139.0  444.0  444.0
1997 202  7 21 1200  -32.5  978.3    4.7  149.0  444.0  444.0
1997 202  7 21 1300  444.0  444.0  444.0  444.0  444.0  444.0
1997 202  7 21 1400  -32.1  978.2    3.4  153.0  444.0  444.0
1997 202  7 21 1500  -32.2  978.1    3.4  151.0  444.0  444.0
1997 202  7 21 1600  -32.8  978.0    2.5  140.0  444.0  444.0
1997 202  7 21 1700  -32.9  977.9    3.2  142.0  444.0  444.0
1997 202  7 21 1800  -33.1  977.9    3.4  142.0  444.0  444.0
1997 202  7 21 1900  -32.9  978.1    1.0  160.0  444.0  444.0
1997 202  7 21 2000  -33.9  978.0    5.6  156.0  444.0  444.0
1997 202  7 21 2100  -33.1  977.7    6.4  153.0  444.0  444.0
1997 202  7 21 2200  -33.2  977.9    5.9  147.0  444.0  444.0
1997 202  7 21 2300  -32.0  978.1    5.6  170.0  444.0  444.0
1997 203  7 22 0000  -31.1  978.0    5.1  171.0  444.0  444.0
1997 203  7 22 0100  -32.4  977.4    0.0    0.0  444.0  444.0
1997 203  7 22 0200  -31.6  977.2    0.0    0.0  444.0  444.0
1997 203  7 22 0300  -31.0  977.0    1.2  251.0  444.0  444.0
1997 203  7 22 0400  -30.0  976.4    1.2  215.0  444.0  444.0
1997 203  7 22 0500  -29.2  975.9    1.7  192.0  444.0  444.0
1997 203  7 22 0600  444.0  444.0  444.0  444.0  444.0  444.0
1997 203  7 22 0700  -28.1  975.0    0.5  171.0  444.0  444.0
1997 203  7 22 0800  -28.6  974.5    0.5  219.0  444.0  444.0
1997 203  7 22 0900  -29.8  974.5    0.7  133.0  444.0  444.0
1997 203  7 22 1000  -30.8  974.3    1.5  163.0  444.0  444.0
1997 203  7 22 1100  444.0  444.0  444.0  444.0  444.0  444.0
1997 203  7 22 1200  -30.9  974.0    0.5  158.0  444.0  444.0
1997 203  7 22 1300  -30.9  973.9    2.0  219.0  444.0  444.0
1997 203  7 22 1400  -31.1  973.7    2.5  257.0  444.0  444.0
1997 203  7 22 1500  -31.8  974.0    1.7  150.0  444.0  444.0
1997 203  7 22 1600  -31.1  973.7    1.5  195.0  444.0  444.0
1997 203  7 22 1700  -32.0  973.8    7.4  170.0  444.0  444.0
1997 203  7 22 1800  -32.0  973.5    7.8  170.0  444.0  444.0
1997 203  7 22 1900  -32.6  973.4    7.6  144.0  444.0  444.0
1997 203  7 22 2000  -34.1  972.9    5.9  139.0  444.0  444.0
1997 203  7 22 2100  -31.5  972.9    4.9  156.0  444.0  444.0
1997 203  7 22 2200  -33.8  973.0    5.1  147.0  444.0  444.0
1997 203  7 22 2300  444.0  444.0  444.0  444.0  444.0  444.0
1997 204  7 23 0000  -33.9  972.5    3.2  147.0  444.0  444.0
1997 204  7 23 0100  -34.0  972.4    3.2  146.0  444.0  444.0
1997 204  7 23 0200  -34.0  972.1    2.9  136.0  444.0  444.0
1997 204  7 23 0300  -34.0  971.9    2.7  140.0  444.0  444.0
1997 204  7 23 0400  -33.9  971.9    2.5  151.0  444.0  444.0
1997 204  7 23 0500  -34.0  971.8    1.0  187.0  444.0  444.0
1997 204  7 23 0600  -33.9  971.6    0.7  160.0  444.0  444.0
1997 204  7 23 0700  -35.0  971.6    0.0    0.0  444.0  444.0
1997 204  7 23 0800  -35.1  971.7    0.0    0.0  444.0  444.0
1997 204  7 23 0900  -34.6  971.4    1.0  327.0  444.0  444.0
1997 204  7 23 1000  -34.9  971.2    1.2  327.0  444.0  444.0
1997 204  7 23 1100  -35.5  971.3    2.0  284.0  444.0  444.0
1997 204  7 23 1200  -35.0  971.1    2.0  288.0  444.0  444.0
1997 204  7 23 1300  -34.6  971.3    2.0  281.0  444.0  444.0
1997 204  7 23 1400  -34.8  971.2    2.0  241.0  444.0  444.0
1997 204  7 23 1500  -35.2  971.6    2.7  246.0  444.0  444.0
1997 204  7 23 1600  -34.6  971.8    2.5  255.0  444.0  444.0
1997 204  7 23 1700  -35.5  972.0    0.0    0.0  444.0  444.0
1997 204  7 23 1800  -36.0  972.4    0.0    0.0  444.0  444.0
1997 204  7 23 1900  -34.6  972.7    1.0  326.0  444.0  444.0
1997 204  7 23 2000  -35.0  973.3    1.7  344.0  444.0  444.0
1997 204  7 23 2100  -34.4  973.8    1.2  317.0  444.0  444.0
1997 204  7 23 2200  -34.2  974.5    0.0    0.0  444.0  444.0
1997 204  7 23 2300  -34.0  974.8    1.2  217.0  444.0  444.0
1997 205  7 24 0000  -34.5  975.3    0.5  212.0  444.0  444.0
1997 205  7 24 0100  -33.8  975.5    0.0    0.0  444.0  444.0
1997 205  7 24 0200  -33.4  975.7    0.0    0.0  444.0  444.0
1997 205  7 24 0300  -34.8  976.6    4.4  160.0  444.0  444.0
1997 205  7 24 0400  -34.5  977.3    4.2  136.0  444.0  444.0
1997 205  7 24 0500  -33.1  977.8    5.6  170.0  444.0  444.0
1997 205  7 24 0600  -33.1  978.4    5.4  167.0  444.0  444.0
1997 205  7 24 0700  -31.6  978.3    7.1  161.0  444.0  444.0
1997 205  7 24 0800  -30.5  978.2    5.6  154.0  444.0  444.0
1997 205  7 24 0900  -31.0  978.1    7.8  144.0  444.0  444.0
1997 205  7 24 1000  -30.4  978.2    9.1  133.0  444.0  444.0
1997 205  7 24 1100  -31.8  978.4   11.3  139.0  444.0  444.0
1997 205  7 24 1200  -32.4  978.6    7.8  163.0  444.0  444.0
1997 205  7 24 1300  -31.5  977.5   13.0  157.0  444.0  444.0
1997 205  7 24 1400  -30.2  977.4    9.6  154.0  444.0  444.0
1997 205  7 24 1500  -30.0  977.0   11.8  147.0  444.0  444.0
1997 205  7 24 1600  -30.2  977.4   10.0  154.0  444.0  444.0
1997 205  7 24 1700  -29.0  977.1    7.8  147.0  444.0  444.0
1997 205  7 24 1800  -29.0  976.9    6.4  147.0  444.0  444.0
1997 205  7 24 1900  -28.0  976.5    9.1  150.0  444.0  444.0
1997 205  7 24 2000  -26.6  976.5    7.6  146.0  444.0  444.0
1997 205  7 24 2100  -25.0  976.1    7.8  161.0  444.0  444.0
1997 205  7 24 2200  -24.5  975.9   13.0  125.0  444.0  444.0
1997 205  7 24 2300  -25.6  444.0   14.5  120.0  444.0  444.0
1997 206  7 25 0000  -25.8  976.9   10.3  170.0  444.0  444.0
1997 206  7 25 0100  -25.6  976.8   12.7  160.0  444.0  444.0
1997 206  7 25 0200  -25.5  976.7   10.0  151.0  444.0  444.0
1997 206  7 25 0300  -24.8  976.6    9.1  153.0  444.0  444.0
1997 206  7 25 0400  -24.5  976.2    9.8  158.0  444.0  444.0
1997 206  7 25 0500  -24.5  975.4   11.0  157.0  444.0  444.0
1997 206  7 25 0600  -24.5  975.0   10.3  154.0  444.0  444.0
1997 206  7 25 0700  -24.9  975.4    7.6  151.0  444.0  444.0
1997 206  7 25 0800  -25.0  974.9    6.4  161.0  444.0  444.0
1997 206  7 25 0900  -24.5  974.5    7.6  158.0  444.0  444.0
1997 206  7 25 1000  -24.8  974.1   10.5  153.0  444.0  444.0
1997 206  7 25 1100  -24.8  973.8    4.4  164.0  444.0  444.0
1997 206  7 25 1200  -25.1  973.4    8.8  154.0  444.0  444.0
1997 206  7 25 1300  -26.0  973.0    8.3  158.0  444.0  444.0
1997 206  7 25 1400  -25.5  972.5    5.6  175.0  444.0  444.0
1997 206  7 25 1500  -24.4  972.2    3.7  182.0  444.0  444.0
1997 206  7 25 1600  -25.0  971.8    2.9  132.0  444.0  444.0
1997 206  7 25 1700  -25.1  971.2    2.0  142.0  444.0  444.0
1997 206  7 25 1800  -25.0  970.7    2.7  198.0  444.0  444.0
1997 206  7 25 1900  -24.5  970.0    1.0  172.0  444.0  444.0
1997 206  7 25 2000  -26.0  969.6    1.2  274.0  444.0  444.0
1997 206  7 25 2100  444.0  444.0  444.0  444.0  444.0  444.0
1997 206  7 25 2200  -25.5  968.8    1.7  327.0  444.0  444.0
1997 206  7 25 2300  -25.0  968.3    2.5  281.0  444.0  444.0
1997 207  7 26 0000  -25.1  967.9    0.0    0.0  444.0  444.0
1997 207  7 26 0100  -24.2  967.4    1.7  233.0  444.0  444.0
1997 207  7 26 0200  -25.0  967.1    0.0    0.0  444.0  444.0
1997 207  7 26 0300  -25.0  966.7    0.2  298.0  444.0  444.0
1997 207  7 26 0400  -26.0  966.6    0.0    0.0  444.0  444.0
1997 207  7 26 0500  -26.2  966.7    1.0  267.0  444.0  444.0
1997 207  7 26 0600  -25.0  966.6    1.2  315.0  444.0  444.0
1997 207  7 26 0700  -26.0  966.8    0.7  355.0  444.0  444.0
1997 207  7 26 0800  -26.1  966.9    0.2  140.0  444.0  444.0
1997 207  7 26 0900  -26.9  967.5    0.5  161.0  444.0  444.0
1997 207  7 26 1000  -27.2  968.2    2.2  144.0  444.0  444.0
1997 207  7 26 1100  -26.9  968.8    3.2  146.0  444.0  444.0
1997 207  7 26 1200  -26.6  969.5    3.7  147.0  444.0  444.0
1997 207  7 26 1300  -27.2  970.2    5.1  142.0  444.0  444.0
1997 207  7 26 1400  -29.0  971.7    4.9  150.0  444.0  444.0
1997 207  7 26 1500  -28.9  972.9    6.1  142.0  444.0  444.0
1997 207  7 26 1600  -27.6  974.1    6.4  133.0  444.0  444.0
1997 207  7 26 1700  -26.4  975.3    6.9  161.0  444.0  444.0
1997 207  7 26 1800  -27.2  976.3    6.9  132.0  444.0  444.0
1997 207  7 26 1900  -27.4  977.0    6.4  150.0  444.0  444.0
1997 207  7 26 2000  -26.8  978.1    1.2  149.0  444.0  444.0
1997 207  7 26 2100  -28.1  979.1    3.2  240.0  444.0  444.0
1997 207  7 26 2200  -26.8  979.6    2.0  279.0  444.0  444.0
1997 207  7 26 2300  -26.8  979.9    6.1  310.0  444.0  444.0
1997 208  7 27 0000  -26.9  980.0    6.4  279.0  444.0  444.0
1997 208  7 27 0100  -26.1  979.5    5.9  296.0  444.0  444.0
1997 208  7 27 0200  -27.2  978.9    3.9  296.0  444.0  444.0
1997 208  7 27 0300  -26.8  979.1    3.7  268.0  444.0  444.0
1997 208  7 27 0400  -26.1  979.4    2.5  313.0  444.0  444.0
1997 208  7 27 0500  -26.2  979.0    2.9  278.0  444.0  444.0
1997 208  7 27 0600  -27.1  978.9    4.2  248.0  444.0  444.0
1997 208  7 27 0700  -26.2  979.5    1.2  222.0  444.0  444.0
1997 208  7 27 0800  -27.1  979.7    0.0    0.0  444.0  444.0
1997 208  7 27 0900  -28.5  979.9    1.7  154.0  444.0  444.0
1997 208  7 27 1000  -28.5  979.8    1.7  127.0  444.0  444.0
1997 208  7 27 1100  -28.8  979.0    3.7  136.0  444.0  444.0
1997 208  7 27 1200  -29.4  978.9    3.9  132.0  444.0  444.0
1997 208  7 27 1300  -30.8  978.3    4.7  135.0  444.0  444.0
1997 208  7 27 1400  -30.4  978.1    3.9  132.0  444.0  444.0
1997 208  7 27 1500  -31.4  977.7    5.6  119.0  444.0  444.0
1997 208  7 27 1600  -31.2  977.2    6.4  123.0  444.0  444.0
1997 208  7 27 1700  -32.6  977.0    6.1  132.0  444.0  444.0
1997 208  7 27 1800  -32.6  976.8    8.3  130.0  444.0  444.0
1997 208  7 27 1900  444.0  444.0  444.0  444.0  444.0  444.0
1997 208  7 27 2000  -33.2  977.1    9.8  149.0  444.0  444.0
1997 208  7 27 2100  -34.9  977.6    9.1  137.0  444.0  444.0
1997 208  7 27 2200  -34.6  978.0    5.9   73.0  444.0  444.0
1997 208  7 27 2300  -35.5  978.1    5.6  126.0  444.0  444.0
1997 209  7 28 0000  444.0  444.0  444.0  444.0  444.0  444.0
1997 209  7 28 0100  -35.5  979.2    6.1  123.0  444.0  444.0
1997 209  7 28 0200  -36.0  979.3    1.5  137.0  444.0  444.0
1997 209  7 28 0300  -35.9  979.4    3.7  136.0  444.0  444.0
1997 209  7 28 0400  -35.9  979.4    3.7  142.0  444.0  444.0
1997 209  7 28 0500  -35.9  979.7    3.4  136.0  444.0  444.0
1997 209  7 28 0600  -35.5  980.2    3.9  133.0  444.0  444.0
1997 209  7 28 0700  -35.0  980.6    2.2  130.0  444.0  444.0
1997 209  7 28 0800  -35.5  980.5    4.2  133.0  444.0  444.0
1997 209  7 28 0900  -35.5  980.7    3.4  137.0  444.0  444.0
1997 209  7 28 1000  -34.6  980.3    0.0    0.0  444.0  444.0
1997 209  7 28 1100  -35.5  980.3    2.9  130.0  444.0  444.0
1997 209  7 28 1200  -35.5  980.4    3.7  133.0  444.0  444.0
1997 209  7 28 1300  -35.9  980.3    3.9  135.0  444.0  444.0
1997 209  7 28 1400  -36.2  980.7    3.2  136.0  444.0  444.0
1997 209  7 28 1500  -36.0  980.9    2.5  150.0  444.0  444.0
1997 209  7 28 1600  -35.9  980.6    1.7  139.0  444.0  444.0
1997 209  7 28 1700  444.0  444.0  444.0  444.0  444.0  444.0
1997 209  7 28 1800  -36.1  980.7    0.7  229.0  444.0  444.0
1997 209  7 28 1900  -35.9  979.7    2.9  344.0  444.0  444.0
1997 209  7 28 2000  -36.2  979.1    1.2  340.0  444.0  444.0
1997 209  7 28 2100  -36.9  979.5    3.2  135.0  444.0  444.0
1997 209  7 28 2200  444.0  444.0  444.0  444.0  444.0  444.0
1997 209  7 28 2300  -35.9  978.9    0.5  160.0  444.0  444.0
1997 210  7 29 0000  444.0  444.0  444.0  444.0  444.0  444.0
1997 210  7 29 0100  -37.0  978.7    1.5  139.0  444.0  444.0
1997 210  7 29 0200  -37.6  978.7    3.7  153.0  444.0  444.0
1997 210  7 29 0300  -38.0  978.1    5.6  144.0  444.0  444.0
1997 210  7 29 0400  -37.2  979.1    2.9  192.0  444.0  444.0
1997 210  7 29 0500  444.0  444.0  444.0  444.0  444.0  444.0
1997 210  7 29 0600  -37.0  978.9    3.9  120.0  444.0  444.0
1997 210  7 29 0700  -38.2  979.1    3.4  151.0  444.0  444.0
1997 210  7 29 0800  -37.9  978.5    0.0    0.0  444.0  444.0
1997 210  7 29 0900  -33.8  977.7    3.4  253.0  444.0  444.0
1997 210  7 29 1000  444.0  976.4    2.9  202.0  444.0  444.0
1997 210  7 29 1100  -36.0  976.3    0.0    0.0  444.0  444.0
1997 210  7 29 1200  444.0  974.6    3.2  241.0  444.0  444.0
1997 210  7 29 1300  -39.1  974.0    4.4  123.0  444.0  444.0
1997 210  7 29 1400  -38.6  972.2    6.9  123.0  444.0  444.0
1997 210  7 29 1500  444.0  444.0  444.0  444.0  444.0  444.0
1997 210  7 29 1600  -37.0  971.4    9.3  150.0  444.0  444.0
1997 210  7 29 1700  -36.2  970.2   10.0  144.0  444.0  444.0
1997 210  7 29 1800  -37.2  969.6    7.4  126.0  444.0  444.0
1997 210  7 29 1900  -36.1  966.9    9.8  140.0  444.0  444.0
1997 210  7 29 2000  444.0  444.0  444.0  444.0  444.0  444.0
1997 210  7 29 2100  -36.8  965.4    3.2  111.0  444.0  444.0
1997 210  7 29 2200  -36.8  963.8    6.1  149.0  444.0  444.0
1997 210  7 29 2300  -36.6  962.3    6.6  109.0  444.0  444.0
1997 211  7 30 0000  -37.0  961.8    3.7  129.0  444.0  444.0
1997 211  7 30 0100  -37.2  962.0    4.2  123.0  444.0  444.0
1997 211  7 30 0200  -35.6  961.6   13.2  147.0  444.0  444.0
1997 211  7 30 0300  444.0  444.0  444.0  444.0  444.0  444.0
1997 211  7 30 0400  -34.8  962.8    8.1  146.0  444.0  444.0
1997 211  7 30 0500  -35.1  963.3    6.6  168.0  444.0  444.0
1997 211  7 30 0600  -36.4  963.4    4.7  150.0  444.0  444.0
1997 211  7 30 0700  -35.9  963.7    3.4  149.0  444.0  444.0
1997 211  7 30 0800  444.0  444.0  444.0  444.0  444.0  444.0
1997 211  7 30 0900  -34.6  964.3    0.5  108.0  444.0  444.0
1997 211  7 30 1000  -35.1  965.7    1.2  140.0  444.0  444.0
1997 211  7 30 1100  -37.5  965.4    5.1  140.0  444.0  444.0
1997 211  7 30 1200  -37.6  966.4    4.4  144.0  444.0  444.0
1997 211  7 30 1300  444.0  444.0  444.0  444.0  444.0  444.0
1997 211  7 30 1400  -34.6  966.2    4.2  194.0  444.0  444.0
1997 211  7 30 1500  -34.5  966.7    1.7  136.0  444.0  444.0
1997 211  7 30 1600  -35.9  967.0    0.0    0.0  444.0  444.0
1997 211  7 30 1700  -35.6  967.0    0.0    0.0  444.0  444.0
1997 211  7 30 1800  -35.8  967.6    0.2  351.0  444.0  444.0
1997 211  7 30 1900  -36.1  968.1    3.4  143.0  444.0  444.0
1997 211  7 30 2000  -35.9  968.7    3.4  139.0  444.0  444.0
1997 211  7 30 2100  -36.0  969.3    2.5  115.0  444.0  444.0
1997 211  7 30 2200  -35.1  969.9    1.2  149.0  444.0  444.0
1997 211  7 30 2300  -34.8  970.0    1.0  230.0  444.0  444.0
1997 212  7 31 0000  -35.8  970.7    0.5   15.0  444.0  444.0
1997 212  7 31 0100  444.0  444.0  444.0  444.0  444.0  444.0
1997 212  7 31 0200  -35.9  970.6    0.7  323.0  444.0  444.0
1997 212  7 31 0300  -35.6  971.0    0.2  295.0  444.0  444.0
1997 212  7 31 0400  -36.1  971.0    4.4  250.0  444.0  444.0
1997 212  7 31 0500  -35.8  971.3    2.7  257.0  444.0  444.0
1997 212  7 31 0600  444.0  444.0  444.0  444.0  444.0  444.0
1997 212  7 31 0700  -35.8  971.6    0.7  248.0  444.0  444.0
1997 212  7 31 0800  -37.4  972.3    1.7  143.0  444.0  444.0
1997 212  7 31 0900  -36.8  972.7    1.2  178.0  444.0  444.0
1997 212  7 31 1000  -38.1  973.0    1.0  130.0  444.0  444.0
1997 212  7 31 1100  -37.5  973.3    0.0    0.0  444.0  444.0
1997 212  7 31 1200  -38.0  973.6    2.5  130.0  444.0  444.0
1997 212  7 31 1300  -37.2  974.4    3.2  160.0  444.0  444.0
1997 212  7 31 1400  -37.6  975.0    2.9  146.0  444.0  444.0
1997 212  7 31 1500  -39.1  975.6    3.7  147.0  444.0  444.0
1997 212  7 31 1600  -38.5  976.1    3.2  170.0  444.0  444.0
1997 212  7 31 1700  -39.2  976.9    2.2  153.0  444.0  444.0
1997 212  7 31 1800  444.0  444.0  444.0  444.0  444.0  444.0
1997 212  7 31 1900  444.0  444.0  444.0  444.0  444.0  444.0
1997 212  7 31 2000  444.0  444.0  444.0  444.0  444.0  444.0
1997 212  7 31 2100  444.0  444.0  444.0  444.0  444.0  444.0
1997 212  7 31 2200  444.0  444.0  444.0  444.0  444.0  444.0
1997 212  7 31 2300  444.0  444.0  444.0  444.0  444.0  444.0
