Year: 1992  Month: 08  ID: MPT  ARGOS:  8906  Name: Marble Point        
Lat: 77.44S  Lon: 163.76E  Elev:  108m
1992 214  8  1 0000  -29.8  972.1    1.5  208.0  444.0  444.0
1992 214  8  1 0100  -29.8  970.9    0.2  215.0  444.0  444.0
1992 214  8  1 0200  -30.8  969.7    0.0    0.0  444.0  444.0
1992 214  8  1 0300  -31.4  969.0    0.0    0.0  444.0  444.0
1992 214  8  1 0400  -31.4  968.2    0.5  336.0  444.0  444.0
1992 214  8  1 0500  -34.4  966.9    1.0  153.0  444.0  444.0
1992 214  8  1 0600  -32.9  965.8    0.0    0.0  444.0  444.0
1992 214  8  1 0700  -32.9  965.1    0.7  160.0  444.0  444.0
1992 214  8  1 0800  444.0  965.1    0.7  147.0  444.0  444.0
1992 214  8  1 0900  -35.6  964.8    3.4  140.0  444.0  444.0
1992 214  8  1 1000  444.0  444.0  444.0  444.0  444.0  444.0
1992 214  8  1 1100  -34.9  964.5    4.2  135.0  444.0  444.0
1992 214  8  1 1200  -34.6  965.1    3.2  146.0  444.0  444.0
1992 214  8  1 1300  -34.0  965.5    3.9  139.0  444.0  444.0
1992 214  8  1 1400  -33.4  966.2    3.2  153.0  444.0  444.0
1992 214  8  1 1500  -33.9  967.3    2.2  151.0  444.0  444.0
1992 214  8  1 1600  -32.0  968.0    2.7  175.0  444.0  444.0
1992 214  8  1 1700  -31.0  968.7    4.2  151.0  444.0  444.0
1992 214  8  1 1800  -31.3  969.5    2.9  139.0  444.0  444.0
1992 214  8  1 1900  -34.3  970.6    3.9  157.0  444.0  444.0
1992 214  8  1 2000  -33.4  972.2    4.4  146.0  444.0  444.0
1992 214  8  1 2100  -32.4  973.2    3.2  158.0  444.0  444.0
1992 214  8  1 2200  -32.0  973.8    3.4  154.0  444.0  444.0
1992 214  8  1 2300  444.0  444.0  444.0  444.0  444.0  444.0
1992 215  8  2 0000  -32.3  975.0    2.7  196.0  444.0  444.0
1992 215  8  2 0100  -32.1  974.9    2.7  167.0  444.0  444.0
1992 215  8  2 0200  -32.1  974.9    4.2  156.0  444.0  444.0
1992 215  8  2 0300  -31.9  975.6    3.4  153.0  444.0  444.0
1992 215  8  2 0400  -31.9  975.9    3.2  143.0  444.0  444.0
1992 215  8  2 0500  -32.0  976.3    2.0  154.0  444.0  444.0
1992 215  8  2 0600  -33.3  976.9    2.7  156.0  444.0  444.0
1992 215  8  2 0700  -33.5  977.0    2.0  149.0  444.0  444.0
1992 215  8  2 0800  -32.8  977.2    2.9  140.0  444.0  444.0
1992 215  8  2 0900  -31.6  977.2    2.5  135.0  444.0  444.0
1992 215  8  2 1000  -31.4  977.6    1.7  140.0  444.0  444.0
1992 215  8  2 1100  -29.4  977.8    0.0    0.0  444.0  444.0
1992 215  8  2 1200  -28.4  977.7    1.5  199.0  444.0  444.0
1992 215  8  2 1300  -29.8  978.0    0.7   18.0  444.0  444.0
1992 215  8  2 1400  -29.8  978.0    0.0    0.0  444.0  444.0
1992 215  8  2 1500  -28.6  978.2    0.7  302.0  444.0  444.0
1992 215  8  2 1600  -28.1  978.1    0.2  319.0  444.0  444.0
1992 215  8  2 1700  -27.5  977.8    1.2  324.0  444.0  444.0
1992 215  8  2 1800  -27.5  977.9  444.0  444.0  444.0  444.0
1992 215  8  2 1900  -27.1  978.0    0.2  272.0  444.0  444.0
1992 215  8  2 2000  -26.9  978.7    1.0  196.0  444.0  444.0
1992 215  8  2 2100  -27.1  978.8    1.7  216.0  444.0  444.0
1992 215  8  2 2200  -26.4  978.9    2.5  210.0  444.0  444.0
1992 215  8  2 2300  -26.1  978.8    1.5  240.0  444.0  444.0
1992 216  8  3 0000  -27.8  979.0    0.7  226.0  444.0  444.0
1992 216  8  3 0100  -25.0  979.2    1.2  219.0  444.0  444.0
1992 216  8  3 0200  -27.1  979.3    1.0  146.0  444.0  444.0
1992 216  8  3 0300  -27.1  979.6    1.2  164.0  444.0  444.0
1992 216  8  3 0400  -25.0  979.6    0.0    0.0  444.0  444.0
1992 216  8  3 0500  -28.8  980.0    0.7  165.0  444.0  444.0
1992 216  8  3 0600  -25.5  980.1    1.0  320.0  444.0  444.0
1992 216  8  3 0700  -24.6  980.4    0.0    0.0  444.0  444.0
1992 216  8  3 0800  -22.6  980.8    0.5  136.0  444.0  444.0
1992 216  8  3 0900  -24.8  981.4    0.2  106.0  444.0  444.0
1992 216  8  3 1000  -25.5  981.8    0.2  130.0  444.0  444.0
1992 216  8  3 1100  -28.4  982.1    2.0  143.0  444.0  444.0
1992 216  8  3 1200  -28.1  982.2    2.7  150.0  444.0  444.0
1992 216  8  3 1300  -26.1  982.4    3.4  133.0  444.0  444.0
1992 216  8  3 1400  -25.5  982.9    3.9  140.0  444.0  444.0
1992 216  8  3 1500  -26.1  983.5    2.9  142.0  444.0  444.0
1992 216  8  3 1600  -25.8  984.2    3.4  161.0  444.0  444.0
1992 216  8  3 1700  -25.3  984.3    4.2  165.0  444.0  444.0
1992 216  8  3 1800  -24.3  984.5    5.9  158.0  444.0  444.0
1992 216  8  3 1900  -24.3  984.6    5.6  158.0  444.0  444.0
1992 216  8  3 2000  -24.9  984.9    5.1  151.0  444.0  444.0
1992 216  8  3 2100  -25.4  985.3    6.1  157.0  444.0  444.0
1992 216  8  3 2200  -25.4  985.7    5.6  151.0  444.0  444.0
1992 216  8  3 2300  -26.0  986.2    5.4  154.0  444.0  444.0
1992 217  8  4 0000  -26.0  986.7    6.6  160.0  444.0  444.0
1992 217  8  4 0100  -26.4  986.5    6.4  167.0  444.0  444.0
1992 217  8  4 0200  -26.5  986.6    7.8  163.0  444.0  444.0
1992 217  8  4 0300  -26.6  987.2    5.6  171.0  444.0  444.0
1992 217  8  4 0400  -26.0  987.5    5.6  160.0  444.0  444.0
1992 217  8  4 0500  -25.6  987.8    7.6  168.0  444.0  444.0
1992 217  8  4 0600  -25.0  987.8    6.4  165.0  444.0  444.0
1992 217  8  4 0700  -24.1  988.0    6.4  164.0  444.0  444.0
1992 217  8  4 0800  -23.6  988.3    5.1  156.0  444.0  444.0
1992 217  8  4 0900  -23.9  988.9    4.4  165.0  444.0  444.0
1992 217  8  4 1000  -24.0  988.8    4.9  158.0  444.0  444.0
1992 217  8  4 1100  -22.9  989.0    5.9  151.0  444.0  444.0
1992 217  8  4 1200  -22.4  989.3    6.4  151.0  444.0  444.0
1992 217  8  4 1300  -22.1  989.6    5.6  160.0  444.0  444.0
1992 217  8  4 1400  -21.6  990.1    4.7  142.0  444.0  444.0
1992 217  8  4 1500  -21.1  989.9    5.6  126.0  444.0  444.0
1992 217  8  4 1600  -20.8  989.8    6.4  120.0  444.0  444.0
1992 217  8  4 1700  -20.9  991.2    4.2  157.0  444.0  444.0
1992 217  8  4 1800  -20.6  991.6    4.4  154.0  444.0  444.0
1992 217  8  4 1900  -20.5  991.5    5.6  165.0  444.0  444.0
1992 217  8  4 2000  -20.4  991.9    5.1  137.0  444.0  444.0
1992 217  8  4 2100  -20.1  992.2    4.2  140.0  444.0  444.0
1992 217  8  4 2200  -20.4  992.2    4.2  137.0  444.0  444.0
1992 217  8  4 2300  -20.4  992.6    5.4  144.0  444.0  444.0
1992 218  8  5 0000  -20.5  992.7    4.7  144.0  444.0  444.0
1992 218  8  5 0100  -20.3  992.7    5.6  153.0  444.0  444.0
1992 218  8  5 0200  -20.1  992.8    5.6  154.0  444.0  444.0
1992 218  8  5 0300  -20.3  993.0    3.9  161.0  444.0  444.0
1992 218  8  5 0400  444.0  444.0  444.0  444.0  444.0  444.0
1992 218  8  5 0500  -20.4  992.0    4.7  153.0  444.0  444.0
1992 218  8  5 0600  -20.8  992.1    4.2  156.0  444.0  444.0
1992 218  8  5 0700  -21.1  991.9    4.7  158.0  444.0  444.0
1992 218  8  5 0800  -21.8  991.8    2.7  151.0  444.0  444.0
1992 218  8  5 0900  -21.3  991.8    5.1  164.0  444.0  444.0
1992 218  8  5 1000  -22.8  991.3    4.4  143.0  444.0  444.0
1992 218  8  5 1100  -23.3  991.0    3.4  144.0  444.0  444.0
1992 218  8  5 1200  -23.1  990.8    3.7  136.0  444.0  444.0
1992 218  8  5 1300  -23.1  990.4    2.7  160.0  444.0  444.0
1992 218  8  5 1400  -23.1  990.2    3.7  156.0  444.0  444.0
1992 218  8  5 1500  -22.6  989.9    3.7  163.0  444.0  444.0
1992 218  8  5 1600  444.0  444.0  444.0  444.0  444.0  444.0
1992 218  8  5 1700  -23.1  989.2    4.7  153.0  444.0  444.0
1992 218  8  5 1800  -23.1  989.2    3.4  151.0  444.0  444.0
1992 218  8  5 1900  -22.6  988.8    3.7  149.0  444.0  444.0
1992 218  8  5 2000  444.0  444.0  444.0  444.0  444.0  444.0
1992 218  8  5 2100  444.0  444.0  444.0  444.0  444.0  444.0
1992 218  8  5 2200  444.0  444.0  444.0  444.0  444.0  444.0
1992 218  8  5 2300  444.0  444.0  444.0  444.0  444.0  444.0
1992 219  8  6 0000  -20.1  987.7    3.2  168.0  444.0  444.0
1992 219  8  6 0100  -20.4  987.5    3.7  171.0  444.0  444.0
1992 219  8  6 0200  444.0  444.0  444.0  444.0  444.0  444.0
1992 219  8  6 0300  -20.6  987.3    3.7  144.0  444.0  444.0
1992 219  8  6 0400  -20.8  987.3    3.7  156.0  444.0  444.0
1992 219  8  6 0500  -20.3  987.3    2.9  160.0  444.0  444.0
1992 219  8  6 0600  -20.1  987.1    1.5  153.0  444.0  444.0
1992 219  8  6 0700  -24.1  987.2    2.5  143.0  444.0  444.0
1992 219  8  6 0800  -22.0  987.3    2.9  133.0  444.0  444.0
1992 219  8  6 0900  -22.5  987.4    3.4  135.0  444.0  444.0
1992 219  8  6 1000  -22.4  987.8    1.7  111.0  444.0  444.0
1992 219  8  6 1100  -24.3  988.0    3.9  133.0  444.0  444.0
1992 219  8  6 1200  -24.5  988.1    3.7  136.0  444.0  444.0
1992 219  8  6 1300  -23.8  988.3    3.7  140.0  444.0  444.0
1992 219  8  6 1400  -22.8  988.4    4.7  137.0  444.0  444.0
1992 219  8  6 1500  -23.8  988.9    2.7  143.0  444.0  444.0
1992 219  8  6 1600  -24.5  989.0    1.7  135.0  444.0  444.0
1992 219  8  6 1700  -23.8  988.8    0.0    0.0  444.0  444.0
1992 219  8  6 1800  -22.4  988.7    0.7  170.0  444.0  444.0
1992 219  8  6 1900  -26.0  989.2    2.5  144.0  444.0  444.0
1992 219  8  6 2000  -26.8  989.3    0.5  156.0  444.0  444.0
1992 219  8  6 2100  -25.0  989.4    1.5  153.0  444.0  444.0
1992 219  8  6 2200  -27.9  989.3    3.2  137.0  444.0  444.0
1992 219  8  6 2300  -27.3  989.5    2.9  147.0  444.0  444.0
1992 220  8  7 0000  -30.1  989.5    5.1  140.0  444.0  444.0
1992 220  8  7 0100  -28.1  989.7    4.2  143.0  444.0  444.0
1992 220  8  7 0200  -27.9  989.7    3.2  133.0  444.0  444.0
1992 220  8  7 0300  -30.4  990.2    3.7  133.0  444.0  444.0
1992 220  8  7 0400  -30.4  990.8    4.7  137.0  444.0  444.0
1992 220  8  7 0500  -29.8  990.7    4.4  140.0  444.0  444.0
1992 220  8  7 0600  -28.1  990.7    4.2  140.0  444.0  444.0
1992 220  8  7 0700  -28.6  991.3    5.4  139.0  444.0  444.0
1992 220  8  7 0800  -28.6  991.6    5.1  151.0  444.0  444.0
1992 220  8  7 0900  -28.6  992.0    2.9  139.0  444.0  444.0
1992 220  8  7 1000  -28.8  992.2    3.2  143.0  444.0  444.0
1992 220  8  7 1100  -28.4  991.5    2.5  146.0  444.0  444.0
1992 220  8  7 1200  -27.4  990.9    0.0    0.0  444.0  444.0
1992 220  8  7 1300  -28.0  990.2    2.2  307.0  444.0  444.0
1992 220  8  7 1400  -28.8  989.7    0.0    0.0  444.0  444.0
1992 220  8  7 1500  -27.3  989.4    1.7  306.0  444.0  444.0
1992 220  8  7 1600  -27.1  988.8    3.4  347.0  444.0  444.0
1992 220  8  7 1700  -28.6  988.7    2.0  330.0  444.0  444.0
1992 220  8  7 1800  -27.8  988.5    2.0  300.0  444.0  444.0
1992 220  8  7 1900  -24.0  988.7    1.7  133.0  444.0  444.0
1992 220  8  7 2000  -20.6  989.5    1.0  140.0  444.0  444.0
1992 220  8  7 2100  -18.8  990.0    1.2  195.0  444.0  444.0
1992 220  8  7 2200  -20.6  989.6    2.5  167.0  444.0  444.0
1992 220  8  7 2300  -18.9  989.3    3.9  174.0  444.0  444.0
1992 221  8  8 0000  -17.6  988.9    2.9  181.0  444.0  444.0
1992 221  8  8 0100  -19.8  988.0    0.0    0.0  444.0  444.0
1992 221  8  8 0200  -16.9  987.3    2.0  243.0  444.0  444.0
1992 221  8  8 0300  -22.4  987.0    1.5  196.0  444.0  444.0
1992 221  8  8 0400  -23.6  986.1    0.0    0.0  444.0  444.0
1992 221  8  8 0500  -24.8  985.7    0.0    0.0  444.0  444.0
1992 221  8  8 0600  -24.0  984.4    1.2  281.0  444.0  444.0
1992 221  8  8 0700  -22.5  982.8    3.7  312.0  444.0  444.0
1992 221  8  8 0800  -23.8  982.0    1.0  163.0  444.0  444.0
1992 221  8  8 0900  -22.8  981.8    0.5  157.0  444.0  444.0
1992 221  8  8 1000  -21.9  980.9    1.2   78.0  444.0  444.0
1992 221  8  8 1100  -22.4  980.1    0.0    0.0  444.0  444.0
1992 221  8  8 1200  -21.5  980.2    1.0  122.0  444.0  444.0
1992 221  8  8 1300  -26.8  981.4    5.9  139.0  444.0  444.0
1992 221  8  8 1400  -26.0  981.3    6.9  137.0  444.0  444.0
1992 221  8  8 1500  -24.0  981.6    1.0  154.0  444.0  444.0
1992 221  8  8 1600  -21.5  981.8    0.5  140.0  444.0  444.0
1992 221  8  8 1700  -22.8  982.6    0.2  240.0  444.0  444.0
1992 221  8  8 1800  -22.4  983.3    2.9  151.0  444.0  444.0
1992 221  8  8 1900  -23.8  983.9    5.1  142.0  444.0  444.0
1992 221  8  8 2000  -21.8  984.9    5.1  151.0  444.0  444.0
1992 221  8  8 2100  -20.5  985.3    6.1  161.0  444.0  444.0
1992 221  8  8 2200  -20.8  984.7    4.4  177.0  444.0  444.0
1992 221  8  8 2300  -20.8  983.8    3.4  213.0  444.0  444.0
1992 222  8  9 0000  -17.4  983.7    2.7  185.0  444.0  444.0
1992 222  8  9 0100  -17.0  983.5    3.7  164.0  444.0  444.0
1992 222  8  9 0200  -17.1  983.0    3.2  181.0  444.0  444.0
1992 222  8  9 0300  -19.0  983.0    4.7  149.0  444.0  444.0
1992 222  8  9 0400  -20.1  983.0    3.7  144.0  444.0  444.0
1992 222  8  9 0500  444.0  444.0  444.0  444.0  444.0  444.0
1992 222  8  9 0600  -23.8  984.2    4.2  132.0  444.0  444.0
1992 222  8  9 0700  -25.1  984.6    4.2  157.0  444.0  444.0
1992 222  8  9 0800  -23.9  984.6    5.6  140.0  444.0  444.0
1992 222  8  9 0900  -21.4  985.3    4.7  168.0  444.0  444.0
1992 222  8  9 1000  -21.0  985.8    2.5  129.0  444.0  444.0
1992 222  8  9 1100  -21.6  986.3    4.2  143.0  444.0  444.0
1992 222  8  9 1200  -20.8  986.7    6.9  167.0  444.0  444.0
1992 222  8  9 1300  -19.4  987.6    6.9  149.0  444.0  444.0
1992 222  8  9 1400  -21.4  988.2    5.4  143.0  444.0  444.0
1992 222  8  9 1500  -20.6  444.0    7.4  147.0  444.0  444.0
1992 222  8  9 1600  -20.5  989.6    4.4  153.0  444.0  444.0
1992 222  8  9 1700  444.0  444.0  444.0  444.0  444.0  444.0
1992 222  8  9 1800  -20.8  989.9    1.0  199.0  444.0  444.0
1992 222  8  9 1900  -18.4  989.8    1.2  163.0  444.0  444.0
1992 222  8  9 2000  -17.6  989.8    1.0  205.0  444.0  444.0
1992 222  8  9 2100  -17.0  989.7    1.2  234.0  444.0  444.0
1992 222  8  9 2200  444.0  444.0  444.0  444.0  444.0  444.0
1992 222  8  9 2300  -17.6  989.3    1.2  223.0  444.0  444.0
1992 223  8 10 0000  -16.6  989.0    1.0  241.0  444.0  444.0
1992 223  8 10 0100  -16.0  988.8    1.2  240.0  444.0  444.0
1992 223  8 10 0200  -17.3  988.5    1.2  232.0  444.0  444.0
1992 223  8 10 0300  444.0  444.0  444.0  444.0  444.0  444.0
1992 223  8 10 0400  -22.0  988.4    0.0    0.0  444.0  444.0
1992 223  8 10 0500  444.0  444.0  444.0  444.0  444.0  444.0
1992 223  8 10 0600  -20.4  987.6    1.5  313.0  444.0  444.0
1992 223  8 10 0700  -22.4  986.9    1.7  317.0  444.0  444.0
1992 223  8 10 0800  -23.0  986.0    2.0  317.0  444.0  444.0
1992 223  8 10 0900  -22.0  984.9    2.9  319.0  444.0  444.0
1992 223  8 10 1000  -22.4  983.8    1.2  345.0  444.0  444.0
1992 223  8 10 1100  -23.1  983.0    1.0  282.0  444.0  444.0
1992 223  8 10 1200  -22.6  982.0    1.5    1.0  444.0  444.0
1992 223  8 10 1300  -23.9  981.3    2.7  319.0  444.0  444.0
1992 223  8 10 1400  -22.0  979.8    0.5  338.0  444.0  444.0
1992 223  8 10 1500  -19.6  978.7    0.0    0.0  444.0  444.0
1992 223  8 10 1600  -20.1  977.5    0.0    0.0  444.0  444.0
1992 223  8 10 1700  -21.5  976.1    1.0  302.0  444.0  444.0
1992 223  8 10 1800  -17.0  975.1    1.5  142.0  444.0  444.0
1992 223  8 10 1900  -18.0  974.3    1.5  275.0  444.0  444.0
1992 223  8 10 2000  444.0  444.0  444.0  444.0  444.0  444.0
1992 223  8 10 2100  -15.4  973.3    1.2  212.0  444.0  444.0
1992 223  8 10 2200  -11.4  973.0    0.5  201.0  444.0  444.0
1992 223  8 10 2300  -16.8  972.5    0.5  230.0  444.0  444.0
1992 224  8 11 0000  -11.9  971.7    1.7  191.0  444.0  444.0
1992 224  8 11 0100  444.0  444.0  444.0  444.0  444.0  444.0
1992 224  8 11 0200  -15.5  971.2    1.2  234.0  444.0  444.0
1992 224  8 11 0300  444.0  444.0  444.0  444.0  444.0  444.0
1992 224  8 11 0400  -18.8  970.8    1.7  150.0  444.0  444.0
1992 224  8 11 0500  -17.9  970.1    1.5  158.0  444.0  444.0
1992 224  8 11 0600   -8.1  969.5    1.7  236.0  444.0  444.0
1992 224  8 11 0700  -12.5  968.6    2.9   70.0  444.0  444.0
1992 224  8 11 0800  444.0  444.0  444.0  444.0  444.0  444.0
1992 224  8 11 0900   -8.1  965.7    3.7  277.0  444.0  444.0
1992 224  8 11 1000  -10.8  964.8    8.8  177.0  444.0  444.0
1992 224  8 11 1100  -15.9  966.4    9.1  146.0  444.0  444.0
1992 224  8 11 1200  -22.6  972.5    3.9  146.0  444.0  444.0
1992 224  8 11 1300  444.0  444.0  444.0  444.0  444.0  444.0
1992 224  8 11 1400  -22.5  973.5    2.5  156.0  444.0  444.0
1992 224  8 11 1500  -20.6  974.0    2.0  151.0  444.0  444.0
1992 224  8 11 1600  -19.6  974.2    1.7  177.0  444.0  444.0
1992 224  8 11 1700  -18.3  974.1    1.7  219.0  444.0  444.0
1992 224  8 11 1800  444.0  444.0  444.0  444.0  444.0  444.0
1992 224  8 11 1900  -15.6  973.7    0.7  281.0  444.0  444.0
1992 224  8 11 2000  -16.8  972.7    0.2  293.0  444.0  444.0
1992 224  8 11 2100  -17.1  971.7    0.0    0.0  444.0  444.0
1992 224  8 11 2200  -20.4  971.3    0.7  310.0  444.0  444.0
1992 224  8 11 2300  444.0  444.0  444.0  444.0  444.0  444.0
1992 225  8 12 0000  -20.5  968.0    1.0  329.0  444.0  444.0
1992 225  8 12 0100  -21.1  966.6    0.5  271.0  444.0  444.0
1992 225  8 12 0200  -21.5  965.3    1.0  241.0  444.0  444.0
1992 225  8 12 0300  -21.9  962.9    0.2  158.0  444.0  444.0
1992 225  8 12 0400  -21.3  963.0    0.5  165.0  444.0  444.0
1992 225  8 12 0500  -22.4  962.5    1.2  140.0  444.0  444.0
1992 225  8 12 0600  -24.4  962.4    2.2  122.0  444.0  444.0
1992 225  8 12 0700  -23.4  961.6    2.2  142.0  444.0  444.0
1992 225  8 12 0800  -23.0  960.1    2.9  154.0  444.0  444.0
1992 225  8 12 0900  -21.5  959.5    4.4  142.0  444.0  444.0
1992 225  8 12 1000  -20.5  959.3    5.4  147.0  444.0  444.0
1992 225  8 12 1100  444.0  444.0  444.0  444.0  444.0  444.0
1992 225  8 12 1200  -22.8  960.6    5.4  146.0  444.0  444.0
1992 225  8 12 1300  -23.0  960.8    3.9  156.0  444.0  444.0
1992 225  8 12 1400  -22.5  444.0    5.6  140.0  444.0  444.0
1992 225  8 12 1500  -22.8  962.1    3.7  158.0  444.0  444.0
1992 225  8 12 1600  444.0  444.0  444.0  444.0  444.0  444.0
1992 225  8 12 1700  -22.4  962.3    4.2  153.0  444.0  444.0
1992 225  8 12 1800  444.0  444.0  444.0  444.0  444.0  444.0
1992 225  8 12 1900  -21.4  962.0    4.2  150.0  444.0  444.0
1992 225  8 12 2000  -22.5  962.5    3.7  144.0  444.0  444.0
1992 225  8 12 2100  -22.6  963.2    5.4  154.0  444.0  444.0
1992 225  8 12 2200  -22.8  963.4    3.4  156.0  444.0  444.0
1992 225  8 12 2300  -23.8  964.1    4.7  163.0  444.0  444.0
1992 226  8 13 0000  -25.8  965.0    2.9  144.0  444.0  444.0
1992 226  8 13 0100  -25.5  964.7    3.9  160.0  444.0  444.0
1992 226  8 13 0200  -26.1  964.7    2.2  151.0  444.0  444.0
1992 226  8 13 0300  -23.8  965.1    2.7  165.0  444.0  444.0
1992 226  8 13 0400  -23.9  964.9    2.9  157.0  444.0  444.0
1992 226  8 13 0500  -23.8  964.7    2.5  147.0  444.0  444.0
1992 226  8 13 0600  -25.6  964.5    0.2  127.0  444.0  444.0
1992 226  8 13 0700  -26.5  964.3    0.0    0.0  444.0  444.0
1992 226  8 13 0800  -26.1  964.2    0.0    0.0  444.0  444.0
1992 226  8 13 0900  -24.8  964.7    0.5  172.0  444.0  444.0
1992 226  8 13 1000  -25.5  964.7    1.2  227.0  444.0  444.0
1992 226  8 13 1100  -24.5  964.7    1.0  268.0  444.0  444.0
1992 226  8 13 1200  -28.4  965.3    2.2  139.0  444.0  444.0
1992 226  8 13 1300  -29.0  966.3    1.7  146.0  444.0  444.0
1992 226  8 13 1400  -28.8  967.5    5.4  143.0  444.0  444.0
1992 226  8 13 1500  -26.8  968.5    4.4  142.0  444.0  444.0
1992 226  8 13 1600  -26.9  969.0    4.9  147.0  444.0  444.0
1992 226  8 13 1700  -28.6  970.6    3.7  154.0  444.0  444.0
1992 226  8 13 1800  -28.1  971.8    3.2  151.0  444.0  444.0
1992 226  8 13 1900  -27.9  972.3    2.9  137.0  444.0  444.0
1992 226  8 13 2000  -27.5  972.7    1.7  132.0  444.0  444.0
1992 226  8 13 2100  -26.9  973.0    0.5  194.0  444.0  444.0
1992 226  8 13 2200  -26.6  972.7    0.5  250.0  444.0  444.0
1992 226  8 13 2300  -26.6  973.3    0.2  239.0  444.0  444.0
1992 227  8 14 0000  -28.0  973.3    0.2  163.0  444.0  444.0
1992 227  8 14 0100  -28.0  973.2    0.0    0.0  444.0  444.0
1992 227  8 14 0200  -28.8  973.3    1.0  285.0  444.0  444.0
1992 227  8 14 0300  -27.6  973.3    0.5  357.0  444.0  444.0
1992 227  8 14 0400  -27.5  973.8    1.0  243.0  444.0  444.0
1992 227  8 14 0500  -26.6  973.9    0.5  192.0  444.0  444.0
1992 227  8 14 0600  -32.0  974.9    3.2  147.0  444.0  444.0
1992 227  8 14 0700  -31.6  976.0    2.7  144.0  444.0  444.0
1992 227  8 14 0800  -32.1  977.1    2.2  130.0  444.0  444.0
1992 227  8 14 0900  -31.1  977.7    1.2  157.0  444.0  444.0
1992 227  8 14 1000  -30.4  978.2    1.0  254.0  444.0  444.0
1992 227  8 14 1100  -29.5  978.4    0.5  260.0  444.0  444.0
1992 227  8 14 1200  -29.1  978.7    0.2  255.0  444.0  444.0
1992 227  8 14 1300  -29.6  979.5    0.0    0.0  444.0  444.0
1992 227  8 14 1400  -29.0  980.6    0.5  258.0  444.0  444.0
1992 227  8 14 1500  -28.9  981.4    0.7  292.0  444.0  444.0
1992 227  8 14 1600  -28.8  981.6    3.2  217.0  444.0  444.0
1992 227  8 14 1700  -27.1  980.3    1.7  355.0  444.0  444.0
1992 227  8 14 1800  -19.1  979.7    0.7  286.0  444.0  444.0
1992 227  8 14 1900  -17.6  979.8    2.9  205.0  444.0  444.0
1992 227  8 14 2000  -16.8  979.6    0.2  316.0  444.0  444.0
1992 227  8 14 2100  444.0  444.0  444.0  444.0  444.0  444.0
1992 227  8 14 2200  -26.9  979.6    0.0    0.0  444.0  444.0
1992 227  8 14 2300  -22.6  979.5    0.5  348.0  444.0  444.0
1992 228  8 15 0000  -24.3  979.4    0.5  137.0  444.0  444.0
1992 228  8 15 0100  -24.5  979.0    0.0    0.0  444.0  444.0
1992 228  8 15 0200  -19.5  978.7    0.0    0.0  444.0  444.0
1992 228  8 15 0300  -17.1  978.5    0.0    0.0  444.0  444.0
1992 228  8 15 0400  -18.1  978.0    1.2  244.0  444.0  444.0
1992 228  8 15 0500  -19.8  977.8    0.2  215.0  444.0  444.0
1992 228  8 15 0600  -20.1  977.4    2.0  329.0  444.0  444.0
1992 228  8 15 0700  -19.8  977.2    1.0  279.0  444.0  444.0
1992 228  8 15 0800  -19.4  976.5    0.2  305.0  444.0  444.0
1992 228  8 15 0900  -18.4  976.2    1.0  233.0  444.0  444.0
1992 228  8 15 1000  -15.3  975.6    1.0  233.0  444.0  444.0
1992 228  8 15 1100  -17.4  975.5    0.5   99.0  444.0  444.0
1992 228  8 15 1200  -22.4  975.1    0.0    0.0  444.0  444.0
1992 228  8 15 1300  -22.0  974.9    0.0    0.0  444.0  444.0
1992 228  8 15 1400  -26.0  974.7    1.2  146.0  444.0  444.0
1992 228  8 15 1500  -26.9  974.2    1.2  146.0  444.0  444.0
1992 228  8 15 1600  -24.0  974.5    1.7  143.0  444.0  444.0
1992 228  8 15 1700  -24.3  974.2    1.2  132.0  444.0  444.0
1992 228  8 15 1800  -22.8  973.9    0.0    0.0  444.0  444.0
1992 228  8 15 1900  -22.4  973.5    0.0    0.0  444.0  444.0
1992 228  8 15 2000  -23.4  973.1    0.5  305.0  444.0  444.0
1992 228  8 15 2100  -22.6  972.6    0.0    0.0  444.0  444.0
1992 228  8 15 2200  -24.3  972.6    1.5  351.0  444.0  444.0
1992 228  8 15 2300  -24.9  972.2    0.0    0.0  444.0  444.0
1992 229  8 16 0000  444.0  444.0  444.0  444.0  444.0  444.0
1992 229  8 16 0100  -24.8  972.4    1.0  156.0  444.0  444.0
1992 229  8 16 0200  -27.4  972.9    4.2  129.0  444.0  444.0
1992 229  8 16 0300  -25.5  973.8    4.2  143.0  444.0  444.0
1992 229  8 16 0400  -22.8  974.4    2.0  125.0  444.0  444.0
1992 229  8 16 0500  -21.5  975.0    2.2  151.0  444.0  444.0
1992 229  8 16 0600  -21.9  975.2    0.0    0.0  444.0  444.0
1992 229  8 16 0700  -19.1  975.2    0.7  264.0  444.0  444.0
1992 229  8 16 0800  -16.1  974.8    1.0  279.0  444.0  444.0
1992 229  8 16 0900  -15.9  974.8    1.5  285.0  444.0  444.0
1992 229  8 16 1000  -16.9  974.7    1.7  270.0  444.0  444.0
1992 229  8 16 1100  -17.4  974.5    0.7  253.0  444.0  444.0
1992 229  8 16 1200  -15.4  974.4    0.0    0.0  444.0  444.0
1992 229  8 16 1300  -17.6  974.2    0.0    0.0  444.0  444.0
1992 229  8 16 1400  -17.0  974.8    1.5  140.0  444.0  444.0
1992 229  8 16 1500  -22.9  975.1    0.7  161.0  444.0  444.0
1992 229  8 16 1600  -18.3  975.5    1.7  289.0  444.0  444.0
1992 229  8 16 1700  -19.1  975.8    2.9  150.0  444.0  444.0
1992 229  8 16 1800  -16.0  975.7    0.0    0.0  444.0  444.0
1992 229  8 16 1900  -14.3  975.7    0.5   39.0  444.0  444.0
1992 229  8 16 2000  -17.4  975.7    0.7  286.0  444.0  444.0
1992 229  8 16 2100  -17.0  976.0    0.5  336.0  444.0  444.0
1992 229  8 16 2200  -15.3  976.0    0.0    0.0  444.0  444.0
1992 229  8 16 2300  -11.8  976.0    1.0  206.0  444.0  444.0
1992 230  8 17 0000  -19.1  976.1    1.2  191.0  444.0  444.0
1992 230  8 17 0100  -22.1  976.1    0.2  161.0  444.0  444.0
1992 230  8 17 0200  -24.5  976.6    1.7  132.0  444.0  444.0
1992 230  8 17 0300  -23.4  976.3    1.0  137.0  444.0  444.0
1992 230  8 17 0400  -22.4  976.1    2.0  156.0  444.0  444.0
1992 230  8 17 0500  -21.3  975.8    2.0  142.0  444.0  444.0
1992 230  8 17 0600  -21.9  976.1    1.0   88.0  444.0  444.0
1992 230  8 17 0700  -24.8  976.0    2.0  144.0  444.0  444.0
1992 230  8 17 0800  -23.3  976.4    3.4  140.0  444.0  444.0
1992 230  8 17 0900  -23.1  976.9    2.9  136.0  444.0  444.0
1992 230  8 17 1000  -22.5  977.4    4.4  137.0  444.0  444.0
1992 230  8 17 1100  -24.3  977.5    4.9  142.0  444.0  444.0
1992 230  8 17 1200  -23.1  978.1    6.6  142.0  444.0  444.0
1992 230  8 17 1300  -22.6  978.4    4.4  130.0  444.0  444.0
1992 230  8 17 1400  -22.1  978.4    5.6  140.0  444.0  444.0
1992 230  8 17 1500  -22.5  978.8    6.1  146.0  444.0  444.0
1992 230  8 17 1600  -22.6  979.3    5.4  151.0  444.0  444.0
1992 230  8 17 1700  -22.5  979.2    5.4  142.0  444.0  444.0
1992 230  8 17 1800  -22.6  979.3    5.1  144.0  444.0  444.0
1992 230  8 17 1900  -21.5  979.1    3.4  164.0  444.0  444.0
1992 230  8 17 2000  -24.8  979.3    0.0    0.0  444.0  444.0
1992 230  8 17 2100  -23.9  979.4    0.0    0.0  444.0  444.0
1992 230  8 17 2200  -24.3  979.2    0.7  284.0  444.0  444.0
1992 230  8 17 2300  -24.4  979.1    0.7  158.0  444.0  444.0
1992 231  8 18 0000  -24.3  978.4    0.2  312.0  444.0  444.0
1992 231  8 18 0100  -24.8  978.2    0.0    0.0  444.0  444.0
1992 231  8 18 0200  -24.3  977.9    3.2  143.0  444.0  444.0
1992 231  8 18 0300  -24.5  977.5    3.4  136.0  444.0  444.0
1992 231  8 18 0400  -24.3  977.1    2.2  160.0  444.0  444.0
1992 231  8 18 0500  -25.0  976.7    3.9  144.0  444.0  444.0
1992 231  8 18 0600  -24.3  976.4    2.2  142.0  444.0  444.0
1992 231  8 18 0700  -23.4  976.0    3.7  161.0  444.0  444.0
1992 231  8 18 0800  -24.6  975.9    1.2  143.0  444.0  444.0
1992 231  8 18 0900  -25.6  975.5    1.5  127.0  444.0  444.0
1992 231  8 18 1000  -26.5  974.9    2.0  136.0  444.0  444.0
1992 231  8 18 1100  -27.6  974.4    1.0  143.0  444.0  444.0
1992 231  8 18 1200  -26.1  974.0    1.0  129.0  444.0  444.0
1992 231  8 18 1300  -26.1  973.9    0.0    0.0  444.0  444.0
1992 231  8 18 1400  -27.6  973.3    1.7  151.0  444.0  444.0
1992 231  8 18 1500  -27.3  973.1    3.2  160.0  444.0  444.0
1992 231  8 18 1600  -26.4  973.1    4.4  158.0  444.0  444.0
1992 231  8 18 1700  -26.9  973.0    2.7  163.0  444.0  444.0
1992 231  8 18 1800  -27.4  973.1    3.2  137.0  444.0  444.0
1992 231  8 18 1900  -27.3  973.3    1.7  127.0  444.0  444.0
1992 231  8 18 2000  444.0  444.0  444.0  444.0  444.0  444.0
1992 231  8 18 2100  -24.3  974.0    0.7  172.0  444.0  444.0
1992 231  8 18 2200  444.0  444.0  444.0  444.0  444.0  444.0
1992 231  8 18 2300  -24.5  973.8    1.0  157.0  444.0  444.0
1992 232  8 19 0000  -22.4  973.6    1.0  234.0  444.0  444.0
1992 232  8 19 0100  -28.4  973.5    5.4  319.0  444.0  444.0
1992 232  8 19 0200  -27.6  973.8    1.2  261.0  444.0  444.0
1992 232  8 19 0300  444.0  444.0  444.0  444.0  444.0  444.0
1992 232  8 19 0400  -26.9  973.9    1.2  248.0  444.0  444.0
1992 232  8 19 0500  -29.5  974.2    0.0    0.0  444.0  444.0
1992 232  8 19 0600  -28.8  974.6    3.7  285.0  444.0  444.0
1992 232  8 19 0700  -27.1  975.4    1.5  334.0  444.0  444.0
1992 232  8 19 0800  -26.9  976.1    1.0  167.0  444.0  444.0
1992 232  8 19 0900  -29.8  977.1    2.7  151.0  444.0  444.0
1992 232  8 19 1000  -28.9  977.8    2.9  137.0  444.0  444.0
1992 232  8 19 1100  -29.8  978.8    3.7  142.0  444.0  444.0
1992 232  8 19 1200  -27.1  979.7    2.5  248.0  444.0  444.0
1992 232  8 19 1300  -29.0  979.9    1.2  150.0  444.0  444.0
1992 232  8 19 1400  -26.8  980.0    2.7  307.0  444.0  444.0
1992 232  8 19 1500  -27.3  980.9    3.7  300.0  444.0  444.0
1992 232  8 19 1600  -26.0  980.1    5.4  323.0  444.0  444.0
1992 232  8 19 1700  -26.5  981.0    3.4  286.0  444.0  444.0
1992 232  8 19 1800  -27.4  981.1    4.4  289.0  444.0  444.0
1992 232  8 19 1900  -26.5  982.0    2.0  302.0  444.0  444.0
1992 232  8 19 2000  444.0  444.0  444.0  444.0  444.0  444.0
1992 232  8 19 2100  -27.4  982.1    2.7  296.0  444.0  444.0
1992 232  8 19 2200  -26.8  982.7    2.7  272.0  444.0  444.0
1992 232  8 19 2300  -25.4  982.2    2.7  279.0  444.0  444.0
1992 233  8 20 0000  -29.1  981.9    0.5  151.0  444.0  444.0
1992 233  8 20 0100  -29.9  981.5    0.0    0.0  444.0  444.0
1992 233  8 20 0200  -28.6  981.2    0.0    0.0  444.0  444.0
1992 233  8 20 0300  -29.0  980.6    1.5  137.0  444.0  444.0
1992 233  8 20 0400  -28.6  980.4    0.7  151.0  444.0  444.0
1992 233  8 20 0500  -28.6  980.5    1.2  149.0  444.0  444.0
1992 233  8 20 0600  -27.9  980.0    0.0    0.0  444.0  444.0
1992 233  8 20 0700  -28.5  979.7    1.7  132.0  444.0  444.0
1992 233  8 20 0800  444.0  444.0  444.0  444.0  444.0  444.0
1992 233  8 20 0900  -28.1  979.4    1.5  153.0  444.0  444.0
1992 233  8 20 1000  -29.4  979.6    3.7  127.0  444.0  444.0
1992 233  8 20 1100  -30.0  979.8    2.2  149.0  444.0  444.0
1992 233  8 20 1200  -31.1  979.8    3.2  139.0  444.0  444.0
1992 233  8 20 1300  -30.9  979.8    4.7  135.0  444.0  444.0
1992 233  8 20 1400  -30.9  980.3    3.9  136.0  444.0  444.0
1992 233  8 20 1500  -29.5  980.1    4.9  160.0  444.0  444.0
1992 233  8 20 1600  -29.0  979.9    3.4  147.0  444.0  444.0
1992 233  8 20 1700  -29.5  980.0    2.0  157.0  444.0  444.0
1992 233  8 20 1800  444.0  444.0  444.0  444.0  444.0  444.0
1992 233  8 20 1900  -32.6  980.2    3.2  154.0  444.0  444.0
1992 233  8 20 2000  -31.4  980.4    0.2  136.0  444.0  444.0
1992 233  8 20 2100  -30.5  980.3    2.0  130.0  444.0  444.0
1992 233  8 20 2200  -28.6  980.4    2.7  191.0  444.0  444.0
1992 233  8 20 2300  444.0  444.0  444.0  444.0  444.0  444.0
1992 234  8 21 0000  -30.3  980.3    3.7  158.0  444.0  444.0
1992 234  8 21 0100  444.0  444.0  444.0  444.0  444.0  444.0
1992 234  8 21 0200  -31.9  979.9    5.4  144.0  444.0  444.0
1992 234  8 21 0300  -31.6  979.8    7.4  139.0  444.0  444.0
1992 234  8 21 0400  -30.1  979.9    7.8  143.0  444.0  444.0
1992 234  8 21 0500  -30.3  980.1    6.1  137.0  444.0  444.0
1992 234  8 21 0600  444.0  444.0  444.0  444.0  444.0  444.0
1992 234  8 21 0700  -28.6  980.9    5.4  147.0  444.0  444.0
1992 234  8 21 0800  -28.8  980.8    5.9  140.0  444.0  444.0
1992 234  8 21 0900  -28.5  981.0    6.1  142.0  444.0  444.0
1992 234  8 21 1000  -28.8  981.4    4.9  146.0  444.0  444.0
1992 234  8 21 1100  444.0  444.0  444.0  444.0  444.0  444.0
1992 234  8 21 1200  -32.0  982.0    1.7  130.0  444.0  444.0
1992 234  8 21 1300  -32.0  982.4    0.5  158.0  444.0  444.0
1992 234  8 21 1400  -32.0  982.6    0.7  181.0  444.0  444.0
1992 234  8 21 1500  -32.1  982.6    2.0  146.0  444.0  444.0
1992 234  8 21 1600  444.0  444.0  444.0  444.0  444.0  444.0
1992 234  8 21 1700  -32.1  983.0    2.9  144.0  444.0  444.0
1992 234  8 21 1800  -31.5  983.5    2.2  144.0  444.0  444.0
1992 234  8 21 1900  -31.5  983.5    3.4  139.0  444.0  444.0
1992 234  8 21 2000  -29.6  983.9    2.7  144.0  444.0  444.0
1992 234  8 21 2100  444.0  444.0  444.0  444.0  444.0  444.0
1992 234  8 21 2200  -32.1  984.0    1.2  118.0  444.0  444.0
1992 234  8 21 2300  444.0  444.0  444.0  444.0  444.0  444.0
1992 235  8 22 0000  -32.6  983.6    0.0    0.0  444.0  444.0
1992 235  8 22 0100  -32.1  983.5    1.7  156.0  444.0  444.0
1992 235  8 22 0200  -32.5  983.6    2.2  160.0  444.0  444.0
1992 235  8 22 0300  -32.1  983.9    1.2  153.0  444.0  444.0
1992 235  8 22 0400  444.0  444.0  444.0  444.0  444.0  444.0
1992 235  8 22 0500  -32.6  983.9    2.5  120.0  444.0  444.0
1992 235  8 22 0600  -32.9  984.4    3.9  136.0  444.0  444.0
1992 235  8 22 0700  -33.5  984.6    2.9  133.0  444.0  444.0
1992 235  8 22 0800  -34.3  984.8    4.7  146.0  444.0  444.0
1992 235  8 22 0900  444.0  444.0  444.0  444.0  444.0  444.0
1992 235  8 22 1000  -34.6  985.7    4.4  142.0  444.0  444.0
1992 235  8 22 1100  -34.5  985.9    2.7  144.0  444.0  444.0
1992 235  8 22 1200  -35.8  985.8    2.0  135.0  444.0  444.0
1992 235  8 22 1300  -35.9  985.8    1.0  133.0  444.0  444.0
1992 235  8 22 1400  444.0  444.0  444.0  444.0  444.0  444.0
1992 235  8 22 1500  -35.6  986.1    0.0    0.0  444.0  444.0
1992 235  8 22 1600  -36.6  986.8    1.2   81.0  444.0  444.0
1992 235  8 22 1700  -36.4  987.1    1.2  340.0  444.0  444.0
1992 235  8 22 1800  -36.4  987.4    3.4  175.0  444.0  444.0
1992 235  8 22 1900  -37.1  987.5    1.7  133.0  444.0  444.0
1992 235  8 22 2000  -36.9  987.7    1.5  150.0  444.0  444.0
1992 235  8 22 2100  -36.9  988.6    0.7  300.0  444.0  444.0
1992 235  8 22 2200  -36.4  988.6    1.2  336.0  444.0  444.0
1992 235  8 22 2300  -35.5  988.8    1.0  262.0  444.0  444.0
1992 236  8 23 0000  -34.6  989.0    1.2  265.0  444.0  444.0
1992 236  8 23 0100  -34.5  988.3    1.7  216.0  444.0  444.0
1992 236  8 23 0200  444.0  444.0  444.0  444.0  444.0  444.0
1992 236  8 23 0300  -35.1  988.4    0.2  240.0  444.0  444.0
1992 236  8 23 0400  -32.9  988.1    1.5  223.0  444.0  444.0
1992 236  8 23 0500  -34.6  988.2    0.2  279.0  444.0  444.0
1992 236  8 23 0600  -34.4  987.9    0.0    0.0  444.0  444.0
1992 236  8 23 0700  -35.1  987.6    0.0    0.0  444.0  444.0
1992 236  8 23 0800  -33.4  987.5    0.5  225.0  444.0  444.0
1992 236  8 23 0900  -35.3  987.2    0.7  151.0  444.0  444.0
1992 236  8 23 1000  -35.0  986.6    0.7  268.0  444.0  444.0
1992 236  8 23 1100  -35.0  986.3    0.7  284.0  444.0  444.0
1992 236  8 23 1200  -33.9  986.2    0.0    0.0  444.0  444.0
1992 236  8 23 1300  -33.9  985.9    0.7  149.0  444.0  444.0
1992 236  8 23 1400  -32.8  985.6    0.0    0.0  444.0  444.0
1992 236  8 23 1500  -34.5  985.8    0.0    0.0  444.0  444.0
1992 236  8 23 1600  -33.3  985.6    1.2  202.0  444.0  444.0
1992 236  8 23 1700  -33.9  985.4    0.0    0.0  444.0  444.0
1992 236  8 23 1800  -35.0  985.3    0.0    0.0  444.0  444.0
1992 236  8 23 1900  -34.3  985.1    0.0    0.0  444.0  444.0
1992 236  8 23 2000  -34.6  985.5    0.0    0.0  444.0  444.0
1992 236  8 23 2100  -36.3  986.2    1.0  137.0  444.0  444.0
1992 236  8 23 2200  -33.3  986.2    1.5  239.0  444.0  444.0
1992 236  8 23 2300  -29.8  986.0    1.7  230.0  444.0  444.0
1992 237  8 24 0000  -29.1  985.9    2.7  175.0  444.0  444.0
1992 237  8 24 0100  -30.0  986.0    3.4  147.0  444.0  444.0
1992 237  8 24 0200  -28.5  985.8    2.9  140.0  444.0  444.0
1992 237  8 24 0300  -31.4  986.1    0.7  279.0  444.0  444.0
1992 237  8 24 0400  -33.4  986.3    1.5  123.0  444.0  444.0
1992 237  8 24 0500  -31.8  986.9    2.5  223.0  444.0  444.0
1992 237  8 24 0600  -32.0  987.1    0.0    0.0  444.0  444.0
1992 237  8 24 0700  -32.8  986.5    0.0    0.0  444.0  444.0
1992 237  8 24 0800  -32.1  986.6    1.0  217.0  444.0  444.0
1992 237  8 24 0900  -31.1  986.6    1.0  171.0  444.0  444.0
1992 237  8 24 1000  -32.3  986.4    4.9  156.0  444.0  444.0
1992 237  8 24 1100  -32.5  986.5    5.1  160.0  444.0  444.0
1992 237  8 24 1200  -32.0  985.7    4.9  135.0  444.0  444.0
1992 237  8 24 1300  -32.4  985.5    2.9  139.0  444.0  444.0
1992 237  8 24 1400  -33.3  985.1    2.5  167.0  444.0  444.0
1992 237  8 24 1500  -33.5  985.5    1.5  149.0  444.0  444.0
1992 237  8 24 1600  -32.8  985.5    2.2  144.0  444.0  444.0
1992 237  8 24 1700  444.0  444.0  444.0  444.0  444.0  444.0
1992 237  8 24 1800  -32.0  984.5    0.0    0.0  444.0  444.0
1992 237  8 24 1900  -32.6  984.3    1.0  240.0  444.0  444.0
1992 237  8 24 2000  -32.8  984.1    1.0  257.0  444.0  444.0
1992 237  8 24 2100  -32.8  983.3    1.7  260.0  444.0  444.0
1992 237  8 24 2200  -33.9  981.8    2.2  327.0  444.0  444.0
1992 237  8 24 2300  -34.3  980.6    4.2  306.0  444.0  444.0
1992 238  8 25 0000  -33.9  979.8    2.7  306.0  444.0  444.0
1992 238  8 25 0100  -33.3  978.9    2.7  292.0  444.0  444.0
1992 238  8 25 0200  -33.8  977.9    3.7  306.0  444.0  444.0
1992 238  8 25 0300  -33.9  977.3    2.9  288.0  444.0  444.0
1992 238  8 25 0400  -33.8  977.0    3.2  327.0  444.0  444.0
1992 238  8 25 0500  -34.4  976.6    3.2  319.0  444.0  444.0
1992 238  8 25 0600  -33.9  976.3    2.9  351.0  444.0  444.0
1992 238  8 25 0700  -33.4  976.1    2.7  309.0  444.0  444.0
1992 238  8 25 0800  -33.6  976.8    0.0    0.0  444.0  444.0
1992 238  8 25 0900  -34.3  977.2    0.0    0.0  444.0  444.0
1992 238  8 25 1000  -33.4  976.8    1.5  286.0  444.0  444.0
1992 238  8 25 1100  -33.1  976.1    3.7  345.0  444.0  444.0
1992 238  8 25 1200  -35.0  976.4    2.2  327.0  444.0  444.0
1992 238  8 25 1300  -33.1  975.5    2.7  334.0  444.0  444.0
1992 238  8 25 1400  -32.9  975.1    3.7  316.0  444.0  444.0
1992 238  8 25 1500  -32.3  975.1    2.2  312.0  444.0  444.0
1992 238  8 25 1600  -32.8  974.3    2.5  305.0  444.0  444.0
1992 238  8 25 1700  444.0  444.0  444.0  444.0  444.0  444.0
1992 238  8 25 1800  -30.1  973.5    0.5  189.0  444.0  444.0
1992 238  8 25 1900  -35.3  973.3    3.2  149.0  444.0  444.0
1992 238  8 25 2000  -35.8  973.2    3.9  129.0  444.0  444.0
1992 238  8 25 2100  -33.4  972.9    2.7  187.0  444.0  444.0
1992 238  8 25 2200  -32.3  971.9    2.7  150.0  444.0  444.0
1992 238  8 25 2300  -32.4  971.7    3.2  127.0  444.0  444.0
1992 239  8 26 0000  -33.5  970.8    4.4  130.0  444.0  444.0
1992 239  8 26 0100  -30.8  969.2    6.4  139.0  444.0  444.0
1992 239  8 26 0200  -28.9  969.4    6.4  130.0  444.0  444.0
1992 239  8 26 0300  -28.0  969.4    7.8  139.0  444.0  444.0
1992 239  8 26 0400  -26.8  969.5    9.1  146.0  444.0  444.0
1992 239  8 26 0500  -25.5  969.9    8.3  143.0  444.0  444.0
1992 239  8 26 0600  -25.1  971.4    6.4  151.0  444.0  444.0
1992 239  8 26 0700  -27.4  972.4    5.1  133.0  444.0  444.0
1992 239  8 26 0800  -28.8  973.5    1.2  132.0  444.0  444.0
1992 239  8 26 0900  -28.0  975.4    2.5  171.0  444.0  444.0
1992 239  8 26 1000  -26.9  976.6    2.9  158.0  444.0  444.0
1992 239  8 26 1100  -27.4  977.5    2.5  161.0  444.0  444.0
1992 239  8 26 1200  -27.1  977.9    4.2  154.0  444.0  444.0
1992 239  8 26 1300  -28.0  978.8    3.9  175.0  444.0  444.0
1992 239  8 26 1400  -27.9  978.9    2.7  158.0  444.0  444.0
1992 239  8 26 1500  -27.8  978.7    3.2  157.0  444.0  444.0
1992 239  8 26 1600  -30.5  979.1    2.9  151.0  444.0  444.0
1992 239  8 26 1700  -30.3  979.0    2.7  150.0  444.0  444.0
1992 239  8 26 1800  -30.0  978.6    3.7  161.0  444.0  444.0
1992 239  8 26 1900  -30.1  978.4    4.7  165.0  444.0  444.0
1992 239  8 26 2000  -29.1  978.7    4.4  153.0  444.0  444.0
1992 239  8 26 2100  -30.1  978.9    3.7  160.0  444.0  444.0
1992 239  8 26 2200  -30.9  978.8    2.7  146.0  444.0  444.0
1992 239  8 26 2300  -30.9  978.6    1.5  146.0  444.0  444.0
1992 240  8 27 0000  -30.9  978.8    1.5  111.0  444.0  444.0
1992 240  8 27 0100  -31.6  979.0    0.2   29.0  444.0  444.0
1992 240  8 27 0200  -32.0  979.4    0.7  317.0  444.0  444.0
1992 240  8 27 0300  -32.0  978.9    0.7  208.0  444.0  444.0
1992 240  8 27 0400  -32.5  978.4    0.0    0.0  444.0  444.0
1992 240  8 27 0500  -33.1  978.4    0.2   95.0  444.0  444.0
1992 240  8 27 0600  -33.1  978.0    0.0    0.0  444.0  444.0
1992 240  8 27 0700  -33.3  977.2    0.0    0.0  444.0  444.0
1992 240  8 27 0800  -33.4  977.1    0.0    0.0  444.0  444.0
1992 240  8 27 0900  -34.0  977.8    1.7  161.0  444.0  444.0
1992 240  8 27 1000  -31.5  978.5    1.0  153.0  444.0  444.0
1992 240  8 27 1100  -32.8  979.1    2.9  175.0  444.0  444.0
1992 240  8 27 1200  -32.0  979.3    2.2  133.0  444.0  444.0
1992 240  8 27 1300  -34.9  979.6    1.7  153.0  444.0  444.0
1992 240  8 27 1400  -31.9  979.5    2.7  149.0  444.0  444.0
1992 240  8 27 1500  -31.0  979.4    2.0  175.0  444.0  444.0
1992 240  8 27 1600  -32.1  979.6    2.9  154.0  444.0  444.0
1992 240  8 27 1700  -33.3  979.9    2.0  143.0  444.0  444.0
1992 240  8 27 1800  -32.8  980.3    1.2  146.0  444.0  444.0
1992 240  8 27 1900  -32.3  980.5    0.7  172.0  444.0  444.0
1992 240  8 27 2000  -29.9  980.8    1.2  191.0  444.0  444.0
1992 240  8 27 2100  -35.1  981.2    0.7  147.0  444.0  444.0
1992 240  8 27 2200  -32.1  982.0    2.5  192.0  444.0  444.0
1992 240  8 27 2300  -30.4  982.1    1.7  184.0  444.0  444.0
1992 241  8 28 0000  -29.8  981.9    0.0    0.0  444.0  444.0
1992 241  8 28 0100  -30.0  981.6    0.0    0.0  444.0  444.0
1992 241  8 28 0200  -30.3  981.3    0.7  248.0  444.0  444.0
1992 241  8 28 0300  -31.4  981.2    1.0  216.0  444.0  444.0
1992 241  8 28 0400  -30.8  980.4    0.7  226.0  444.0  444.0
1992 241  8 28 0500  -30.8  979.6    0.5  275.0  444.0  444.0
1992 241  8 28 0600  -29.5  979.4    0.5  180.0  444.0  444.0
1992 241  8 28 0700  -31.9  979.2    0.0    0.0  444.0  444.0
1992 241  8 28 0800  -31.4  978.1    0.0    0.0  444.0  444.0
1992 241  8 28 0900  -32.0  977.3    0.2  345.0  444.0  444.0
1992 241  8 28 1000  -32.5  976.6    0.5  326.0  444.0  444.0
1992 241  8 28 1100  -31.9  975.6    1.5  319.0  444.0  444.0
1992 241  8 28 1200  -32.1  974.5    0.5  260.0  444.0  444.0
1992 241  8 28 1300  -32.3  973.2    0.2  310.0  444.0  444.0
1992 241  8 28 1400  -32.1  971.8    2.5  293.0  444.0  444.0
1992 241  8 28 1500  -32.1  970.8    1.5  302.0  444.0  444.0
1992 241  8 28 1600  -32.8  969.6    0.7  286.0  444.0  444.0
1992 241  8 28 1700  -35.1  968.8    1.2  151.0  444.0  444.0
1992 241  8 28 1800  -32.8  968.2    0.2  160.0  444.0  444.0
1992 241  8 28 1900  -32.5  967.7    0.7  160.0  444.0  444.0
1992 241  8 28 2000  -31.5  967.3    2.2  140.0  444.0  444.0
1992 241  8 28 2100  -37.5  967.2    0.0    0.0  444.0  444.0
1992 241  8 28 2200  -35.3  966.8    2.7  163.0  444.0  444.0
1992 241  8 28 2300  -34.9  967.3    2.7  143.0  444.0  444.0
1992 242  8 29 0000  -33.5  967.3    2.5  168.0  444.0  444.0
1992 242  8 29 0100  -33.1  967.1    3.4  147.0  444.0  444.0
1992 242  8 29 0200  -33.1  967.2    2.2  150.0  444.0  444.0
1992 242  8 29 0300  -37.3  967.2    3.2  136.0  444.0  444.0
1992 242  8 29 0400  -35.3  966.9    4.2  167.0  444.0  444.0
1992 242  8 29 0500  -34.4  966.9    5.6  171.0  444.0  444.0
1992 242  8 29 0600  -34.8  966.5    5.6  157.0  444.0  444.0
1992 242  8 29 0700  -35.8  966.6    5.4  154.0  444.0  444.0
1992 242  8 29 0800  -36.1  966.8    4.9  160.0  444.0  444.0
1992 242  8 29 0900  -37.9  966.5    4.7  146.0  444.0  444.0
1992 242  8 29 1000  -40.0  966.3    4.2  135.0  444.0  444.0
1992 242  8 29 1100  -40.8  966.4    2.9  140.0  444.0  444.0
1992 242  8 29 1200  -40.4  966.5    0.0    0.0  444.0  444.0
1992 242  8 29 1300  -40.3  966.2    0.0    0.0  444.0  444.0
1992 242  8 29 1400  -39.1  965.6    0.5  322.0  444.0  444.0
1992 242  8 29 1500  -34.8  965.2    2.2  253.0  444.0  444.0
1992 242  8 29 1600  -34.9  964.4    2.2  248.0  444.0  444.0
1992 242  8 29 1700  -36.4  963.8    0.0    0.0  444.0  444.0
1992 242  8 29 1800  444.0  444.0  444.0  444.0  444.0  444.0
1992 242  8 29 1900  -40.4  963.9    0.7  154.0  444.0  444.0
1992 242  8 29 2000  444.0  444.0  444.0  444.0  444.0  444.0
1992 242  8 29 2100  -40.6  963.9    2.2  142.0  444.0  444.0
1992 242  8 29 2200  -39.1  964.5    2.2  161.0  444.0  444.0
1992 242  8 29 2300  -39.4  964.8    1.5  146.0  444.0  444.0
1992 243  8 30 0000  -38.0  964.8    1.5  182.0  444.0  444.0
1992 243  8 30 0100  -37.4  964.4    1.0  206.0  444.0  444.0
1992 243  8 30 0200  -37.3  964.0    0.7  212.0  444.0  444.0
1992 243  8 30 0300  -37.6  964.2    0.0    0.0  444.0  444.0
1992 243  8 30 0400  -37.6  964.0    1.2  205.0  444.0  444.0
1992 243  8 30 0500  -37.3  964.4    0.0    0.0  444.0  444.0
1992 243  8 30 0600  -37.4  964.4    1.0  277.0  444.0  444.0
1992 243  8 30 0700  -36.9  964.1    0.2  309.0  444.0  444.0
1992 243  8 30 0800  -38.3  963.9    0.0    0.0  444.0  444.0
1992 243  8 30 0900  -37.9  963.5    1.7  310.0  444.0  444.0
1992 243  8 30 1000  -38.0  963.2    1.5  310.0  444.0  444.0
1992 243  8 30 1100  -37.3  962.9    1.5  298.0  444.0  444.0
1992 243  8 30 1200  -37.4  962.8    0.0    0.0  444.0  444.0
1992 243  8 30 1300  -37.4  962.4    1.5  286.0  444.0  444.0
1992 243  8 30 1400  -37.4  962.0    1.0  340.0  444.0  444.0
1992 243  8 30 1500  -37.6  961.9    0.0    0.0  444.0  444.0
1992 243  8 30 1600  -39.4  961.6    0.0    0.0  444.0  444.0
1992 243  8 30 1700  -40.0  961.5    0.0    0.0  444.0  444.0
1992 243  8 30 1800  -39.1  961.4    1.0  237.0  444.0  444.0
1992 243  8 30 1900  -38.5  961.2    1.2  286.0  444.0  444.0
1992 243  8 30 2000  -38.0  961.5    0.5  250.0  444.0  444.0
1992 243  8 30 2100  444.0  444.0  444.0  444.0  444.0  444.0
1992 243  8 30 2200  -37.4  961.3    0.0    0.0  444.0  444.0
1992 243  8 30 2300  -37.3  961.5    1.0  181.0  444.0  444.0
1992 244  8 31 0000  -39.9  961.4    2.0  153.0  444.0  444.0
1992 244  8 31 0100  -38.6  961.9    2.0  149.0  444.0  444.0
1992 244  8 31 0200  -39.6  962.2    2.2  154.0  444.0  444.0
1992 244  8 31 0300  -37.9  962.4    2.2  168.0  444.0  444.0
1992 244  8 31 0400  444.0  444.0  444.0  444.0  444.0  444.0
1992 244  8 31 0500  -37.4  963.1    0.0    0.0  444.0  444.0
1992 244  8 31 0600  -36.0  963.3    2.9  172.0  444.0  444.0
1992 244  8 31 0700  -35.6  963.8    2.5  164.0  444.0  444.0
1992 244  8 31 0800  -35.1  964.2    4.4  188.0  444.0  444.0
1992 244  8 31 0900  444.0  444.0  444.0  444.0  444.0  444.0
1992 244  8 31 1000  -34.9  964.6    4.2  144.0  444.0  444.0
1992 244  8 31 1100  -36.1  965.0    2.2  154.0  444.0  444.0
1992 244  8 31 1200  -38.3  965.2    2.7  163.0  444.0  444.0
1992 244  8 31 1300  -38.1  965.4    1.7  153.0  444.0  444.0
1992 244  8 31 1400  444.0  444.0  444.0  444.0  444.0  444.0
1992 244  8 31 1500  -35.5  965.5    2.9  177.0  444.0  444.0
1992 244  8 31 1600  -35.1  965.7    3.4  161.0  444.0  444.0
1992 244  8 31 1700  -34.5  965.3    3.4  163.0  444.0  444.0
1992 244  8 31 1800  -33.8  965.5    3.9  160.0  444.0  444.0
1992 244  8 31 1900  444.0  444.0  444.0  444.0  444.0  444.0
1992 244  8 31 2000  -33.9  965.4    4.4  140.0  444.0  444.0
1992 244  8 31 2100  444.0  444.0  444.0  444.0  444.0  444.0
1992 244  8 31 2200  -34.3  964.7    3.4  139.0  444.0  444.0
1992 244  8 31 2300  -34.5  964.5    2.9  132.0  444.0  444.0
