Year: 1995  Month: 07  ID: MPT  ARGOS:  8906  Name: Marble Point        
Lat: 77.44S  Lon: 163.76E  Elev:  108m
1995 182  7  1 0000  -24.2  979.0    9.8  126.0  444.0  444.0
1995 182  7  1 0100  -25.1  980.1    9.1  147.0  444.0  444.0
1995 182  7  1 0200  -24.1  980.1    8.1  144.0  444.0  444.0
1995 182  7  1 0300  -24.6  980.0    7.6  149.0  444.0  444.0
1995 182  7  1 0400  -23.0  979.1    5.1  130.0  444.0  444.0
1995 182  7  1 0500  -22.4  978.6    7.1  144.0  444.0  444.0
1995 182  7  1 0600  -22.0  978.7    4.9  156.0  444.0  444.0
1995 182  7  1 0700  -25.4  978.6   12.0  144.0  444.0  444.0
1995 182  7  1 0800  -26.0  979.6    8.3  161.0  444.0  444.0
1995 182  7  1 0900  -26.1  979.7   11.0  153.0  444.0  444.0
1995 182  7  1 1000  -26.9  979.8    9.3  154.0  444.0  444.0
1995 182  7  1 1100  -26.9  980.3    9.1  144.0  444.0  444.0
1995 182  7  1 1200  -27.4  980.7    9.1  143.0  444.0  444.0
1995 182  7  1 1300  -27.6  981.5    9.6  143.0  444.0  444.0
1995 182  7  1 1400  -27.2  982.0    8.3  153.0  444.0  444.0
1995 182  7  1 1500  -27.4  981.4    7.1  146.0  444.0  444.0
1995 182  7  1 1600  -28.4  981.4    0.5  151.0  444.0  444.0
1995 182  7  1 1700  -27.8  981.3    2.0  282.0  444.0  444.0
1995 182  7  1 1800  -28.5  982.2    0.0    0.0  444.0  444.0
1995 182  7  1 1900  -24.4  981.8    2.0  237.0  444.0  444.0
1995 182  7  1 2000  -27.1  981.3    1.0  168.0  444.0  444.0
1995 182  7  1 2100  -23.9  981.5    2.2  215.0  444.0  444.0
1995 182  7  1 2200  -21.9  981.3    2.2  265.0  444.0  444.0
1995 182  7  1 2300  -23.2  981.2    3.9  220.0  444.0  444.0
1995 183  7  2 0000  -21.1  981.0    0.5  203.0  444.0  444.0
1995 183  7  2 0100  -21.6  980.7    2.0  241.0  444.0  444.0
1995 183  7  2 0200  -22.8  980.7    0.0    0.0  444.0  444.0
1995 183  7  2 0300  -20.9  980.5    1.7  222.0  444.0  444.0
1995 183  7  2 0400  -22.4  980.7    0.2  192.0  444.0  444.0
1995 183  7  2 0500  -21.9  980.9    0.0    0.0  444.0  444.0
1995 183  7  2 0600  -22.4  981.1    1.2  234.0  444.0  444.0
1995 183  7  2 0700  -20.2  980.9    0.7   18.0  444.0  444.0
1995 183  7  2 0800  -19.6  981.1    2.0  268.0  444.0  444.0
1995 183  7  2 0900  -19.4  981.0    2.0  189.0  444.0  444.0
1995 183  7  2 1000  -19.1  981.2    0.7  257.0  444.0  444.0
1995 183  7  2 1100  -19.1  981.3    1.2  310.0  444.0  444.0
1995 183  7  2 1200  -17.4  981.4    2.0  239.0  444.0  444.0
1995 183  7  2 1300  -20.2  981.9    0.0    0.0  444.0  444.0
1995 183  7  2 1400  -24.6  982.1    1.2  161.0  444.0  444.0
1995 183  7  2 1500  -23.2  982.9    2.0  157.0  444.0  444.0
1995 183  7  2 1600  -24.5  982.9    2.9  150.0  444.0  444.0
1995 183  7  2 1700  -24.1  983.3    2.0  160.0  444.0  444.0
1995 183  7  2 1800  -23.9  983.7    2.9  147.0  444.0  444.0
1995 183  7  2 1900  -24.6  984.2    0.0    0.0  444.0  444.0
1995 183  7  2 2000  -23.8  984.4    0.7  140.0  444.0  444.0
1995 183  7  2 2100  -22.4  984.6    0.0    0.0  444.0  444.0
1995 183  7  2 2200  -22.4  985.0    1.2  150.0  444.0  444.0
1995 183  7  2 2300  -22.1  985.3    0.0    0.0  444.0  444.0
1995 184  7  3 0000  -20.9  985.4    0.0    0.0  444.0  444.0
1995 184  7  3 0100  -22.4  985.5    0.0    0.0  444.0  444.0
1995 184  7  3 0200  -22.4  985.5    2.0  296.0  444.0  444.0
1995 184  7  3 0300  -21.0  985.4    1.7  357.0  444.0  444.0
1995 184  7  3 0400  -20.8  985.4    1.2  305.0  444.0  444.0
1995 184  7  3 0500  -20.9  985.3    0.2  172.0  444.0  444.0
1995 184  7  3 0600  -21.8  985.4    0.7  185.0  444.0  444.0
1995 184  7  3 0700  -21.4  985.2    1.0  213.0  444.0  444.0
1995 184  7  3 0800  -22.0  985.3    0.7  147.0  444.0  444.0
1995 184  7  3 0900  -21.2  985.3    0.0    0.0  444.0  444.0
1995 184  7  3 1000  -20.4  985.4    2.2  178.0  444.0  444.0
1995 184  7  3 1100  -19.5  985.4    1.2   32.0  444.0  444.0
1995 184  7  3 1200  -19.8  985.3    0.0    0.0  444.0  444.0
1995 184  7  3 1300  -21.2  985.3    0.7  174.0  444.0  444.0
1995 184  7  3 1400  -19.8  984.4    2.2  326.0  444.0  444.0
1995 184  7  3 1500  -19.8  984.4    1.0  170.0  444.0  444.0
1995 184  7  3 1600  -19.6  984.1    0.2  313.0  444.0  444.0
1995 184  7  3 1700  -19.8  984.0    2.0  334.0  444.0  444.0
1995 184  7  3 1800  -19.8  983.6    1.2  199.0  444.0  444.0
1995 184  7  3 1900  -21.6  983.5    2.7  142.0  444.0  444.0
1995 184  7  3 2000  -21.4  984.1    3.9  160.0  444.0  444.0
1995 184  7  3 2100  -20.2  984.0    4.4  137.0  444.0  444.0
1995 184  7  3 2200  -19.6  983.9    4.9  127.0  444.0  444.0
1995 184  7  3 2300  -19.6  984.1    3.2  172.0  444.0  444.0
1995 185  7  4 0000  -19.4  983.9    0.0    0.0  444.0  444.0
1995 185  7  4 0100  -19.6  984.0    0.0    0.0  444.0  444.0
1995 185  7  4 0200  -18.6  984.1    2.7  220.0  444.0  444.0
1995 185  7  4 0300  -19.0  984.1    2.7  194.0  444.0  444.0
1995 185  7  4 0400  -18.8  984.2    4.7  161.0  444.0  444.0
1995 185  7  4 0500  -19.4  984.5    2.0  120.0  444.0  444.0
1995 185  7  4 0600  -20.5  984.7    0.7  142.0  444.0  444.0
1995 185  7  4 0700  -20.1  984.8    1.0  185.0  444.0  444.0
1995 185  7  4 0800  -20.5  985.1    2.0  278.0  444.0  444.0
1995 185  7  4 0900  -21.2  985.5    2.2  299.0  444.0  444.0
1995 185  7  4 1000  -20.2  985.6    5.9  279.0  444.0  444.0
1995 185  7  4 1100  -21.5  985.8    5.6  284.0  444.0  444.0
1995 185  7  4 1200  -21.5  985.9    5.6  281.0  444.0  444.0
1995 185  7  4 1300  -22.4  986.1    5.9  286.0  444.0  444.0
1995 185  7  4 1400  -21.4  986.5    4.4  277.0  444.0  444.0
1995 185  7  4 1500  -21.5  986.4    3.9  274.0  444.0  444.0
1995 185  7  4 1600  -21.5  986.6    4.2  258.0  444.0  444.0
1995 185  7  4 1700  -21.1  987.1    0.0    0.0  444.0  444.0
1995 185  7  4 1800  -21.1  987.3    2.5  215.0  444.0  444.0
1995 185  7  4 1900  -21.4  987.9    2.0   68.0  444.0  444.0
1995 185  7  4 2000  -21.5  988.3    1.7  213.0  444.0  444.0
1995 185  7  4 2100  -20.9  988.5    2.0    5.0  444.0  444.0
1995 185  7  4 2200  -21.2  989.6    1.5  337.0  444.0  444.0
1995 185  7  4 2300  -21.2  990.6    1.5  158.0  444.0  444.0
1995 186  7  5 0000  -22.5  991.2    4.4  151.0  444.0  444.0
1995 186  7  5 0100  -22.4  992.2    4.7  163.0  444.0  444.0
1995 186  7  5 0200  -22.0  992.7    3.7  154.0  444.0  444.0
1995 186  7  5 0300  -21.9  993.6    3.9  127.0  444.0  444.0
1995 186  7  5 0400  -20.4  994.4    2.7  184.0  444.0  444.0
1995 186  7  5 0500  -20.2  995.3    3.7  158.0  444.0  444.0
1995 186  7  5 0600  -20.0  996.6    2.5  181.0  444.0  444.0
1995 186  7  5 0700  -20.6  997.3    3.4  158.0  444.0  444.0
1995 186  7  5 0800  -20.5  997.5    2.9  170.0  444.0  444.0
1995 186  7  5 0900  -21.5  998.0    2.0  240.0  444.0  444.0
1995 186  7  5 1000  -21.2  998.9    1.2  248.0  444.0  444.0
1995 186  7  5 1100  -21.2  999.3    1.5  253.0  444.0  444.0
1995 186  7  5 1200  -21.1  999.9    2.9  191.0  444.0  444.0
1995 186  7  5 1300  -21.4 1000.2    2.2  230.0  444.0  444.0
1995 186  7  5 1400  -22.0 1000.5    2.7  225.0  444.0  444.0
1995 186  7  5 1500  -21.1 1001.2    0.7  165.0  444.0  444.0
1995 186  7  5 1600  -22.8 1001.6    1.0  219.0  444.0  444.0
1995 186  7  5 1700  -21.9 1002.0    3.9  184.0  444.0  444.0
1995 186  7  5 1800  444.0  444.0  444.0  444.0  444.0  444.0
1995 186  7  5 1900  -21.8 1002.5    1.7  241.0  444.0  444.0
1995 186  7  5 2000  -21.5 1003.1    0.0    0.0  444.0  444.0
1995 186  7  5 2100  -21.2 1003.3    1.0  324.0  444.0  444.0
1995 186  7  5 2200  -20.1 1003.6    2.5  251.0  444.0  444.0
1995 186  7  5 2300  444.0  444.0  444.0  444.0  444.0  444.0
1995 187  7  6 0000  -23.4 1003.8    1.5  157.0  444.0  444.0
1995 187  7  6 0100  -22.5 1003.5    0.0    0.0  444.0  444.0
1995 187  7  6 0200  -23.8 1003.7    0.0    0.0  444.0  444.0
1995 187  7  6 0300  -22.4 1003.3    1.7  198.0  444.0  444.0
1995 187  7  6 0400  -25.0 1003.4    1.0  133.0  444.0  444.0
1995 187  7  6 0500  -27.9 1003.1    1.7  160.0  444.0  444.0
1995 187  7  6 0600  444.0 1002.6    0.7  164.0  444.0  444.0
1995 187  7  6 0700  -25.5 1001.8    1.5  150.0  444.0  444.0
1995 187  7  6 0800  -28.1 1000.7    2.9  170.0  444.0  444.0
1995 187  7  6 0900  -27.4 1000.8    6.1  140.0  444.0  444.0
1995 187  7  6 1000  -26.6 1000.7    5.1  158.0  444.0  444.0
1995 187  7  6 1100  444.0  444.0  444.0  444.0  444.0  444.0
1995 187  7  6 1200  -26.4  999.1    4.4  153.0  444.0  444.0
1995 187  7  6 1300  -26.2  998.0    4.2  156.0  444.0  444.0
1995 187  7  6 1400  -26.8  996.8    2.7  154.0  444.0  444.0
1995 187  7  6 1500  -26.5  995.3    2.9  142.0  444.0  444.0
1995 187  7  6 1600  444.0  444.0  444.0  444.0  444.0  444.0
1995 187  7  6 1700  -26.5  993.0    2.2  199.0  444.0  444.0
1995 187  7  6 1800  -26.5  992.2    2.2  181.0  444.0  444.0
1995 187  7  6 1900  -25.6  991.4    2.5  177.0  444.0  444.0
1995 187  7  6 2000  -26.4  990.8    2.2  222.0  444.0  444.0
1995 187  7  6 2100  444.0  444.0  444.0  444.0  444.0  444.0
1995 187  7  6 2200  -28.1  990.6    3.7  143.0  444.0  444.0
1995 187  7  6 2300  -28.4  990.0    3.9  156.0  444.0  444.0
1995 188  7  7 0000  -27.2  989.3    2.9  150.0  444.0  444.0
1995 188  7  7 0100  -25.8  989.4    2.5  153.0  444.0  444.0
1995 188  7  7 0200  -26.2  988.9    4.2  146.0  444.0  444.0
1995 188  7  7 0300  -24.9  988.7    2.0  129.0  444.0  444.0
1995 188  7  7 0400  444.0  444.0  444.0  444.0  444.0  444.0
1995 188  7  7 0500  -29.4  989.5    1.0  178.0  444.0  444.0
1995 188  7  7 0600  -27.8  989.7    2.9  168.0  444.0  444.0
1995 188  7  7 0700  -29.6  990.1    2.9  153.0  444.0  444.0
1995 188  7  7 0800  -25.1  992.0   10.8  167.0  444.0  444.0
1995 188  7  7 0900  444.0  444.0  444.0  444.0  444.0  444.0
1995 188  7  7 1000  -24.2  994.3    7.4  165.0  444.0  444.0
1995 188  7  7 1100  -25.0  994.6    5.1  146.0  444.0  444.0
1995 188  7  7 1200  -25.6  994.9    8.3  153.0  444.0  444.0
1995 188  7  7 1300  -26.1  995.5    5.9  154.0  444.0  444.0
1995 188  7  7 1400  444.0  444.0  444.0  444.0  444.0  444.0
1995 188  7  7 1500  -26.5  997.2    4.4  151.0  444.0  444.0
1995 188  7  7 1600  -24.8  997.4    6.4  144.0  444.0  444.0
1995 188  7  7 1700  -23.8  997.9    3.7  172.0  444.0  444.0
1995 188  7  7 1800  -23.6  998.8    6.6  167.0  444.0  444.0
1995 188  7  7 1900  444.0  444.0  444.0  444.0  444.0  444.0
1995 188  7  7 2000  -22.5 1000.4    6.1  180.0  444.0  444.0
1995 188  7  7 2100  -24.1 1001.2    5.9  133.0  444.0  444.0
1995 188  7  7 2200  -24.1 1001.9    5.6  163.0  444.0  444.0
1995 188  7  7 2300  -24.0 1002.7    4.9  153.0  444.0  444.0
1995 189  7  8 0000  -24.5 1002.9    4.7  181.0  444.0  444.0
1995 189  7  8 0100  -23.9 1002.4    4.9  167.0  444.0  444.0
1995 189  7  8 0200  444.0  444.0  444.0  444.0  444.0  444.0
1995 189  7  8 0300  -24.4 1002.9    5.1  156.0  444.0  444.0
1995 189  7  8 0400  -28.6 1003.6    3.4  142.0  444.0  444.0
1995 189  7  8 0500  -27.4 1003.6    8.1  163.0  444.0  444.0
1995 189  7  8 0600  -25.4 1003.4    8.3  144.0  444.0  444.0
1995 189  7  8 0700  444.0  444.0  444.0  444.0  444.0  444.0
1995 189  7  8 0800  -27.9 1003.1    6.6  142.0  444.0  444.0
1995 189  7  8 0900  -28.8 1002.5    5.9  149.0  444.0  444.0
1995 189  7  8 1000  -28.0 1002.3    5.1  161.0  444.0  444.0
1995 189  7  8 1100  -27.2 1001.9    5.4  147.0  444.0  444.0
1995 189  7  8 1200  444.0  444.0  444.0  444.0  444.0  444.0
1995 189  7  8 1300  -28.0 1002.2    1.7  156.0  444.0  444.0
1995 189  7  8 1400  -26.0 1001.7    0.0    0.0  444.0  444.0
1995 189  7  8 1500  -26.1 1000.6    1.5  285.0  444.0  444.0
1995 189  7  8 1600  -25.8 1000.6    1.2  300.0  444.0  444.0
1995 189  7  8 1700  -26.5 1000.3    2.7  279.0  444.0  444.0
1995 189  7  8 1800  -27.4  999.0    3.4  286.0  444.0  444.0
1995 189  7  8 1900  -27.9  998.5    3.9  288.0  444.0  444.0
1995 189  7  8 2000  -27.4  997.9    3.7  293.0  444.0  444.0
1995 189  7  8 2100  -28.4  997.5    3.2  303.0  444.0  444.0
1995 189  7  8 2200  -28.4  997.2    3.4  289.0  444.0  444.0
1995 189  7  8 2300  -28.4  996.6    2.2  270.0  444.0  444.0
1995 190  7  9 0000  -29.9  995.9    1.0  292.0  444.0  444.0
1995 190  7  9 0100  -29.5  995.8    3.4  320.0  444.0  444.0
1995 190  7  9 0200  -28.6  995.1    2.0  309.0  444.0  444.0
1995 190  7  9 0300  -28.9  994.2    2.2  296.0  444.0  444.0
1995 190  7  9 0400  -27.9  993.7    3.7  312.0  444.0  444.0
1995 190  7  9 0500  -28.5  993.4    2.0  331.0  444.0  444.0
1995 190  7  9 0600  -28.6  992.5    2.9  298.0  444.0  444.0
1995 190  7  9 0700  -29.1  991.6    1.5  350.0  444.0  444.0
1995 190  7  9 0800  -28.9  991.1    1.5  330.0  444.0  444.0
1995 190  7  9 0900  -29.6  990.6    0.5   54.0  444.0  444.0
1995 190  7  9 1000  -28.9  989.9    0.5  327.0  444.0  444.0
1995 190  7  9 1100  -29.9  988.7    1.2  267.0  444.0  444.0
1995 190  7  9 1200  -28.6  987.7    1.5  291.0  444.0  444.0
1995 190  7  9 1300  -28.6  986.8    1.5  286.0  444.0  444.0
1995 190  7  9 1400  -29.0  985.8    1.2  258.0  444.0  444.0
1995 190  7  9 1500  -29.1  984.5    0.0    0.0  444.0  444.0
1995 190  7  9 1600  -29.6  983.8    0.0    0.0  444.0  444.0
1995 190  7  9 1700  -29.2  982.9    0.7  279.0  444.0  444.0
1995 190  7  9 1800  -29.8  982.0    0.0    0.0  444.0  444.0
1995 190  7  9 1900  -28.9  981.2    0.5  271.0  444.0  444.0
1995 190  7  9 2000  -29.5  980.5    0.0    0.0  444.0  444.0
1995 190  7  9 2100  -28.1  980.3    0.5  233.0  444.0  444.0
1995 190  7  9 2200  -30.8  979.8    2.0  140.0  444.0  444.0
1995 190  7  9 2300  -29.5  979.5    2.2  144.0  444.0  444.0
1995 191  7 10 0000  -29.2  979.6    2.7  139.0  444.0  444.0
1995 191  7 10 0100  -28.0  979.6    2.2  146.0  444.0  444.0
1995 191  7 10 0200  -28.0  979.8    3.4  153.0  444.0  444.0
1995 191  7 10 0300  -28.8  980.1    2.7  153.0  444.0  444.0
1995 191  7 10 0400  -30.4  980.9    3.4  157.0  444.0  444.0
1995 191  7 10 0500  -30.1  981.8    4.9  142.0  444.0  444.0
1995 191  7 10 0600  -30.8  982.6    7.1  153.0  444.0  444.0
1995 191  7 10 0700  -28.9  983.7    8.1  171.0  444.0  444.0
1995 191  7 10 0800  -31.9  984.6    7.8  143.0  444.0  444.0
1995 191  7 10 0900  -33.1  985.5    9.1  140.0  444.0  444.0
1995 191  7 10 1000  -29.8  987.0    7.4  139.0  444.0  444.0
1995 191  7 10 1100  -30.4  988.0    6.1  120.0  444.0  444.0
1995 191  7 10 1200  -33.2  989.1    4.4  154.0  444.0  444.0
1995 191  7 10 1300  -31.6  989.7    4.9  154.0  444.0  444.0
1995 191  7 10 1400  -29.6  990.6    5.6  163.0  444.0  444.0
1995 191  7 10 1500  -27.5  991.0    5.9  168.0  444.0  444.0
1995 191  7 10 1600  -27.0  991.4    5.4  175.0  444.0  444.0
1995 191  7 10 1700  444.0  444.0  444.0  444.0  444.0  444.0
1995 191  7 10 1800  -26.5  991.8    4.9  178.0  444.0  444.0
1995 191  7 10 1900  -26.0  992.5    2.7  165.0  444.0  444.0
1995 191  7 10 2000  -26.0  993.4    1.2  156.0  444.0  444.0
1995 191  7 10 2100  -25.6  993.2    2.5  241.0  444.0  444.0
1995 191  7 10 2200  -25.5  993.5    0.0    0.0  444.0  444.0
1995 191  7 10 2300  -25.5  993.7    1.2  203.0  444.0  444.0
1995 192  7 11 0000  -25.0  993.3    1.2  223.0  444.0  444.0
1995 192  7 11 0100  444.0  444.0  444.0  444.0  444.0  444.0
1995 192  7 11 0200  -26.0  993.1    0.0    0.0  444.0  444.0
1995 192  7 11 0300  -27.1  993.0    0.0    0.0  444.0  444.0
1995 192  7 11 0400  -26.6  992.5    2.0  243.0  444.0  444.0
1995 192  7 11 0500  -26.9  991.7    1.2  300.0  444.0  444.0
1995 192  7 11 0600  -26.0  990.8    2.2  212.0  444.0  444.0
1995 192  7 11 0700  -26.1  990.4    1.0  199.0  444.0  444.0
1995 192  7 11 0800  -26.6  989.5    0.0    0.0  444.0  444.0
1995 192  7 11 0900  -26.2  988.7    0.7  250.0  444.0  444.0
1995 192  7 11 1000  -26.8  988.2    2.7  271.0  444.0  444.0
1995 192  7 11 1100  -26.8  987.2    2.0  305.0  444.0  444.0
1995 192  7 11 1200  -27.4  986.2    2.9  306.0  444.0  444.0
1995 192  7 11 1300  -28.1  985.6    2.2  327.0  444.0  444.0
1995 192  7 11 1400  -28.8  984.8    1.0  319.0  444.0  444.0
1995 192  7 11 1500  -29.1  984.3    1.2  293.0  444.0  444.0
1995 192  7 11 1600  444.0  444.0  444.0  444.0  444.0  444.0
1995 192  7 11 1700  -29.9  983.4    1.2  154.0  444.0  444.0
1995 192  7 11 1800  -29.2  983.4    1.7  146.0  444.0  444.0
1995 192  7 11 1900  -31.5  983.3    2.9  122.0  444.0  444.0
1995 192  7 11 2000  -31.6  983.5    2.9  143.0  444.0  444.0
1995 192  7 11 2100  -31.4  983.7    2.9  137.0  444.0  444.0
1995 192  7 11 2200  -31.1  984.2    3.9  157.0  444.0  444.0
1995 192  7 11 2300  -31.0  984.3    3.4  126.0  444.0  444.0
1995 193  7 12 0000  -31.1  984.7    2.5  153.0  444.0  444.0
1995 193  7 12 0100  -30.5  984.6    3.9  157.0  444.0  444.0
1995 193  7 12 0200  -29.2  984.8    1.0   78.0  444.0  444.0
1995 193  7 12 0300  -29.6  985.3    0.7   29.0  444.0  444.0
1995 193  7 12 0400  -29.9  985.6    0.0    0.0  444.0  444.0
1995 193  7 12 0500  -30.1  985.8    2.5  253.0  444.0  444.0
1995 193  7 12 0600  -29.9  986.1    2.2  239.0  444.0  444.0
1995 193  7 12 0700  -29.2  986.6    0.2  240.0  444.0  444.0
1995 193  7 12 0800  -29.1  986.8    0.0    0.0  444.0  444.0
1995 193  7 12 0900  -29.0  987.1    2.5  243.0  444.0  444.0
1995 193  7 12 1000  -28.4  987.5    0.7  167.0  444.0  444.0
1995 193  7 12 1100  -30.4  988.0    0.0    0.0  444.0  444.0
1995 193  7 12 1200  -30.5  988.5    2.9  132.0  444.0  444.0
1995 193  7 12 1300  -30.1  988.8    3.2  147.0  444.0  444.0
1995 193  7 12 1400  -29.8  989.3    3.4  150.0  444.0  444.0
1995 193  7 12 1500  -29.0  989.5    5.6  135.0  444.0  444.0
1995 193  7 12 1600  -28.6  990.0    4.7  144.0  444.0  444.0
1995 193  7 12 1700  -29.5  990.4    3.2  118.0  444.0  444.0
1995 193  7 12 1800  -28.5  991.0    7.1  153.0  444.0  444.0
1995 193  7 12 1900  -29.9  991.7    5.1  146.0  444.0  444.0
1995 193  7 12 2000  -27.8  992.4    5.1  143.0  444.0  444.0
1995 193  7 12 2100  -26.6  993.0    9.1  157.0  444.0  444.0
1995 193  7 12 2200  -26.2  993.5   14.2  153.0  444.0  444.0
1995 193  7 12 2300  -26.0  994.3   16.2  157.0  444.0  444.0
1995 194  7 13 0000  -26.4  994.9   13.5  146.0  444.0  444.0
1995 194  7 13 0100  444.0  444.0  444.0  444.0  444.0  444.0
1995 194  7 13 0200  -25.8  995.4   15.4  144.0  444.0  444.0
1995 194  7 13 0300  -26.5  995.9   13.0  153.0  444.0  444.0
1995 194  7 13 0400  -27.1  996.1   14.2  153.0  444.0  444.0
1995 194  7 13 0500  -26.9  996.2   16.7  149.0  444.0  444.0
1995 194  7 13 0600  -25.0  996.1   14.5  150.0  444.0  444.0
1995 194  7 13 0700  -24.5  995.4   16.7  149.0  444.0  444.0
1995 194  7 13 0800  -23.1  995.2   19.4  156.0  444.0  444.0
1995 194  7 13 0900  -23.0  994.8   17.6  153.0  444.0  444.0
1995 194  7 13 1000  -22.9  994.5   20.6  150.0  444.0  444.0
1995 194  7 13 1100  -22.4  994.5   19.8  151.0  444.0  444.0
1995 194  7 13 1200  444.0  444.0  444.0  444.0  444.0  444.0
1995 194  7 13 1300  -26.1  993.9   17.6  133.0  444.0  444.0
1995 194  7 13 1400  -26.8  993.5   16.4  127.0  444.0  444.0
1995 194  7 13 1500  -26.0  993.2   17.6  130.0  444.0  444.0
1995 194  7 13 1600  -26.4  993.3   21.6  137.0  444.0  444.0
1995 194  7 13 1700  -26.8  995.2   13.2  167.0  444.0  444.0
1995 194  7 13 1800  -26.2  994.4   17.1  160.0  444.0  444.0
1995 194  7 13 1900  -26.0  994.8   13.0  171.0  444.0  444.0
1995 194  7 13 2000  -26.0  994.8   11.5  150.0  444.0  444.0
1995 194  7 13 2100  -25.5  995.4   10.3  158.0  444.0  444.0
1995 194  7 13 2200  -25.5  995.5    9.3  177.0  444.0  444.0
1995 194  7 13 2300  -25.4  995.2   10.3  167.0  444.0  444.0
1995 195  7 14 0000  -25.5  994.7   11.5  142.0  444.0  444.0
1995 195  7 14 0100  -26.1  994.8   11.0  147.0  444.0  444.0
1995 195  7 14 0200  -27.1  994.1    4.7  177.0  444.0  444.0
1995 195  7 14 0300  -27.8  993.3    4.7  151.0  444.0  444.0
1995 195  7 14 0400  -27.2  993.4    4.2  198.0  444.0  444.0
1995 195  7 14 0500  -26.4  992.5    4.4  164.0  444.0  444.0
1995 195  7 14 0600  -29.0  992.4    5.9  170.0  444.0  444.0
1995 195  7 14 0700  -28.0  991.6    3.4  178.0  444.0  444.0
1995 195  7 14 0800  -31.1  991.0    3.4  137.0  444.0  444.0
1995 195  7 14 0900  -31.1  990.5    4.2  144.0  444.0  444.0
1995 195  7 14 1000  -28.4  989.6    1.5  230.0  444.0  444.0
1995 195  7 14 1100  -33.8  989.2    1.5  135.0  444.0  444.0
1995 195  7 14 1200  -31.1  988.3    4.4  184.0  444.0  444.0
1995 195  7 14 1300  -31.6  987.1    6.4  153.0  444.0  444.0
1995 195  7 14 1400  -30.1  986.5    6.6  163.0  444.0  444.0
1995 195  7 14 1500  -29.0  985.5    3.7  154.0  444.0  444.0
1995 195  7 14 1600  -28.6  984.4    0.5  151.0  444.0  444.0
1995 195  7 14 1700  -29.5  983.3    3.4  133.0  444.0  444.0
1995 195  7 14 1800  444.0  444.0  444.0  444.0  444.0  444.0
1995 195  7 14 1900  -30.4  981.2    0.0    0.0  444.0  444.0
1995 195  7 14 2000  -30.8  980.2    1.5  164.0  444.0  444.0
1995 195  7 14 2100  -32.0  979.3    2.0  149.0  444.0  444.0
1995 195  7 14 2200  -32.9  978.5    0.7  163.0  444.0  444.0
1995 195  7 14 2300  -33.2  978.2    2.9  151.0  444.0  444.0
1995 196  7 15 0000  -33.9  977.2    5.1  127.0  444.0  444.0
1995 196  7 15 0100  -34.2  977.1    4.2  140.0  444.0  444.0
1995 196  7 15 0200  -34.1  976.7    4.4  144.0  444.0  444.0
1995 196  7 15 0300  -33.1  976.9    2.9  149.0  444.0  444.0
1995 196  7 15 0400  -32.2  976.9    2.2  147.0  444.0  444.0
1995 196  7 15 0500  -32.5  977.2    3.7  146.0  444.0  444.0
1995 196  7 15 0600  444.0  444.0  444.0  444.0  444.0  444.0
1995 196  7 15 0700  -30.8  978.0    2.0  158.0  444.0  444.0
1995 196  7 15 0800  -31.8  979.1    0.0    0.0  444.0  444.0
1995 196  7 15 0900  -31.6  980.1    1.2  285.0  444.0  444.0
1995 196  7 15 1000  -29.4  981.0    2.2  194.0  444.0  444.0
1995 196  7 15 1100  -29.0  981.6    2.7  158.0  444.0  444.0
1995 196  7 15 1200  -32.5  983.1    4.7  151.0  444.0  444.0
1995 196  7 15 1300  -29.5  984.4    7.8  154.0  444.0  444.0
1995 196  7 15 1400  -26.8  985.6    9.1  158.0  444.0  444.0
1995 196  7 15 1500  -25.5  986.6   10.8  151.0  444.0  444.0
1995 196  7 15 1600  444.0  444.0  444.0  444.0  444.0  444.0
1995 196  7 15 1700  -27.8  989.7   10.5  172.0  444.0  444.0
1995 196  7 15 1800  -27.8  991.2    7.6  172.0  444.0  444.0
1995 196  7 15 1900  -26.9  992.5    6.4  157.0  444.0  444.0
1995 196  7 15 2000  -27.8  993.9    4.4  146.0  444.0  444.0
1995 196  7 15 2100  444.0  444.0  444.0  444.0  444.0  444.0
1995 196  7 15 2200  -29.0  997.7    6.4  170.0  444.0  444.0
1995 196  7 15 2300  444.0  444.0  444.0  444.0  444.0  444.0
1995 197  7 16 0000  -28.9 1000.0    5.6  168.0  444.0  444.0
1995 197  7 16 0100  -28.8 1000.7    5.1  170.0  444.0  444.0
1995 197  7 16 0200  -29.1 1001.5    4.2  157.0  444.0  444.0
1995 197  7 16 0300  -28.6 1002.6    4.4  174.0  444.0  444.0
1995 197  7 16 0400  444.0  444.0  444.0  444.0  444.0  444.0
1995 197  7 16 0500  -28.1 1003.9    2.2  168.0  444.0  444.0
1995 197  7 16 0600  -28.5 1004.5    2.5  206.0  444.0  444.0
1995 197  7 16 0700  -28.5 1004.9    3.4  212.0  444.0  444.0
1995 197  7 16 0800  -26.2 1005.2    3.4  210.0  444.0  444.0
1995 197  7 16 0900  444.0  444.0  444.0  444.0  444.0  444.0
1995 197  7 16 1000  -26.8 1006.0    3.9  188.0  444.0  444.0
1995 197  7 16 1100  -25.8 1005.5    3.4  198.0  444.0  444.0
1995 197  7 16 1200  -26.9 1005.3    3.4  225.0  444.0  444.0
1995 197  7 16 1300  -26.9 1005.6    2.9  232.0  444.0  444.0
1995 197  7 16 1400  444.0  444.0  444.0  444.0  444.0  444.0
1995 197  7 16 1500  -29.8 1005.4    0.0    0.0  444.0  444.0
1995 197  7 16 1600  -29.8 1005.3    0.2  306.0  444.0  444.0
1995 197  7 16 1700  -29.8 1005.5    1.2  144.0  444.0  444.0
1995 197  7 16 1800  -31.6 1005.8    0.2  316.0  444.0  444.0
1995 197  7 16 1900  -30.2 1006.4    0.0    0.0  444.0  444.0
1995 197  7 16 2000  -29.9 1007.5    2.9  165.0  444.0  444.0
1995 197  7 16 2100  444.0  444.0  444.0  444.0  444.0  444.0
1995 197  7 16 2200  -29.2 1008.5    5.4  150.0  444.0  444.0
1995 197  7 16 2300  -27.4 1008.6    5.9  171.0  444.0  444.0
1995 198  7 17 0000  -26.8 1008.9    3.7  172.0  444.0  444.0
1995 198  7 17 0100  -28.1 1009.4    2.7  184.0  444.0  444.0
1995 198  7 17 0200  444.0  444.0  444.0  444.0  444.0  444.0
1995 198  7 17 0300  -28.1 1010.0    5.9  165.0  444.0  444.0
1995 198  7 17 0400  -27.5 1010.4    4.9  172.0  444.0  444.0
1995 198  7 17 0500  -28.4 1010.3    5.4  147.0  444.0  444.0
1995 198  7 17 0600  -27.1 1010.7    4.9  158.0  444.0  444.0
1995 198  7 17 0700  444.0  444.0  444.0  444.0  444.0  444.0
1995 198  7 17 0800  -26.6 1011.3    3.2  150.0  444.0  444.0
1995 198  7 17 0900  -25.8 1011.3    0.0    0.0  444.0  444.0
1995 198  7 17 1000  -33.9 1011.6    2.7  154.0  444.0  444.0
1995 198  7 17 1100  -30.9 1011.7    2.5  157.0  444.0  444.0
1995 198  7 17 1200  -28.0 1011.5    1.0  163.0  444.0  444.0
1995 198  7 17 1300  -26.0 1011.5    2.0  209.0  444.0  444.0
1995 198  7 17 1400  -24.6 1011.2    2.5  151.0  444.0  444.0
1995 198  7 17 1500  -26.5 1010.8    1.5  146.0  444.0  444.0
1995 198  7 17 1600  -27.2 1011.0    6.1  129.0  444.0  444.0
1995 198  7 17 1700  -23.2 1011.0    2.5  185.0  444.0  444.0
1995 198  7 17 1800  -21.0 1010.8    4.4  165.0  444.0  444.0
1995 198  7 17 1900  -20.1 1010.9    4.2  168.0  444.0  444.0
1995 198  7 17 2000  -21.1 1010.7    4.9  157.0  444.0  444.0
1995 198  7 17 2100  -20.1 1010.7    9.8  156.0  444.0  444.0
1995 198  7 17 2200  -19.8 1010.8   11.3  154.0  444.0  444.0
1995 198  7 17 2300  -19.4 1011.2   10.3  163.0  444.0  444.0
1995 199  7 18 0000  -18.4 1010.8   10.0  151.0  444.0  444.0
1995 199  7 18 0100  -17.9 1010.4    8.8  157.0  444.0  444.0
1995 199  7 18 0200  -17.4 1009.8    6.6  163.0  444.0  444.0
1995 199  7 18 0300  -17.4 1009.1    7.4  157.0  444.0  444.0
1995 199  7 18 0400  -17.0 1008.5    8.6  142.0  444.0  444.0
1995 199  7 18 0500  -17.6 1008.2   12.0  143.0  444.0  444.0
1995 199  7 18 0600  -18.0 1008.0   14.9  164.0  444.0  444.0
1995 199  7 18 0700  -17.9 1007.9   12.5  158.0  444.0  444.0
1995 199  7 18 0800  -17.6 1007.5   12.5  164.0  444.0  444.0
1995 199  7 18 0900  -17.6 1006.7   12.0  165.0  444.0  444.0
1995 199  7 18 1000  -17.6 1005.9   15.7  157.0  444.0  444.0
1995 199  7 18 1100  -17.6 1004.7   11.0  144.0  444.0  444.0
1995 199  7 18 1200  -18.2 1004.3   12.2  150.0  444.0  444.0
1995 199  7 18 1300  -17.9 1003.8   14.9  156.0  444.0  444.0
1995 199  7 18 1400  -19.0 1003.2   15.9  158.0  444.0  444.0
1995 199  7 18 1500  -19.8 1002.7   12.0  151.0  444.0  444.0
1995 199  7 18 1600  -18.0 1002.1   13.2  170.0  444.0  444.0
1995 199  7 18 1700  -19.4 1001.3   10.8  151.0  444.0  444.0
1995 199  7 18 1800  -19.1 1000.8   16.4  153.0  444.0  444.0
1995 199  7 18 1900  -19.8  999.5   17.9  158.0  444.0  444.0
1995 199  7 18 2000  -19.4  999.8   13.0  146.0  444.0  444.0
1995 199  7 18 2100  -19.6 1000.6   13.7  160.0  444.0  444.0
1995 199  7 18 2200  -19.8  999.5   17.4  170.0  444.0  444.0
1995 199  7 18 2300  -19.4  999.7   12.2  163.0  444.0  444.0
1995 200  7 19 0000  -20.2  999.9   10.0  158.0  444.0  444.0
1995 200  7 19 0100  444.0  444.0  444.0  444.0  444.0  444.0
1995 200  7 19 0200  -20.1  998.7   13.0  156.0  444.0  444.0
1995 200  7 19 0300  -20.6  998.4   13.5  149.0  444.0  444.0
1995 200  7 19 0400  -19.8  998.2   10.8  158.0  444.0  444.0
1995 200  7 19 0500  444.0  444.0  444.0  444.0  444.0  444.0
1995 200  7 19 0600  -19.2  997.6   12.2  161.0  444.0  444.0
1995 200  7 19 0700  -18.9  996.7   12.7  161.0  444.0  444.0
1995 200  7 19 0800  -19.1  996.3   13.7  158.0  444.0  444.0
1995 200  7 19 0900  -18.2  996.4   10.0  153.0  444.0  444.0
1995 200  7 19 1000  -18.8  996.1    7.8  156.0  444.0  444.0
1995 200  7 19 1100  -22.4  995.8    7.4  154.0  444.0  444.0
1995 200  7 19 1200  -21.4  995.3    9.6  149.0  444.0  444.0
1995 200  7 19 1300  -20.0  994.7    7.1  163.0  444.0  444.0
1995 200  7 19 1400  -21.1  994.2    7.1  137.0  444.0  444.0
1995 200  7 19 1500  -22.1  994.2    5.4  153.0  444.0  444.0
1995 200  7 19 1600  -22.1  993.5    2.7  170.0  444.0  444.0
1995 200  7 19 1700  -20.2  992.8    1.7  154.0  444.0  444.0
1995 200  7 19 1800  -20.0  992.2    2.9  156.0  444.0  444.0
1995 200  7 19 1900  -20.6  991.6    0.0    0.0  444.0  444.0
1995 200  7 19 2000  -20.5  991.4    1.0  265.0  444.0  444.0
1995 200  7 19 2100  -19.2  990.9    1.0  293.0  444.0  444.0
1995 200  7 19 2200  -20.0  989.9    2.2  292.0  444.0  444.0
1995 200  7 19 2300  -19.8  989.1    3.2  281.0  444.0  444.0
1995 201  7 20 0000  -22.0  988.7    0.0    0.0  444.0  444.0
1995 201  7 20 0100  -20.9  987.6    5.1  277.0  444.0  444.0
1995 201  7 20 0200  -20.6  986.6    5.6  306.0  444.0  444.0
1995 201  7 20 0300  -20.4  985.6    7.4  312.0  444.0  444.0
1995 201  7 20 0400  -21.1  985.0    4.7  306.0  444.0  444.0
1995 201  7 20 0500  -21.9  984.5    2.9  291.0  444.0  444.0
1995 201  7 20 0600  -26.6  984.4    6.1  139.0  444.0  444.0
1995 201  7 20 0700  -26.5  984.5    8.6  132.0  444.0  444.0
1995 201  7 20 0800  -25.0  984.5    5.4  156.0  444.0  444.0
1995 201  7 20 0900  -24.6  984.3    3.2  158.0  444.0  444.0
1995 201  7 20 1000  -25.2  984.1    5.1  160.0  444.0  444.0
1995 201  7 20 1100  -25.6  984.2    5.9  147.0  444.0  444.0
1995 201  7 20 1200  -26.4  984.5    3.9  149.0  444.0  444.0
1995 201  7 20 1300  -27.0  984.8    5.6  163.0  444.0  444.0
1995 201  7 20 1400  -25.1  984.4    7.1  171.0  444.0  444.0
1995 201  7 20 1500  -25.0  984.4    7.1  146.0  444.0  444.0
1995 201  7 20 1600  -24.4  985.1    6.4  163.0  444.0  444.0
1995 201  7 20 1700  -24.8  985.2   10.0  154.0  444.0  444.0
1995 201  7 20 1800  -23.4  985.8    5.4  150.0  444.0  444.0
1995 201  7 20 1900  -26.4  985.9    5.4  157.0  444.0  444.0
1995 201  7 20 2000  -28.4  986.5    4.2  157.0  444.0  444.0
1995 201  7 20 2100  -29.2  986.7    4.2  137.0  444.0  444.0
1995 201  7 20 2200  -29.1  987.8    4.4  135.0  444.0  444.0
1995 201  7 20 2300  -27.9  988.3    1.2  111.0  444.0  444.0
1995 202  7 21 0000  -27.8  988.8    0.7  305.0  444.0  444.0
1995 202  7 21 0100  -27.5  989.4    0.0    0.0  444.0  444.0
1995 202  7 21 0200  -23.6  989.6    0.0    0.0  444.0  444.0
1995 202  7 21 0300  -22.4  990.2    2.2  220.0  444.0  444.0
1995 202  7 21 0400  -23.2  990.8    2.9  198.0  444.0  444.0
1995 202  7 21 0500  -27.9  991.5    2.9  149.0  444.0  444.0
1995 202  7 21 0600  -24.9  992.0    2.0  222.0  444.0  444.0
1995 202  7 21 0700  -25.5  992.5    2.2  208.0  444.0  444.0
1995 202  7 21 0800  -22.4  993.1    2.7  213.0  444.0  444.0
1995 202  7 21 0900  -23.8  993.7    2.5  220.0  444.0  444.0
1995 202  7 21 1000  -22.5  994.0    1.7  258.0  444.0  444.0
1995 202  7 21 1100  -22.4  994.4    2.2  219.0  444.0  444.0
1995 202  7 21 1200  -23.1  994.4    2.2  217.0  444.0  444.0
1995 202  7 21 1300  -25.0  995.2    1.0  125.0  444.0  444.0
1995 202  7 21 1400  -26.1  995.8    1.7  156.0  444.0  444.0
1995 202  7 21 1500  -21.9  996.5    3.7  213.0  444.0  444.0
1995 202  7 21 1600  -21.5  997.1    3.4  217.0  444.0  444.0
1995 202  7 21 1700  -27.5  997.5    2.2  154.0  444.0  444.0
1995 202  7 21 1800  -24.1  998.3    3.4  180.0  444.0  444.0
1995 202  7 21 1900  -23.8  998.5    3.9  161.0  444.0  444.0
1995 202  7 21 2000  -22.8  999.3    2.7  198.0  444.0  444.0
1995 202  7 21 2100  -22.4 1000.1    3.7  216.0  444.0  444.0
1995 202  7 21 2200  -28.1 1000.8    4.2  149.0  444.0  444.0
1995 202  7 21 2300  -27.0 1001.3    2.9  153.0  444.0  444.0
1995 203  7 22 0000  -25.5 1002.2    2.2  171.0  444.0  444.0
1995 203  7 22 0100  -22.8 1002.2    2.9  154.0  444.0  444.0
1995 203  7 22 0200  -23.6 1002.3    2.0  135.0  444.0  444.0
1995 203  7 22 0300  -23.8 1002.9    1.2  292.0  444.0  444.0
1995 203  7 22 0400  -23.1 1003.1    0.2  246.0  444.0  444.0
1995 203  7 22 0500  -23.8 1003.4    0.0    0.0  444.0  444.0
1995 203  7 22 0600  -25.5 1003.7    1.0  248.0  444.0  444.0
1995 203  7 22 0700  -27.1 1003.8    0.2  360.0  444.0  444.0
1995 203  7 22 0800  -26.5 1004.0    0.2    4.0  444.0  444.0
1995 203  7 22 0900  -27.9 1004.0    0.7  244.0  444.0  444.0
1995 203  7 22 1000  -26.2 1003.4    1.7  310.0  444.0  444.0
1995 203  7 22 1100  -25.6 1003.1    2.0  289.0  444.0  444.0
1995 203  7 22 1200  -26.0 1002.5    0.2  309.0  444.0  444.0
1995 203  7 22 1300  -26.2 1001.9    1.0  330.0  444.0  444.0
1995 203  7 22 1400  -26.6 1001.2    1.5  320.0  444.0  444.0
1995 203  7 22 1500  -25.8 1000.7    2.5  309.0  444.0  444.0
1995 203  7 22 1600  -25.5  999.5    3.7  315.0  444.0  444.0
1995 203  7 22 1700  -25.0  998.2    3.7  326.0  444.0  444.0
1995 203  7 22 1800  -25.5  997.8    1.5  344.0  444.0  444.0
1995 203  7 22 1900  -26.0  997.1    1.2  305.0  444.0  444.0
1995 203  7 22 2000  -25.6  996.4    2.7  320.0  444.0  444.0
1995 203  7 22 2100  -26.2  995.7    2.2  315.0  444.0  444.0
1995 203  7 22 2200  -26.0  994.7    4.7  322.0  444.0  444.0
1995 203  7 22 2300  -25.8  993.9    3.7  320.0  444.0  444.0
1995 204  7 23 0000  -25.6  993.3    3.4  323.0  444.0  444.0
1995 204  7 23 0100  -25.8  992.1    3.7  316.0  444.0  444.0
1995 204  7 23 0200  -26.1  990.6    3.9  315.0  444.0  444.0
1995 204  7 23 0300  -25.8  990.1    3.9  319.0  444.0  444.0
1995 204  7 23 0400  -25.6  989.3    3.9  303.0  444.0  444.0
1995 204  7 23 0500  -25.0  989.4    2.2  247.0  444.0  444.0
1995 204  7 23 0600  -26.0  990.3    2.5  161.0  444.0  444.0
1995 204  7 23 0700  -28.5  991.2    5.9  135.0  444.0  444.0
1995 204  7 23 0800  -26.1  991.6    8.6  165.0  444.0  444.0
1995 204  7 23 0900  -24.0  991.8    8.3  171.0  444.0  444.0
1995 204  7 23 1000  -23.2  991.8    4.9  164.0  444.0  444.0
1995 204  7 23 1100  -22.4  991.5    4.4  150.0  444.0  444.0
1995 204  7 23 1200  -24.1  991.3    3.4  142.0  444.0  444.0
1995 204  7 23 1300  -25.5  991.7    5.6  147.0  444.0  444.0
1995 204  7 23 1400  -24.5  991.9    7.6  168.0  444.0  444.0
1995 204  7 23 1500  -25.0  992.0    9.1  160.0  444.0  444.0
1995 204  7 23 1600  -26.1  992.3    7.6  133.0  444.0  444.0
1995 204  7 23 1700  -25.6  992.8    8.3  174.0  444.0  444.0
1995 204  7 23 1800  -25.4  993.0   12.2  168.0  444.0  444.0
1995 204  7 23 1900  -26.4  994.1   13.2  157.0  444.0  444.0
1995 204  7 23 2000  -26.9  994.7   15.2  156.0  444.0  444.0
1995 204  7 23 2100  -27.4  995.5    9.1  161.0  444.0  444.0
1995 204  7 23 2200  -27.8  996.4    7.1  174.0  444.0  444.0
1995 204  7 23 2300  -27.8  996.6    7.1  150.0  444.0  444.0
1995 205  7 24 0000  -28.1  997.3    2.9  156.0  444.0  444.0
1995 205  7 24 0100  444.0  444.0  444.0  444.0  444.0  444.0
1995 205  7 24 0200  -27.4  997.7    3.4  157.0  444.0  444.0
1995 205  7 24 0300  -27.5  998.1    6.6  147.0  444.0  444.0
1995 205  7 24 0400  -27.2  998.6    0.5  220.0  444.0  444.0
1995 205  7 24 0500  -25.5  999.1    4.2  137.0  444.0  444.0
1995 205  7 24 0600  444.0  444.0  444.0  444.0  444.0  444.0
1995 205  7 24 0700  -25.1  999.6    2.0  229.0  444.0  444.0
1995 205  7 24 0800  -25.0  999.9    3.2  240.0  444.0  444.0
1995 205  7 24 0900  -25.5  999.8    3.4  233.0  444.0  444.0
1995 205  7 24 1000  -25.8 1001.0    3.7  161.0  444.0  444.0
1995 205  7 24 1100  444.0  444.0  444.0  444.0  444.0  444.0
1995 205  7 24 1200  -26.4 1002.0    4.7  164.0  444.0  444.0
1995 205  7 24 1300  -26.1 1002.2    3.9  182.0  444.0  444.0
1995 205  7 24 1400  -26.2 1002.5    4.9  177.0  444.0  444.0
1995 205  7 24 1500  -27.5 1002.9    6.9  151.0  444.0  444.0
1995 205  7 24 1600  444.0  444.0  444.0  444.0  444.0  444.0
1995 205  7 24 1700  -28.1 1003.9    8.3  154.0  444.0  444.0
1995 205  7 24 1800  -28.8 1004.4    7.8  156.0  444.0  444.0
1995 205  7 24 1900  -29.0 1005.0    7.8  157.0  444.0  444.0
1995 205  7 24 2000  -29.1 1005.2    7.6  157.0  444.0  444.0
1995 205  7 24 2100  444.0  444.0  444.0  444.0  444.0  444.0
1995 205  7 24 2200  -29.0 1006.4    7.1  167.0  444.0  444.0
1995 205  7 24 2300  444.0  444.0  444.0  444.0  444.0  444.0
1995 206  7 25 0000  -27.1 1006.2    8.6  167.0  444.0  444.0
1995 206  7 25 0100  -26.1 1006.0    8.3  167.0  444.0  444.0
1995 206  7 25 0200  -26.4 1005.6    6.6  161.0  444.0  444.0
1995 206  7 25 0300  -25.5 1005.5    8.3  154.0  444.0  444.0
1995 206  7 25 0400  444.0  444.0  444.0  444.0  444.0  444.0
1995 206  7 25 0500  -26.0 1005.4    2.9  167.0  444.0  444.0
1995 206  7 25 0600  -26.2 1005.3    3.4  233.0  444.0  444.0
1995 206  7 25 0700  -29.6 1005.1    1.2  288.0  444.0  444.0
1995 206  7 25 0800  -30.0 1005.0    0.0    0.0  444.0  444.0
1995 206  7 25 0900  -26.8 1004.8    0.2  205.0  444.0  444.0
1995 206  7 25 1000  -30.0 1004.5    1.0  161.0  444.0  444.0
1995 206  7 25 1100  -26.8 1004.2    2.2  208.0  444.0  444.0
1995 206  7 25 1200  -27.1 1004.1    1.0   49.0  444.0  444.0
1995 206  7 25 1300  -23.6 1003.5    2.5  217.0  444.0  444.0
1995 206  7 25 1400  -23.8 1003.4    2.5  223.0  444.0  444.0
1995 206  7 25 1500  -24.2 1003.2    3.7  229.0  444.0  444.0
1995 206  7 25 1600  444.0  444.0  444.0  444.0  444.0  444.0
1995 206  7 25 1700  -23.4 1002.4    0.0    0.0  444.0  444.0
1995 206  7 25 1800  -23.2 1002.2    2.5  253.0  444.0  444.0
1995 206  7 25 1900  444.0  444.0  444.0  444.0  444.0  444.0
1995 206  7 25 2000  -23.8 1002.0    0.0    0.0  444.0  444.0
1995 206  7 25 2100  -23.4 1002.1    0.0    0.0  444.0  444.0
1995 206  7 25 2200  -25.0 1001.9    1.2  120.0  444.0  444.0
1995 206  7 25 2300  -23.6 1001.9    0.5  258.0  444.0  444.0
1995 207  7 26 0000  -22.4 1001.6    2.2  212.0  444.0  444.0
1995 207  7 26 0100  -23.1 1001.6    2.7  185.0  444.0  444.0
1995 207  7 26 0200  444.0  444.0  444.0  444.0  444.0  444.0
1995 207  7 26 0300  -26.8 1001.3    5.1  139.0  444.0  444.0
1995 207  7 26 0400  -25.1 1001.5    5.1  167.0  444.0  444.0
1995 207  7 26 0500  -26.1 1002.0    4.7  163.0  444.0  444.0
1995 207  7 26 0600  -26.9 1002.3    7.6  168.0  444.0  444.0
1995 207  7 26 0700  -26.8 1002.4    7.4  170.0  444.0  444.0
1995 207  7 26 0800  -26.4 1002.3    6.1  163.0  444.0  444.0
1995 207  7 26 0900  -25.0 1001.7    5.6  167.0  444.0  444.0
1995 207  7 26 1000  -25.6 1001.5    3.9  158.0  444.0  444.0
1995 207  7 26 1100  -24.5 1001.6    2.7  181.0  444.0  444.0
1995 207  7 26 1200  -24.2 1001.7    1.5  192.0  444.0  444.0
1995 207  7 26 1300  -24.5 1000.8    2.2  215.0  444.0  444.0
1995 207  7 26 1400  -26.9 1000.3    1.7  243.0  444.0  444.0
1995 207  7 26 1500  -26.2  999.9    1.2  213.0  444.0  444.0
1995 207  7 26 1600  -25.8  999.5    0.0    0.0  444.0  444.0
1995 207  7 26 1700  -26.9  998.6    0.0    0.0  444.0  444.0
1995 207  7 26 1800  -27.1  998.1    0.0    0.0  444.0  444.0
1995 207  7 26 1900  444.0  444.0  444.0  444.0  444.0  444.0
1995 207  7 26 2000  -28.6  997.6    0.0    0.0  444.0  444.0
1995 207  7 26 2100  -29.0  996.9    0.7   11.0  444.0  444.0
1995 207  7 26 2200  -29.2  997.0    1.0  216.0  444.0  444.0
1995 207  7 26 2300  -30.8  996.9    2.0  161.0  444.0  444.0
1995 208  7 27 0000  -30.4  996.7    4.2  144.0  444.0  444.0
1995 208  7 27 0100  -28.4  996.5    5.1  175.0  444.0  444.0
1995 208  7 27 0200  -28.6  996.0    4.9  160.0  444.0  444.0
1995 208  7 27 0300  -28.1  995.6    4.9  157.0  444.0  444.0
1995 208  7 27 0400  -28.9  995.3    3.4  156.0  444.0  444.0
1995 208  7 27 0500  -28.5  994.9    4.9  139.0  444.0  444.0
1995 208  7 27 0600  -28.8  994.8    4.7  144.0  444.0  444.0
1995 208  7 27 0700  -29.5  994.9    1.5  153.0  444.0  444.0
1995 208  7 27 0800  -28.5  994.8    2.2  215.0  444.0  444.0
1995 208  7 27 0900  -28.4  994.9    2.5  151.0  444.0  444.0
1995 208  7 27 1000  -27.2  994.6    4.2  171.0  444.0  444.0
1995 208  7 27 1100  -27.2  994.4    3.7  196.0  444.0  444.0
1995 208  7 27 1200  -26.9  994.2    1.7  264.0  444.0  444.0
1995 208  7 27 1300  -27.8  993.7    3.2  233.0  444.0  444.0
1995 208  7 27 1400  -26.8  993.4    2.7  223.0  444.0  444.0
1995 208  7 27 1500  -26.0  992.9    2.0  262.0  444.0  444.0
1995 208  7 27 1600  -26.2  992.3    1.5  265.0  444.0  444.0
1995 208  7 27 1700  -26.8  991.7    2.0  251.0  444.0  444.0
1995 208  7 27 1800  -26.6  991.5    3.9  248.0  444.0  444.0
1995 208  7 27 1900  -25.0  991.0    1.0  272.0  444.0  444.0
1995 208  7 27 2000  -24.8  990.6    2.0  241.0  444.0  444.0
1995 208  7 27 2100  -24.9  989.9    2.9  208.0  444.0  444.0
1995 208  7 27 2200  -23.2  989.4    0.0    0.0  444.0  444.0
1995 208  7 27 2300  -22.6  988.8    1.5  153.0  444.0  444.0
1995 209  7 28 0000  -26.0  988.5    0.0    0.0  444.0  444.0
1995 209  7 28 0100  -28.8  988.3    1.5  139.0  444.0  444.0
1995 209  7 28 0200  -26.2  988.2    1.0  171.0  444.0  444.0
1995 209  7 28 0300  -29.1  987.9    1.0  161.0  444.0  444.0
1995 209  7 28 0400  -25.1  987.7    0.7  212.0  444.0  444.0
1995 209  7 28 0500  -23.8  987.2    1.0  229.0  444.0  444.0
1995 209  7 28 0600  -23.4  986.6    1.5  234.0  444.0  444.0
1995 209  7 28 0700  -22.0  985.9    1.2  241.0  444.0  444.0
1995 209  7 28 0800  -23.1  985.3    2.0  199.0  444.0  444.0
1995 209  7 28 0900  -22.4  984.7    1.2  194.0  444.0  444.0
1995 209  7 28 1000  -22.4  984.1    1.5  261.0  444.0  444.0
1995 209  7 28 1100  -22.6  983.6    0.0    0.0  444.0  444.0
1995 209  7 28 1200  -21.6  982.7    1.7  264.0  444.0  444.0
1995 209  7 28 1300  -21.5  982.0    2.5  225.0  444.0  444.0
1995 209  7 28 1400  -21.4  981.7    3.2  187.0  444.0  444.0
1995 209  7 28 1500  -24.9  981.5    1.2  149.0  444.0  444.0
1995 209  7 28 1600  -22.0  981.4    0.7  126.0  444.0  444.0
1995 209  7 28 1700  -26.8  981.3    4.2  137.0  444.0  444.0
1995 209  7 28 1800  -28.4  981.6    4.9  137.0  444.0  444.0
1995 209  7 28 1900  -26.2  982.0    3.2  154.0  444.0  444.0
1995 209  7 28 2000  -26.2  982.6    1.7  136.0  444.0  444.0
1995 209  7 28 2100  -25.6  983.0    0.0    0.0  444.0  444.0
1995 209  7 28 2200  -24.6  983.7    0.2  257.0  444.0  444.0
1995 209  7 28 2300  -24.0  984.0    0.0    0.0  444.0  444.0
1995 210  7 29 0000  -24.9  984.6    0.7   11.0  444.0  444.0
1995 210  7 29 0100  -25.5  985.1    0.0    0.0  444.0  444.0
1995 210  7 29 0200  -25.5  985.4    1.2  334.0  444.0  444.0
1995 210  7 29 0300  -26.0  985.8    1.7  312.0  444.0  444.0
1995 210  7 29 0400  -27.4  986.3    1.7  303.0  444.0  444.0
1995 210  7 29 0500  -26.6  986.8    2.0  217.0  444.0  444.0
1995 210  7 29 0600  -27.4  987.4    0.0    0.0  444.0  444.0
1995 210  7 29 0700  -26.6  988.0    0.0    0.0  444.0  444.0
1995 210  7 29 0800  -26.1  988.8    0.0    0.0  444.0  444.0
1995 210  7 29 0900  -27.9  989.7    0.0    0.0  444.0  444.0
1995 210  7 29 1000  -28.0  990.6    0.0    0.0  444.0  444.0
1995 210  7 29 1100  -27.4  991.5    0.0    0.0  444.0  444.0
1995 210  7 29 1200  -27.1  992.2    1.5  194.0  444.0  444.0
1995 210  7 29 1300  -28.4  993.6    0.0    0.0  444.0  444.0
1995 210  7 29 1400  -27.8  994.1    0.7  241.0  444.0  444.0
1995 210  7 29 1500  -25.1  994.8    3.4  208.0  444.0  444.0
1995 210  7 29 1600  -29.5  995.8    0.0    0.0  444.0  444.0
1995 210  7 29 1700  -29.1  996.7    2.2  132.0  444.0  444.0
1995 210  7 29 1800  -28.4  998.0    0.0    0.0  444.0  444.0
1995 210  7 29 1900  -27.2  999.2    1.7  260.0  444.0  444.0
1995 210  7 29 2000  -27.2 1000.3    2.5  161.0  444.0  444.0
1995 210  7 29 2100  -28.0 1000.9    1.5  151.0  444.0  444.0
1995 210  7 29 2200  -25.6 1001.6    0.5  244.0  444.0  444.0
1995 210  7 29 2300  -25.1 1001.6    1.2  151.0  444.0  444.0
1995 211  7 30 0000  -26.2 1002.5    0.2  105.0  444.0  444.0
1995 211  7 30 0100  -24.5 1002.6    2.7  158.0  444.0  444.0
1995 211  7 30 0200  -26.0 1003.0    2.0  171.0  444.0  444.0
1995 211  7 30 0300  -25.6 1003.1    3.9  144.0  444.0  444.0
1995 211  7 30 0400  -24.8 1003.5    2.9  167.0  444.0  444.0
1995 211  7 30 0500  -26.9 1003.4    6.4  143.0  444.0  444.0
1995 211  7 30 0600  -28.0 1003.8    3.9  144.0  444.0  444.0
1995 211  7 30 0700  -26.0 1003.8    3.7  163.0  444.0  444.0
1995 211  7 30 0800  -22.4 1003.6    3.4  147.0  444.0  444.0
1995 211  7 30 0900  -24.5 1003.4    3.7  142.0  444.0  444.0
1995 211  7 30 1000  -24.9 1003.8    5.6  153.0  444.0  444.0
1995 211  7 30 1100  -21.6 1004.4    6.9  149.0  444.0  444.0
1995 211  7 30 1200  -22.8 1004.9    8.8  157.0  444.0  444.0
1995 211  7 30 1300  -22.4 1004.9   12.7  168.0  444.0  444.0
1995 211  7 30 1400  -22.0 1005.4    9.3  161.0  444.0  444.0
1995 211  7 30 1500  -20.2 1005.2    9.1  154.0  444.0  444.0
1995 211  7 30 1600  -19.8 1005.6   11.3  158.0  444.0  444.0
1995 211  7 30 1700  -18.6 1005.3   10.0  143.0  444.0  444.0
1995 211  7 30 1800  -21.9 1005.5   10.0  154.0  444.0  444.0
1995 211  7 30 1900  -21.4 1006.3    7.8  150.0  444.0  444.0
1995 211  7 30 2000  -19.6 1006.8    8.8  167.0  444.0  444.0
1995 211  7 30 2100  -20.2 1007.0    6.6  132.0  444.0  444.0
1995 211  7 30 2200  -20.8 1007.2    4.9  140.0  444.0  444.0
1995 211  7 30 2300  -20.8 1007.8    4.7  164.0  444.0  444.0
1995 212  7 31 0000  -20.1 1008.4    6.9  160.0  444.0  444.0
1995 212  7 31 0100  -19.6 1008.7    8.6  153.0  444.0  444.0
1995 212  7 31 0200  -19.1 1008.8   10.8  146.0  444.0  444.0
1995 212  7 31 0300  -18.0 1009.5    9.8  172.0  444.0  444.0
1995 212  7 31 0400  -18.4 1010.1   11.5  168.0  444.0  444.0
1995 212  7 31 0500  -17.6 1010.7    7.8  153.0  444.0  444.0
1995 212  7 31 0600  -18.4 1010.4    7.8  161.0  444.0  444.0
1995 212  7 31 0700  -18.4 1011.0    5.9  167.0  444.0  444.0
1995 212  7 31 0800  -17.9 1010.8    2.9  210.0  444.0  444.0
1995 212  7 31 0900  -17.6 1011.1    2.0  142.0  444.0  444.0
1995 212  7 31 1000  -18.4 1011.1    0.7  360.0  444.0  444.0
1995 212  7 31 1100  -18.2 1011.2    1.7  319.0  444.0  444.0
1995 212  7 31 1200  -17.8 1010.8    2.5  334.0  444.0  444.0
1995 212  7 31 1300  -19.1 1010.4    0.0    0.0  444.0  444.0
1995 212  7 31 1400  -19.2 1010.3    0.7  254.0  444.0  444.0
1995 212  7 31 1500  -19.6 1009.9    3.2  289.0  444.0  444.0
1995 212  7 31 1600  -19.1 1009.2    2.7  302.0  444.0  444.0
1995 212  7 31 1700  -19.4 1008.6    2.2  292.0  444.0  444.0
1995 212  7 31 1800  -19.8 1007.6    2.0  324.0  444.0  444.0
1995 212  7 31 1900  -21.4 1007.1    1.7  330.0  444.0  444.0
1995 212  7 31 2000  -21.1 1006.1    2.0  324.0  444.0  444.0
1995 212  7 31 2100  -21.8 1004.6    2.0  317.0  444.0  444.0
1995 212  7 31 2200  -22.0 1003.7    2.2  331.0  444.0  444.0
1995 212  7 31 2300  -22.1 1002.5    2.5  343.0  444.0  444.0
