Year: 1997  Month: 01  ID: MPT  ARGOS:  8906  Name: Marble Point        
Lat: 77.44S  Lon: 163.76E  Elev:  108m
1997   1  1  1 0000    0.8  978.3    2.0  101.0  444.0  444.0
1997   1  1  1 0100    1.4  978.3    3.4  116.0  444.0  444.0
1997   1  1  1 0200    1.4  978.2    2.9  129.0  444.0  444.0
1997   1  1  1 0300    3.6  977.8    2.0  320.0  444.0  444.0
1997   1  1  1 0400    3.0  977.4    2.7   12.0  444.0  444.0
1997   1  1  1 0500    3.6  977.2    3.4  267.0  444.0  444.0
1997   1  1  1 0600    3.0  977.1    2.7  265.0  444.0  444.0
1997   1  1  1 0700    3.0  977.0    4.4  281.0  444.0  444.0
1997   1  1  1 0800    2.8  976.8    3.7  316.0  444.0  444.0
1997   1  1  1 0900    1.9  976.8    3.4  258.0  444.0  444.0
1997   1  1  1 1000    1.4  976.9    3.4  250.0  444.0  444.0
1997   1  1  1 1100    1.8  976.8    2.7  254.0  444.0  444.0
1997   1  1  1 1200    1.1  976.7    3.7  244.0  444.0  444.0
1997   1  1  1 1300    1.1  976.9    2.7  246.0  444.0  444.0
1997   1  1  1 1400    0.9  976.8    3.2  234.0  444.0  444.0
1997   1  1  1 1500    1.4  976.8    1.2  198.0  444.0  444.0
1997   1  1  1 1600    1.4  976.8    1.2  133.0  444.0  444.0
1997   1  1  1 1700    1.4  977.1    1.7  142.0  444.0  444.0
1997   1  1  1 1800  444.0  444.0  444.0  444.0  444.0  444.0
1997   1  1  1 1900    0.5  977.3    2.7  129.0  444.0  444.0
1997   1  1  1 2000   -0.5  977.5    2.0  101.0  444.0  444.0
1997   1  1  1 2100    0.6  977.3    2.2  139.0  444.0  444.0
1997   1  1  1 2200    1.2  977.3    2.0   29.0  444.0  444.0
1997   1  1  1 2300  444.0  444.0  444.0  444.0  444.0  444.0
1997   2  1  2 0000    1.6  977.1    1.7   22.0  444.0  444.0
1997   2  1  2 0100  444.0  444.0  444.0  444.0  444.0  444.0
1997   2  1  2 0200    1.6  977.0    2.0   36.0  444.0  444.0
1997   2  1  2 0300    1.8  977.1    2.9  136.0  444.0  444.0
1997   2  1  2 0400    0.6  977.3    2.5  108.0  444.0  444.0
1997   2  1  2 0500   -0.4  977.3    5.1  132.0  444.0  444.0
1997   2  1  2 0600  444.0  444.0  444.0  444.0  444.0  444.0
1997   2  1  2 0700   -1.2  977.7    3.4  119.0  444.0  444.0
1997   2  1  2 0800   -0.8  977.9    1.2  137.0  444.0  444.0
1997   2  1  2 0900   -1.0  977.9    2.0  154.0  444.0  444.0
1997   2  1  2 1000   -0.5  977.8    1.0  158.0  444.0  444.0
1997   2  1  2 1100  444.0  444.0  444.0  444.0  444.0  444.0
1997   2  1  2 1200   -1.4  977.8    3.2  133.0  444.0  444.0
1997   2  1  2 1300   -2.2  977.7    2.2  143.0  444.0  444.0
1997   2  1  2 1400   -2.5  977.8    3.7  137.0  444.0  444.0
1997   2  1  2 1500   -3.1  977.9    4.2  142.0  444.0  444.0
1997   2  1  2 1600  444.0  444.0  444.0  444.0  444.0  444.0
1997   2  1  2 1700   -3.5  978.0    8.6  144.0  444.0  444.0
1997   2  1  2 1800   -3.5  978.3    5.6  135.0  444.0  444.0
1997   2  1  2 1900   -3.4  978.6    4.4  150.0  444.0  444.0
1997   2  1  2 2000   -3.1  978.7    3.4  130.0  444.0  444.0
1997   2  1  2 2100  444.0  444.0  444.0  444.0  444.0  444.0
1997   2  1  2 2200   -2.4  978.4    2.2   85.0  444.0  444.0
1997   2  1  2 2300   -1.6  978.1    1.2  139.0  444.0  444.0
1997   3  1  3 0000   -1.6  977.8    1.0  109.0  444.0  444.0
1997   3  1  3 0100   -0.5  977.5    1.2   91.0  444.0  444.0
1997   3  1  3 0200   -0.5  977.2    2.2  344.0  444.0  444.0
1997   3  1  3 0300   -1.2  976.5    4.2  360.0  444.0  444.0
1997   3  1  3 0400  444.0  444.0  444.0  444.0  444.0  444.0
1997   3  1  3 0500   -0.5  975.9    4.2  337.0  444.0  444.0
1997   3  1  3 0600    0.0  976.0    2.2  350.0  444.0  444.0
1997   3  1  3 0700   -0.4  975.7    1.5  360.0  444.0  444.0
1997   3  1  3 0800    1.0  975.1    2.0  247.0  444.0  444.0
1997   3  1  3 0900  444.0  444.0  444.0  444.0  444.0  444.0
1997   3  1  3 1000  444.0  974.5    0.0    0.0  444.0  444.0
1997   3  1  3 1100    0.0  974.4    0.7  136.0  444.0  444.0
1997   3  1  3 1200  444.0  974.2    0.0    0.0  444.0  444.0
1997   3  1  3 1300   -1.1  974.1    2.0  136.0  444.0  444.0
1997   3  1  3 1400  444.0  444.0  444.0  444.0  444.0  444.0
1997   3  1  3 1500   -1.0  973.7    0.0    0.0  444.0  444.0
1997   3  1  3 1600    1.1  973.5    2.5  194.0  444.0  444.0
1997   3  1  3 1700  444.0  973.5    0.0    0.0  444.0  444.0
1997   3  1  3 1800    1.2  973.3    1.0  293.0  444.0  444.0
1997   3  1  3 1900    2.4  973.1    3.9  246.0  444.0  444.0
1997   3  1  3 2000  444.0  973.1    0.5   12.0  444.0  444.0
1997   3  1  3 2100    3.2  973.0    1.7    5.0  444.0  444.0
1997   3  1  3 2200    2.4  973.0    3.4   80.0  444.0  444.0
1997   3  1  3 2300    1.9  973.2    2.7   90.0  444.0  444.0
1997   4  1  4 0000    2.2  973.2    1.5   77.0  444.0  444.0
1997   4  1  4 0100    2.4  973.1    2.0  355.0  444.0  444.0
1997   4  1  4 0200    3.1  973.0    2.2    7.0  444.0  444.0
1997   4  1  4 0300    3.2  972.9    1.7  360.0  444.0  444.0
1997   4  1  4 0400    3.5  972.6    1.5    4.0  444.0  444.0
1997   4  1  4 0500    3.1  972.6    2.9  350.0  444.0  444.0
1997   4  1  4 0600    3.2  972.6    1.7  360.0  444.0  444.0
1997   4  1  4 0700    2.9  972.6    2.0    9.0  444.0  444.0
1997   4  1  4 0800    1.4  973.1    3.4  120.0  444.0  444.0
1997   4  1  4 0900   -1.4  973.3    7.6  130.0  444.0  444.0
1997   4  1  4 1000   -3.4  973.6    7.8  139.0  444.0  444.0
1997   4  1  4 1100   -3.4  974.0    6.6  137.0  444.0  444.0
1997   4  1  4 1200   -4.2  974.4    5.6  142.0  444.0  444.0
1997   4  1  4 1300   -4.8  975.0    6.6  139.0  444.0  444.0
1997   4  1  4 1400   -4.9  975.4    5.9  147.0  444.0  444.0
1997   4  1  4 1500   -5.0  975.8    3.7  109.0  444.0  444.0
1997   4  1  4 1600   -4.0  975.9    3.2  170.0  444.0  444.0
1997   4  1  4 1700   -3.9  975.9    3.2  139.0  444.0  444.0
1997   4  1  4 1800   -3.4  976.0    2.0  111.0  444.0  444.0
1997   4  1  4 1900   -3.6  975.8    2.5   80.0  444.0  444.0
1997   4  1  4 2000   -2.1  976.0    1.5  348.0  444.0  444.0
1997   4  1  4 2100   -1.5  975.9    1.2  274.0  444.0  444.0
1997   4  1  4 2200   -1.1  975.4    1.5  267.0  444.0  444.0
1997   4  1  4 2300   -1.4  975.5    3.4  357.0  444.0  444.0
1997   5  1  5 0000   -1.5  975.4    4.4  360.0  444.0  444.0
1997   5  1  5 0100   -1.6  975.2    5.4  352.0  444.0  444.0
1997   5  1  5 0200  444.0  444.0  444.0  444.0  444.0  444.0
1997   5  1  5 0300   -1.9  975.1    5.4  350.0  444.0  444.0
1997   5  1  5 0400   -1.9  974.9    5.6  348.0  444.0  444.0
1997   5  1  5 0500  444.0  444.0  444.0  444.0  444.0  444.0
1997   5  1  5 0600   -1.9  975.3    3.4  358.0  444.0  444.0
1997   5  1  5 0700   -2.2  975.4    3.7  341.0  444.0  444.0
1997   5  1  5 0800   -0.4  975.6    1.5  329.0  444.0  444.0
1997   5  1  5 0900   -0.6  975.6    1.7  288.0  444.0  444.0
1997   5  1  5 1000   -1.9  975.7    2.9  352.0  444.0  444.0
1997   5  1  5 1100   -1.8  975.9    3.2  292.0  444.0  444.0
1997   5  1  5 1200   -2.2  976.3    4.2  313.0  444.0  444.0
1997   5  1  5 1300   -2.8  976.7    4.7  333.0  444.0  444.0
1997   5  1  5 1400   -2.9  976.7    3.9  312.0  444.0  444.0
1997   5  1  5 1500   -2.8  976.7    3.7  343.0  444.0  444.0
1997   5  1  5 1600   -2.2  977.1    3.7  351.0  444.0  444.0
1997   5  1  5 1700   -2.8  977.3    2.7  347.0  444.0  444.0
1997   5  1  5 1800   -1.8  977.6    2.2  285.0  444.0  444.0
1997   5  1  5 1900   -2.2  977.6    3.4  341.0  444.0  444.0
1997   5  1  5 2000   -1.2  977.8    2.9  340.0  444.0  444.0
1997   5  1  5 2100   -0.6  977.8    5.6  305.0  444.0  444.0
1997   5  1  5 2200   -1.4  978.2    4.9  336.0  444.0  444.0
1997   5  1  5 2300   -1.1  978.0    5.9  338.0  444.0  444.0
1997   6  1  6 0000   -1.0  978.3    7.8  341.0  444.0  444.0
1997   6  1  6 0100   -0.8  978.4    6.1  348.0  444.0  444.0
1997   6  1  6 0200   -0.5  978.5    5.6  344.0  444.0  444.0
1997   6  1  6 0300    0.5  978.4    6.1  330.0  444.0  444.0
1997   6  1  6 0400    0.5  978.3    5.4  316.0  444.0  444.0
1997   6  1  6 0500    0.0  978.2    4.9  350.0  444.0  444.0
1997   6  1  6 0600    0.1  978.2    3.4  317.0  444.0  444.0
1997   6  1  6 0700   -0.4  978.2    3.9  347.0  444.0  444.0
1997   6  1  6 0800   -0.6  978.4    3.2  358.0  444.0  444.0
1997   6  1  6 0900   -1.6  978.3    4.4  351.0  444.0  444.0
1997   6  1  6 1000   -1.1  978.3    2.9  350.0  444.0  444.0
1997   6  1  6 1100   -1.5  978.4    3.2  331.0  444.0  444.0
1997   6  1  6 1200   -1.1  978.4    3.9  292.0  444.0  444.0
1997   6  1  6 1300   -0.8  978.4    2.0  313.0  444.0  444.0
1997   6  1  6 1400   -1.0  978.1    2.7  281.0  444.0  444.0
1997   6  1  6 1500   -2.1  977.9    1.7  300.0  444.0  444.0
1997   6  1  6 1600   -2.2  977.9    3.9  305.0  444.0  444.0
1997   6  1  6 1700   -2.1  977.9    2.7  281.0  444.0  444.0
1997   6  1  6 1800   -1.8  977.7    2.7  330.0  444.0  444.0
1997   6  1  6 1900   -1.2  977.6    2.2  320.0  444.0  444.0
1997   6  1  6 2000   -0.8  977.4    4.2  268.0  444.0  444.0
1997   6  1  6 2100   -0.6  977.1    1.2  236.0  444.0  444.0
1997   6  1  6 2200    0.0  976.6    3.2  316.0  444.0  444.0
1997   6  1  6 2300   -0.8  976.3    4.7    5.0  444.0  444.0
1997   7  1  7 0000   -1.4  975.9    4.2    4.0  444.0  444.0
1997   7  1  7 0100   -0.8  975.6    4.7    8.0  444.0  444.0
1997   7  1  7 0200    0.5  975.3    2.9   16.0  444.0  444.0
1997   7  1  7 0300    0.1  975.0    3.4   18.0  444.0  444.0
1997   7  1  7 0400    0.0  974.6    2.5   16.0  444.0  444.0
1997   7  1  7 0500   -0.6  974.3    2.7    2.0  444.0  444.0
1997   7  1  7 0600   -1.8  974.2    1.7   19.0  444.0  444.0
1997   7  1  7 0700   -1.9  974.3    0.0    0.0  444.0  444.0
1997   7  1  7 0800  444.0  974.3    0.7   15.0  444.0  444.0
1997   7  1  7 0900   -1.5  974.0    1.7   95.0  444.0  444.0
1997   7  1  7 1000   -3.5  974.0    4.7  143.0  444.0  444.0
1997   7  1  7 1100   -3.9  974.0    6.6  135.0  444.0  444.0
1997   7  1  7 1200   -5.0  974.1    5.9  132.0  444.0  444.0
1997   7  1  7 1300   -4.9  974.2    6.4  140.0  444.0  444.0
1997   7  1  7 1400   -4.6  974.0    5.9  133.0  444.0  444.0
1997   7  1  7 1500   -4.0  973.9    6.4  132.0  444.0  444.0
1997   7  1  7 1600   -4.9  973.7    6.4  135.0  444.0  444.0
1997   7  1  7 1700   -5.1  973.9    4.9  137.0  444.0  444.0
1997   7  1  7 1800   -5.1  974.0    6.1  135.0  444.0  444.0
1997   7  1  7 1900   -5.1  974.1    6.6  130.0  444.0  444.0
1997   7  1  7 2000   -4.9  974.3    4.7  125.0  444.0  444.0
1997   7  1  7 2100   -4.9  974.4    6.9  123.0  444.0  444.0
1997   7  1  7 2200  444.0  444.0  444.0  444.0  444.0  444.0
1997   7  1  7 2300   -4.9  974.8    5.1  112.0  444.0  444.0
1997   8  1  8 0000   -5.1  975.2    4.4  123.0  444.0  444.0
1997   8  1  8 0100   -5.1  975.3    5.4  105.0  444.0  444.0
1997   8  1  8 0200   -5.4  975.5    4.4   97.0  444.0  444.0
1997   8  1  8 0300   -5.5  975.6    4.7  115.0  444.0  444.0
1997   8  1  8 0400   -5.9  975.7    3.9  116.0  444.0  444.0
1997   8  1  8 0500   -5.8  975.7    4.7  136.0  444.0  444.0
1997   8  1  8 0600   -5.8  975.8    4.4  119.0  444.0  444.0
1997   8  1  8 0700   -5.9  975.9    4.9  142.0  444.0  444.0
1997   8  1  8 0800   -5.8  976.1    3.7  137.0  444.0  444.0
1997   8  1  8 0900   -5.9  976.1    4.2  144.0  444.0  444.0
1997   8  1  8 1000   -5.9  976.2    3.9  139.0  444.0  444.0
1997   8  1  8 1100   -5.9  976.2    4.9  142.0  444.0  444.0
1997   8  1  8 1200   -5.9  976.3    4.7  150.0  444.0  444.0
1997   8  1  8 1300   -6.1  976.3    4.4  133.0  444.0  444.0
1997   8  1  8 1400   -6.6  976.2    5.6  142.0  444.0  444.0
1997   8  1  8 1500   -6.8  976.1    5.4  137.0  444.0  444.0
1997   8  1  8 1600   -6.8  975.9    6.4  133.0  444.0  444.0
1997   8  1  8 1700   -7.1  976.0    6.1  137.0  444.0  444.0
1997   8  1  8 1800   -7.1  976.2    5.9  136.0  444.0  444.0
1997   8  1  8 1900   -7.1  976.1    7.1  136.0  444.0  444.0
1997   8  1  8 2000   -7.1  976.4    3.9  116.0  444.0  444.0
1997   8  1  8 2100   -6.9  976.5    5.6  136.0  444.0  444.0
1997   8  1  8 2200   -6.9  976.8    5.6  127.0  444.0  444.0
1997   8  1  8 2300   -6.4  977.1    4.4  136.0  444.0  444.0
1997   9  1  9 0000   -6.6  977.1    5.1  129.0  444.0  444.0
1997   9  1  9 0100   -5.9  977.2    2.9  133.0  444.0  444.0
1997   9  1  9 0200   -6.4  977.2    3.9  129.0  444.0  444.0
1997   9  1  9 0300   -5.5  977.2    2.7  132.0  444.0  444.0
1997   9  1  9 0400   -6.5  977.2    3.9  129.0  444.0  444.0
1997   9  1  9 0500   -6.2  977.4    3.4  132.0  444.0  444.0
1997   9  1  9 0600   -6.1  977.4    3.9  127.0  444.0  444.0
1997   9  1  9 0700   -6.0  977.6    2.0  129.0  444.0  444.0
1997   9  1  9 0800   -5.1  977.7    1.2  112.0  444.0  444.0
1997   9  1  9 0900  444.0  977.9    0.0    0.0  444.0  444.0
1997   9  1  9 1000   -4.8  978.1    2.2   25.0  444.0  444.0
1997   9  1  9 1100   -4.5  978.3    3.7  298.0  444.0  444.0
1997   9  1  9 1200   -4.6  978.4    3.9  302.0  444.0  444.0
1997   9  1  9 1300   -4.5  978.5    2.7  296.0  444.0  444.0
1997   9  1  9 1400   -4.2  978.7    3.2  305.0  444.0  444.0
1997   9  1  9 1500   -3.6  978.9    1.0  323.0  444.0  444.0
1997   9  1  9 1600   -3.4  978.9    0.0    0.0  444.0  444.0
1997   9  1  9 1700   -5.4  979.1    2.0  132.0  444.0  444.0
1997   9  1  9 1800   -2.8  979.4    0.7  274.0  444.0  444.0
1997   9  1  9 1900   -3.4  979.6    1.2  292.0  444.0  444.0
1997   9  1  9 2000  444.0  444.0  444.0  444.0  444.0  444.0
1997   9  1  9 2100  444.0  979.9    0.7  139.0  444.0  444.0
1997   9  1  9 2200   -3.5  980.3    1.5  157.0  444.0  444.0
1997   9  1  9 2300   -3.9  980.1    3.4  132.0  444.0  444.0
1997  10  1 10 0000   -3.9  980.1    4.9  132.0  444.0  444.0
1997  10  1 10 0100  444.0  444.0  444.0  444.0  444.0  444.0
1997  10  1 10 0200   -3.4  980.2    5.4  142.0  444.0  444.0
1997  10  1 10 0300   -3.4  980.1    5.1  150.0  444.0  444.0
1997  10  1 10 0400   -3.0  980.1    3.9  143.0  444.0  444.0
1997  10  1 10 0500   -3.0  980.2    2.7  165.0  444.0  444.0
1997  10  1 10 0600   -2.8  980.4    2.2  164.0  444.0  444.0
1997  10  1 10 0700   -2.9  980.5    4.2  187.0  444.0  444.0
1997  10  1 10 0800   -2.2  980.4    1.7  150.0  444.0  444.0
1997  10  1 10 0900   -2.4  980.3    2.2  195.0  444.0  444.0
1997  10  1 10 1000   -2.2  980.3    2.7  178.0  444.0  444.0
1997  10  1 10 1100   -2.4  980.4    2.5  195.0  444.0  444.0
1997  10  1 10 1200   -2.8  980.3    2.5  237.0  444.0  444.0
1997  10  1 10 1300  444.0  444.0  444.0  444.0  444.0  444.0
1997  10  1 10 1400   -2.8  980.0    3.2  232.0  444.0  444.0
1997  10  1 10 1500   -3.1  980.0    1.7  143.0  444.0  444.0
1997  10  1 10 1600   -3.5  979.9    2.9  147.0  444.0  444.0
1997  10  1 10 1700   -4.5  979.8    4.4  164.0  444.0  444.0
1997  10  1 10 1800  444.0  444.0  444.0  444.0  444.0  444.0
1997  10  1 10 1900   -5.1  980.1    4.7  130.0  444.0  444.0
1997  10  1 10 2000   -6.4  980.2    5.1  147.0  444.0  444.0
1997  10  1 10 2100   -5.1  980.3    6.1  140.0  444.0  444.0
1997  10  1 10 2200   -6.5  980.7    4.7  140.0  444.0  444.0
1997  10  1 10 2300  444.0  444.0  444.0  444.0  444.0  444.0
1997  11  1 11 0000   -5.1  981.1    4.2  120.0  444.0  444.0
1997  11  1 11 0100  444.0  444.0  444.0  444.0  444.0  444.0
1997  11  1 11 0200   -4.9  981.0    4.7  119.0  444.0  444.0
1997  11  1 11 0300   -5.8  980.9    5.9  130.0  444.0  444.0
1997  11  1 11 0400   -6.2  980.9    6.6  137.0  444.0  444.0
1997  11  1 11 0500   -6.2  981.3    6.4  146.0  444.0  444.0
1997  11  1 11 0600  444.0  444.0  444.0  444.0  444.0  444.0
1997  11  1 11 0700   -6.4  981.9    5.1  133.0  444.0  444.0
1997  11  1 11 0800   -6.9  982.1    5.9  149.0  444.0  444.0
1997  11  1 11 0900   -6.8  982.2    5.4  144.0  444.0  444.0
1997  11  1 11 1000   -7.0  982.3    4.9  137.0  444.0  444.0
1997  11  1 11 1100  444.0  444.0  444.0  444.0  444.0  444.0
1997  11  1 11 1200   -7.1  982.3    4.7  140.0  444.0  444.0
1997  11  1 11 1300   -7.4  982.1    4.7  136.0  444.0  444.0
1997  11  1 11 1400   -7.6  982.2    4.9  144.0  444.0  444.0
1997  11  1 11 1500   -7.5  982.0    5.6  149.0  444.0  444.0
1997  11  1 11 1600  444.0  444.0  444.0  444.0  444.0  444.0
1997  11  1 11 1700   -7.4  981.9    5.4  144.0  444.0  444.0
1997  11  1 11 1800   -7.2  981.8    6.1  144.0  444.0  444.0
1997  11  1 11 1900   -7.4  981.8    6.1  136.0  444.0  444.0
1997  11  1 11 2000   -7.6  981.8    7.6  139.0  444.0  444.0
1997  11  1 11 2100   -7.4  982.2    5.1  147.0  444.0  444.0
1997  11  1 11 2200   -7.2  982.0    5.6  146.0  444.0  444.0
1997  11  1 11 2300   -7.4  981.9    6.6  139.0  444.0  444.0
1997  12  1 12 0000   -7.4  981.8    8.8  139.0  444.0  444.0
1997  12  1 12 0100   -7.9  981.6    8.6  142.0  444.0  444.0
1997  12  1 12 0200   -8.1  981.8    8.6  149.0  444.0  444.0
1997  12  1 12 0300   -7.8  982.0    7.8  150.0  444.0  444.0
1997  12  1 12 0400  444.0  444.0  444.0  444.0  444.0  444.0
1997  12  1 12 0500   -7.8  982.0    7.6  150.0  444.0  444.0
1997  12  1 12 0600   -8.1  982.3    6.6  153.0  444.0  444.0
1997  12  1 12 0700   -8.2  982.6    5.9  149.0  444.0  444.0
1997  12  1 12 0800   -8.1  982.8    6.1  143.0  444.0  444.0
1997  12  1 12 0900   -7.8  982.9    4.9  150.0  444.0  444.0
1997  12  1 12 1000   -7.8  983.1    5.6  143.0  444.0  444.0
1997  12  1 12 1100  444.0  444.0  444.0  444.0  444.0  444.0
1997  12  1 12 1200   -7.6  983.4    1.7  127.0  444.0  444.0
1997  12  1 12 1300   -7.2  983.4    0.0    0.0  444.0  444.0
1997  12  1 12 1400   -7.1  983.2    0.5  272.0  444.0  444.0
1997  12  1 12 1500   -6.5  983.0    0.5  270.0  444.0  444.0
1997  12  1 12 1600   -5.4  982.9    0.0    0.0  444.0  444.0
1997  12  1 12 1700   -5.8  982.9    0.7  316.0  444.0  444.0
1997  12  1 12 1800   -5.9  982.8    0.7  299.0  444.0  444.0
1997  12  1 12 1900  444.0  982.6    0.0    0.0  444.0  444.0
1997  12  1 12 2000   -4.0  982.6    0.0    0.0  444.0  444.0
1997  12  1 12 2100  444.0  982.5    0.0    0.0  444.0  444.0
1997  12  1 12 2200   -3.4  982.1    1.7  331.0  444.0  444.0
1997  12  1 12 2300   -3.4  982.0    1.5  344.0  444.0  444.0
1997  13  1 13 0000   -4.2  981.6    2.2  347.0  444.0  444.0
1997  13  1 13 0100   -4.0  981.4    1.2  347.0  444.0  444.0
1997  13  1 13 0200  444.0  444.0  444.0  444.0  444.0  444.0
1997  13  1 13 0300   -4.0  981.1    1.5  354.0  444.0  444.0
1997  13  1 13 0400  444.0  981.1    0.0    0.0  444.0  444.0
1997  13  1 13 0500   -3.0  980.8    1.5  358.0  444.0  444.0
1997  13  1 13 0600   -4.6  980.6    2.2  352.0  444.0  444.0
1997  13  1 13 0700   -4.9  980.9    2.2  343.0  444.0  444.0
1997  13  1 13 0800   -4.9  981.0    1.7  324.0  444.0  444.0
1997  13  1 13 0900   -4.6  981.1    2.7  324.0  444.0  444.0
1997  13  1 13 1000   -4.6  981.3    2.0  331.0  444.0  444.0
1997  13  1 13 1100   -4.9  981.3    1.7  324.0  444.0  444.0
1997  13  1 13 1200   -3.9  981.3    2.2  319.0  444.0  444.0
1997  13  1 13 1300   -3.6  980.9    3.2  337.0  444.0  444.0
1997  13  1 13 1400   -5.9  980.7    2.0  293.0  444.0  444.0
1997  13  1 13 1500   -5.9  980.8    0.0    0.0  444.0  444.0
1997  13  1 13 1600   -5.1  980.7    0.7  312.0  444.0  444.0
1997  13  1 13 1700   -4.8  980.7    0.0    0.0  444.0  444.0
1997  13  1 13 1800   -5.5  980.7    0.5  220.0  444.0  444.0
1997  13  1 13 1900   -5.1  980.3    1.2  319.0  444.0  444.0
1997  13  1 13 2000   -2.4  980.1    2.0  322.0  444.0  444.0
1997  13  1 13 2100   -3.4  980.3    1.5    2.0  444.0  444.0
1997  13  1 13 2200   -4.0  979.9    3.7  323.0  444.0  444.0
1997  13  1 13 2300   -3.5  979.5    4.2  324.0  444.0  444.0
1997  14  1 14 0000   -3.0  979.4    3.2  345.0  444.0  444.0
1997  14  1 14 0100   -3.5  979.4    3.4  347.0  444.0  444.0
1997  14  1 14 0200   -4.0  979.5    2.5  351.0  444.0  444.0
1997  14  1 14 0300  444.0  979.3    0.0    0.0  444.0  444.0
1997  14  1 14 0400   -2.4  979.1    2.2  127.0  444.0  444.0
1997  14  1 14 0500  444.0  978.8    0.5  137.0  444.0  444.0
1997  14  1 14 0600  444.0  978.6    0.2   67.0  444.0  444.0
1997  14  1 14 0700   -2.1  977.8    2.0  344.0  444.0  444.0
1997  14  1 14 0800   -3.6  977.7    2.9  350.0  444.0  444.0
1997  14  1 14 0900   -2.9  977.7    1.7  285.0  444.0  444.0
1997  14  1 14 1000   -1.2  977.5    2.7  313.0  444.0  444.0
1997  14  1 14 1100   -5.4  976.9    2.9  146.0  444.0  444.0
1997  14  1 14 1200   -3.4  976.6    1.7  132.0  444.0  444.0
1997  14  1 14 1300   -4.0  976.6    0.0    0.0  444.0  444.0
1997  14  1 14 1400   -1.4  976.4    1.5  175.0  444.0  444.0
1997  14  1 14 1500  444.0  976.4    0.0    0.0  444.0  444.0
1997  14  1 14 1600   -2.8  976.2    1.5  158.0  444.0  444.0
1997  14  1 14 1700   -1.0  976.6    2.5  172.0  444.0  444.0
1997  14  1 14 1800   -0.5  977.0    2.9  149.0  444.0  444.0
1997  14  1 14 1900   -0.6  977.3    2.7  101.0  444.0  444.0
1997  14  1 14 2000   -0.4  977.0    2.7  170.0  444.0  444.0
1997  14  1 14 2100    1.1  976.7    1.7   84.0  444.0  444.0
1997  14  1 14 2200  444.0  976.4    1.0  303.0  444.0  444.0
1997  14  1 14 2300    1.1  976.7    1.7   42.0  444.0  444.0
1997  15  1 15 0000  444.0  976.6    0.0    0.0  444.0  444.0
1997  15  1 15 0100  444.0  976.6    0.7  313.0  444.0  444.0
1997  15  1 15 0200    0.5  976.6    2.5   26.0  444.0  444.0
1997  15  1 15 0300    1.0  977.0    1.2  142.0  444.0  444.0
1997  15  1 15 0400    1.9  977.2    1.0   97.0  444.0  444.0
1997  15  1 15 0500    0.6  977.6    3.4  292.0  444.0  444.0
1997  15  1 15 0600    0.1  977.8    2.5  112.0  444.0  444.0
1997  15  1 15 0700   -2.2  978.0    2.7   77.0  444.0  444.0
1997  15  1 15 0800  444.0  978.6    0.2  136.0  444.0  444.0
1997  15  1 15 0900   -1.2  978.2    2.2  267.0  444.0  444.0
1997  15  1 15 1000   -2.4  978.2    2.7  360.0  444.0  444.0
1997  15  1 15 1100   -2.4  978.5    1.0  334.0  444.0  444.0
1997  15  1 15 1200   -2.2  979.1    1.0  324.0  444.0  444.0
1997  15  1 15 1300   -2.1  979.5    0.5  284.0  444.0  444.0
1997  15  1 15 1400   -3.1  979.9    0.2   60.0  444.0  444.0
1997  15  1 15 1500   -3.0  979.8    1.7  248.0  444.0  444.0
1997  15  1 15 1600   -2.4  979.9    0.7  265.0  444.0  444.0
1997  15  1 15 1700   -1.1  979.9    1.2   99.0  444.0  444.0
1997  15  1 15 1800   -1.1  980.3    2.0  132.0  444.0  444.0
1997  15  1 15 1900   -1.2  980.2    1.0  144.0  444.0  444.0
1997  15  1 15 2000   -0.8  980.5    1.2  140.0  444.0  444.0
1997  15  1 15 2100   -1.2  980.7    2.0  135.0  444.0  444.0
1997  15  1 15 2200   -1.5  980.8    2.0  111.0  444.0  444.0
1997  15  1 15 2300   -1.9  981.0    1.2  120.0  444.0  444.0
1997  16  1 16 0000   -1.8  981.0    0.5   84.0  444.0  444.0
1997  16  1 16 0100   -1.5  981.1    2.2   97.0  444.0  444.0
1997  16  1 16 0200    0.0  981.1    1.7   74.0  444.0  444.0
1997  16  1 16 0300   -1.2  981.3    2.5  120.0  444.0  444.0
1997  16  1 16 0400   -0.4  981.3    2.2  129.0  444.0  444.0
1997  16  1 16 0500   -1.4  981.1    3.4  126.0  444.0  444.0
1997  16  1 16 0600   -2.4  981.5    1.7  143.0  444.0  444.0
1997  16  1 16 0700   -3.5  981.8    3.7  127.0  444.0  444.0
1997  16  1 16 0800   -4.1  982.0    2.9  130.0  444.0  444.0
1997  16  1 16 0900   -5.9  982.0    5.1  126.0  444.0  444.0
1997  16  1 16 1000   -5.9  982.4    4.2  132.0  444.0  444.0
1997  16  1 16 1100   -6.6  982.8    6.4  133.0  444.0  444.0
1997  16  1 16 1200   -6.5  982.9    6.1  144.0  444.0  444.0
1997  16  1 16 1300   -7.8  983.1    6.9  129.0  444.0  444.0
1997  16  1 16 1400   -7.8  983.2    6.4  120.0  444.0  444.0
1997  16  1 16 1500   -8.1  983.7    5.1  123.0  444.0  444.0
1997  16  1 16 1600   -7.9  983.9    5.9  133.0  444.0  444.0
1997  16  1 16 1700   -8.2  984.0    5.6  126.0  444.0  444.0
1997  16  1 16 1800   -8.5  983.9    6.1  126.0  444.0  444.0
1997  16  1 16 1900   -8.5  984.0    6.6  127.0  444.0  444.0
1997  16  1 16 2000   -8.2  984.3    6.4  122.0  444.0  444.0
1997  16  1 16 2100   -8.1  984.5    4.2  130.0  444.0  444.0
1997  16  1 16 2200   -7.8  984.7    4.7  129.0  444.0  444.0
1997  16  1 16 2300   -7.9  984.9    5.4  125.0  444.0  444.0
1997  17  1 17 0000   -7.8  985.0    4.2  111.0  444.0  444.0
1997  17  1 17 0100   -6.2  985.1    3.7  127.0  444.0  444.0
1997  17  1 17 0200   -5.1  985.0    4.2  126.0  444.0  444.0
1997  17  1 17 0300   -2.4  985.0    1.5  144.0  444.0  444.0
1997  17  1 17 0400   -0.8  984.8    2.2  150.0  444.0  444.0
1997  17  1 17 0500    0.0  984.7    0.0    0.0  444.0  444.0
1997  17  1 17 0600   -2.2  984.7    2.2   21.0  444.0  444.0
1997  17  1 17 0700  444.0  984.8    0.0    0.0  444.0  444.0
1997  17  1 17 0800   -2.5  984.5    0.7  358.0  444.0  444.0
1997  17  1 17 0900   -1.9  984.5    0.5   12.0  444.0  444.0
1997  17  1 17 1000   -2.5  984.3    1.5  230.0  444.0  444.0
1997  17  1 17 1100   -2.2  984.1    0.0    0.0  444.0  444.0
1997  17  1 17 1200   -2.5  983.9    2.5  288.0  444.0  444.0
1997  17  1 17 1300   -3.1  984.1    0.0    0.0  444.0  444.0
1997  17  1 17 1400  444.0  984.2    0.0    0.0  444.0  444.0
1997  17  1 17 1500  444.0  984.2    0.5  126.0  444.0  444.0
1997  17  1 17 1600   -3.8  984.4    0.0    0.0  444.0  444.0
1997  17  1 17 1700  444.0  984.5    0.0    0.0  444.0  444.0
1997  17  1 17 1800   -1.8  984.5    0.0    0.0  444.0  444.0
1997  17  1 17 1900  444.0  984.6    0.0    0.0  444.0  444.0
1997  17  1 17 2000   -1.0  984.7    1.0    2.0  444.0  444.0
1997  17  1 17 2100  444.0  984.9    0.0    0.0  444.0  444.0
1997  17  1 17 2200  444.0  985.1    0.0    0.0  444.0  444.0
1997  17  1 17 2300   -0.5  985.2    1.0   60.0  444.0  444.0
1997  18  1 18 0000   -0.5  985.3    1.0   36.0  444.0  444.0
1997  18  1 18 0100    0.2  985.3    1.7   84.0  444.0  444.0
1997  18  1 18 0200   -0.6  985.4    2.2  120.0  444.0  444.0
1997  18  1 18 0300   -0.8  985.5    1.7  112.0  444.0  444.0
1997  18  1 18 0400   -0.5  985.5    2.2  109.0  444.0  444.0
1997  18  1 18 0500   -0.1  985.6    2.5   85.0  444.0  444.0
1997  18  1 18 0600   -0.6  985.5    3.9  118.0  444.0  444.0
1997  18  1 18 0700   -1.0  985.5    5.6  120.0  444.0  444.0
1997  18  1 18 0800   -2.5  986.0    4.7  127.0  444.0  444.0
1997  18  1 18 0900   -1.9  986.2    2.9  127.0  444.0  444.0
1997  18  1 18 1000   -2.4  986.5    3.2  119.0  444.0  444.0
1997  18  1 18 1100   -2.2  986.7    4.9  146.0  444.0  444.0
1997  18  1 18 1200   -3.4  986.8    4.2  135.0  444.0  444.0
1997  18  1 18 1300   -3.4  987.3    4.9  139.0  444.0  444.0
1997  18  1 18 1400   -3.4  987.3    2.7  129.0  444.0  444.0
1997  18  1 18 1500   -3.4  987.4    2.7  139.0  444.0  444.0
1997  18  1 18 1600   -3.1  987.4    4.2  135.0  444.0  444.0
1997  18  1 18 1700   -4.6  987.7    2.5  156.0  444.0  444.0
1997  18  1 18 1800   -3.1  988.1    2.0  144.0  444.0  444.0
1997  18  1 18 1900   -3.6  988.2    2.0  133.0  444.0  444.0
1997  18  1 18 2000  444.0  444.0  444.0  444.0  444.0  444.0
1997  18  1 18 2100   -3.4  988.5    3.9  129.0  444.0  444.0
1997  18  1 18 2200   -3.4  988.6    2.9  112.0  444.0  444.0
1997  18  1 18 2300   -3.1  988.5    4.4  130.0  444.0  444.0
1997  19  1 19 0000   -2.2  988.5    4.7  123.0  444.0  444.0
1997  19  1 19 0100   -1.6  988.3    5.6  135.0  444.0  444.0
1997  19  1 19 0200   -1.8  988.1    6.4  140.0  444.0  444.0
1997  19  1 19 0300   -1.8  987.9    7.1  136.0  444.0  444.0
1997  19  1 19 0400   -1.8  987.7    6.6  127.0  444.0  444.0
1997  19  1 19 0500   -2.4  987.4    5.6  144.0  444.0  444.0
1997  19  1 19 0600   -2.5  987.4    7.1  142.0  444.0  444.0
1997  19  1 19 0700   -3.0  987.4    6.6  136.0  444.0  444.0
1997  19  1 19 0800  444.0  444.0  444.0  444.0  444.0  444.0
1997  19  1 19 0900   -2.9  987.4    7.6  149.0  444.0  444.0
1997  19  1 19 1000   -3.0  987.6    4.9  151.0  444.0  444.0
1997  19  1 19 1100   -3.0  987.2    5.1  139.0  444.0  444.0
1997  19  1 19 1200   -3.0  986.9    6.4  136.0  444.0  444.0
1997  19  1 19 1300  444.0  444.0  444.0  444.0  444.0  444.0
1997  19  1 19 1400   -3.0  986.7    4.7  150.0  444.0  444.0
1997  19  1 19 1500   -3.4  986.5    5.9  167.0  444.0  444.0
1997  19  1 19 1600   -2.6  986.1    4.2  151.0  444.0  444.0
1997  19  1 19 1700   -2.9  986.0    4.9  149.0  444.0  444.0
1997  19  1 19 1800  444.0  444.0  444.0  444.0  444.0  444.0
1997  19  1 19 1900   -3.1  985.8    4.4  140.0  444.0  444.0
1997  19  1 19 2000  444.0  444.0  444.0  444.0  444.0  444.0
1997  19  1 19 2100   -1.1  985.8    4.9  146.0  444.0  444.0
1997  19  1 19 2200   -1.0  985.5    6.6  137.0  444.0  444.0
1997  19  1 19 2300  444.0  444.0  444.0  444.0  444.0  444.0
1997  20  1 20 0000   -0.6  985.2    6.4  154.0  444.0  444.0
1997  20  1 20 0100  444.0  444.0  444.0  444.0  444.0  444.0
1997  20  1 20 0200   -0.8  984.8    6.6  127.0  444.0  444.0
1997  20  1 20 0300   -0.5  984.8    3.9  139.0  444.0  444.0
1997  20  1 20 0400   -1.0  984.7    5.9  136.0  444.0  444.0
1997  20  1 20 0500   -2.4  984.5    6.4  140.0  444.0  444.0
1997  20  1 20 0600  444.0  444.0  444.0  444.0  444.0  444.0
1997  20  1 20 0700   -2.9  984.8    6.4  132.0  444.0  444.0
1997  20  1 20 0800   -4.0  985.0    6.6  150.0  444.0  444.0
1997  20  1 20 0900   -4.6  985.0    5.6  147.0  444.0  444.0
1997  20  1 20 1000   -4.8  985.0    6.6  136.0  444.0  444.0
1997  20  1 20 1100  444.0  444.0  444.0  444.0  444.0  444.0
1997  20  1 20 1200   -6.0  984.8    5.9  144.0  444.0  444.0
1997  20  1 20 1300   -6.0  984.8    6.4  156.0  444.0  444.0
1997  20  1 20 1400   -6.4  984.8    5.4  150.0  444.0  444.0
1997  20  1 20 1500   -5.9  984.5    4.2  144.0  444.0  444.0
1997  20  1 20 1600  444.0  444.0  444.0  444.0  444.0  444.0
1997  20  1 20 1700   -5.1  984.2    6.1  139.0  444.0  444.0
1997  20  1 20 1800   -4.5  984.1    5.9  151.0  444.0  444.0
1997  20  1 20 1900   -3.9  984.1    4.7  146.0  444.0  444.0
1997  20  1 20 2000   -3.9  983.8    3.9  136.0  444.0  444.0
1997  20  1 20 2100   -3.4  983.9    3.2  139.0  444.0  444.0
1997  20  1 20 2200   -2.5  983.6    4.9  153.0  444.0  444.0
1997  20  1 20 2300  444.0  444.0  444.0  444.0  444.0  444.0
1997  21  1 21 0000   -3.4  983.3    4.7  133.0  444.0  444.0
1997  21  1 21 0100   -3.0  983.4    4.9  130.0  444.0  444.0
1997  21  1 21 0200   -2.8  983.3    5.4  116.0  444.0  444.0
1997  21  1 21 0300   -2.8  983.1    5.4  115.0  444.0  444.0
1997  21  1 21 0400   -2.1  982.9    5.1  127.0  444.0  444.0
1997  21  1 21 0500   -2.5  982.8    3.2  102.0  444.0  444.0
1997  21  1 21 0600   -3.6  983.2    4.4  125.0  444.0  444.0
1997  21  1 21 0700   -3.8  983.3    4.7  135.0  444.0  444.0
1997  21  1 21 0800   -3.6  983.4    2.2  119.0  444.0  444.0
1997  21  1 21 0900  444.0  444.0  444.0  444.0  444.0  444.0
1997  21  1 21 1000   -3.4  983.3    2.9  247.0  444.0  444.0
1997  21  1 21 1100   -3.8  983.0    2.2  268.0  444.0  444.0
1997  21  1 21 1200   -2.5  982.9    0.0    0.0  444.0  444.0
1997  21  1 21 1300   -3.5  982.6    0.0    0.0  444.0  444.0
1997  21  1 21 1400  444.0  444.0  444.0  444.0  444.0  444.0
1997  21  1 21 1500   -5.2  982.7    1.2  246.0  444.0  444.0
1997  21  1 21 1600   -4.2  983.0    1.0  317.0  444.0  444.0
1997  21  1 21 1700   -3.8  982.9    2.0  327.0  444.0  444.0
1997  21  1 21 1800   -4.2  983.2    1.0  327.0  444.0  444.0
1997  21  1 21 1900   -3.8  983.3    0.7  350.0  444.0  444.0
1997  21  1 21 2000  444.0  983.3    0.7  360.0  444.0  444.0
1997  21  1 21 2100   -2.2  983.5    0.5  327.0  444.0  444.0
1997  21  1 21 2200   -3.0  983.6    2.2   21.0  444.0  444.0
1997  21  1 21 2300   -1.9  983.7    1.0  320.0  444.0  444.0
1997  22  1 22 0000  444.0  444.0  444.0  444.0  444.0  444.0
1997  22  1 22 0100   -1.8  984.3    1.0   21.0  444.0  444.0
1997  22  1 22 0200   -1.8  984.3    2.5   26.0  444.0  444.0
1997  22  1 22 0300   -1.9  984.3    2.5  354.0  444.0  444.0
1997  22  1 22 0400   -1.8  984.4    2.0  352.0  444.0  444.0
1997  22  1 22 0500   -2.1  984.6    1.0  358.0  444.0  444.0
1997  22  1 22 0600   -1.9  984.8    1.7  348.0  444.0  444.0
1997  22  1 22 0700   -2.2  985.0    2.0  354.0  444.0  444.0
1997  22  1 22 0800   -2.2  985.4    2.0    7.0  444.0  444.0
1997  22  1 22 0900   -2.2  986.0    1.2  347.0  444.0  444.0
1997  22  1 22 1000   -2.6  986.4    1.2  360.0  444.0  444.0
1997  22  1 22 1100   -2.5  986.5    1.5  358.0  444.0  444.0
1997  22  1 22 1200   -2.8  986.9    1.2  354.0  444.0  444.0
1997  22  1 22 1300   -3.1  987.3    0.0    0.0  444.0  444.0
1997  22  1 22 1400   -3.1  987.6    0.5  146.0  444.0  444.0
1997  22  1 22 1500   -1.9  987.6    0.5  208.0  444.0  444.0
1997  22  1 22 1600   -2.4  987.8    1.0  253.0  444.0  444.0
1997  22  1 22 1700   -2.2  988.0    1.7  246.0  444.0  444.0
1997  22  1 22 1800   -1.9  988.3    0.5  270.0  444.0  444.0
1997  22  1 22 1900   -1.8  988.6    1.7  268.0  444.0  444.0
1997  22  1 22 2000   -1.4  988.6    2.5  303.0  444.0  444.0
1997  22  1 22 2100   -1.9  988.6    2.9  360.0  444.0  444.0
1997  22  1 22 2200   -1.6  988.6    3.2  350.0  444.0  444.0
1997  22  1 22 2300   -1.4  988.6    1.7  358.0  444.0  444.0
1997  23  1 23 0000   -0.8  988.4    2.7  338.0  444.0  444.0
1997  23  1 23 0100   -0.6  988.4    2.2  355.0  444.0  444.0
1997  23  1 23 0200   -1.0  988.1    3.7  360.0  444.0  444.0
1997  23  1 23 0300   -1.0  987.9    3.7  358.0  444.0  444.0
1997  23  1 23 0400   -0.5  987.6    4.4  344.0  444.0  444.0
1997  23  1 23 0500   -1.5  987.4    4.7  338.0  444.0  444.0
1997  23  1 23 0600   -1.9  987.5    3.2  351.0  444.0  444.0
1997  23  1 23 0700   -2.2  987.3    2.2    1.0  444.0  444.0
1997  23  1 23 0800   -2.2  987.1    2.2  350.0  444.0  444.0
1997  23  1 23 0900   -1.9  987.0    1.2  322.0  444.0  444.0
1997  23  1 23 1000   -2.2  987.0    2.0  292.0  444.0  444.0
1997  23  1 23 1100   -2.5  986.7    2.9  307.0  444.0  444.0
1997  23  1 23 1200   -2.8  986.6    1.5  307.0  444.0  444.0
1997  23  1 23 1300   -2.5  986.3    2.0  334.0  444.0  444.0
1997  23  1 23 1400   -2.8  986.1    1.5  323.0  444.0  444.0
1997  23  1 23 1500   -2.9  985.9    1.7  309.0  444.0  444.0
1997  23  1 23 1600   -2.8  985.8    2.5  313.0  444.0  444.0
1997  23  1 23 1700   -2.6  985.6    0.7  288.0  444.0  444.0
1997  23  1 23 1800   -2.0  985.5    1.2  345.0  444.0  444.0
1997  23  1 23 1900  444.0  985.4    0.7    1.0  444.0  444.0
1997  23  1 23 2000   -2.2  985.2    1.0   98.0  444.0  444.0
1997  23  1 23 2100   -1.6  985.0    1.5  120.0  444.0  444.0
1997  23  1 23 2200   -1.0  985.0    1.0   75.0  444.0  444.0
1997  23  1 23 2300   -0.4  984.8    2.5   64.0  444.0  444.0
1997  24  1 24 0000   -0.5  984.5    2.2   57.0  444.0  444.0
1997  24  1 24 0100   -0.4  984.2    1.7   19.0  444.0  444.0
1997  24  1 24 0200   -1.4  984.0    1.5   15.0  444.0  444.0
1997  24  1 24 0300   -0.5  983.7    1.7  352.0  444.0  444.0
1997  24  1 24 0400   -1.4  983.3    2.7  357.0  444.0  444.0
1997  24  1 24 0500   -1.2  983.1    2.7  355.0  444.0  444.0
1997  24  1 24 0600   -0.5  983.1    0.7  279.0  444.0  444.0
1997  24  1 24 0700  444.0  983.2    0.0    0.0  444.0  444.0
1997  24  1 24 0800  444.0  983.1    0.0    0.0  444.0  444.0
1997  24  1 24 0900   -1.2  983.0    1.5   49.0  444.0  444.0
1997  24  1 24 1000   -1.1  983.0    0.0    0.0  444.0  444.0
1997  24  1 24 1100   -1.8  983.0    1.7   81.0  444.0  444.0
1997  24  1 24 1200   -2.5  982.8    2.0   92.0  444.0  444.0
1997  24  1 24 1300   -2.9  982.7    0.5  157.0  444.0  444.0
1997  24  1 24 1400   -3.4  982.4    2.5  132.0  444.0  444.0
1997  24  1 24 1500   -3.8  982.3    2.5  126.0  444.0  444.0
1997  24  1 24 1600   -3.5  982.3    0.2  156.0  444.0  444.0
1997  24  1 24 1700   -3.5  981.9    1.5  137.0  444.0  444.0
1997  24  1 24 1800   -3.4  981.8    1.0  130.0  444.0  444.0
1997  24  1 24 1900   -3.6  981.7    1.7  132.0  444.0  444.0
1997  24  1 24 2000   -3.4  981.5    2.2  125.0  444.0  444.0
1997  24  1 24 2100   -3.5  981.4    2.7  133.0  444.0  444.0
1997  24  1 24 2200   -3.0  981.1    2.0  135.0  444.0  444.0
1997  24  1 24 2300   -2.6  981.0    2.9  126.0  444.0  444.0
1997  25  1 25 0000   -3.1  980.8    4.4  132.0  444.0  444.0
1997  25  1 25 0100   -3.1  980.6    5.6  132.0  444.0  444.0
1997  25  1 25 0200   -3.0  980.3    4.2  139.0  444.0  444.0
1997  25  1 25 0300   -3.0  979.9    4.2  135.0  444.0  444.0
1997  25  1 25 0400   -3.1  979.6    4.4  127.0  444.0  444.0
1997  25  1 25 0500   -3.1  979.5    4.2  133.0  444.0  444.0
1997  25  1 25 0600   -3.6  979.4    3.4  147.0  444.0  444.0
1997  25  1 25 0700   -3.9  979.1    2.9  142.0  444.0  444.0
1997  25  1 25 0800   -3.6  978.9    2.2  135.0  444.0  444.0
1997  25  1 25 0900   -3.1  978.5    1.5  172.0  444.0  444.0
1997  25  1 25 1000   -3.5  978.1    1.7  133.0  444.0  444.0
1997  25  1 25 1100   -5.0  977.6    0.7  199.0  444.0  444.0
1997  25  1 25 1200   -5.4  977.4    0.5  203.0  444.0  444.0
1997  25  1 25 1300   -6.0  977.1    1.2  212.0  444.0  444.0
1997  25  1 25 1400   -6.1  976.6    1.7  212.0  444.0  444.0
1997  25  1 25 1500   -5.9  976.3    1.5  198.0  444.0  444.0
1997  25  1 25 1600   -5.2  976.1    1.5  171.0  444.0  444.0
1997  25  1 25 1700   -5.4  975.7    1.0  149.0  444.0  444.0
1997  25  1 25 1800   -5.2  975.4    0.0    0.0  444.0  444.0
1997  25  1 25 1900   -5.1  975.3    2.2  127.0  444.0  444.0
1997  25  1 25 2000   -5.8  975.1    4.4  140.0  444.0  444.0
1997  25  1 25 2100   -5.8  975.1    5.6  139.0  444.0  444.0
1997  25  1 25 2200   -6.0  975.0    6.9  123.0  444.0  444.0
1997  25  1 25 2300   -6.0  975.2    6.1  140.0  444.0  444.0
1997  26  1 26 0000   -5.9  975.2    8.3  140.0  444.0  444.0
1997  26  1 26 0100   -5.9  975.3    7.4  143.0  444.0  444.0
1997  26  1 26 0200   -6.0  975.4    7.8  136.0  444.0  444.0
1997  26  1 26 0300   -5.9  975.5    6.6  147.0  444.0  444.0
1997  26  1 26 0400   -5.5  975.6    6.1  150.0  444.0  444.0
1997  26  1 26 0500   -5.4  975.8    5.9  146.0  444.0  444.0
1997  26  1 26 0600   -5.4  975.8    4.7  136.0  444.0  444.0
1997  26  1 26 0700   -5.5  976.1    6.6  144.0  444.0  444.0
1997  26  1 26 0800   -5.5  976.1    5.1  132.0  444.0  444.0
1997  26  1 26 0900   -6.1  976.3    4.2  132.0  444.0  444.0
1997  26  1 26 1000   -6.4  976.7    4.4  140.0  444.0  444.0
1997  26  1 26 1100   -6.4  977.0    4.4  137.0  444.0  444.0
1997  26  1 26 1200   -6.6  977.2    3.9  142.0  444.0  444.0
1997  26  1 26 1300   -6.8  977.2    5.4  136.0  444.0  444.0
1997  26  1 26 1400   -6.9  977.3    4.7  157.0  444.0  444.0
1997  26  1 26 1500   -6.6  977.4    4.4  143.0  444.0  444.0
1997  26  1 26 1600   -6.4  977.4    3.7  146.0  444.0  444.0
1997  26  1 26 1700   -6.8  977.5    3.9  142.0  444.0  444.0
1997  26  1 26 1800   -6.4  977.7    3.4  140.0  444.0  444.0
1997  26  1 26 1900   -5.9  977.9    4.7  146.0  444.0  444.0
1997  26  1 26 2000   -5.9  978.0    3.9  153.0  444.0  444.0
1997  26  1 26 2100   -5.4  978.0    4.9  146.0  444.0  444.0
1997  26  1 26 2200   -3.5  978.1    5.6  125.0  444.0  444.0
1997  26  1 26 2300   -3.9  978.7    4.7  126.0  444.0  444.0
1997  27  1 27 0000   -3.6  978.7    5.4  127.0  444.0  444.0
1997  27  1 27 0100   -4.5  978.7    5.6  143.0  444.0  444.0
1997  27  1 27 0200   -3.6  978.8    6.4  137.0  444.0  444.0
1997  27  1 27 0300   -4.0  978.8    3.9  129.0  444.0  444.0
1997  27  1 27 0400   -3.1  978.9    5.1  136.0  444.0  444.0
1997  27  1 27 0500   -3.1  978.7    4.4  132.0  444.0  444.0
1997  27  1 27 0600   -3.6  979.1    4.9  133.0  444.0  444.0
1997  27  1 27 0700   -3.8  979.3    5.4  144.0  444.0  444.0
1997  27  1 27 0800   -3.6  979.7    6.4  136.0  444.0  444.0
1997  27  1 27 0900   -4.1  979.8    5.6  150.0  444.0  444.0
1997  27  1 27 1000   -4.0  980.0    6.6  154.0  444.0  444.0
1997  27  1 27 1100   -4.5  980.3    4.4  150.0  444.0  444.0
1997  27  1 27 1200   -4.6  980.6    4.7  137.0  444.0  444.0
1997  27  1 27 1300   -4.2  980.8    4.4  153.0  444.0  444.0
1997  27  1 27 1400   -4.6  981.1    4.7  151.0  444.0  444.0
1997  27  1 27 1500   -4.6  981.2    4.4  158.0  444.0  444.0
1997  27  1 27 1600   -4.6  981.5    3.9  157.0  444.0  444.0
1997  27  1 27 1700   -4.6  981.6    4.4  140.0  444.0  444.0
1997  27  1 27 1800   -4.6  982.0    3.4  146.0  444.0  444.0
1997  27  1 27 1900   -4.2  982.2    4.2  125.0  444.0  444.0
1997  27  1 27 2000   -4.1  982.3    3.7  127.0  444.0  444.0
1997  27  1 27 2100   -3.6  982.6    4.7  137.0  444.0  444.0
1997  27  1 27 2200   -3.9  982.8    5.6  137.0  444.0  444.0
1997  27  1 27 2300   -3.5  983.0    5.6  130.0  444.0  444.0
1997  28  1 28 0000   -3.4  983.1    4.9  133.0  444.0  444.0
1997  28  1 28 0100   -2.8  982.9    3.9  140.0  444.0  444.0
1997  28  1 28 0200   -3.1  982.8    5.1  130.0  444.0  444.0
1997  28  1 28 0300  444.0  444.0  444.0  444.0  444.0  444.0
1997  28  1 28 0400   -2.8  982.8    4.2  137.0  444.0  444.0
1997  28  1 28 0500   -3.0  982.7    5.1  135.0  444.0  444.0
1997  28  1 28 0600   -3.1  982.9    3.9  130.0  444.0  444.0
1997  28  1 28 0700   -3.0  982.8    3.2  133.0  444.0  444.0
1997  28  1 28 0800   -3.1  982.9    3.2  129.0  444.0  444.0
1997  28  1 28 0900   -3.4  982.9    3.9  153.0  444.0  444.0
1997  28  1 28 1000   -3.4  983.0    3.7  156.0  444.0  444.0
1997  28  1 28 1100   -3.5  983.1    3.4  153.0  444.0  444.0
1997  28  1 28 1200   -3.0  983.3    1.7  136.0  444.0  444.0
1997  28  1 28 1300   -4.0  983.3    2.9  135.0  444.0  444.0
1997  28  1 28 1400   -4.2  983.1    4.4  151.0  444.0  444.0
1997  28  1 28 1500   -4.6  983.1    3.7  135.0  444.0  444.0
1997  28  1 28 1600   -4.6  983.0    3.4  139.0  444.0  444.0
1997  28  1 28 1700   -4.6  983.0    2.7  258.0  444.0  444.0
1997  28  1 28 1800  444.0  444.0  444.0  444.0  444.0  444.0
1997  28  1 28 1900   -3.1  982.6    0.0    0.0  444.0  444.0
1997  28  1 28 2000   -3.5  982.7    0.7  116.0  444.0  444.0
1997  28  1 28 2100   -3.5  982.6    0.2   73.0  444.0  444.0
1997  28  1 28 2200  444.0  982.4    1.2  137.0  444.0  444.0
1997  28  1 28 2300   -3.0  982.1    2.7  130.0  444.0  444.0
1997  29  1 29 0000   -3.9  982.0    4.7   71.0  444.0  444.0
1997  29  1 29 0100  444.0  444.0  444.0  444.0  444.0  444.0
1997  29  1 29 0200   -4.2  981.8    3.9   98.0  444.0  444.0
1997  29  1 29 0300   -4.1  981.6    5.1  102.0  444.0  444.0
1997  29  1 29 0400   -4.2  981.7    4.2  108.0  444.0  444.0
1997  29  1 29 0500   -4.6  981.5    3.4   95.0  444.0  444.0
1997  29  1 29 0600  444.0  444.0  444.0  444.0  444.0  444.0
1997  29  1 29 0700   -4.6  981.7    2.9   91.0  444.0  444.0
1997  29  1 29 0800   -4.6  981.6    1.5   92.0  444.0  444.0
1997  29  1 29 0900   -4.6  981.6    1.5  105.0  444.0  444.0
1997  29  1 29 1000   -4.9  981.6    2.5  125.0  444.0  444.0
1997  29  1 29 1100  444.0  444.0  444.0  444.0  444.0  444.0
1997  29  1 29 1200   -5.1  981.8    2.0  150.0  444.0  444.0
1997  29  1 29 1300   -5.2  981.7    2.5  108.0  444.0  444.0
1997  29  1 29 1400   -4.6  981.5    0.5  213.0  444.0  444.0
1997  29  1 29 1500   -5.5  981.4    2.2  126.0  444.0  444.0
1997  29  1 29 1600  444.0  444.0  444.0  444.0  444.0  444.0
1997  29  1 29 1700   -4.5  981.9    0.0    0.0  444.0  444.0
1997  29  1 29 1800   -4.1  982.1    1.0  209.0  444.0  444.0
1997  29  1 29 1900   -3.5  982.2    1.0  130.0  444.0  444.0
1997  29  1 29 2000   -5.2  982.4    4.9  130.0  444.0  444.0
1997  29  1 29 2100   -4.0  982.5    2.7  125.0  444.0  444.0
1997  29  1 29 2200   -5.4  982.8    5.1  126.0  444.0  444.0
1997  29  1 29 2300  444.0  444.0  444.0  444.0  444.0  444.0
1997  30  1 30 0000   -4.6  983.6    4.9  139.0  444.0  444.0
1997  30  1 30 0100   -3.9  984.0    3.9  122.0  444.0  444.0
1997  30  1 30 0200   -3.9  984.2    5.4  109.0  444.0  444.0
1997  30  1 30 0300   -3.6  984.6    4.7  133.0  444.0  444.0
1997  30  1 30 0400  444.0  444.0  444.0  444.0  444.0  444.0
1997  30  1 30 0500   -2.6  985.3    2.2  111.0  444.0  444.0
1997  30  1 30 0600  444.0  985.9    1.0   84.0  444.0  444.0
1997  30  1 30 0700   -2.9  986.0    1.2  291.0  444.0  444.0
1997  30  1 30 0800   -3.1  986.2    2.5  268.0  444.0  444.0
1997  30  1 30 0900  444.0  444.0  444.0  444.0  444.0  444.0
1997  30  1 30 1000   -4.1  986.7    2.2  246.0  444.0  444.0
1997  30  1 30 1100   -3.8  986.8    2.5  292.0  444.0  444.0
1997  30  1 30 1200   -5.1  987.1    1.7  261.0  444.0  444.0
1997  30  1 30 1300   -5.1  987.3    1.5  264.0  444.0  444.0
1997  30  1 30 1400  444.0  444.0  444.0  444.0  444.0  444.0
1997  30  1 30 1500   -4.5  987.8    1.0  255.0  444.0  444.0
1997  30  1 30 1600   -4.5  988.0    1.7  239.0  444.0  444.0
1997  30  1 30 1700   -3.4  988.2    1.0  187.0  444.0  444.0
1997  30  1 30 1800   -3.1  988.4    1.0  208.0  444.0  444.0
1997  30  1 30 1900   -3.1  988.5    1.5  156.0  444.0  444.0
1997  30  1 30 2000   -3.0  988.6    0.7  116.0  444.0  444.0
1997  30  1 30 2100  444.0  444.0  444.0  444.0  444.0  444.0
1997  30  1 30 2200   -3.4  989.0    2.0  120.0  444.0  444.0
1997  30  1 30 2300   -4.0  989.2    3.2  125.0  444.0  444.0
1997  31  1 31 0000   -4.0  989.4    2.2  132.0  444.0  444.0
1997  31  1 31 0100   -3.4  989.2    2.7  119.0  444.0  444.0
1997  31  1 31 0200   -3.5  989.3    1.5  102.0  444.0  444.0
1997  31  1 31 0300   -2.8  989.1    2.0  123.0  444.0  444.0
1997  31  1 31 0400   -3.1  989.1    4.2  123.0  444.0  444.0
1997  31  1 31 0500   -4.2  989.2    4.7  118.0  444.0  444.0
1997  31  1 31 0600   -3.4  989.4    4.2  108.0  444.0  444.0
1997  31  1 31 0700   -5.0  989.5    5.4  123.0  444.0  444.0
1997  31  1 31 0800   -5.1  989.6    5.4  133.0  444.0  444.0
1997  31  1 31 0900   -5.2  989.7    5.6  133.0  444.0  444.0
1997  31  1 31 1000   -5.4  989.8    6.4  140.0  444.0  444.0
1997  31  1 31 1100   -6.0  989.9    6.1  136.0  444.0  444.0
1997  31  1 31 1200   -5.9  990.1    4.2  127.0  444.0  444.0
1997  31  1 31 1300   -5.5  990.1    4.7  133.0  444.0  444.0
1997  31  1 31 1400   -5.8  990.1    3.7  136.0  444.0  444.0
1997  31  1 31 1500   -5.5  989.9    3.2  122.0  444.0  444.0
1997  31  1 31 1600   -5.9  989.8    4.4  127.0  444.0  444.0
1997  31  1 31 1700   -5.9  990.0    2.9  119.0  444.0  444.0
1997  31  1 31 1800   -6.0  990.0    2.2  135.0  444.0  444.0
1997  31  1 31 1900   -5.9  990.0    2.5  139.0  444.0  444.0
1997  31  1 31 2000   -5.2  990.0    3.2  127.0  444.0  444.0
1997  31  1 31 2100   -4.9  990.0    3.2  125.0  444.0  444.0
1997  31  1 31 2200   -4.9  989.9    2.7  123.0  444.0  444.0
1997  31  1 31 2300   -4.9  989.9    2.9  125.0  444.0  444.0
