Year: 1992  Month: 06  ID: MPT  ARGOS:  8906  Name: Marble Point        
Lat: 77.44S  Lon: 163.76E  Elev:  108m
1992 153  6  1 0000  -11.3  972.4    6.1  234.0  444.0  444.0
1992 153  6  1 0100  -10.3  972.6    7.8  230.0  444.0  444.0
1992 153  6  1 0200  -10.9  973.3    5.1  230.0  444.0  444.0
1992 153  6  1 0300   -8.9  974.0    5.6  181.0  444.0  444.0
1992 153  6  1 0400  -11.3  975.0    4.7  137.0  444.0  444.0
1992 153  6  1 0500  -11.3  976.0    3.4  151.0  444.0  444.0
1992 153  6  1 0600  -12.3  976.9    3.7  146.0  444.0  444.0
1992 153  6  1 0700  -13.1  977.6    5.4  144.0  444.0  444.0
1992 153  6  1 0800  -13.8  978.7    5.1  157.0  444.0  444.0
1992 153  6  1 0900  -14.9  979.6    7.4  147.0  444.0  444.0
1992 153  6  1 1000  -16.1  980.3    7.6  149.0  444.0  444.0
1992 153  6  1 1100  -16.6  981.3    6.9  160.0  444.0  444.0
1992 153  6  1 1200  -16.8  981.9    5.6  158.0  444.0  444.0
1992 153  6  1 1300  -17.1  982.2    4.4  164.0  444.0  444.0
1992 153  6  1 1400  -17.8  982.4    3.4  160.0  444.0  444.0
1992 153  6  1 1500  -17.4  982.8    2.9  185.0  444.0  444.0
1992 153  6  1 1600  -17.9  982.8    3.4  151.0  444.0  444.0
1992 153  6  1 1700  -16.8  983.2    0.0    0.0  444.0  444.0
1992 153  6  1 1800  -17.9  983.1    0.7  319.0  444.0  444.0
1992 153  6  1 1900  -17.1  983.2    1.2  322.0  444.0  444.0
1992 153  6  1 2000  -18.1  983.3    0.7  360.0  444.0  444.0
1992 153  6  1 2100  -18.3  983.4    0.0    0.0  444.0  444.0
1992 153  6  1 2200  444.0  444.0  444.0  444.0  444.0  444.0
1992 153  6  1 2300  -18.5  983.2    0.0    0.0  444.0  444.0
1992 154  6  2 0000  -18.5  983.2    2.5  143.0  444.0  444.0
1992 154  6  2 0100  -19.8  982.8    3.7  129.0  444.0  444.0
1992 154  6  2 0200  -19.6  982.8    3.4  139.0  444.0  444.0
1992 154  6  2 0300  -19.5  982.5    3.2  137.0  444.0  444.0
1992 154  6  2 0400  -19.8  982.3    3.4  130.0  444.0  444.0
1992 154  6  2 0500  -19.8  981.8    3.2  149.0  444.0  444.0
1992 154  6  2 0600  -20.0  981.6    2.2  135.0  444.0  444.0
1992 154  6  2 0700  -20.3  981.2    2.5  135.0  444.0  444.0
1992 154  6  2 0800  -20.5  980.8    2.2  133.0  444.0  444.0
1992 154  6  2 0900  -20.8  980.2    2.5  135.0  444.0  444.0
1992 154  6  2 1000  -21.5  979.8    3.9  130.0  444.0  444.0
1992 154  6  2 1100  -22.0  979.4    3.7  133.0  444.0  444.0
1992 154  6  2 1200  -22.4  978.9    3.4  130.0  444.0  444.0
1992 154  6  2 1300  -22.5  978.4    3.9  127.0  444.0  444.0
1992 154  6  2 1400  -23.1  977.8    3.7  137.0  444.0  444.0
1992 154  6  2 1500  -23.3  977.4    5.1  142.0  444.0  444.0
1992 154  6  2 1600  -24.0  977.1    7.1  136.0  444.0  444.0
1992 154  6  2 1700  -24.8  976.7    6.1  151.0  444.0  444.0
1992 154  6  2 1800  -24.8  976.2    6.4  149.0  444.0  444.0
1992 154  6  2 1900  -25.0  976.1    7.6  144.0  444.0  444.0
1992 154  6  2 2000  -24.5  975.9    5.6  142.0  444.0  444.0
1992 154  6  2 2100  -25.0  975.4    6.1  136.0  444.0  444.0
1992 154  6  2 2200  -26.0  975.2    5.4  133.0  444.0  444.0
1992 154  6  2 2300  -26.5  975.2    6.9  144.0  444.0  444.0
1992 155  6  3 0000  -26.9  975.3    6.4  143.0  444.0  444.0
1992 155  6  3 0100  -27.4  975.6    2.5  151.0  444.0  444.0
1992 155  6  3 0200  -27.1  975.7    2.0  160.0  444.0  444.0
1992 155  6  3 0300  -27.4  975.4    2.7  160.0  444.0  444.0
1992 155  6  3 0400  -28.4  975.3    3.2  157.0  444.0  444.0
1992 155  6  3 0500  -28.1  975.1    2.9  139.0  444.0  444.0
1992 155  6  3 0600  -28.0  975.1    1.5  136.0  444.0  444.0
1992 155  6  3 0700  -28.4  975.2    2.7  139.0  444.0  444.0
1992 155  6  3 0800  -27.4  975.5    5.6  157.0  444.0  444.0
1992 155  6  3 0900  -26.4  975.6    4.7  161.0  444.0  444.0
1992 155  6  3 1000  -26.1  975.6    3.7  171.0  444.0  444.0
1992 155  6  3 1100  -26.0  975.8    2.7  222.0  444.0  444.0
1992 155  6  3 1200  -25.1  975.9    1.2  181.0  444.0  444.0
1992 155  6  3 1300  -25.5  976.0    1.5  196.0  444.0  444.0
1992 155  6  3 1400  -24.8  975.9    1.5  212.0  444.0  444.0
1992 155  6  3 1500  -25.0  976.1    1.2  205.0  444.0  444.0
1992 155  6  3 1600  -26.6  976.5    0.0    0.0  444.0  444.0
1992 155  6  3 1700  -26.0  976.6    2.0  255.0  444.0  444.0
1992 155  6  3 1800  -27.8  976.9    1.5  227.0  444.0  444.0
1992 155  6  3 1900  -27.3  977.2    0.0    0.0  444.0  444.0
1992 155  6  3 2000  -27.3  977.6    1.7  220.0  444.0  444.0
1992 155  6  3 2100  -26.6  977.9    1.2  208.0  444.0  444.0
1992 155  6  3 2200  -26.9  978.3    1.5  216.0  444.0  444.0
1992 155  6  3 2300  -26.3  978.9    0.7  163.0  444.0  444.0
1992 156  6  4 0000  -26.1  979.1    1.0  210.0  444.0  444.0
1992 156  6  4 0100  -26.3  979.5    0.0    0.0  444.0  444.0
1992 156  6  4 0200  -26.8  980.1    0.0    0.0  444.0  444.0
1992 156  6  4 0300  -25.8  980.6    1.7  254.0  444.0  444.0
1992 156  6  4 0400  -26.3  980.9    0.0    0.0  444.0  444.0
1992 156  6  4 0500  -26.6  981.6    0.2  227.0  444.0  444.0
1992 156  6  4 0600  -26.9  982.1    0.0    0.0  444.0  444.0
1992 156  6  4 0700  -26.9  982.5    0.5  268.0  444.0  444.0
1992 156  6  4 0800  -26.8  982.9    0.0    0.0  444.0  444.0
1992 156  6  4 0900  -26.9  983.5    0.2  175.0  444.0  444.0
1992 156  6  4 1000  -28.0  984.1    0.0    0.0  444.0  444.0
1992 156  6  4 1100  -27.9  984.7    0.0    0.0  444.0  444.0
1992 156  6  4 1200  -27.5  984.9    0.0    0.0  444.0  444.0
1992 156  6  4 1300  444.0  444.0  444.0  444.0  444.0  444.0
1992 156  6  4 1400  -26.8  985.6    0.0    0.0  444.0  444.0
1992 156  6  4 1500  -26.0  986.1    0.0    0.0  444.0  444.0
1992 156  6  4 1600  -28.6  986.4    1.0  164.0  444.0  444.0
1992 156  6  4 1700  -28.0  986.7    0.0    0.0  444.0  444.0
1992 156  6  4 1800  -28.1  986.8    0.0    0.0  444.0  444.0
1992 156  6  4 1900  -28.6  986.7    2.2  217.0  444.0  444.0
1992 156  6  4 2000  -27.8  987.2    0.5  122.0  444.0  444.0
1992 156  6  4 2100  -28.0  987.5    1.2  126.0  444.0  444.0
1992 156  6  4 2200  -26.6  988.1    2.5  191.0  444.0  444.0
1992 156  6  4 2300  -25.6  988.1    0.0    0.0  444.0  444.0
1992 157  6  5 0000  -25.0  988.2    0.7  260.0  444.0  444.0
1992 157  6  5 0100  -25.4  988.3    0.0    0.0  444.0  444.0
1992 157  6  5 0200  -25.8  988.4    1.2  168.0  444.0  444.0
1992 157  6  5 0300  444.0  444.0  444.0  444.0  444.0  444.0
1992 157  6  5 0400  -26.0  988.8    0.0    0.0  444.0  444.0
1992 157  6  5 0500  -25.1  988.6    1.5  196.0  444.0  444.0
1992 157  6  5 0600  -28.4  988.9    1.0  163.0  444.0  444.0
1992 157  6  5 0700  -27.8  989.0    1.2  158.0  444.0  444.0
1992 157  6  5 0800  -27.4  989.5    2.2  163.0  444.0  444.0
1992 157  6  5 0900  -26.5  989.3    3.7  144.0  444.0  444.0
1992 157  6  5 1000  -25.0  989.4    3.4  167.0  444.0  444.0
1992 157  6  5 1100  -25.6  989.3    3.7  127.0  444.0  444.0
1992 157  6  5 1200  -27.8  989.5    0.0    0.0  444.0  444.0
1992 157  6  5 1300  -26.9  989.0    0.0    0.0  444.0  444.0
1992 157  6  5 1400  -24.8  988.8    2.5  168.0  444.0  444.0
1992 157  6  5 1500  -26.0  988.5    0.7   25.0  444.0  444.0
1992 157  6  5 1600  -26.8  988.2    1.0  248.0  444.0  444.0
1992 157  6  5 1700  -27.8  987.6    0.7  143.0  444.0  444.0
1992 157  6  5 1800  -26.5  987.3    0.0    0.0  444.0  444.0
1992 157  6  5 1900  -26.9  986.8    0.7  147.0  444.0  444.0
1992 157  6  5 2000  -29.6  986.1    1.0  143.0  444.0  444.0
1992 157  6  5 2100  -30.1  986.0    0.0    0.0  444.0  444.0
1992 157  6  5 2200  -27.5  985.7    0.0    0.0  444.0  444.0
1992 157  6  5 2300  -26.6  985.4    0.5  270.0  444.0  444.0
1992 158  6  6 0000  -28.6  985.0    0.5  260.0  444.0  444.0
1992 158  6  6 0100  444.0  444.0  444.0  444.0  444.0  444.0
1992 158  6  6 0200  -34.9  983.9    1.7  149.0  444.0  444.0
1992 158  6  6 0300  -33.4  983.5    1.2  132.0  444.0  444.0
1992 158  6  6 0400  -32.6  983.0    0.7  140.0  444.0  444.0
1992 158  6  6 0500  -32.1  982.0    0.0    0.0  444.0  444.0
1992 158  6  6 0600  -31.5  981.5    1.5  142.0  444.0  444.0
1992 158  6  6 0700  -31.1  980.7    0.0    0.0  444.0  444.0
1992 158  6  6 0800  -32.0  979.8    0.0    0.0  444.0  444.0
1992 158  6  6 0900  -31.0  979.0    0.0    0.0  444.0  444.0
1992 158  6  6 1000  -33.4  977.6  444.0  444.0  444.0  444.0
1992 158  6  6 1100  -33.9  976.6    1.5  322.0  444.0  444.0
1992 158  6  6 1200  -33.4  975.2    0.7  298.0  444.0  444.0
1992 158  6  6 1300  -32.9  973.7    2.0  286.0  444.0  444.0
1992 158  6  6 1400  -33.1  973.1    0.7  272.0  444.0  444.0
1992 158  6  6 1500  -31.5  971.9    1.7  330.0  444.0  444.0
1992 158  6  6 1600  -29.5  970.6    2.7  316.0  444.0  444.0
1992 158  6  6 1700  -28.6  969.1    1.0  271.0  444.0  444.0
1992 158  6  6 1800  444.0  444.0  444.0  444.0  444.0  444.0
1992 158  6  6 1900  -29.1  967.6    1.5  195.0  444.0  444.0
1992 158  6  6 2000  -31.6  966.3    3.4  142.0  444.0  444.0
1992 158  6  6 2100  -31.3  966.3    4.9  150.0  444.0  444.0
1992 158  6  6 2200  -30.8  965.9    7.4  133.0  444.0  444.0
1992 158  6  6 2300  444.0  444.0  444.0  444.0  444.0  444.0
1992 159  6  7 0000  -30.8  965.6    6.1  147.0  444.0  444.0
1992 159  6  7 0100  444.0  444.0  444.0  444.0  444.0  444.0
1992 159  6  7 0200  -33.9  964.6    6.4  143.0  444.0  444.0
1992 159  6  7 0300  -34.9  964.2    7.8  150.0  444.0  444.0
1992 159  6  7 0400  -34.6  963.8    9.6  144.0  444.0  444.0
1992 159  6  7 0500  -35.3  963.9    8.1  151.0  444.0  444.0
1992 159  6  7 0600  -34.3  963.9    7.8  156.0  444.0  444.0
1992 159  6  7 0700  -33.8  963.7    7.1  149.0  444.0  444.0
1992 159  6  7 0800  -34.5  964.3    5.1  149.0  444.0  444.0
1992 159  6  7 0900  -34.4  963.9    4.2  115.0  444.0  444.0
1992 159  6  7 1000  -29.9  963.9    7.4  206.0  444.0  444.0
1992 159  6  7 1100  -29.9  964.1    8.6  185.0  444.0  444.0
1992 159  6  7 1200  -29.9  964.2    7.6  182.0  444.0  444.0
1992 159  6  7 1300  -29.4  964.2    9.8  191.0  444.0  444.0
1992 159  6  7 1400  -29.5  964.6    5.4  237.0  444.0  444.0
1992 159  6  7 1500  -30.3  964.1   10.5  255.0  444.0  444.0
1992 159  6  7 1600  444.0  444.0  444.0  444.0  444.0  444.0
1992 159  6  7 1700  -29.8  964.9    6.1  237.0  444.0  444.0
1992 159  6  7 1800  -29.8  965.7    3.2  171.0  444.0  444.0
1992 159  6  7 1900  -29.9  966.2    2.0  196.0  444.0  444.0
1992 159  6  7 2000  -30.3  966.8    2.9  174.0  444.0  444.0
1992 159  6  7 2100  444.0  444.0  444.0  444.0  444.0  444.0
1992 159  6  7 2200  -29.0  967.3    0.0    0.0  444.0  444.0
1992 159  6  7 2300  -29.3  967.7    2.0  109.0  444.0  444.0
1992 160  6  8 0000  -29.5  968.3    2.2  203.0  444.0  444.0
1992 160  6  8 0100  -28.6  969.3    0.0    0.0  444.0  444.0
1992 160  6  8 0200  -28.9  969.2  444.0  444.0  444.0  444.0
1992 160  6  8 0300  -28.4  969.8    0.0    0.0  444.0  444.0
1992 160  6  8 0400  444.0  444.0  444.0  444.0  444.0  444.0
1992 160  6  8 0500  -27.8  971.7    1.7  334.0  444.0  444.0
1992 160  6  8 0600  -27.8  972.2    1.2  244.0  444.0  444.0
1992 160  6  8 0700  -26.9  972.7    0.0    0.0  444.0  444.0
1992 160  6  8 0800  -26.5  973.0    1.0  253.0  444.0  444.0
1992 160  6  8 0900  444.0  444.0  444.0  444.0  444.0  444.0
1992 160  6  8 1000  -25.8  973.3    2.7  282.0  444.0  444.0
1992 160  6  8 1100  -25.4  974.2    2.0  293.0  444.0  444.0
1992 160  6  8 1200  -24.9  974.5    3.2  241.0  444.0  444.0
1992 160  6  8 1300  -23.6  975.2    1.0  288.0  444.0  444.0
1992 160  6  8 1400  444.0  444.0  444.0  444.0  444.0  444.0
1992 160  6  8 1500  -21.4  975.1    2.7  227.0  444.0  444.0
1992 160  6  8 1600  -20.9  975.0    5.1  246.0  444.0  444.0
1992 160  6  8 1700  -20.5  974.9    5.4  243.0  444.0  444.0
1992 160  6  8 1800  -21.1  975.1    3.9  234.0  444.0  444.0
1992 160  6  8 1900  444.0  444.0  444.0  444.0  444.0  444.0
1992 160  6  8 2000  -19.1  975.3    1.7  170.0  444.0  444.0
1992 160  6  8 2100  -20.0  976.6    7.6  165.0  444.0  444.0
1992 160  6  8 2200  -20.3  977.6    7.8  153.0  444.0  444.0
1992 160  6  8 2300  -20.0  978.4    5.4  164.0  444.0  444.0
1992 161  6  9 0000  -19.4  978.5    1.0  239.0  444.0  444.0
1992 161  6  9 0100  -21.3  977.9    3.2  213.0  444.0  444.0
1992 161  6  9 0200  -19.8  977.8    1.2  225.0  444.0  444.0
1992 161  6  9 0300  -20.1  977.6    2.0  246.0  444.0  444.0
1992 161  6  9 0400  -20.4  977.2    4.4  220.0  444.0  444.0
1992 161  6  9 0500  -20.6  977.4    2.5  151.0  444.0  444.0
1992 161  6  9 0600  -20.8  977.5    2.9  150.0  444.0  444.0
1992 161  6  9 0700  444.0  444.0  444.0  444.0  444.0  444.0
1992 161  6  9 0800  -21.9  977.8    3.2  154.0  444.0  444.0
1992 161  6  9 0900  -22.4  977.8    4.2  143.0  444.0  444.0
1992 161  6  9 1000  -22.4  978.1    2.9  136.0  444.0  444.0
1992 161  6  9 1100  -22.4  978.4    5.1  144.0  444.0  444.0
1992 161  6  9 1200  -23.0  978.5    3.4  122.0  444.0  444.0
1992 161  6  9 1300  -22.1  978.7    0.7  216.0  444.0  444.0
1992 161  6  9 1400  -20.8  978.5    0.2  189.0  444.0  444.0
1992 161  6  9 1500  -20.5  977.9    1.0  312.0  444.0  444.0
1992 161  6  9 1600  -19.6  977.8    2.5  299.0  444.0  444.0
1992 161  6  9 1700  -18.8  977.7    1.7  336.0  444.0  444.0
1992 161  6  9 1800  -19.8  977.6    1.2  295.0  444.0  444.0
1992 161  6  9 1900  -19.4  977.3    1.0  329.0  444.0  444.0
1992 161  6  9 2000  -22.4  977.0    0.0    0.0  444.0  444.0
1992 161  6  9 2100  -22.4  977.1    2.9  209.0  444.0  444.0
1992 161  6  9 2200  -20.8  977.3    1.2  132.0  444.0  444.0
1992 161  6  9 2300  -21.4  977.6    3.2  174.0  444.0  444.0
1992 162  6 10 0000  -25.1  978.1    4.4  139.0  444.0  444.0
1992 162  6 10 0100  -25.4  978.2    4.9  146.0  444.0  444.0
1992 162  6 10 0200  -24.8  978.4    3.4  149.0  444.0  444.0
1992 162  6 10 0300  -22.6  978.4    2.9  165.0  444.0  444.0
1992 162  6 10 0400  -22.5  978.7    2.9  171.0  444.0  444.0
1992 162  6 10 0500  -25.0  978.9    0.0    0.0  444.0  444.0
1992 162  6 10 0600  -28.0  979.0    0.7  163.0  444.0  444.0
1992 162  6 10 0700  -28.6  979.6    3.2  151.0  444.0  444.0
1992 162  6 10 0800  -26.6  979.9    3.4  153.0  444.0  444.0
1992 162  6 10 0900  -27.9  980.4    1.2  164.0  444.0  444.0
1992 162  6 10 1000  -28.6  981.2    4.7  150.0  444.0  444.0
1992 162  6 10 1100  -26.8  981.6    6.1  163.0  444.0  444.0
1992 162  6 10 1200  -26.0  981.8    6.9  153.0  444.0  444.0
1992 162  6 10 1300  -28.6  982.0    7.1  147.0  444.0  444.0
1992 162  6 10 1400  -29.0  982.4    5.1  147.0  444.0  444.0
1992 162  6 10 1500  -29.9  982.6    5.6  143.0  444.0  444.0
1992 162  6 10 1600  -26.6  982.7    3.7  140.0  444.0  444.0
1992 162  6 10 1700  -28.5  983.1    5.9  156.0  444.0  444.0
1992 162  6 10 1800  -27.3  982.8    5.1  185.0  444.0  444.0
1992 162  6 10 1900  -27.3  982.9    2.9  147.0  444.0  444.0
1992 162  6 10 2000  -27.4  982.8    3.9  151.0  444.0  444.0
1992 162  6 10 2100  -27.3  982.4    4.2  178.0  444.0  444.0
1992 162  6 10 2200  -26.1  982.2    3.2  180.0  444.0  444.0
1992 162  6 10 2300  -26.1  981.7    2.5  184.0  444.0  444.0
1992 163  6 11 0000  -25.8  981.3    2.9  219.0  444.0  444.0
1992 163  6 11 0100  -26.1  980.9    0.0    0.0  444.0  444.0
1992 163  6 11 0200  -27.5  980.3    0.0    0.0  444.0  444.0
1992 163  6 11 0300  -28.4  979.8    1.0  295.0  444.0  444.0
1992 163  6 11 0400  -27.1  979.5    0.2  300.0  444.0  444.0
1992 163  6 11 0500  -30.0  979.0    0.0    0.0  444.0  444.0
1992 163  6 11 0600  -30.4  978.3    0.0    0.0  444.0  444.0
1992 163  6 11 0700  -31.0  978.1    0.7  156.0  444.0  444.0
1992 163  6 11 0800  -28.5  977.6    1.2  234.0  444.0  444.0
1992 163  6 11 0900  -28.8  977.1    0.0    0.0  444.0  444.0
1992 163  6 11 1000  -29.9  976.9    0.0    0.0  444.0  444.0
1992 163  6 11 1100  -29.1  976.7    0.0    0.0  444.0  444.0
1992 163  6 11 1200  -29.3  976.6    0.5  212.0  444.0  444.0
1992 163  6 11 1300  -30.1  976.6    0.0    0.0  444.0  444.0
1992 163  6 11 1400  -29.3  976.6    2.2  212.0  444.0  444.0
1992 163  6 11 1500  -29.0  976.7    1.2  177.0  444.0  444.0
1992 163  6 11 1600  -29.3  976.9    2.0  146.0  444.0  444.0
1992 163  6 11 1700  -27.9  977.0    1.2  158.0  444.0  444.0
1992 163  6 11 1800  -27.8  977.0    1.0  215.0  444.0  444.0
1992 163  6 11 1900  -27.5  976.7    2.5  223.0  444.0  444.0
1992 163  6 11 2000  -27.8  977.0    0.5  223.0  444.0  444.0
1992 163  6 11 2100  -28.8  977.6    0.0    0.0  444.0  444.0
1992 163  6 11 2200  -28.4  977.6    1.5  246.0  444.0  444.0
1992 163  6 11 2300  -28.1  977.7    0.0    0.0  444.0  444.0
1992 164  6 12 0000  -27.3  977.7    1.5  194.0  444.0  444.0
1992 164  6 12 0100  -26.9  977.9    0.0    0.0  444.0  444.0
1992 164  6 12 0200  -29.3  978.0    0.5  246.0  444.0  444.0
1992 164  6 12 0300  -28.6  977.7    0.0    0.0  444.0  444.0
1992 164  6 12 0400  -28.1  978.0    0.5  327.0  444.0  444.0
1992 164  6 12 0500  -27.3  978.0    0.0    0.0  444.0  444.0
1992 164  6 12 0600  -26.9  978.2    0.0    0.0  444.0  444.0
1992 164  6 12 0700  -24.1  977.9    2.0  208.0  444.0  444.0
1992 164  6 12 0800  -28.4  978.2    0.0    0.0  444.0  444.0
1992 164  6 12 0900  -26.5  978.4    0.0    0.0  444.0  444.0
1992 164  6 12 1000  -27.3  978.3    0.5  313.0  444.0  444.0
1992 164  6 12 1100  -24.8  978.4    0.7  198.0  444.0  444.0
1992 164  6 12 1200  -24.3  978.2    1.2  157.0  444.0  444.0
1992 164  6 12 1300  -27.5  978.3    1.5  147.0  444.0  444.0
1992 164  6 12 1400  -26.6  978.3    1.7  151.0  444.0  444.0
1992 164  6 12 1500  -27.9  978.3    0.0    0.0  444.0  444.0
1992 164  6 12 1600  -27.9  977.9    0.0    0.0  444.0  444.0
1992 164  6 12 1700  -25.6  977.5    1.0  140.0  444.0  444.0
1992 164  6 12 1800  -24.9  976.8    0.0    0.0  444.0  444.0
1992 164  6 12 1900  -24.5  976.6    0.0    0.0  444.0  444.0
1992 164  6 12 2000  -28.8  976.2    2.0  161.0  444.0  444.0
1992 164  6 12 2100  -24.1  975.6    2.0  115.0  444.0  444.0
1992 164  6 12 2200  -23.9  975.4    2.0  125.0  444.0  444.0
1992 164  6 12 2300  -23.3  975.4    1.5  111.0  444.0  444.0
1992 165  6 13 0000  -20.6  975.4    3.9  165.0  444.0  444.0
1992 165  6 13 0100  -21.5  975.4    4.2  144.0  444.0  444.0
1992 165  6 13 0200  -22.5  977.0    6.9  163.0  444.0  444.0
1992 165  6 13 0300  -26.9  978.5    8.3  150.0  444.0  444.0
1992 165  6 13 0400  -28.6  980.4    6.9  161.0  444.0  444.0
1992 165  6 13 0500  -28.6  980.7    7.6  157.0  444.0  444.0
1992 165  6 13 0600  -28.5  982.0    4.9  157.0  444.0  444.0
1992 165  6 13 0700  -27.9  982.9    5.9  142.0  444.0  444.0
1992 165  6 13 0800  -28.1  983.7    6.6  147.0  444.0  444.0
1992 165  6 13 0900  -27.9  983.8    7.1  149.0  444.0  444.0
1992 165  6 13 1000  -26.8  985.0    5.6  158.0  444.0  444.0
1992 165  6 13 1100  -26.4  985.6    4.2  154.0  444.0  444.0
1992 165  6 13 1200  -26.6  986.0    4.2  154.0  444.0  444.0
1992 165  6 13 1300  -26.8  986.6    3.2  170.0  444.0  444.0
1992 165  6 13 1400  -26.0  986.8    2.2  185.0  444.0  444.0
1992 165  6 13 1500  -26.9  986.8    4.7  223.0  444.0  444.0
1992 165  6 13 1600  -25.5  986.0    2.7  246.0  444.0  444.0
1992 165  6 13 1700  -24.4  985.4    1.5  337.0  444.0  444.0
1992 165  6 13 1800  -23.9  984.2    4.4  305.0  444.0  444.0
1992 165  6 13 1900  -23.3  982.5    6.1  315.0  444.0  444.0
1992 165  6 13 2000  -23.8  981.6    4.2  307.0  444.0  444.0
1992 165  6 13 2100  -24.1  980.4    4.2  316.0  444.0  444.0
1992 165  6 13 2200  -25.6  978.5    5.4  315.0  444.0  444.0
1992 165  6 13 2300  -25.5  977.3    7.1  313.0  444.0  444.0
1992 166  6 14 0000  -26.6  975.9    4.9  316.0  444.0  444.0
1992 166  6 14 0100  -27.1  974.1    4.7  316.0  444.0  444.0
1992 166  6 14 0200  -27.6  973.1    2.7  317.0  444.0  444.0
1992 166  6 14 0300  -27.4  972.1    1.7  312.0  444.0  444.0
1992 166  6 14 0400  -26.8  971.9    1.2  265.0  444.0  444.0
1992 166  6 14 0500  -26.9  971.7    1.2  268.0  444.0  444.0
1992 166  6 14 0600  -27.3  972.1    2.7  225.0  444.0  444.0
1992 166  6 14 0700  -26.1  972.5    0.0    0.0  444.0  444.0
1992 166  6 14 0800  -26.3  973.8    0.0    0.0  444.0  444.0
1992 166  6 14 0900  -26.1  975.0    2.2  254.0  444.0  444.0
1992 166  6 14 1000  -25.8  976.9    0.7  142.0  444.0  444.0
1992 166  6 14 1100  -26.1  978.4    2.9   25.0  444.0  444.0
1992 166  6 14 1200  -22.8  979.5    1.2   64.0  444.0  444.0
1992 166  6 14 1300  -25.5  981.2    3.4   68.0  444.0  444.0
1992 166  6 14 1400  -22.5  982.6    1.2  195.0  444.0  444.0
1992 166  6 14 1500  -21.5  983.1    2.0  277.0  444.0  444.0
1992 166  6 14 1600  -22.0  984.4    1.2  303.0  444.0  444.0
1992 166  6 14 1700  -21.4  985.6    0.7  195.0  444.0  444.0
1992 166  6 14 1800  -26.4  987.0    4.7  147.0  444.0  444.0
1992 166  6 14 1900  -25.0  988.0    4.4  147.0  444.0  444.0
1992 166  6 14 2000  -24.3  989.2    1.0  127.0  444.0  444.0
1992 166  6 14 2100  -25.4  990.4    1.2  132.0  444.0  444.0
1992 166  6 14 2200  -23.8  991.7    3.7  149.0  444.0  444.0
1992 166  6 14 2300  -25.1  992.9    3.2  174.0  444.0  444.0
1992 167  6 15 0000  -25.6  993.7    3.2  151.0  444.0  444.0
1992 167  6 15 0100  -25.5  995.0    3.4  191.0  444.0  444.0
1992 167  6 15 0200  -26.1  995.4    3.7  147.0  444.0  444.0
1992 167  6 15 0300  -26.3  995.8    4.4  160.0  444.0  444.0
1992 167  6 15 0400  -26.8  996.6    4.7  165.0  444.0  444.0
1992 167  6 15 0500  -26.3  997.2    3.9  150.0  444.0  444.0
1992 167  6 15 0600  -26.0  997.4    3.4  156.0  444.0  444.0
1992 167  6 15 0700  -25.6  998.0    1.5  160.0  444.0  444.0
1992 167  6 15 0800  -25.8  998.0    0.7   61.0  444.0  444.0
1992 167  6 15 0900  -27.4  998.4    0.0    0.0  444.0  444.0
1992 167  6 15 1000  -27.1  998.3    0.0    0.0  444.0  444.0
1992 167  6 15 1100  -27.9  998.0    0.0    0.0  444.0  444.0
1992 167  6 15 1200  -27.5  997.7    1.2  217.0  444.0  444.0
1992 167  6 15 1300  -27.6  997.0    1.5  271.0  444.0  444.0
1992 167  6 15 1400  -26.5  995.9    2.0  336.0  444.0  444.0
1992 167  6 15 1500  -26.9  994.7    0.7  284.0  444.0  444.0
1992 167  6 15 1600  -27.8  993.5    1.2  298.0  444.0  444.0
1992 167  6 15 1700  -28.0  991.7    4.9  305.0  444.0  444.0
1992 167  6 15 1800  -27.5  989.4    5.1  307.0  444.0  444.0
1992 167  6 15 1900  -27.5  987.8    5.1  313.0  444.0  444.0
1992 167  6 15 2000  -26.1  985.9    2.5  291.0  444.0  444.0
1992 167  6 15 2100  -26.4  983.7    0.5  333.0  444.0  444.0
1992 167  6 15 2200  -26.0  982.2    2.2  188.0  444.0  444.0
1992 167  6 15 2300  -26.3  980.8    5.9  151.0  444.0  444.0
1992 168  6 16 0000  -27.3  978.8    9.1  139.0  444.0  444.0
1992 168  6 16 0100  -27.4  978.9    8.6  165.0  444.0  444.0
1992 168  6 16 0200  -25.5  979.5    6.6  165.0  444.0  444.0
1992 168  6 16 0300  -24.4  979.4    9.3  151.0  444.0  444.0
1992 168  6 16 0400  -23.6  444.0    8.8  149.0  444.0  444.0
1992 168  6 16 0500  -25.4  981.0    6.1  149.0  444.0  444.0
1992 168  6 16 0600  -26.1  981.2    4.4  142.0  444.0  444.0
1992 168  6 16 0700  -26.9  981.8    1.2  130.0  444.0  444.0
1992 168  6 16 0800  -26.4  983.4    5.9  137.0  444.0  444.0
1992 168  6 16 0900  -27.9  985.5    7.6  143.0  444.0  444.0
1992 168  6 16 1000  -28.1  986.9    7.1  160.0  444.0  444.0
1992 168  6 16 1100  -28.4  987.7   10.8  150.0  444.0  444.0
1992 168  6 16 1200  -29.1  988.6    7.6  151.0  444.0  444.0
1992 168  6 16 1300  -30.1  989.8    6.9  164.0  444.0  444.0
1992 168  6 16 1400  -30.1  990.7    7.6  165.0  444.0  444.0
1992 168  6 16 1500  -30.4  991.2   11.5  151.0  444.0  444.0
1992 168  6 16 1600  -31.0  992.9    9.1  164.0  444.0  444.0
1992 168  6 16 1700  -31.1  994.6    8.8  164.0  444.0  444.0
1992 168  6 16 1800  -31.1  994.5    9.8  151.0  444.0  444.0
1992 168  6 16 1900  -31.3  997.2   10.5  160.0  444.0  444.0
1992 168  6 16 2000  -31.4  998.4    8.1  163.0  444.0  444.0
1992 168  6 16 2100  444.0  444.0  444.0  444.0  444.0  444.0
1992 168  6 16 2200  -30.8 1000.5    9.8  154.0  444.0  444.0
1992 168  6 16 2300  -29.9 1002.0    5.9  170.0  444.0  444.0
1992 169  6 17 0000  -29.6 1002.0    5.9  154.0  444.0  444.0
1992 169  6 17 0100  -29.1 1002.5    6.9  150.0  444.0  444.0
1992 169  6 17 0200  -29.1 1003.1    3.9  156.0  444.0  444.0
1992 169  6 17 0300  444.0  444.0  444.0  444.0  444.0  444.0
1992 169  6 17 0400  444.0  444.0  444.0  444.0  444.0  444.0
1992 169  6 17 0500  -27.8 1002.2    1.2  223.0  444.0  444.0
1992 169  6 17 0600  -26.8 1001.8    2.2  205.0  444.0  444.0
1992 169  6 17 0700  -26.1 1001.5    0.7  246.0  444.0  444.0
1992 169  6 17 0800  -26.0 1001.0    1.5  262.0  444.0  444.0
1992 169  6 17 0900  444.0  444.0  444.0  444.0  444.0  444.0
1992 169  6 17 1000  -25.5 1000.1    0.0    0.0  444.0  444.0
1992 169  6 17 1100  -25.5  999.2    0.7  217.0  444.0  444.0
1992 169  6 17 1200  -24.9  998.6    1.2  257.0  444.0  444.0
1992 169  6 17 1300  -23.1  998.1    1.0  241.0  444.0  444.0
1992 169  6 17 1400  444.0  444.0  444.0  444.0  444.0  444.0
1992 169  6 17 1500  -22.9  996.1    0.7  300.0  444.0  444.0
1992 169  6 17 1600  -24.3  995.1    1.0  327.0  444.0  444.0
1992 169  6 17 1700  -20.9  994.4    0.7  278.0  444.0  444.0
1992 169  6 17 1800  -20.0  993.7    1.2  336.0  444.0  444.0
1992 169  6 17 1900  444.0  444.0  444.0  444.0  444.0  444.0
1992 169  6 17 2000  -24.9  992.7    1.0  136.0  444.0  444.0
1992 169  6 17 2100  -27.1  992.2    1.5  158.0  444.0  444.0
1992 169  6 17 2200  -26.0  991.9    2.0  154.0  444.0  444.0
1992 169  6 17 2300  -25.1  991.9    3.4  125.0  444.0  444.0
1992 170  6 18 0000  444.0  444.0  444.0  444.0  444.0  444.0
1992 170  6 18 0100  -24.4  991.4    2.5  154.0  444.0  444.0
1992 170  6 18 0200  444.0  444.0  444.0  444.0  444.0  444.0
1992 170  6 18 0300  -22.9  992.3    2.7  182.0  444.0  444.0
1992 170  6 18 0400  -21.4  992.3    0.5  189.0  444.0  444.0
1992 170  6 18 0500  -22.5  992.5    0.0    0.0  444.0  444.0
1992 170  6 18 0600  -21.4  993.2    0.5  295.0  444.0  444.0
1992 170  6 18 0700  444.0  444.0  444.0  444.0  444.0  444.0
1992 170  6 18 0800  -23.0  993.6    0.0    0.0  444.0  444.0
1992 170  6 18 0900  -22.4  994.1    1.2  307.0  444.0  444.0
1992 170  6 18 1000  -21.1  994.2    1.5  236.0  444.0  444.0
1992 170  6 18 1100  -21.4  994.4    0.0    0.0  444.0  444.0
1992 170  6 18 1200  444.0  444.0  444.0  444.0  444.0  444.0
1992 170  6 18 1300  -28.8  995.8    4.4  129.0  444.0  444.0
1992 170  6 18 1400  -25.3  997.0    2.9  142.0  444.0  444.0
1992 170  6 18 1500  -26.9  997.6    1.7  168.0  444.0  444.0
1992 170  6 18 1600  -23.0  998.5    1.7  165.0  444.0  444.0
1992 170  6 18 1700  444.0  444.0  444.0  444.0  444.0  444.0
1992 170  6 18 1800  -22.1  999.8    3.2  171.0  444.0  444.0
1992 170  6 18 1900  -21.4 1000.5    0.5  143.0  444.0  444.0
1992 170  6 18 2000  -21.4 1000.7    0.0    0.0  444.0  444.0
1992 170  6 18 2100  -23.8 1001.3    1.5  108.0  444.0  444.0
1992 170  6 18 2200  -24.1 1001.7    2.2  262.0  444.0  444.0
1992 170  6 18 2300  -23.4 1001.5    1.7  305.0  444.0  444.0
1992 171  6 19 0000  -22.4 1001.4    1.5  181.0  444.0  444.0
1992 171  6 19 0100  -22.4 1001.0    3.4  241.0  444.0  444.0
1992 171  6 19 0200  -21.9 1000.4    2.0  270.0  444.0  444.0
1992 171  6 19 0300  -21.4 1000.1    1.2  295.0  444.0  444.0
1992 171  6 19 0400  -21.8  999.6    1.5  226.0  444.0  444.0
1992 171  6 19 0500  444.0  444.0  444.0  444.0  444.0  444.0
1992 171  6 19 0600  -22.9  998.9    0.7  284.0  444.0  444.0
1992 171  6 19 0700  -21.8  999.0    1.2  302.0  444.0  444.0
1992 171  6 19 0800  -22.4  998.6    1.5  323.0  444.0  444.0
1992 171  6 19 0900  -22.8  998.0    0.7  307.0  444.0  444.0
1992 171  6 19 1000  444.0  444.0  444.0  444.0  444.0  444.0
1992 171  6 19 1100  -23.9  998.3    2.0  312.0  444.0  444.0
1992 171  6 19 1200  -23.9  998.1    2.0  326.0  444.0  444.0
1992 171  6 19 1300  -22.8  997.8    2.2  309.0  444.0  444.0
1992 171  6 19 1400  -25.4  998.2    2.2  317.0  444.0  444.0
1992 171  6 19 1500  444.0  444.0  444.0  444.0  444.0  444.0
1992 171  6 19 1600  -24.9  999.8    1.5  309.0  444.0  444.0
1992 171  6 19 1700  -24.4 1000.6    0.2  347.0  444.0  444.0
1992 171  6 19 1800  -25.1 1001.5    0.7  275.0  444.0  444.0
1992 171  6 19 1900  -24.9 1002.2    2.0  220.0  444.0  444.0
1992 171  6 19 2000  -24.9 1002.9    1.5  142.0  444.0  444.0
1992 171  6 19 2100  -24.9 1003.8    1.2  212.0  444.0  444.0
1992 171  6 19 2200  -25.6 1004.6    3.2  154.0  444.0  444.0
1992 171  6 19 2300  -25.6 1005.7    3.9  142.0  444.0  444.0
1992 172  6 20 0000  444.0  444.0  444.0  444.0  444.0  444.0
1992 172  6 20 0100  -23.6 1006.9    2.0  164.0  444.0  444.0
1992 172  6 20 0200  -22.5 1007.2    1.0  149.0  444.0  444.0
1992 172  6 20 0300  -26.4 1007.7    0.5  281.0  444.0  444.0
1992 172  6 20 0400  -24.1 1008.3    0.0    0.0  444.0  444.0
1992 172  6 20 0500  -22.4 1008.1    0.0    0.0  444.0  444.0
1992 172  6 20 0600  -22.4 1007.9    1.0  146.0  444.0  444.0
1992 172  6 20 0700  -21.4 1007.7    1.2  181.0  444.0  444.0
1992 172  6 20 0800  -20.8 1007.3    2.7  150.0  444.0  444.0
1992 172  6 20 0900  -20.9 1006.7    1.7  189.0  444.0  444.0
1992 172  6 20 1000  -20.3 1006.3    2.0  226.0  444.0  444.0
1992 172  6 20 1100  -19.4 1005.7    2.5  241.0  444.0  444.0
1992 172  6 20 1200  -26.5 1005.3    2.7  136.0  444.0  444.0
1992 172  6 20 1300  -27.1 1005.2    2.7  142.0  444.0  444.0
1992 172  6 20 1400  -24.4 1004.8    3.4  174.0  444.0  444.0
1992 172  6 20 1500  -25.6 1004.6    4.2  157.0  444.0  444.0
1992 172  6 20 1600  -25.0 1004.2    3.9  167.0  444.0  444.0
1992 172  6 20 1700  -24.5 1003.6    1.7  150.0  444.0  444.0
1992 172  6 20 1800  -25.1 1003.1    1.0  274.0  444.0  444.0
1992 172  6 20 1900  -25.1 1002.8    1.2  150.0  444.0  444.0
1992 172  6 20 2000  -25.3 1002.6    1.5  208.0  444.0  444.0
1992 172  6 20 2100  -25.6 1002.4    5.4  150.0  444.0  444.0
1992 172  6 20 2200  -31.0 1002.4    6.6  137.0  444.0  444.0
1992 172  6 20 2300  -29.0 1002.2    6.6  140.0  444.0  444.0
1992 173  6 21 0000  -29.6 1002.2    4.9  151.0  444.0  444.0
1992 173  6 21 0100  444.0 1002.3    3.7  157.0  444.0  444.0
1992 173  6 21 0200  -32.1 1001.7    4.9  130.0  444.0  444.0
1992 173  6 21 0300  -32.1 1002.2    4.9  143.0  444.0  444.0
1992 173  6 21 0400  -32.1 1002.0    5.9  137.0  444.0  444.0
1992 173  6 21 0500  -30.8 1001.8    2.9  153.0  444.0  444.0
1992 173  6 21 0600  -29.0 1001.6    2.5  156.0  444.0  444.0
1992 173  6 21 0700  -30.3 1001.0    2.7  139.0  444.0  444.0
1992 173  6 21 0800  -28.5 1000.4    1.5  168.0  444.0  444.0
1992 173  6 21 0900  -30.1  999.8    1.5  144.0  444.0  444.0
1992 173  6 21 1000  -28.8  999.3    2.2  194.0  444.0  444.0
1992 173  6 21 1100  -27.8  998.7    1.7  168.0  444.0  444.0
1992 173  6 21 1200  -27.8  998.1    2.0  158.0  444.0  444.0
1992 173  6 21 1300  -28.0  997.3    0.7  147.0  444.0  444.0
1992 173  6 21 1400  -27.8  996.8    0.0    0.0  444.0  444.0
1992 173  6 21 1500  -28.8  995.8    0.2  136.0  444.0  444.0
1992 173  6 21 1600  -28.6  995.3    2.0  316.0  444.0  444.0
1992 173  6 21 1700  -28.6  994.4    1.7  309.0  444.0  444.0
1992 173  6 21 1800  -27.8  993.7    0.0    0.0  444.0  444.0
1992 173  6 21 1900  -27.9  993.3    0.7  150.0  444.0  444.0
1992 173  6 21 2000  -27.1  992.8    0.5  178.0  444.0  444.0
1992 173  6 21 2100  -25.5  992.1    1.7  213.0  444.0  444.0
1992 173  6 21 2200  -29.4  991.5    0.0    0.0  444.0  444.0
1992 173  6 21 2300  -27.4  990.7    1.5  144.0  444.0  444.0
1992 174  6 22 0000  -26.6  990.2    0.7  142.0  444.0  444.0
1992 174  6 22 0100  -27.8  989.4    1.0  174.0  444.0  444.0
1992 174  6 22 0200  -26.3  988.6    2.2  196.0  444.0  444.0
1992 174  6 22 0300  -27.3  987.9    0.0    0.0  444.0  444.0
1992 174  6 22 0400  -28.8  987.3    0.0    0.0  444.0  444.0
1992 174  6 22 0500  -27.9  986.8    0.0    0.0  444.0  444.0
1992 174  6 22 0600  -27.1  985.9    1.7  323.0  444.0  444.0
1992 174  6 22 0700  -27.1  985.2    0.0    0.0  444.0  444.0
1992 174  6 22 0800  -27.5  984.4    0.7  272.0  444.0  444.0
1992 174  6 22 0900  -27.3  984.2    1.2  298.0  444.0  444.0
1992 174  6 22 1000  -27.5  984.0    0.5  264.0  444.0  444.0
1992 174  6 22 1100  -27.4  983.8    1.0  243.0  444.0  444.0
1992 174  6 22 1200  -32.3  984.0    2.0  150.0  444.0  444.0
1992 174  6 22 1300  -28.5  984.1    0.5  177.0  444.0  444.0
1992 174  6 22 1400  -27.8  984.4    1.0  150.0  444.0  444.0
1992 174  6 22 1500  -30.4  984.9    3.2  133.0  444.0  444.0
1992 174  6 22 1600  -30.4  985.4    3.7  142.0  444.0  444.0
1992 174  6 22 1700  -29.0  986.1    2.7  167.0  444.0  444.0
1992 174  6 22 1800  -27.8  986.6    1.2  125.0  444.0  444.0
1992 174  6 22 1900  -27.8  987.1    2.0  153.0  444.0  444.0
1992 174  6 22 2000  -27.5  988.2    0.7  240.0  444.0  444.0
1992 174  6 22 2100  -27.4  989.1    0.7  133.0  444.0  444.0
1992 174  6 22 2200  -27.5  990.0    1.2  144.0  444.0  444.0
1992 174  6 22 2300  -25.8  990.6    2.5  178.0  444.0  444.0
1992 175  6 23 0000  -24.9  991.6    3.7  165.0  444.0  444.0
1992 175  6 23 0100  -24.5  992.6    2.5  184.0  444.0  444.0
1992 175  6 23 0200  -23.8  993.1    3.7  174.0  444.0  444.0
1992 175  6 23 0300  -24.1  993.7    2.5  154.0  444.0  444.0
1992 175  6 23 0400  -23.6  994.4    1.2  210.0  444.0  444.0
1992 175  6 23 0500  -23.3  995.2    1.7  225.0  444.0  444.0
1992 175  6 23 0600  -23.6  995.3    0.0    0.0  444.0  444.0
1992 175  6 23 0700  -23.9  995.6    0.0    0.0  444.0  444.0
1992 175  6 23 0800  -23.6  995.5    2.5  264.0  444.0  444.0
1992 175  6 23 0900  -26.0  995.8    1.5  229.0  444.0  444.0
1992 175  6 23 1000  -24.6  995.8    1.5   25.0  444.0  444.0
1992 175  6 23 1100  -24.4  995.6    1.0  251.0  444.0  444.0
1992 175  6 23 1200  -24.8  995.4    0.0    0.0  444.0  444.0
1992 175  6 23 1300  -22.4  995.3    1.0  189.0  444.0  444.0
1992 175  6 23 1400  -26.8  995.4    0.7  309.0  444.0  444.0
1992 175  6 23 1500  -26.0  995.5    0.5  225.0  444.0  444.0
1992 175  6 23 1600  -28.5  995.2    1.0  158.0  444.0  444.0
1992 175  6 23 1700  -25.1  994.8    0.0    0.0  444.0  444.0
1992 175  6 23 1800  -26.6  994.3    0.0    0.0  444.0  444.0
1992 175  6 23 1900  -26.1  994.1    0.0    0.0  444.0  444.0
1992 175  6 23 2000  -28.1  994.2    1.0  188.0  444.0  444.0
1992 175  6 23 2100  -27.5  994.1    2.2  111.0  444.0  444.0
1992 175  6 23 2200  -27.1  993.9    1.2  264.0  444.0  444.0
1992 175  6 23 2300  -26.9  993.8    0.7  264.0  444.0  444.0
1992 176  6 24 0000  -26.4  993.6    0.0    0.0  444.0  444.0
1992 176  6 24 0100  -28.5  993.7    1.2  149.0  444.0  444.0
1992 176  6 24 0200  -29.0  993.7    0.0    0.0  444.0  444.0
1992 176  6 24 0300  -27.4  993.6    0.2  175.0  444.0  444.0
1992 176  6 24 0400  -27.4  993.3    0.5  161.0  444.0  444.0
1992 176  6 24 0500  -26.9  993.2    2.0  192.0  444.0  444.0
1992 176  6 24 0600  -27.4  993.1    1.0  136.0  444.0  444.0
1992 176  6 24 0700  -27.4  992.8    0.0    0.0  444.0  444.0
1992 176  6 24 0800  -27.4  992.6    0.5  241.0  444.0  444.0
1992 176  6 24 0900  -27.6  992.4    0.2  278.0  444.0  444.0
1992 176  6 24 1000  -26.3  991.9    1.0  282.0  444.0  444.0
1992 176  6 24 1100  -26.3  991.7    0.2  171.0  444.0  444.0
1992 176  6 24 1200  -26.4  990.9    0.0    0.0  444.0  444.0
1992 176  6 24 1300  -28.5  990.8    0.0    0.0  444.0  444.0
1992 176  6 24 1400  -25.8  990.5    0.0    0.0  444.0  444.0
1992 176  6 24 1500  -23.6  990.2    1.7  191.0  444.0  444.0
1992 176  6 24 1600  -24.5  990.0    0.0    0.0  444.0  444.0
1992 176  6 24 1700  -24.8  989.7    0.7  223.0  444.0  444.0
1992 176  6 24 1800  -26.1  989.7    1.0  164.0  444.0  444.0
1992 176  6 24 1900  -25.0  989.5    1.5  199.0  444.0  444.0
1992 176  6 24 2000  -25.4  989.4    1.7  272.0  444.0  444.0
1992 176  6 24 2100  -28.1  989.8    1.7  217.0  444.0  444.0
1992 176  6 24 2200  -24.4  990.0    1.7  286.0  444.0  444.0
1992 176  6 24 2300  444.0  444.0  444.0  444.0  444.0  444.0
1992 177  6 25 0000  -24.3  989.9    2.0  142.0  444.0  444.0
1992 177  6 25 0100  -27.3  990.2    4.7  132.0  444.0  444.0
1992 177  6 25 0200  -24.3  990.5    4.2  147.0  444.0  444.0
1992 177  6 25 0300  -26.1  990.7    3.4  142.0  444.0  444.0
1992 177  6 25 0400  -22.1  991.0    0.0    0.0  444.0  444.0
1992 177  6 25 0500  -20.8  991.5    3.7  164.0  444.0  444.0
1992 177  6 25 0600  -22.0  991.8    1.7  149.0  444.0  444.0
1992 177  6 25 0700  -23.9  992.3    2.7  146.0  444.0  444.0
1992 177  6 25 0800  -22.4  992.8    2.9  150.0  444.0  444.0
1992 177  6 25 0900  -22.6  993.1    3.9  161.0  444.0  444.0
1992 177  6 25 1000  -22.6  993.2    2.9  170.0  444.0  444.0
1992 177  6 25 1100  -22.9  993.9    3.7  161.0  444.0  444.0
1992 177  6 25 1200  -22.9  994.5    2.7  180.0  444.0  444.0
1992 177  6 25 1300  -21.8  994.8    2.7  158.0  444.0  444.0
1992 177  6 25 1400  -22.8  994.7    1.7  160.0  444.0  444.0
1992 177  6 25 1500  -25.8  995.0    4.4  142.0  444.0  444.0
1992 177  6 25 1600  -24.5  995.0    5.6  140.0  444.0  444.0
1992 177  6 25 1700  -23.8  995.4    3.7  189.0  444.0  444.0
1992 177  6 25 1800  -22.4  996.0    5.4  151.0  444.0  444.0
1992 177  6 25 1900  -24.1  996.2    7.4  158.0  444.0  444.0
1992 177  6 25 2000  -25.1  996.3    6.9  164.0  444.0  444.0
1992 177  6 25 2100  -24.9  996.6    3.9  188.0  444.0  444.0
1992 177  6 25 2200  -26.8  996.6    4.7  153.0  444.0  444.0
1992 177  6 25 2300  -27.8  997.1    5.1  151.0  444.0  444.0
1992 178  6 26 0000  -27.6  997.7    4.7  151.0  444.0  444.0
1992 178  6 26 0100  -27.3  997.9    4.4  168.0  444.0  444.0
1992 178  6 26 0200  -27.3  998.2    6.1  156.0  444.0  444.0
1992 178  6 26 0300  -27.3  998.1    5.9  167.0  444.0  444.0
1992 178  6 26 0400  444.0  444.0  444.0  444.0  444.0  444.0
1992 178  6 26 0500  -26.0  998.5    4.2  157.0  444.0  444.0
1992 178  6 26 0600  -25.1  999.0    5.1  168.0  444.0  444.0
1992 178  6 26 0700  -24.9  999.1    6.1  161.0  444.0  444.0
1992 178  6 26 0800  -24.4  999.6    3.9  170.0  444.0  444.0
1992 178  6 26 0900  -23.9 1000.0    6.4  151.0  444.0  444.0
1992 178  6 26 1000  -24.3 1000.3    4.9  170.0  444.0  444.0
1992 178  6 26 1100  -24.9 1000.9    6.1  156.0  444.0  444.0
1992 178  6 26 1200  -25.1 1001.5    5.6  167.0  444.0  444.0
1992 178  6 26 1300  -25.0 1002.0    5.1  170.0  444.0  444.0
1992 178  6 26 1400  -25.1 1002.4    5.9  153.0  444.0  444.0
1992 178  6 26 1500  -26.3 1002.2    8.1  154.0  444.0  444.0
1992 178  6 26 1600  -25.6 1002.9    7.6  167.0  444.0  444.0
1992 178  6 26 1700  -25.0 1003.0    9.1  161.0  444.0  444.0
1992 178  6 26 1800  -24.9 1003.5    7.1  157.0  444.0  444.0
1992 178  6 26 1900  -24.3 1003.2   10.3  151.0  444.0  444.0
1992 178  6 26 2000  -24.5 1003.0   10.8  147.0  444.0  444.0
1992 178  6 26 2100  -25.1 1004.3    8.1  160.0  444.0  444.0
1992 178  6 26 2200  -25.5 1005.5    5.6  170.0  444.0  444.0
1992 178  6 26 2300  -26.1 1006.0    7.4  157.0  444.0  444.0
1992 179  6 27 0000  -26.0 1005.8    6.6  158.0  444.0  444.0
1992 179  6 27 0100  -25.6 1006.0    7.1  165.0  444.0  444.0
1992 179  6 27 0200  444.0  444.0  444.0  444.0  444.0  444.0
1992 179  6 27 0300  -23.9 1005.6    7.6  160.0  444.0  444.0
1992 179  6 27 0400  -24.0 1005.7    6.4  157.0  444.0  444.0
1992 179  6 27 0500  -23.9 1005.7    5.1  177.0  444.0  444.0
1992 179  6 27 0600  -23.4 1005.4    4.9  180.0  444.0  444.0
1992 179  6 27 0700  -23.3 1005.3    4.9  172.0  444.0  444.0
1992 179  6 27 0800  -21.4 1004.8    4.2  164.0  444.0  444.0
1992 179  6 27 0900  -21.5 1004.2    5.1  140.0  444.0  444.0
1992 179  6 27 1000  -20.6 1004.0    5.9  122.0  444.0  444.0
1992 179  6 27 1100  -19.4 1003.5    4.2   95.0  444.0  444.0
1992 179  6 27 1200  -19.6 1003.5    1.7  125.0  444.0  444.0
1992 179  6 27 1300  -16.3 1003.8    5.6  106.0  444.0  444.0
1992 179  6 27 1400  -18.3 1004.0    5.9  143.0  444.0  444.0
1992 179  6 27 1500  -18.3 1004.5    7.1  140.0  444.0  444.0
1992 179  6 27 1600  -18.9 1004.6    5.9  164.0  444.0  444.0
1992 179  6 27 1700  444.0  444.0  444.0  444.0  444.0  444.0
1992 179  6 27 1800  -17.6 1003.3    6.9  150.0  444.0  444.0
1992 179  6 27 1900  444.0  444.0  444.0  444.0  444.0  444.0
1992 179  6 27 2000  444.0  444.0  444.0  444.0  444.0  444.0
1992 179  6 27 2100  -17.4 1002.8    4.4  146.0  444.0  444.0
1992 179  6 27 2200  -17.6 1002.4    2.9  147.0  444.0  444.0
1992 179  6 27 2300  -17.0 1002.3    6.9  135.0  444.0  444.0
1992 180  6 28 0000  444.0  444.0  444.0  444.0  444.0  444.0
1992 180  6 28 0100  -15.4 1001.5    8.6  135.0  444.0  444.0
1992 180  6 28 0200  -15.6 1001.5    5.9  143.0  444.0  444.0
1992 180  6 28 0300  -15.9 1001.4    5.1  136.0  444.0  444.0
1992 180  6 28 0400  -16.3 1001.9    7.6  156.0  444.0  444.0
1992 180  6 28 0500  444.0  444.0  444.0  444.0  444.0  444.0
1992 180  6 28 0600  -15.3 1001.6    6.9  154.0  444.0  444.0
1992 180  6 28 0700  -14.8 1000.8    7.6  154.0  444.0  444.0
1992 180  6 28 0800  -14.3 1000.6    6.1  168.0  444.0  444.0
1992 180  6 28 0900  -14.1 1000.5    6.4  165.0  444.0  444.0
1992 180  6 28 1000  444.0  444.0  444.0  444.0  444.0  444.0
1992 180  6 28 1100  -14.4  999.8    7.4  150.0  444.0  444.0
1992 180  6 28 1200  -14.0  999.8    4.9  157.0  444.0  444.0
1992 180  6 28 1300  -13.1  999.6    5.4  163.0  444.0  444.0
1992 180  6 28 1400  -12.9  999.2    6.4  157.0  444.0  444.0
1992 180  6 28 1500  -12.5  999.1    8.1  158.0  444.0  444.0
1992 180  6 28 1600  -13.4  998.9    9.1  171.0  444.0  444.0
1992 180  6 28 1700  444.0  444.0  444.0  444.0  444.0  444.0
1992 180  6 28 1800  -14.3  998.7    7.6  154.0  444.0  444.0
1992 180  6 28 1900  -14.6  998.4    5.6  157.0  444.0  444.0
1992 180  6 28 2000  -14.1  998.7    8.8  164.0  444.0  444.0
1992 180  6 28 2100  -14.5  998.3    6.9  154.0  444.0  444.0
1992 180  6 28 2200  444.0  444.0  444.0  444.0  444.0  444.0
1992 180  6 28 2300  -13.1  997.7    6.4  168.0  444.0  444.0
1992 181  6 29 0000  -13.5  997.3    7.4  153.0  444.0  444.0
1992 181  6 29 0100  -13.4  997.0    8.3  163.0  444.0  444.0
1992 181  6 29 0200  -13.3  996.6    6.6  158.0  444.0  444.0
1992 181  6 29 0300  -13.4  996.0    8.8  154.0  444.0  444.0
1992 181  6 29 0400  -13.9  996.0    7.8  163.0  444.0  444.0
1992 181  6 29 0500  -13.4  995.5    9.8  160.0  444.0  444.0
1992 181  6 29 0600  -13.0  995.2    6.4  160.0  444.0  444.0
1992 181  6 29 0700  -12.5  994.7    6.4  160.0  444.0  444.0
1992 181  6 29 0800  444.0  444.0  444.0  444.0  444.0  444.0
1992 181  6 29 0900  -12.5  994.0    7.8  156.0  444.0  444.0
1992 181  6 29 1000  -13.3  993.8    9.1  150.0  444.0  444.0
1992 181  6 29 1100  -13.4  993.8    7.6  154.0  444.0  444.0
1992 181  6 29 1200  -13.1  993.4    6.9  168.0  444.0  444.0
1992 181  6 29 1300  444.0  444.0  444.0  444.0  444.0  444.0
1992 181  6 29 1400  -13.3  992.9    5.9  144.0  444.0  444.0
1992 181  6 29 1500  444.0  444.0  444.0  444.0  444.0  444.0
1992 181  6 29 1600  -14.1  991.9    5.9  149.0  444.0  444.0
1992 181  6 29 1700  -14.0  991.6    5.1  161.0  444.0  444.0
1992 181  6 29 1800  -12.9  990.9    4.7  160.0  444.0  444.0
1992 181  6 29 1900  -11.8  990.4    4.2  165.0  444.0  444.0
1992 181  6 29 2000  444.0  444.0  444.0  444.0  444.0  444.0
1992 181  6 29 2100  -16.8  989.5    3.2  161.0  444.0  444.0
1992 181  6 29 2200  -14.9  989.2    2.2  170.0  444.0  444.0
1992 181  6 29 2300  -15.4  988.9    2.9  164.0  444.0  444.0
1992 182  6 30 0000  -15.3  988.5    3.7  151.0  444.0  444.0
1992 182  6 30 0100  -14.5  987.7    3.7  157.0  444.0  444.0
1992 182  6 30 0200  -16.6  987.5    2.2  140.0  444.0  444.0
1992 182  6 30 0300  -18.0  987.5    3.9  147.0  444.0  444.0
1992 182  6 30 0400  -16.4  987.3    2.0  157.0  444.0  444.0
1992 182  6 30 0500  -17.6  987.3    5.4  140.0  444.0  444.0
1992 182  6 30 0600  -18.1  987.2    4.7  135.0  444.0  444.0
1992 182  6 30 0700  -17.1  987.4    4.4  137.0  444.0  444.0
1992 182  6 30 0800  -17.1  987.5    2.9  132.0  444.0  444.0
1992 182  6 30 0900  -19.4  987.6    2.2  150.0  444.0  444.0
1992 182  6 30 1000  -17.6  987.4    2.7  156.0  444.0  444.0
1992 182  6 30 1100  -16.1  987.6    1.2  137.0  444.0  444.0
1992 182  6 30 1200  -18.4  987.9    1.7  147.0  444.0  444.0
1992 182  6 30 1300  -20.3  988.5    0.0    0.0  444.0  444.0
1992 182  6 30 1400  -20.3  988.8    1.7  146.0  444.0  444.0
1992 182  6 30 1500  -21.0  989.4    2.9  146.0  444.0  444.0
1992 182  6 30 1600  -20.6  989.8    2.7  151.0  444.0  444.0
1992 182  6 30 1700  -20.0  990.4    2.0  153.0  444.0  444.0
1992 182  6 30 1800  -20.4  991.2    2.2  142.0  444.0  444.0
1992 182  6 30 1900  -20.8  991.7    1.2  133.0  444.0  444.0
1992 182  6 30 2000  -21.1  992.3    2.5  147.0  444.0  444.0
1992 182  6 30 2100  -20.6  993.0    2.9  150.0  444.0  444.0
1992 182  6 30 2200  -20.6  993.9    2.2  139.0  444.0  444.0
1992 182  6 30 2300  444.0  444.0  444.0  444.0  444.0  444.0
