Year: 1992  Month: 12  ID: MPT  ARGOS:  8906  Name: Marble Point        
Lat: 77.44S  Lon: 163.76E  Elev:  108m
1992 336 12  1 0000   -7.3  979.3    4.9  135.0  444.0  444.0
1992 336 12  1 0100   -5.8  979.2    5.4  147.0  444.0  444.0
1992 336 12  1 0200   -5.8  979.2    6.4  147.0  444.0  444.0
1992 336 12  1 0300   -6.0  979.4    3.2  132.0  444.0  444.0
1992 336 12  1 0400   -6.0  979.2    3.9  150.0  444.0  444.0
1992 336 12  1 0500   -6.3  979.3    4.7  143.0  444.0  444.0
1992 336 12  1 0600   -6.4  979.6    4.4  151.0  444.0  444.0
1992 336 12  1 0700   -6.4  979.6    4.2  154.0  444.0  444.0
1992 336 12  1 0800   -7.5  979.3    5.6  142.0  444.0  444.0
1992 336 12  1 0900   -7.8  979.6    2.9  143.0  444.0  444.0
1992 336 12  1 1000   -7.6  979.8    2.9  140.0  444.0  444.0
1992 336 12  1 1100   -7.5  979.7    3.2  154.0  444.0  444.0
1992 336 12  1 1200   -7.1  979.7    3.2  146.0  444.0  444.0
1992 336 12  1 1300   -7.6  979.6    3.2  133.0  444.0  444.0
1992 336 12  1 1400   -7.5  979.7    2.9  139.0  444.0  444.0
1992 336 12  1 1500   -8.6  979.7    2.5  142.0  444.0  444.0
1992 336 12  1 1600   -7.1  979.8    3.9  150.0  444.0  444.0
1992 336 12  1 1700   -7.8  979.8    4.9  139.0  444.0  444.0
1992 336 12  1 1800   -7.6  980.0    3.7  143.0  444.0  444.0
1992 336 12  1 1900   -6.5  980.1    3.4  146.0  444.0  444.0
1992 336 12  1 2000   -7.0  980.0    3.9  147.0  444.0  444.0
1992 336 12  1 2100  444.0  444.0  444.0  444.0  444.0  444.0
1992 336 12  1 2200   -6.4  980.2    3.4  125.0  444.0  444.0
1992 336 12  1 2300   -6.6  980.0    2.7  112.0  444.0  444.0
1992 337 12  2 0000   -6.4  980.0    3.4  123.0  444.0  444.0
1992 337 12  2 0100   -5.9  980.1    2.7  144.0  444.0  444.0
1992 337 12  2 0200   -5.4  979.6    2.7  142.0  444.0  444.0
1992 337 12  2 0300   -4.4  979.4    2.9  146.0  444.0  444.0
1992 337 12  2 0400   -4.3  979.2    2.9  139.0  444.0  444.0
1992 337 12  2 0500   -4.3  979.0    3.7  133.0  444.0  444.0
1992 337 12  2 0600   -4.3  979.0    3.7  133.0  444.0  444.0
1992 337 12  2 0700   -5.1  978.8    3.2  135.0  444.0  444.0
1992 337 12  2 0800   -5.5  979.0    2.2  144.0  444.0  444.0
1992 337 12  2 0900   -5.3  978.9    2.5  126.0  444.0  444.0
1992 337 12  2 1000   -5.5  978.7    1.7  139.0  444.0  444.0
1992 337 12  2 1100   -5.8  978.6    1.5  157.0  444.0  444.0
1992 337 12  2 1200   -4.9  978.7    0.7  153.0  444.0  444.0
1992 337 12  2 1300   -4.9  978.5    2.2  137.0  444.0  444.0
1992 337 12  2 1400   -5.1  978.2    0.7  206.0  444.0  444.0
1992 337 12  2 1500   -4.9  978.0    0.2  157.0  444.0  444.0
1992 337 12  2 1600   -4.9  977.7    0.7  202.0  444.0  444.0
1992 337 12  2 1700   -4.5  977.7    0.7  216.0  444.0  444.0
1992 337 12  2 1800  444.0  977.7    0.7  220.0  444.0  444.0
1992 337 12  2 1900   -3.6  977.5    1.5  225.0  444.0  444.0
1992 337 12  2 2000   -3.1  977.3    1.2  262.0  444.0  444.0
1992 337 12  2 2100   -2.8  977.0    1.2    4.0  444.0  444.0
1992 337 12  2 2200   -3.4  977.0    0.5  360.0  444.0  444.0
1992 337 12  2 2300   -3.4  976.7    1.2   19.0  444.0  444.0
1992 338 12  3 0000   -3.1  976.4    1.7   22.0  444.0  444.0
1992 338 12  3 0100  444.0  976.3    1.0    8.0  444.0  444.0
1992 338 12  3 0200  444.0  444.0  444.0  444.0  444.0  444.0
1992 338 12  3 0300   -2.3  975.6    0.5  355.0  444.0  444.0
1992 338 12  3 0400   -1.9  975.4    1.7   39.0  444.0  444.0
1992 338 12  3 0500  444.0  975.4    1.0   46.0  444.0  444.0
1992 338 12  3 0600  444.0  975.4    1.0   21.0  444.0  444.0
1992 338 12  3 0700  444.0  975.1    0.0    0.0  444.0  444.0
1992 338 12  3 0800  444.0  975.0    0.2  347.0  444.0  444.0
1992 338 12  3 0900  444.0  974.7    0.2  348.0  444.0  444.0
1992 338 12  3 1000  444.0  974.6    1.0  261.0  444.0  444.0
1992 338 12  3 1100  444.0  974.5    0.5  253.0  444.0  444.0
1992 338 12  3 1200  444.0  974.5    0.5  253.0  444.0  444.0
1992 338 12  3 1300   -5.5  974.5    0.7  334.0  444.0  444.0
1992 338 12  3 1400   -5.4  974.4    2.0  336.0  444.0  444.0
1992 338 12  3 1500   -5.9  974.4    1.7  338.0  444.0  444.0
1992 338 12  3 1600   -5.4  974.3    1.0  296.0  444.0  444.0
1992 338 12  3 1700   -5.3  974.3    0.7  292.0  444.0  444.0
1992 338 12  3 1800   -5.4  974.4    2.0  261.0  444.0  444.0
1992 338 12  3 1900  444.0  974.4    1.0  331.0  444.0  444.0
1992 338 12  3 2000   -3.9  974.3    1.5  347.0  444.0  444.0
1992 338 12  3 2100   -3.0  974.5    1.7  329.0  444.0  444.0
1992 338 12  3 2200   -4.0  974.4    2.5  352.0  444.0  444.0
1992 338 12  3 2300   -3.1  974.5    1.2  317.0  444.0  444.0
1992 339 12  4 0000  444.0  444.0  444.0  444.0  444.0  444.0
1992 339 12  4 0100   -2.8  974.4    2.0  320.0  444.0  444.0
1992 339 12  4 0200   -3.1  974.6    1.7    2.0  444.0  444.0
1992 339 12  4 0300   -2.9  974.7    2.2  358.0  444.0  444.0
1992 339 12  4 0400   -2.5  975.0    1.0   35.0  444.0  444.0
1992 339 12  4 0500  444.0  975.1    0.2   71.0  444.0  444.0
1992 339 12  4 0600   -2.3  975.4    1.7  130.0  444.0  444.0
1992 339 12  4 0700   -2.8  975.6    1.5  133.0  444.0  444.0
1992 339 12  4 0800   -3.5  975.6    2.7  139.0  444.0  444.0
1992 339 12  4 0900   -3.6  975.8    3.2  164.0  444.0  444.0
1992 339 12  4 1000   -3.6  975.8    2.5  142.0  444.0  444.0
1992 339 12  4 1100   -3.5  976.2    2.5  142.0  444.0  444.0
1992 339 12  4 1200   -4.0  976.5    2.5  137.0  444.0  444.0
1992 339 12  4 1300   -4.3  976.7    1.2  144.0  444.0  444.0
1992 339 12  4 1400   -4.5  976.8    0.0    0.0  444.0  444.0
1992 339 12  4 1500   -3.6  976.7    2.2  222.0  444.0  444.0
1992 339 12  4 1600   -4.5  976.9    1.2  195.0  444.0  444.0
1992 339 12  4 1700  444.0  977.1    0.7  119.0  444.0  444.0
1992 339 12  4 1800  444.0  977.4    0.5   98.0  444.0  444.0
1992 339 12  4 1900  444.0  444.0  444.0  444.0  444.0  444.0
1992 339 12  4 2000  444.0  444.0  444.0  444.0  444.0  444.0
1992 339 12  4 2100  444.0  444.0  444.0  444.0  444.0  444.0
1992 339 12  4 2200  444.0  444.0  444.0  444.0  444.0  444.0
1992 339 12  4 2300  444.0  444.0  444.0  444.0  444.0  444.0
1992 340 12  5 0000  444.0  444.0  444.0  444.0  444.0  444.0
1992 340 12  5 0100  444.0  444.0  444.0  444.0  444.0  444.0
1992 340 12  5 0200  444.0  444.0  444.0  444.0  444.0  444.0
1992 340 12  5 0300  444.0  444.0  444.0  444.0  444.0  444.0
1992 340 12  5 0400  444.0  444.0  444.0  444.0  444.0  444.0
1992 340 12  5 0500  444.0  444.0  444.0  444.0  444.0  444.0
1992 340 12  5 0600   -3.0  974.5    2.9  316.0  444.0  444.0
1992 340 12  5 0700   -3.8  974.3    3.7  330.0  444.0  444.0
1992 340 12  5 0800   -3.9  974.0    2.7  334.0  444.0  444.0
1992 340 12  5 0900   -4.1  973.9    3.2  322.0  444.0  444.0
1992 340 12  5 1000   -5.1  973.4    4.2  334.0  444.0  444.0
1992 340 12  5 1100   -4.6  973.2    2.5  322.0  444.0  444.0
1992 340 12  5 1200   -5.9  972.8    3.2  341.0  444.0  444.0
1992 340 12  5 1300   -6.4  972.7    2.2  341.0  444.0  444.0
1992 340 12  5 1400   -6.4  972.5    1.5  296.0  444.0  444.0
1992 340 12  5 1500  444.0  444.0  444.0  444.0  444.0  444.0
1992 340 12  5 1600   -5.9  972.1    0.0    0.0  444.0  444.0
1992 340 12  5 1700  444.0  972.1    0.0    0.0  444.0  444.0
1992 340 12  5 1800   -6.4  971.8    1.2  123.0  444.0  444.0
1992 340 12  5 1900  444.0  971.6    1.0  127.0  444.0  444.0
1992 340 12  5 2000  444.0  444.0  444.0  444.0  444.0  444.0
1992 340 12  5 2100  444.0  970.8    1.2  122.0  444.0  444.0
1992 340 12  5 2200  444.0  444.0  444.0  444.0  444.0  444.0
1992 340 12  5 2300   -3.4  970.0    2.0  360.0  444.0  444.0
1992 341 12  6 0000   -3.8  969.6    2.5    8.0  444.0  444.0
1992 341 12  6 0100  444.0  444.0  444.0  444.0  444.0  444.0
1992 341 12  6 0200   -3.5  968.8    2.0    5.0  444.0  444.0
1992 341 12  6 0300   -3.6  968.2    2.7  345.0  444.0  444.0
1992 341 12  6 0400   -4.1  967.9    2.7  360.0  444.0  444.0
1992 341 12  6 0500   -3.6  967.6    2.0  345.0  444.0  444.0
1992 341 12  6 0600   -4.1  967.3    3.2  358.0  444.0  444.0
1992 341 12  6 0700  444.0  444.0  444.0  444.0  444.0  444.0
1992 341 12  6 0800  444.0  444.0  444.0  444.0  444.0  444.0
1992 341 12  6 0900  444.0  444.0  444.0  444.0  444.0  444.0
1992 341 12  6 1000  444.0  967.3    0.0    0.0  444.0  444.0
1992 341 12  6 1100  444.0  967.0    1.0  250.0  444.0  444.0
1992 341 12  6 1200  444.0  966.9    0.5  244.0  444.0  444.0
1992 341 12  6 1300  444.0  444.0  444.0  444.0  444.0  444.0
1992 341 12  6 1400   -6.8  966.5    1.0   87.0  444.0  444.0
1992 341 12  6 1500   -6.6  966.4    1.0  139.0  444.0  444.0
1992 341 12  6 1600   -6.6  966.2    1.2  111.0  444.0  444.0
1992 341 12  6 1700  444.0  965.9    0.0    0.0  444.0  444.0
1992 341 12  6 1800  444.0  444.0  444.0  444.0  444.0  444.0
1992 341 12  6 1900  444.0  965.5    0.0    0.0  444.0  444.0
1992 341 12  6 2000  444.0  965.4    0.0    0.0  444.0  444.0
1992 341 12  6 2100  444.0  965.1    0.5   26.0  444.0  444.0
1992 341 12  6 2200  444.0  964.9    0.5   32.0  444.0  444.0
1992 341 12  6 2300   -4.3  964.6    1.7    7.0  444.0  444.0
1992 342 12  7 0000   -5.1  964.3    2.7  360.0  444.0  444.0
1992 342 12  7 0100  444.0  444.0  444.0  444.0  444.0  444.0
1992 342 12  7 0200   -4.6  964.0    2.9    1.0  444.0  444.0
1992 342 12  7 0300   -4.5  964.0    1.7  360.0  444.0  444.0
1992 342 12  7 0400   -4.5  964.1    0.7   18.0  444.0  444.0
1992 342 12  7 0500   -4.5  964.2    1.5  355.0  444.0  444.0
1992 342 12  7 0600  444.0  444.0  444.0  444.0  444.0  444.0
1992 342 12  7 0700   -4.8  964.9    0.0    0.0  444.0  444.0
1992 342 12  7 0800  444.0  965.2    0.7  336.0  444.0  444.0
1992 342 12  7 0900   -4.9  965.6    0.7   19.0  444.0  444.0
1992 342 12  7 1000   -5.9  965.8    1.5  340.0  444.0  444.0
1992 342 12  7 1100   -5.4  966.0    1.0  299.0  444.0  444.0
1992 342 12  7 1200   -5.8  966.4    2.2  350.0  444.0  444.0
1992 342 12  7 1300   -5.5  966.6    2.2  324.0  444.0  444.0
1992 342 12  7 1400   -5.5  967.0    1.7  286.0  444.0  444.0
1992 342 12  7 1500   -5.5  967.3    1.5  286.0  444.0  444.0
1992 342 12  7 1600  444.0  444.0  444.0  444.0  444.0  444.0
1992 342 12  7 1700   -5.3  968.1    0.0    0.0  444.0  444.0
1992 342 12  7 1800   -4.6  968.6    1.0  120.0  444.0  444.0
1992 342 12  7 1900   -4.8  969.0    0.2  140.0  444.0  444.0
1992 342 12  7 2000   -4.0  969.4    0.0    0.0  444.0  444.0
1992 342 12  7 2100  444.0  444.0  444.0  444.0  444.0  444.0
1992 342 12  7 2200   -5.1  970.0    1.0  120.0  444.0  444.0
1992 342 12  7 2300   -3.5  970.1    1.2   97.0  444.0  444.0
1992 343 12  8 0000   -3.6  970.0    1.2  139.0  444.0  444.0
1992 343 12  8 0100   -3.5  970.0    1.0  104.0  444.0  444.0
1992 343 12  8 0200   -3.5  970.0    1.2   98.0  444.0  444.0
1992 343 12  8 0300   -1.9  969.7    1.0   33.0  444.0  444.0
1992 343 12  8 0400  444.0  444.0  444.0  444.0  444.0  444.0
1992 343 12  8 0500   -1.9  968.6    1.7  312.0  444.0  444.0
1992 343 12  8 0600   -2.8  968.3    2.5  279.0  444.0  444.0
1992 343 12  8 0700   -3.1  968.3    2.7  352.0  444.0  444.0
1992 343 12  8 0800  444.0  968.1    0.5  313.0  444.0  444.0
1992 343 12  8 0900  444.0  444.0  444.0  444.0  444.0  444.0
1992 343 12  8 1000  444.0  968.0    0.5  336.0  444.0  444.0
1992 343 12  8 1100   -2.9  968.0    1.5  206.0  444.0  444.0
1992 343 12  8 1200  444.0  967.6    0.5  277.0  444.0  444.0
1992 343 12  8 1300   -2.5  967.2    2.5  230.0  444.0  444.0
1992 343 12  8 1400   -1.9  966.8    1.7  225.0  444.0  444.0
1992 343 12  8 1500  444.0  966.6    0.0    0.0  444.0  444.0
1992 343 12  8 1600  444.0  966.7    0.2  151.0  444.0  444.0
1992 343 12  8 1700   -3.4  967.1    2.0  136.0  444.0  444.0
1992 343 12  8 1800   -2.9  967.4    3.4  150.0  444.0  444.0
1992 343 12  8 1900   -3.1  967.5    2.9  133.0  444.0  444.0
1992 343 12  8 2000   -3.1  967.8    3.4  122.0  444.0  444.0
1992 343 12  8 2100  444.0  444.0  444.0  444.0  444.0  444.0
1992 343 12  8 2200  444.0  444.0  444.0  444.0  444.0  444.0
1992 343 12  8 2300   -2.8  968.3    2.2  135.0  444.0  444.0
1992 344 12  9 0000   -2.6  968.4    3.2  136.0  444.0  444.0
1992 344 12  9 0100   -2.4  968.4    2.5  130.0  444.0  444.0
1992 344 12  9 0200   -1.9  968.5    3.7  140.0  444.0  444.0
1992 344 12  9 0300   -1.6  968.4    3.7  142.0  444.0  444.0
1992 344 12  9 0400   -1.3  968.4    3.4  153.0  444.0  444.0
1992 344 12  9 0500   -0.4  968.2    3.2  139.0  444.0  444.0
1992 344 12  9 0600   -0.4  968.2    2.7  118.0  444.0  444.0
1992 344 12  9 0700   -0.1  968.1    2.7  139.0  444.0  444.0
1992 344 12  9 0800    0.0  967.9    2.2  139.0  444.0  444.0
1992 344 12  9 0900   -0.4  967.8    2.0  133.0  444.0  444.0
1992 344 12  9 1000   -0.5  967.7    3.2  150.0  444.0  444.0
1992 344 12  9 1100   -0.4  967.4    1.5  172.0  444.0  444.0
1992 344 12  9 1200   -1.3  967.3    1.7  220.0  444.0  444.0
1992 344 12  9 1300   -1.5  967.0    2.2  217.0  444.0  444.0
1992 344 12  9 1400   -1.3  967.0    1.7  219.0  444.0  444.0
1992 344 12  9 1500   -1.4  967.0    2.2  234.0  444.0  444.0
1992 344 12  9 1600  444.0  967.0    1.2  206.0  444.0  444.0
1992 344 12  9 1700  444.0  967.3    0.5  209.0  444.0  444.0
1992 344 12  9 1800    0.5  967.3    1.2  142.0  444.0  444.0
1992 344 12  9 1900  444.0  967.2    1.2  135.0  444.0  444.0
1992 344 12  9 2000    0.6  967.2    1.2   99.0  444.0  444.0
1992 344 12  9 2100   -1.1  967.5    4.2  126.0  444.0  444.0
1992 344 12  9 2200   -0.8  967.8    4.7  133.0  444.0  444.0
1992 344 12  9 2300    0.0  967.8    3.9  164.0  444.0  444.0
1992 345 12 10 0000    0.5  968.0    4.9  150.0  444.0  444.0
1992 345 12 10 0100    0.8  967.8    2.7  126.0  444.0  444.0
1992 345 12 10 0200    0.5  967.7    4.2  135.0  444.0  444.0
1992 345 12 10 0300    2.3  967.4    4.2  140.0  444.0  444.0
1992 345 12 10 0400    1.9  967.6    3.2  139.0  444.0  444.0
1992 345 12 10 0500    1.9  967.8    2.5  143.0  444.0  444.0
1992 345 12 10 0600    0.6  967.9    2.0   97.0  444.0  444.0
1992 345 12 10 0700   -0.6  967.9    1.5  143.0  444.0  444.0
1992 345 12 10 0800    0.1  967.9    1.2  153.0  444.0  444.0
1992 345 12 10 0900   -0.6  968.1    2.5  126.0  444.0  444.0
1992 345 12 10 1000   -0.4  968.0    3.2  140.0  444.0  444.0
1992 345 12 10 1100   -0.4  968.3    3.2  150.0  444.0  444.0
1992 345 12 10 1200   -0.4  968.5    2.9  158.0  444.0  444.0
1992 345 12 10 1300   -0.4  968.5    1.5  147.0  444.0  444.0
1992 345 12 10 1400  444.0  968.4    1.0   50.0  444.0  444.0
1992 345 12 10 1500  444.0  968.5    0.0    0.0  444.0  444.0
1992 345 12 10 1600   -1.8  968.4    0.0    0.0  444.0  444.0
1992 345 12 10 1700   -2.0  969.0    3.2  154.0  444.0  444.0
1992 345 12 10 1800   -1.6  968.9    2.5  149.0  444.0  444.0
1992 345 12 10 1900   -1.1  969.4    2.5  146.0  444.0  444.0
1992 345 12 10 2000   -1.0  969.5    2.9  142.0  444.0  444.0
1992 345 12 10 2100   -1.0  969.9    2.5  146.0  444.0  444.0
1992 345 12 10 2200   -1.0  970.1    3.2  139.0  444.0  444.0
1992 345 12 10 2300   -1.3  970.1    4.7  132.0  444.0  444.0
1992 346 12 11 0000   -1.0  970.1    4.2  125.0  444.0  444.0
1992 346 12 11 0100   -0.3  970.4    4.2  133.0  444.0  444.0
1992 346 12 11 0200    0.5  970.7    1.5  115.0  444.0  444.0
1992 346 12 11 0300    0.5  971.0    2.5  143.0  444.0  444.0
1992 346 12 11 0400   -0.1  970.9    5.9  120.0  444.0  444.0
1992 346 12 11 0500   -0.1  971.7    3.2  137.0  444.0  444.0
1992 346 12 11 0600   -0.1  972.0    3.9  140.0  444.0  444.0
1992 346 12 11 0700   -1.0  971.8    3.9  142.0  444.0  444.0
1992 346 12 11 0800   -1.9  972.2    3.4  144.0  444.0  444.0
1992 346 12 11 0900   -1.8  972.3    3.7  147.0  444.0  444.0
1992 346 12 11 1000   -2.5  972.4    5.1  156.0  444.0  444.0
1992 346 12 11 1100   -4.3  973.1    4.9  142.0  444.0  444.0
1992 346 12 11 1200   -6.1  973.9    4.7  156.0  444.0  444.0
1992 346 12 11 1300   -6.4  974.1    5.4  153.0  444.0  444.0
1992 346 12 11 1400   -6.4  974.0    3.2  147.0  444.0  444.0
1992 346 12 11 1500   -5.9  974.0    3.4  143.0  444.0  444.0
1992 346 12 11 1600   -5.4  974.1    2.7  146.0  444.0  444.0
1992 346 12 11 1700   -4.8  974.2    2.0  143.0  444.0  444.0
1992 346 12 11 1800  444.0  974.5    1.2  136.0  444.0  444.0
1992 346 12 11 1900  444.0  974.6    0.0    0.0  444.0  444.0
1992 346 12 11 2000   -2.4  974.7    0.7  185.0  444.0  444.0
1992 346 12 11 2100   -3.1  974.6    2.2  135.0  444.0  444.0
1992 346 12 11 2200   -3.1  974.5    3.2  127.0  444.0  444.0
1992 346 12 11 2300   -3.9  974.7    3.7  126.0  444.0  444.0
1992 347 12 12 0000   -3.9  974.7    4.2  135.0  444.0  444.0
1992 347 12 12 0100   -4.0  974.8    3.4  129.0  444.0  444.0
1992 347 12 12 0200   -4.5  974.9    2.9  126.0  444.0  444.0
1992 347 12 12 0300   -5.1  975.1    2.9  143.0  444.0  444.0
1992 347 12 12 0400   -5.1  975.0    4.2  129.0  444.0  444.0
1992 347 12 12 0500   -5.3  975.2    4.4  140.0  444.0  444.0
1992 347 12 12 0600   -5.4  975.3    2.7  133.0  444.0  444.0
1992 347 12 12 0700   -5.4  975.5    4.4  144.0  444.0  444.0
1992 347 12 12 0800   -5.1  975.5    3.2  147.0  444.0  444.0
1992 347 12 12 0900   -5.4  975.7    1.7  189.0  444.0  444.0
1992 347 12 12 1000   -4.9  975.7    2.0  144.0  444.0  444.0
1992 347 12 12 1100   -4.9  975.5    2.2  158.0  444.0  444.0
1992 347 12 12 1200   -4.4  975.2    1.7  160.0  444.0  444.0
1992 347 12 12 1300  444.0  974.9    1.2  175.0  444.0  444.0
1992 347 12 12 1400  444.0  974.8    0.7  111.0  444.0  444.0
1992 347 12 12 1500  444.0  974.6    0.0    0.0  444.0  444.0
1992 347 12 12 1600  444.0  974.5    0.2   23.0  444.0  444.0
1992 347 12 12 1700   -5.1  974.4    1.0  360.0  444.0  444.0
1992 347 12 12 1800   -4.9  974.3    0.7  355.0  444.0  444.0
1992 347 12 12 1900   -4.3  974.2    0.5  360.0  444.0  444.0
1992 347 12 12 2000   -3.9  974.1    1.0  355.0  444.0  444.0
1992 347 12 12 2100   -3.1  974.0    0.2   28.0  444.0  444.0
1992 347 12 12 2200   -3.1  973.9    2.0  360.0  444.0  444.0
1992 347 12 12 2300   -2.9  973.8    1.5    4.0  444.0  444.0
1992 348 12 13 0000   -2.3  973.8    1.5    7.0  444.0  444.0
1992 348 12 13 0100   -2.3  973.6    2.7    4.0  444.0  444.0
1992 348 12 13 0200   -2.6  973.4    2.5  345.0  444.0  444.0
1992 348 12 13 0300   -2.8  973.2    2.9    7.0  444.0  444.0
1992 348 12 13 0400   -2.9  973.2    1.7  355.0  444.0  444.0
1992 348 12 13 0500   -2.9  973.2    2.7    1.0  444.0  444.0
1992 348 12 13 0600   -2.9  973.0    1.5    5.0  444.0  444.0
1992 348 12 13 0700   -3.4  972.9    2.2  360.0  444.0  444.0
1992 348 12 13 0800   -3.5  972.9    2.5    2.0  444.0  444.0
1992 348 12 13 0900   -3.5  972.9    2.2  355.0  444.0  444.0
1992 348 12 13 1000   -3.6  973.1    2.2  355.0  444.0  444.0
1992 348 12 13 1100   -3.6  973.2    2.0    1.0  444.0  444.0
1992 348 12 13 1200   -3.5  973.2    0.7  360.0  444.0  444.0
1992 348 12 13 1300   -3.5  973.1    0.0    0.0  444.0  444.0
1992 348 12 13 1400   -3.5  972.9    0.7  307.0  444.0  444.0
1992 348 12 13 1500   -3.8  972.8    1.7  282.0  444.0  444.0
1992 348 12 13 1600   -3.5  972.9    1.5  282.0  444.0  444.0
1992 348 12 13 1700   -3.4  972.9    1.7  324.0  444.0  444.0
1992 348 12 13 1800   -3.4  972.9    0.5  275.0  444.0  444.0
1992 348 12 13 1900   -2.9  973.0    0.0    0.0  444.0  444.0
1992 348 12 13 2000   -2.8  973.0    1.2  307.0  444.0  444.0
1992 348 12 13 2100   -2.8  973.2    1.2  357.0  444.0  444.0
1992 348 12 13 2200   -2.3  973.2    0.7  293.0  444.0  444.0
1992 348 12 13 2300   -2.4  973.3    2.0    8.0  444.0  444.0
1992 349 12 14 0000   -2.8  973.3    2.5  355.0  444.0  444.0
1992 349 12 14 0100   -2.1  973.4    1.5   33.0  444.0  444.0
1992 349 12 14 0200   -2.4  973.5    1.5   12.0  444.0  444.0
1992 349 12 14 0300   -2.5  973.5    1.2   37.0  444.0  444.0
1992 349 12 14 0400   -2.3  973.4    1.0   22.0  444.0  444.0
1992 349 12 14 0500   -2.3  973.4    1.5   11.0  444.0  444.0
1992 349 12 14 0600   -2.4  973.4    1.5   87.0  444.0  444.0
1992 349 12 14 0700   -2.8  973.4    1.0   50.0  444.0  444.0
1992 349 12 14 0800   -3.1  973.4    0.0    0.0  444.0  444.0
1992 349 12 14 0900   -3.5  973.4    1.5   21.0  444.0  444.0
1992 349 12 14 1000   -3.5  973.4    0.5   21.0  444.0  444.0
1992 349 12 14 1100   -3.6  973.4    1.0    1.0  444.0  444.0
1992 349 12 14 1200   -4.0  973.4    0.5  337.0  444.0  444.0
1992 349 12 14 1300   -3.1  973.1    0.7  357.0  444.0  444.0
1992 349 12 14 1400   -3.9  972.9    1.5  257.0  444.0  444.0
1992 349 12 14 1500  444.0  972.6    1.2  250.0  444.0  444.0
1992 349 12 14 1600   -3.1  972.3    1.0  288.0  444.0  444.0
1992 349 12 14 1700  444.0  972.3    1.0  260.0  444.0  444.0
1992 349 12 14 1800  444.0  972.1    0.5  241.0  444.0  444.0
1992 349 12 14 1900   -2.8  971.7    0.7  360.0  444.0  444.0
1992 349 12 14 2000  444.0  444.0  444.0  444.0  444.0  444.0
1992 349 12 14 2100   -2.1  971.3    1.5  326.0  444.0  444.0
1992 349 12 14 2200   -2.5  971.2    2.2  344.0  444.0  444.0
1992 349 12 14 2300   -3.1  971.0    2.0  344.0  444.0  444.0
1992 350 12 15 0000   -2.9  970.8    3.2   14.0  444.0  444.0
1992 350 12 15 0100  444.0  444.0  444.0  444.0  444.0  444.0
1992 350 12 15 0200   -2.4  970.5    2.7  347.0  444.0  444.0
1992 350 12 15 0300   -3.1  970.2    3.7  354.0  444.0  444.0
1992 350 12 15 0400   -2.8  970.1    3.2  350.0  444.0  444.0
1992 350 12 15 0500   -2.4  970.1    2.9  357.0  444.0  444.0
1992 350 12 15 0600   -3.4  970.1    2.2  341.0  444.0  444.0
1992 350 12 15 0700   -1.3  970.1    1.5  303.0  444.0  444.0
1992 350 12 15 0800  444.0  444.0  444.0  444.0  444.0  444.0
1992 350 12 15 0900   -1.4  969.8    2.5  320.0  444.0  444.0
1992 350 12 15 1000   -2.4  969.7    1.7  262.0  444.0  444.0
1992 350 12 15 1100   -3.5  969.7    2.0  264.0  444.0  444.0
1992 350 12 15 1200   -3.9  969.7    1.5  265.0  444.0  444.0
1992 350 12 15 1300   -4.0  969.8    2.5  247.0  444.0  444.0
1992 350 12 15 1400   -4.9  969.8    2.0  260.0  444.0  444.0
1992 350 12 15 1500   -5.4  969.5    2.2  254.0  444.0  444.0
1992 350 12 15 1600   -5.5  969.6    1.2  258.0  444.0  444.0
1992 350 12 15 1700   -4.5  969.7    2.0  295.0  444.0  444.0
1992 350 12 15 1800   -3.9  969.8    1.2  279.0  444.0  444.0
1992 350 12 15 1900   -3.5  969.8    1.0  351.0  444.0  444.0
1992 350 12 15 2000   -3.4  969.9    1.2   19.0  444.0  444.0
1992 350 12 15 2100   -3.4  969.9    1.5  355.0  444.0  444.0
1992 350 12 15 2200   -3.1  970.1    2.5   14.0  444.0  444.0
1992 350 12 15 2300   -2.5  970.2    2.2   25.0  444.0  444.0
1992 351 12 16 0000   -2.6  970.3    1.5  345.0  444.0  444.0
1992 351 12 16 0100  444.0  444.0  444.0  444.0  444.0  444.0
1992 351 12 16 0200   -1.9  970.3    1.7   12.0  444.0  444.0
1992 351 12 16 0300   -1.4  970.5    2.2    2.0  444.0  444.0
1992 351 12 16 0400  444.0  970.6    1.2    8.0  444.0  444.0
1992 351 12 16 0500  444.0  970.8    1.2    4.0  444.0  444.0
1992 351 12 16 0600  444.0  444.0  444.0  444.0  444.0  444.0
1992 351 12 16 0700  444.0  970.9    1.2   66.0  444.0  444.0
1992 351 12 16 0800   -3.4  971.1    3.2  113.0  444.0  444.0
1992 351 12 16 0900   -3.8  971.5    2.5  127.0  444.0  444.0
1992 351 12 16 1000   -4.0  971.8    1.7  133.0  444.0  444.0
1992 351 12 16 1100  444.0  444.0  444.0  444.0  444.0  444.0
1992 351 12 16 1200   -4.1  972.4    1.2  130.0  444.0  444.0
1992 351 12 16 1300   -5.4  972.6    3.9  137.0  444.0  444.0
1992 351 12 16 1400   -5.9  972.8    3.2  132.0  444.0  444.0
1992 351 12 16 1500   -6.0  973.1    3.2  129.0  444.0  444.0
1992 351 12 16 1600  444.0  444.0  444.0  444.0  444.0  444.0
1992 351 12 16 1700   -5.4  973.7    3.2  116.0  444.0  444.0
1992 351 12 16 1800   -6.4  974.0    3.2  125.0  444.0  444.0
1992 351 12 16 1900   -5.9  974.4    2.7  127.0  444.0  444.0
1992 351 12 16 2000   -4.3  974.7    1.5  119.0  444.0  444.0
1992 351 12 16 2100  444.0  444.0  444.0  444.0  444.0  444.0
1992 351 12 16 2200  444.0  974.9    1.2  115.0  444.0  444.0
1992 351 12 16 2300  444.0  444.0  444.0  444.0  444.0  444.0
1992 352 12 17 0000   -3.6  975.1    1.2   74.0  444.0  444.0
1992 352 12 17 0100  444.0  975.3    1.2   77.0  444.0  444.0
1992 352 12 17 0200  444.0  975.2    0.7  358.0  444.0  444.0
1992 352 12 17 0300   -2.8  975.3    2.7    1.0  444.0  444.0
1992 352 12 17 0400  444.0  444.0  444.0  444.0  444.0  444.0
1992 352 12 17 0500   -1.3  975.3    1.5  306.0  444.0  444.0
1992 352 12 17 0600   -2.8  975.5    2.5    2.0  444.0  444.0
1992 352 12 17 0700   -2.8  975.6    1.7    1.0  444.0  444.0
1992 352 12 17 0800   -2.5  975.7    2.7  354.0  444.0  444.0
1992 352 12 17 0900  444.0  444.0  444.0  444.0  444.0  444.0
1992 352 12 17 1000   -3.4  976.1    2.2  357.0  444.0  444.0
1992 352 12 17 1100  444.0  976.6    0.2    2.0  444.0  444.0
1992 352 12 17 1200  444.0  976.8    0.0    0.0  444.0  444.0
1992 352 12 17 1300   -4.5  976.9    0.0    0.0  444.0  444.0
1992 352 12 17 1400  444.0  444.0  444.0  444.0  444.0  444.0
1992 352 12 17 1500   -4.1  977.2    1.2  146.0  444.0  444.0
1992 352 12 17 1600  444.0  977.8    1.2  142.0  444.0  444.0
1992 352 12 17 1700  444.0  978.1    1.0  147.0  444.0  444.0
1992 352 12 17 1800   -2.3  978.4    1.7  140.0  444.0  444.0
1992 352 12 17 1900  444.0  444.0  444.0  444.0  444.0  444.0
1992 352 12 17 2000   -2.4  978.9    1.5  133.0  444.0  444.0
1992 352 12 17 2100   -2.6  979.2    1.5  116.0  444.0  444.0
1992 352 12 17 2200   -1.9  979.2    1.5  118.0  444.0  444.0
1992 352 12 17 2300   -1.6  979.4    0.7   82.0  444.0  444.0
1992 353 12 18 0000   -1.4  979.4    0.2   56.0  444.0  444.0
1992 353 12 18 0100   -1.8  979.3    1.0   40.0  444.0  444.0
1992 353 12 18 0200  444.0  444.0  444.0  444.0  444.0  444.0
1992 353 12 18 0300   -1.3  979.3    1.7   70.0  444.0  444.0
1992 353 12 18 0400   -0.8  979.2    1.2   59.0  444.0  444.0
1992 353 12 18 0500   -2.4  979.2    3.2   61.0  444.0  444.0
1992 353 12 18 0600   -2.8  979.5    2.9   91.0  444.0  444.0
1992 353 12 18 0700   -2.9  979.7    2.0   35.0  444.0  444.0
1992 353 12 18 0800   -3.1  980.1    2.9   85.0  444.0  444.0
1992 353 12 18 0900   -3.8  980.7    1.5   88.0  444.0  444.0
1992 353 12 18 1000   -4.8  981.0    3.2  119.0  444.0  444.0
1992 353 12 18 1100   -4.9  981.5    2.2  144.0  444.0  444.0
1992 353 12 18 1200   -5.5  981.8    2.7  122.0  444.0  444.0
1992 353 12 18 1300   -5.1  982.1    2.7  147.0  444.0  444.0
1992 353 12 18 1400   -5.1  982.2    2.9  126.0  444.0  444.0
1992 353 12 18 1500   -5.4  982.3    1.2  136.0  444.0  444.0
1992 353 12 18 1600   -4.9  982.4    0.7  113.0  444.0  444.0
1992 353 12 18 1700   -5.8  982.6    1.0  118.0  444.0  444.0
1992 353 12 18 1800   -4.6  982.9    0.7  352.0  444.0  444.0
1992 353 12 18 1900   -3.9  983.3    1.7  255.0  444.0  444.0
1992 353 12 18 2000   -3.5  983.2    1.5  277.0  444.0  444.0
1992 353 12 18 2100   -3.6  983.5    2.9  291.0  444.0  444.0
1992 353 12 18 2200   -3.4  983.5    2.0  327.0  444.0  444.0
1992 353 12 18 2300   -3.4  983.6    2.5  360.0  444.0  444.0
1992 354 12 19 0000   -3.1  983.9    2.5  344.0  444.0  444.0
1992 354 12 19 0100   -2.9  983.9    3.7  352.0  444.0  444.0
1992 354 12 19 0200   -2.8  984.0    2.5    9.0  444.0  444.0
1992 354 12 19 0300   -2.8  984.1    3.2  355.0  444.0  444.0
1992 354 12 19 0400   -1.6  984.5    2.9   14.0  444.0  444.0
1992 354 12 19 0500   -1.9  984.7    1.0  341.0  444.0  444.0
1992 354 12 19 0600   -2.3  984.5    2.0  354.0  444.0  444.0
1992 354 12 19 0700   -2.3  984.7    0.5   22.0  444.0  444.0
1992 354 12 19 0800   -1.5  984.8    2.2  334.0  444.0  444.0
1992 354 12 19 0900   -1.9  984.7    0.5   87.0  444.0  444.0
1992 354 12 19 1000   -2.3  984.9    1.7  136.0  444.0  444.0
1992 354 12 19 1100  444.0  985.2    0.7   95.0  444.0  444.0
1992 354 12 19 1200   -2.9  985.1    0.7   91.0  444.0  444.0
1992 354 12 19 1300   -2.9  985.2    0.5   16.0  444.0  444.0
1992 354 12 19 1400  444.0  985.0    0.0    0.0  444.0  444.0
1992 354 12 19 1500  444.0  984.8    0.2    1.0  444.0  444.0
1992 354 12 19 1600  444.0  984.6    0.2  345.0  444.0  444.0
1992 354 12 19 1700   -3.6  984.4    2.7  313.0  444.0  444.0
1992 354 12 19 1800   -3.0  984.3    2.2  295.0  444.0  444.0
1992 354 12 19 1900   -3.6  984.2    3.4  343.0  444.0  444.0
1992 354 12 19 2000   -2.9  984.1    2.9  317.0  444.0  444.0
1992 354 12 19 2100   -2.8  983.7    2.7  336.0  444.0  444.0
1992 354 12 19 2200   -2.4  983.5    3.2  357.0  444.0  444.0
1992 354 12 19 2300   -2.6  983.2    3.2  350.0  444.0  444.0
1992 355 12 20 0000   -2.6  983.1    3.2  350.0  444.0  444.0
1992 355 12 20 0100   -2.3  982.9    3.4  347.0  444.0  444.0
1992 355 12 20 0200   -1.8  982.6    2.9    1.0  444.0  444.0
1992 355 12 20 0300   -1.6  982.2    3.2  355.0  444.0  444.0
1992 355 12 20 0400   -1.9  981.9    4.2  352.0  444.0  444.0
1992 355 12 20 0500   -1.9  981.6    2.5  352.0  444.0  444.0
1992 355 12 20 0600   -1.9  981.7    2.2  352.0  444.0  444.0
1992 355 12 20 0700   -2.6  981.7    2.2  350.0  444.0  444.0
1992 355 12 20 0800   -1.9  981.7    1.7  347.0  444.0  444.0
1992 355 12 20 0900   -1.8  981.4    2.0  264.0  444.0  444.0
1992 355 12 20 1000   -1.8  981.1    2.2  253.0  444.0  444.0
1992 355 12 20 1100  444.0  981.1    1.0  324.0  444.0  444.0
1992 355 12 20 1200   -2.9  980.9    2.7  319.0  444.0  444.0
1992 355 12 20 1300   -3.5  980.6    2.7  340.0  444.0  444.0
1992 355 12 20 1400   -3.1  980.4    1.7  313.0  444.0  444.0
1992 355 12 20 1500   -3.1  980.2    2.7  333.0  444.0  444.0
1992 355 12 20 1600   -3.5  980.0    3.2  327.0  444.0  444.0
1992 355 12 20 1700   -3.1  979.9    3.2  323.0  444.0  444.0
1992 355 12 20 1800   -3.4  979.8    2.7  351.0  444.0  444.0
1992 355 12 20 1900   -2.8  979.5    3.2  320.0  444.0  444.0
1992 355 12 20 2000   -2.5  979.4    3.2  313.0  444.0  444.0
1992 355 12 20 2100   -2.3  979.0    3.2  316.0  444.0  444.0
1992 355 12 20 2200   -2.8  978.7    4.4  354.0  444.0  444.0
1992 355 12 20 2300   -2.3  978.5    4.2  333.0  444.0  444.0
1992 356 12 21 0000   -2.5  978.1    4.4  352.0  444.0  444.0
1992 356 12 21 0100   -2.1  978.0    2.9  340.0  444.0  444.0
1992 356 12 21 0200   -1.9  977.6    2.2  341.0  444.0  444.0
1992 356 12 21 0300   -1.8  977.1    4.4  347.0  444.0  444.0
1992 356 12 21 0400   -1.8  976.5    4.2  352.0  444.0  444.0
1992 356 12 21 0500   -2.3  976.2    3.9  347.0  444.0  444.0
1992 356 12 21 0600   -2.4  976.1    4.7  341.0  444.0  444.0
1992 356 12 21 0700   -2.3  975.8    3.9  347.0  444.0  444.0
1992 356 12 21 0800   -2.6  975.5    3.7  347.0  444.0  444.0
1992 356 12 21 0900   -2.9  975.5    2.9  343.0  444.0  444.0
1992 356 12 21 1000   -3.0  975.3    2.5  315.0  444.0  444.0
1992 356 12 21 1100   -3.4  975.1    2.2  333.0  444.0  444.0
1992 356 12 21 1200   -3.9  975.0    1.7  348.0  444.0  444.0
1992 356 12 21 1300   -4.0  974.9    1.0  331.0  444.0  444.0
1992 356 12 21 1400   -3.6  974.7    0.5  268.0  444.0  444.0
1992 356 12 21 1500  444.0  974.6    0.0    0.0  444.0  444.0
1992 356 12 21 1600  444.0  974.6    0.2  296.0  444.0  444.0
1992 356 12 21 1700   -3.4  974.4    0.7  341.0  444.0  444.0
1992 356 12 21 1800   -4.0  974.5    1.0    8.0  444.0  444.0
1992 356 12 21 1900   -3.4  974.7    2.2   12.0  444.0  444.0
1992 356 12 21 2000   -2.9  974.8    2.0  352.0  444.0  444.0
1992 356 12 21 2100   -2.6  974.9    2.5  350.0  444.0  444.0
1992 356 12 21 2200   -1.9  975.1    3.7  345.0  444.0  444.0
1992 356 12 21 2300   -2.4  975.4    2.9  358.0  444.0  444.0
1992 357 12 22 0000   -2.6  975.5    2.9  355.0  444.0  444.0
1992 357 12 22 0100   -2.6  975.7    2.2  351.0  444.0  444.0
1992 357 12 22 0200   -2.3  975.8    0.7  345.0  444.0  444.0
1992 357 12 22 0300  444.0  444.0  444.0  444.0  444.0  444.0
1992 357 12 22 0400   -1.8  975.7    3.9  348.0  444.0  444.0
1992 357 12 22 0500   -2.0  976.1    2.2  351.0  444.0  444.0
1992 357 12 22 0600   -1.4  976.4    2.9    7.0  444.0  444.0
1992 357 12 22 0700   -1.3  976.7    2.0  360.0  444.0  444.0
1992 357 12 22 0800   -1.5  977.0    2.2  352.0  444.0  444.0
1992 357 12 22 0900   -1.5  977.1    1.2  357.0  444.0  444.0
1992 357 12 22 1000   -1.8  977.4    1.5  254.0  444.0  444.0
1992 357 12 22 1100   -2.3  977.6    1.5  248.0  444.0  444.0
1992 357 12 22 1200   -2.3  977.7    1.7  240.0  444.0  444.0
1992 357 12 22 1300   -2.9  978.2    1.0  106.0  444.0  444.0
1992 357 12 22 1400   -3.8  978.6    0.7  101.0  444.0  444.0
1992 357 12 22 1500   -4.6  979.2    1.2  104.0  444.0  444.0
1992 357 12 22 1600   -4.9  979.6    1.5  120.0  444.0  444.0
1992 357 12 22 1700   -5.1  980.0    3.4  130.0  444.0  444.0
1992 357 12 22 1800   -5.9  980.5    4.4  129.0  444.0  444.0
1992 357 12 22 1900   -5.9  981.1    4.7  136.0  444.0  444.0
1992 357 12 22 2000   -5.5  981.4    4.9  133.0  444.0  444.0
1992 357 12 22 2100   -5.8  982.1    4.9  132.0  444.0  444.0
1992 357 12 22 2200   -5.3  982.8    4.7  144.0  444.0  444.0
1992 357 12 22 2300   -4.3  983.2    3.2  129.0  444.0  444.0
1992 358 12 23 0000   -3.8  983.5    5.4  133.0  444.0  444.0
1992 358 12 23 0100   -3.6  983.7    5.6  140.0  444.0  444.0
1992 358 12 23 0200   -3.9  984.1    4.2  135.0  444.0  444.0
1992 358 12 23 0300  444.0  444.0  444.0  444.0  444.0  444.0
1992 358 12 23 0400   -4.0  984.8    5.9  135.0  444.0  444.0
1992 358 12 23 0500   -4.1  985.2    4.4  135.0  444.0  444.0
1992 358 12 23 0600   -4.0  985.3    5.4  143.0  444.0  444.0
1992 358 12 23 0700   -4.9  986.1    4.4  146.0  444.0  444.0
1992 358 12 23 0800   -5.5  986.7    4.9  139.0  444.0  444.0
1992 358 12 23 0900   -5.5  987.0    5.9  139.0  444.0  444.0
1992 358 12 23 1000   -6.0  987.2    6.4  144.0  444.0  444.0
1992 358 12 23 1100   -6.5  987.7    3.7  142.0  444.0  444.0
1992 358 12 23 1200   -6.9  987.8    4.4  147.0  444.0  444.0
1992 358 12 23 1300   -6.9  987.7    4.9  137.0  444.0  444.0
1992 358 12 23 1400   -7.6  987.9    7.1  154.0  444.0  444.0
1992 358 12 23 1500   -7.5  987.9    5.9  132.0  444.0  444.0
1992 358 12 23 1600   -7.9  988.3    4.2  154.0  444.0  444.0
1992 358 12 23 1700   -7.5  988.0    4.4  139.0  444.0  444.0
1992 358 12 23 1800   -7.5  988.3    5.4  149.0  444.0  444.0
1992 358 12 23 1900   -7.3  988.7    4.7  137.0  444.0  444.0
1992 358 12 23 2000   -7.8  988.6    5.6  136.0  444.0  444.0
1992 358 12 23 2100   -7.6  988.4    6.4  147.0  444.0  444.0
1992 358 12 23 2200   -7.5  988.6    5.4  139.0  444.0  444.0
1992 358 12 23 2300   -6.6  988.5    6.1  135.0  444.0  444.0
1992 359 12 24 0000   -7.3  988.0    6.1  127.0  444.0  444.0
1992 359 12 24 0100   -7.1  988.1    6.9  132.0  444.0  444.0
1992 359 12 24 0200   -6.6  988.1    5.4  139.0  444.0  444.0
1992 359 12 24 0300   -6.3  987.7    6.4  133.0  444.0  444.0
1992 359 12 24 0400   -7.0  987.7    5.9  143.0  444.0  444.0
1992 359 12 24 0500  444.0  444.0  444.0  444.0  444.0  444.0
1992 359 12 24 0600   -7.0  987.4    4.9  133.0  444.0  444.0
1992 359 12 24 0700   -7.8  987.5    4.2  127.0  444.0  444.0
1992 359 12 24 0800   -7.8  987.7    4.4  150.0  444.0  444.0
1992 359 12 24 0900   -7.9  987.6    4.7  149.0  444.0  444.0
1992 359 12 24 1000   -8.1  987.4    3.4  146.0  444.0  444.0
1992 359 12 24 1100   -7.6  987.4    4.7  144.0  444.0  444.0
1992 359 12 24 1200   -7.9  987.1    6.1  150.0  444.0  444.0
1992 359 12 24 1300   -7.6  986.8    4.2  167.0  444.0  444.0
1992 359 12 24 1400   -7.6  986.4    4.2  180.0  444.0  444.0
1992 359 12 24 1500   -7.8  986.0    5.6  156.0  444.0  444.0
1992 359 12 24 1600   -7.8  985.9    3.9  150.0  444.0  444.0
1992 359 12 24 1700   -7.3  985.7    3.9  140.0  444.0  444.0
1992 359 12 24 1800   -7.3  985.4    4.9  157.0  444.0  444.0
1992 359 12 24 1900   -7.0  985.1    5.4  158.0  444.0  444.0
1992 359 12 24 2000   -6.9  984.6    5.9  153.0  444.0  444.0
1992 359 12 24 2100   -6.8  984.0    3.2  143.0  444.0  444.0
1992 359 12 24 2200   -6.5  983.3    4.4  140.0  444.0  444.0
1992 359 12 24 2300   -6.9  983.2    4.4  146.0  444.0  444.0
1992 360 12 25 0000   -6.5  982.5    3.9  130.0  444.0  444.0
1992 360 12 25 0100   -6.4  981.8    3.9  135.0  444.0  444.0
1992 360 12 25 0200   -6.3  981.0    3.4  132.0  444.0  444.0
1992 360 12 25 0300   -5.9  980.1    3.2  119.0  444.0  444.0
1992 360 12 25 0400   -5.9  979.4    4.2  126.0  444.0  444.0
1992 360 12 25 0500   -5.8  979.0    3.4  136.0  444.0  444.0
1992 360 12 25 0600  444.0  444.0  444.0  444.0  444.0  444.0
1992 360 12 25 0700   -5.5  977.9    1.7  123.0  444.0  444.0
1992 360 12 25 0800   -5.1  977.2    1.2  119.0  444.0  444.0
1992 360 12 25 0900   -5.1  976.4    1.0  111.0  444.0  444.0
1992 360 12 25 1000   -4.1  975.4    1.5  306.0  444.0  444.0
1992 360 12 25 1100  444.0  444.0  444.0  444.0  444.0  444.0
1992 360 12 25 1200   -4.0  973.5    3.2  251.0  444.0  444.0
1992 360 12 25 1300  444.0  972.8    1.2  251.0  444.0  444.0
1992 360 12 25 1400  444.0  972.0    0.0    0.0  444.0  444.0
1992 360 12 25 1500  444.0  971.2    0.7  227.0  444.0  444.0
1992 360 12 25 1600   -5.5  970.7    2.2  135.0  444.0  444.0
1992 360 12 25 1700   -6.6  970.4    2.0  153.0  444.0  444.0
1992 360 12 25 1800  444.0  970.1    0.5  122.0  444.0  444.0
1992 360 12 25 1900   -2.8  969.6    1.5  136.0  444.0  444.0
1992 360 12 25 2000   -3.9  969.2    1.5  142.0  444.0  444.0
1992 360 12 25 2100   -5.1  968.9    1.5  125.0  444.0  444.0
1992 360 12 25 2200   -3.5  968.6    1.5  133.0  444.0  444.0
1992 360 12 25 2300  444.0  444.0  444.0  444.0  444.0  444.0
1992 361 12 26 0000  444.0  968.0    0.2  340.0  444.0  444.0
1992 361 12 26 0100   -2.3  967.7    1.7   11.0  444.0  444.0
1992 361 12 26 0200  444.0  967.2    0.5  351.0  444.0  444.0
1992 361 12 26 0300   -1.0  967.0    1.7    4.0  444.0  444.0
1992 361 12 26 0400  444.0  444.0  444.0  444.0  444.0  444.0
1992 361 12 26 0500   -0.5  966.7    2.0  357.0  444.0  444.0
1992 361 12 26 0600   -1.1  966.8    2.5  327.0  444.0  444.0
1992 361 12 26 0700   -0.1  966.5    2.0  306.0  444.0  444.0
1992 361 12 26 0800   -2.8  966.4    2.9  343.0  444.0  444.0
1992 361 12 26 0900  444.0  444.0  444.0  444.0  444.0  444.0
1992 361 12 26 1000   -2.8  966.1    2.5  344.0  444.0  444.0
1992 361 12 26 1100   -4.0  966.0    2.0  340.0  444.0  444.0
1992 361 12 26 1200   -4.0  966.4    1.2  351.0  444.0  444.0
1992 361 12 26 1300  444.0  966.8    0.0    0.0  444.0  444.0
1992 361 12 26 1400  444.0  966.9    0.5   74.0  444.0  444.0
1992 361 12 26 1500   -1.0  967.4    0.2  151.0  444.0  444.0
1992 361 12 26 1600   -0.8  967.5    2.5  122.0  444.0  444.0
1992 361 12 26 1700   -2.8  967.9    1.0  140.0  444.0  444.0
1992 361 12 26 1800   -3.4  968.4    2.0  123.0  444.0  444.0
1992 361 12 26 1900  444.0  969.0    1.2  151.0  444.0  444.0
1992 361 12 26 2000  444.0  969.2    0.7  136.0  444.0  444.0
1992 361 12 26 2100  444.0  444.0  444.0  444.0  444.0  444.0
1992 361 12 26 2200    0.8  969.8    3.4  142.0  444.0  444.0
1992 361 12 26 2300    0.1  970.3    2.2  112.0  444.0  444.0
1992 362 12 27 0000    0.0  970.6    2.0  116.0  444.0  444.0
1992 362 12 27 0100    0.5  970.6    0.7   50.0  444.0  444.0
1992 362 12 27 0200  444.0  444.0  444.0  444.0  444.0  444.0
1992 362 12 27 0300    1.0  970.2    1.0  352.0  444.0  444.0
1992 362 12 27 0400    0.9  970.5    2.2   21.0  444.0  444.0
1992 362 12 27 0500    1.8  970.8    1.2   97.0  444.0  444.0
1992 362 12 27 0600  444.0  970.9    1.2   82.0  444.0  444.0
1992 362 12 27 0700  444.0  971.3    1.2  140.0  444.0  444.0
1992 362 12 27 0800  444.0  971.4    0.0    0.0  444.0  444.0
1992 362 12 27 0900  444.0  971.7    1.0   21.0  444.0  444.0
1992 362 12 27 1000   -1.4  971.9    1.0  343.0  444.0  444.0
1992 362 12 27 1100  444.0  972.3    1.0  284.0  444.0  444.0
1992 362 12 27 1200   -1.4  972.4    2.2  352.0  444.0  444.0
1992 362 12 27 1300   -1.3  972.4    1.0  322.0  444.0  444.0
1992 362 12 27 1400  444.0  972.1    0.0    0.0  444.0  444.0
1992 362 12 27 1500  444.0  971.9    0.7   88.0  444.0  444.0
1992 362 12 27 1600   -0.5  971.1    1.5  255.0  444.0  444.0
1992 362 12 27 1700  444.0  444.0  444.0  444.0  444.0  444.0
1992 362 12 27 1800    0.1  970.2    1.0  291.0  444.0  444.0
1992 362 12 27 1900    0.8  969.6    1.0  295.0  444.0  444.0
1992 362 12 27 2000    0.8  968.8    1.2  341.0  444.0  444.0
1992 362 12 27 2100    1.1  967.8    2.5  347.0  444.0  444.0
1992 362 12 27 2200  444.0  444.0  444.0  444.0  444.0  444.0
1992 362 12 27 2300  444.0  967.1    1.2    2.0  444.0  444.0
1992 363 12 28 0000  444.0  444.0  444.0  444.0  444.0  444.0
1992 363 12 28 0100    3.4  965.9    0.7   15.0  444.0  444.0
1992 363 12 28 0200  444.0  965.1    1.0   36.0  444.0  444.0
1992 363 12 28 0300    1.4  964.7    1.2   22.0  444.0  444.0
1992 363 12 28 0400    3.5  964.6    0.5   21.0  444.0  444.0
1992 363 12 28 0500  444.0  444.0  444.0  444.0  444.0  444.0
1992 363 12 28 0600    1.1  964.7    1.5  360.0  444.0  444.0
1992 363 12 28 0700    1.0  964.7    1.7  348.0  444.0  444.0
1992 363 12 28 0800    1.9  964.8    1.2   71.0  444.0  444.0
1992 363 12 28 0900    1.1  964.8    1.0  102.0  444.0  444.0
1992 363 12 28 1000    0.8  965.1    4.7  150.0  444.0  444.0
1992 363 12 28 1100   -1.8  965.8    3.9  137.0  444.0  444.0
1992 363 12 28 1200  444.0  444.0  444.0  444.0  444.0  444.0
1992 363 12 28 1300   -1.0  966.8    4.4  147.0  444.0  444.0
1992 363 12 28 1400   -0.5  966.9    5.4  147.0  444.0  444.0
1992 363 12 28 1500   -0.4  967.4    2.7  161.0  444.0  444.0
1992 363 12 28 1600    0.5  967.9    4.2  142.0  444.0  444.0
1992 363 12 28 1700  444.0  444.0  444.0  444.0  444.0  444.0
1992 363 12 28 1800   -0.1  968.8    1.7  147.0  444.0  444.0
1992 363 12 28 1900  444.0  969.3    1.0  112.0  444.0  444.0
1992 363 12 28 2000   -1.8  969.6    1.2   12.0  444.0  444.0
1992 363 12 28 2100    0.3  969.9    2.0  302.0  444.0  444.0
1992 363 12 28 2200  444.0  444.0  444.0  444.0  444.0  444.0
1992 363 12 28 2300    1.4  970.4    2.5  354.0  444.0  444.0
1992 364 12 29 0000    1.8  970.9    3.2  357.0  444.0  444.0
1992 364 12 29 0100    1.9  971.0    2.7  352.0  444.0  444.0
1992 364 12 29 0200    1.8  971.1    2.2  345.0  444.0  444.0
1992 364 12 29 0300    2.3  971.1    2.2  360.0  444.0  444.0
1992 364 12 29 0400    3.3  971.0    2.9  300.0  444.0  444.0
1992 364 12 29 0500    3.3  971.3    1.7  291.0  444.0  444.0
1992 364 12 29 0600    2.5  971.5    1.7  360.0  444.0  444.0
1992 364 12 29 0700    4.4  971.7    1.2  267.0  444.0  444.0
1992 364 12 29 0800  444.0  972.0    1.0    4.0  444.0  444.0
1992 364 12 29 0900    0.5  972.5    1.7  129.0  444.0  444.0
1992 364 12 29 1000    0.1  972.9    1.7  119.0  444.0  444.0
1992 364 12 29 1100   -0.8  973.4    1.5   80.0  444.0  444.0
1992 364 12 29 1200   -1.0  973.8    1.0   91.0  444.0  444.0
1992 364 12 29 1300   -1.4  974.0    0.5   36.0  444.0  444.0
1992 364 12 29 1400   -1.5  974.2    0.7    1.0  444.0  444.0
1992 364 12 29 1500   -1.6  974.4    1.7  357.0  444.0  444.0
1992 364 12 29 1600   -1.8  974.7    1.2   33.0  444.0  444.0
1992 364 12 29 1700   -2.3  975.1    2.0  120.0  444.0  444.0
1992 364 12 29 1800   -2.4  975.6    1.5  142.0  444.0  444.0
1992 364 12 29 1900   -1.8  975.8    2.5  135.0  444.0  444.0
1992 364 12 29 2000  444.0  444.0  444.0  444.0  444.0  444.0
1992 364 12 29 2100   -1.0  976.6    2.2  129.0  444.0  444.0
1992 364 12 29 2200   -1.4  977.1    3.4  147.0  444.0  444.0
1992 364 12 29 2300   -1.4  977.5    4.2  144.0  444.0  444.0
1992 365 12 30 0000   -1.8  978.1    3.7  137.0  444.0  444.0
1992 365 12 30 0100   -1.6  978.2    3.7  133.0  444.0  444.0
1992 365 12 30 0200   -1.1  978.3    3.9  143.0  444.0  444.0
1992 365 12 30 0300   -1.1  978.6    3.7  150.0  444.0  444.0
1992 365 12 30 0400   -1.3  978.7    3.2  146.0  444.0  444.0
1992 365 12 30 0500   -1.3  979.0    2.5  139.0  444.0  444.0
1992 365 12 30 0600   -1.8  979.3    2.2  122.0  444.0  444.0
1992 365 12 30 0700   -1.8  979.5    3.2  130.0  444.0  444.0
1992 365 12 30 0800   -2.3  979.9    2.5  136.0  444.0  444.0
1992 365 12 30 0900   -2.3  980.1    2.7  120.0  444.0  444.0
1992 365 12 30 1000   -2.5  980.4    1.0  130.0  444.0  444.0
1992 365 12 30 1100   -2.8  980.7    1.0  143.0  444.0  444.0
1992 365 12 30 1200   -2.5  980.9    2.0  119.0  444.0  444.0
1992 365 12 30 1300   -2.9  981.1    1.0  136.0  444.0  444.0
1992 365 12 30 1400   -3.0  981.3    1.2  133.0  444.0  444.0
1992 365 12 30 1500   -2.9  981.6    1.5  108.0  444.0  444.0
1992 365 12 30 1600   -2.8  981.9    0.5  140.0  444.0  444.0
1992 365 12 30 1700   -1.9  982.2    1.0  122.0  444.0  444.0
1992 365 12 30 1800   -1.4  982.7    1.2  105.0  444.0  444.0
1992 365 12 30 1900   -1.0  982.9    1.2  154.0  444.0  444.0
1992 365 12 30 2000   -1.3  983.2    1.5  125.0  444.0  444.0
1992 365 12 30 2100  444.0  983.4    1.2  125.0  444.0  444.0
1992 365 12 30 2200    0.0  983.5    1.5  115.0  444.0  444.0
1992 365 12 30 2300    0.5  983.5    0.7  108.0  444.0  444.0
1992 366 12 31 0000    0.1  983.7    1.2   75.0  444.0  444.0
1992 366 12 31 0100  444.0  983.8    0.5   49.0  444.0  444.0
1992 366 12 31 0200    0.6  983.7    1.5    4.0  444.0  444.0
1992 366 12 31 0300  444.0  983.5    1.0  360.0  444.0  444.0
1992 366 12 31 0400    1.1  983.2    1.7  358.0  444.0  444.0
1992 366 12 31 0500    0.5  983.2    1.2    8.0  444.0  444.0
1992 366 12 31 0600  444.0  983.2    0.7  344.0  444.0  444.0
1992 366 12 31 0700    1.0  983.3    1.5   36.0  444.0  444.0
1992 366 12 31 0800    0.4  983.2    0.5    5.0  444.0  444.0
1992 366 12 31 0900    0.1  983.0    0.5   18.0  444.0  444.0
1992 366 12 31 1000  444.0  983.0    1.2  341.0  444.0  444.0
1992 366 12 31 1100  444.0  983.1    1.0   52.0  444.0  444.0
1992 366 12 31 1200  444.0  983.1    0.2   66.0  444.0  444.0
1992 366 12 31 1300  444.0  982.9    0.2  133.0  444.0  444.0
1992 366 12 31 1400  444.0  982.8    1.2  127.0  444.0  444.0
1992 366 12 31 1500   -2.5  982.8    1.0  136.0  444.0  444.0
1992 366 12 31 1600   -2.9  982.7    1.7  127.0  444.0  444.0
1992 366 12 31 1700   -3.5  982.6    2.7  123.0  444.0  444.0
1992 366 12 31 1800   -3.0  982.7    3.2  127.0  444.0  444.0
1992 366 12 31 1900   -2.4  982.9    2.5  146.0  444.0  444.0
1992 366 12 31 2000   -2.5  982.8    2.5  137.0  444.0  444.0
1992 366 12 31 2100   -2.8  983.1    2.9  132.0  444.0  444.0
1992 366 12 31 2200   -2.4  983.0    2.2  136.0  444.0  444.0
1992 366 12 31 2300  444.0  444.0  444.0  444.0  444.0  444.0
