Year: 1991  Month: 02  ID: MPT  ARGOS:  8906  Name: Marble Point        
Lat: 77.44S  Lon: 163.76E  Elev:  108m
1991  32  2  1 0000   -2.8  984.6    2.0  122.0  444.0  444.0
1991  32  2  1 0100   -3.1  985.3    2.7  123.0  444.0  444.0
1991  32  2  1 0200   -2.5  985.4    1.7  132.0  444.0  444.0
1991  32  2  1 0300   -1.9  985.8    2.7  126.0  444.0  444.0
1991  32  2  1 0400   -1.1  986.1    2.9    8.0  444.0  444.0
1991  32  2  1 0500   -1.0  986.4    2.2   11.0  444.0  444.0
1991  32  2  1 0600   -1.4  986.8    2.2  351.0  444.0  444.0
1991  32  2  1 0700   -1.1  986.9    2.9  244.0  444.0  444.0
1991  32  2  1 0800   -1.4  987.2    2.7  268.0  444.0  444.0
1991  32  2  1 0900  444.0  444.0  444.0  444.0  444.0  444.0
1991  32  2  1 1000   -1.9  987.9    1.0  261.0  444.0  444.0
1991  32  2  1 1100  444.0  988.0    0.2  360.0  444.0  444.0
1991  32  2  1 1200   -3.0  988.2    0.7  165.0  444.0  444.0
1991  32  2  1 1300   -3.8  988.2    2.0  137.0  444.0  444.0
1991  32  2  1 1400  444.0  444.0  444.0  444.0  444.0  444.0
1991  32  2  1 1500   -3.5  988.7    2.2  153.0  444.0  444.0
1991  32  2  1 1600   -3.6  988.6    3.4  136.0  444.0  444.0
1991  32  2  1 1700   -4.0  988.9    3.9  146.0  444.0  444.0
1991  32  2  1 1800   -4.0  989.1    3.7  137.0  444.0  444.0
1991  32  2  1 1900  444.0  444.0  444.0  444.0  444.0  444.0
1991  32  2  1 2000   -3.8  989.5    3.2  146.0  444.0  444.0
1991  32  2  1 2100   -4.4  989.4    3.7  115.0  444.0  444.0
1991  32  2  1 2200   -4.1  989.5    3.4  136.0  444.0  444.0
1991  32  2  1 2300   -4.1  989.1    5.9  122.0  444.0  444.0
1991  33  2  2 0000   -3.8  989.1    5.9  127.0  444.0  444.0
1991  33  2  2 0100   -4.0  989.1    4.9  140.0  444.0  444.0
1991  33  2  2 0200  444.0  444.0  444.0  444.0  444.0  444.0
1991  33  2  2 0300   -3.1  988.8    5.4  132.0  444.0  444.0
1991  33  2  2 0400   -2.8  988.9    5.1  151.0  444.0  444.0
1991  33  2  2 0500   -2.9  988.9    5.4  146.0  444.0  444.0
1991  33  2  2 0600   -3.1  989.1    4.7  154.0  444.0  444.0
1991  33  2  2 0700  444.0  444.0  444.0  444.0  444.0  444.0
1991  33  2  2 0800   -3.5  988.7    4.2  153.0  444.0  444.0
1991  33  2  2 0900   -4.0  988.5    4.9  153.0  444.0  444.0
1991  33  2  2 1000   -4.6  988.3    6.4  156.0  444.0  444.0
1991  33  2  2 1100   -5.1  988.2    6.4  146.0  444.0  444.0
1991  33  2  2 1200  444.0  444.0  444.0  444.0  444.0  444.0
1991  33  2  2 1300   -6.6  987.9    4.4  153.0  444.0  444.0
1991  33  2  2 1400   -6.5  987.6    3.9  142.0  444.0  444.0
1991  33  2  2 1500   -7.5  987.7    4.9  149.0  444.0  444.0
1991  33  2  2 1600   -7.3  987.6    4.9  139.0  444.0  444.0
1991  33  2  2 1700  444.0  444.0  444.0  444.0  444.0  444.0
1991  33  2  2 1800   -6.6  987.1    4.2  136.0  444.0  444.0
1991  33  2  2 1900   -6.3  987.0    5.6  139.0  444.0  444.0
1991  33  2  2 2000   -6.6  986.7    6.6  146.0  444.0  444.0
1991  33  2  2 2100   -6.4  986.5    5.9  140.0  444.0  444.0
1991  33  2  2 2200   -5.9  986.3    6.4  144.0  444.0  444.0
1991  33  2  2 2300   -6.3  986.1    4.7  132.0  444.0  444.0
1991  34  2  3 0000  444.0  444.0  444.0  444.0  444.0  444.0
1991  34  2  3 0100   -5.8  985.4    4.9  127.0  444.0  444.0
1991  34  2  3 0200   -6.0  985.1    4.4  133.0  444.0  444.0
1991  34  2  3 0300   -6.1  984.7    6.6  133.0  444.0  444.0
1991  34  2  3 0400   -6.0  984.4    5.6  137.0  444.0  444.0
1991  34  2  3 0500   -6.0  984.0    5.1  130.0  444.0  444.0
1991  34  2  3 0600   -5.3  983.8    5.9  136.0  444.0  444.0
1991  34  2  3 0700   -6.0  983.5    4.7  129.0  444.0  444.0
1991  34  2  3 0800   -6.5  983.4    5.9  133.0  444.0  444.0
1991  34  2  3 0900   -6.9  983.4    5.6  129.0  444.0  444.0
1991  34  2  3 1000   -7.3  983.4    5.1  140.0  444.0  444.0
1991  34  2  3 1100   -7.3  983.0    6.4  133.0  444.0  444.0
1991  34  2  3 1200   -7.4  983.1    6.1  130.0  444.0  444.0
1991  34  2  3 1300   -7.6  983.3    4.9  125.0  444.0  444.0
1991  34  2  3 1400   -7.9  983.2    4.9  126.0  444.0  444.0
1991  34  2  3 1500   -8.4  983.2    4.4  133.0  444.0  444.0
1991  34  2  3 1600   -7.8  983.1    5.1  135.0  444.0  444.0
1991  34  2  3 1700   -7.6  983.3    5.1  133.0  444.0  444.0
1991  34  2  3 1800   -7.8  983.4    4.9  137.0  444.0  444.0
1991  34  2  3 1900   -7.5  983.7    3.2  127.0  444.0  444.0
1991  34  2  3 2000   -7.6  983.8    2.2  122.0  444.0  444.0
1991  34  2  3 2100   -7.4  983.9    3.7  133.0  444.0  444.0
1991  34  2  3 2200   -6.6  984.3    2.7  129.0  444.0  444.0
1991  34  2  3 2300   -6.4  984.4    4.2  133.0  444.0  444.0
1991  35  2  4 0000   -6.5  984.6    3.9  136.0  444.0  444.0
1991  35  2  4 0100   -6.3  984.6    3.4  140.0  444.0  444.0
1991  35  2  4 0200   -6.1  984.8    5.1  109.0  444.0  444.0
1991  35  2  4 0300   -6.3  985.0    4.2  130.0  444.0  444.0
1991  35  2  4 0400   -6.0  985.2    4.7  137.0  444.0  444.0
1991  35  2  4 0500   -6.0  985.2    5.6  133.0  444.0  444.0
1991  35  2  4 0600   -5.8  985.4    4.7  135.0  444.0  444.0
1991  35  2  4 0700   -6.0  985.9    3.2  127.0  444.0  444.0
1991  35  2  4 0800   -5.5  986.0    3.2  119.0  444.0  444.0
1991  35  2  4 0900   -5.1  986.3    3.2  142.0  444.0  444.0
1991  35  2  4 1000   -6.0  986.4    3.7  126.0  444.0  444.0
1991  35  2  4 1100   -6.9  986.7    3.2  133.0  444.0  444.0
1991  35  2  4 1200   -6.5  986.8    2.9  129.0  444.0  444.0
1991  35  2  4 1300   -7.3  986.9    1.7  129.0  444.0  444.0
1991  35  2  4 1400   -7.1  986.8    1.5  139.0  444.0  444.0
1991  35  2  4 1500   -7.5  986.6    1.2  146.0  444.0  444.0
1991  35  2  4 1600  444.0  986.7    1.0  139.0  444.0  444.0
1991  35  2  4 1700  444.0  986.6    1.2  135.0  444.0  444.0
1991  35  2  4 1800   -6.4  986.5    1.7  147.0  444.0  444.0
1991  35  2  4 1900   -6.0  986.5    1.0  151.0  444.0  444.0
1991  35  2  4 2000   -5.5  986.4    1.5  136.0  444.0  444.0
1991  35  2  4 2100   -5.0  986.3    1.7  129.0  444.0  444.0
1991  35  2  4 2200   -4.5  986.3    1.5  154.0  444.0  444.0
1991  35  2  4 2300   -4.5  986.0    0.7  133.0  444.0  444.0
1991  36  2  5 0000   -4.1  985.9    2.2  140.0  444.0  444.0
1991  36  2  5 0100   -4.0  985.6    2.2  133.0  444.0  444.0
1991  36  2  5 0200   -3.6  985.3    2.5  130.0  444.0  444.0
1991  36  2  5 0300   -3.1  985.0    2.2  129.0  444.0  444.0
1991  36  2  5 0400   -2.8  984.8    2.7  140.0  444.0  444.0
1991  36  2  5 0500   -2.3  984.8    1.2   78.0  444.0  444.0
1991  36  2  5 0600   -3.1  984.9    1.5  341.0  444.0  444.0
1991  36  2  5 0700   -2.3  984.9    2.5   11.0  444.0  444.0
1991  36  2  5 0800   -2.5  985.0    2.2  352.0  444.0  444.0
1991  36  2  5 0900   -2.4  984.8    1.7  246.0  444.0  444.0
1991  36  2  5 1000   -4.1  984.7    1.2  194.0  444.0  444.0
1991  36  2  5 1100   -5.9  984.8    5.1  147.0  444.0  444.0
1991  36  2  5 1200   -6.1  984.8    5.4  140.0  444.0  444.0
1991  36  2  5 1300   -6.5  984.8    4.7  142.0  444.0  444.0
1991  36  2  5 1400   -6.8  984.7    4.9  140.0  444.0  444.0
1991  36  2  5 1500   -6.9  984.5    5.4  149.0  444.0  444.0
1991  36  2  5 1600   -7.5  984.3    5.1  137.0  444.0  444.0
1991  36  2  5 1700   -7.9  983.9    4.7  126.0  444.0  444.0
1991  36  2  5 1800   -8.6  983.8    4.7  127.0  444.0  444.0
1991  36  2  5 1900   -8.3  983.8    5.1  133.0  444.0  444.0
1991  36  2  5 2000   -8.1  983.6    4.4  122.0  444.0  444.0
1991  36  2  5 2100   -7.9  983.5    5.1  125.0  444.0  444.0
1991  36  2  5 2200   -6.9  983.5    4.2  132.0  444.0  444.0
1991  36  2  5 2300   -7.5  983.3    3.2  130.0  444.0  444.0
1991  37  2  6 0000   -7.5  983.1    2.7  112.0  444.0  444.0
1991  37  2  6 0100   -6.9  982.7    2.7  118.0  444.0  444.0
1991  37  2  6 0200   -6.4  982.1    2.7  127.0  444.0  444.0
1991  37  2  6 0300   -6.4  981.7    4.2  126.0  444.0  444.0
1991  37  2  6 0400   -6.4  981.3    3.4  129.0  444.0  444.0
1991  37  2  6 0500   -6.9  980.8    4.4  133.0  444.0  444.0
1991  37  2  6 0600   -6.8  980.5    4.4  135.0  444.0  444.0
1991  37  2  6 0700   -6.8  980.2    4.9  136.0  444.0  444.0
1991  37  2  6 0800   -7.0  979.9    4.4  139.0  444.0  444.0
1991  37  2  6 0900   -7.4  979.3    4.4  133.0  444.0  444.0
1991  37  2  6 1000   -8.3  979.0    4.2  151.0  444.0  444.0
1991  37  2  6 1100   -8.6  978.6    4.9  150.0  444.0  444.0
1991  37  2  6 1200   -8.8  978.1    5.6  144.0  444.0  444.0
1991  37  2  6 1300   -8.4  977.4    5.4  139.0  444.0  444.0
1991  37  2  6 1400   -8.6  976.9    5.6  144.0  444.0  444.0
1991  37  2  6 1500   -8.6  976.6    4.4  129.0  444.0  444.0
1991  37  2  6 1600   -8.6  976.1    5.1  129.0  444.0  444.0
1991  37  2  6 1700   -8.5  976.0    3.7  147.0  444.0  444.0
1991  37  2  6 1800   -7.9  975.2    5.9  147.0  444.0  444.0
1991  37  2  6 1900   -8.1  974.9    3.7  168.0  444.0  444.0
1991  37  2  6 2000   -7.5  974.7    3.2  132.0  444.0  444.0
1991  37  2  6 2100   -7.3  974.6    3.2  125.0  444.0  444.0
1991  37  2  6 2200   -7.0  974.5    5.9  132.0  444.0  444.0
1991  37  2  6 2300   -6.9  974.2    4.9  142.0  444.0  444.0
1991  38  2  7 0000   -6.0  974.2    3.9  126.0  444.0  444.0
1991  38  2  7 0100   -6.0  974.1    4.7  127.0  444.0  444.0
1991  38  2  7 0200   -6.4  974.3    3.7  133.0  444.0  444.0
1991  38  2  7 0300   -6.1  974.0    4.9  133.0  444.0  444.0
1991  38  2  7 0400   -6.1  974.0    4.7  119.0  444.0  444.0
1991  38  2  7 0500   -7.0  974.2    6.4  123.0  444.0  444.0
1991  38  2  7 0600   -7.0  974.5    5.1  133.0  444.0  444.0
1991  38  2  7 0700   -6.8  974.6    4.7  123.0  444.0  444.0
1991  38  2  7 0800   -7.0  975.1    4.9  132.0  444.0  444.0
1991  38  2  7 0900   -7.1  975.2    3.7  157.0  444.0  444.0
1991  38  2  7 1000   -7.4  975.3    3.7  144.0  444.0  444.0
1991  38  2  7 1100   -7.6  975.4    3.9  165.0  444.0  444.0
1991  38  2  7 1200   -7.6  975.4    4.9  170.0  444.0  444.0
1991  38  2  7 1300   -7.6  975.8    3.7  158.0  444.0  444.0
1991  38  2  7 1400   -7.8  975.9    3.7  151.0  444.0  444.0
1991  38  2  7 1500   -7.8  976.2    2.7  165.0  444.0  444.0
1991  38  2  7 1600   -8.1  976.6    1.0  219.0  444.0  444.0
1991  38  2  7 1700   -8.1  977.2    2.0  136.0  444.0  444.0
1991  38  2  7 1800   -7.6  977.7    2.7  153.0  444.0  444.0
1991  38  2  7 1900   -7.5  978.4    2.2  132.0  444.0  444.0
1991  38  2  7 2000   -7.3  979.2    3.2  142.0  444.0  444.0
1991  38  2  7 2100   -6.9  980.2    2.2  154.0  444.0  444.0
1991  38  2  7 2200   -6.6  981.1    2.0  158.0  444.0  444.0
1991  38  2  7 2300   -6.4  981.8    2.9  142.0  444.0  444.0
1991  39  2  8 0000   -6.3  982.7    3.7  146.0  444.0  444.0
1991  39  2  8 0100   -6.1  983.2    3.2  127.0  444.0  444.0
1991  39  2  8 0200   -5.5  983.9    3.7  149.0  444.0  444.0
1991  39  2  8 0300   -4.8  984.8    3.4  137.0  444.0  444.0
1991  39  2  8 0400   -4.8  985.2    3.2  115.0  444.0  444.0
1991  39  2  8 0500   -4.6  985.9    2.7  125.0  444.0  444.0
1991  39  2  8 0600   -4.9  986.6    3.9  119.0  444.0  444.0
1991  39  2  8 0700   -5.1  987.5    3.2  139.0  444.0  444.0
1991  39  2  8 0800   -5.4  988.1    2.9  154.0  444.0  444.0
1991  39  2  8 0900   -5.9  988.5    1.7  133.0  444.0  444.0
1991  39  2  8 1000   -5.9  989.1    1.5  157.0  444.0  444.0
1991  39  2  8 1100   -7.3  989.5    1.7  237.0  444.0  444.0
1991  39  2  8 1200   -7.5  989.7    1.7  262.0  444.0  444.0
1991  39  2  8 1300   -7.0  989.7    2.9  284.0  444.0  444.0
1991  39  2  8 1400   -7.3  989.7    1.2  270.0  444.0  444.0
1991  39  2  8 1500   -6.5  989.5    1.5  258.0  444.0  444.0
1991  39  2  8 1600   -6.5  989.3    2.5  213.0  444.0  444.0
1991  39  2  8 1700  444.0  989.1    1.2  286.0  444.0  444.0
1991  39  2  8 1800   -4.0  988.9    1.5    8.0  444.0  444.0
1991  39  2  8 1900   -4.6  988.7    1.2  303.0  444.0  444.0
1991  39  2  8 2000  444.0  988.7    0.0    0.0  444.0  444.0
1991  39  2  8 2100   -3.1  988.2    2.2  352.0  444.0  444.0
1991  39  2  8 2200   -3.5  987.8    2.0  337.0  444.0  444.0
1991  39  2  8 2300  444.0  444.0  444.0  444.0  444.0  444.0
1991  40  2  9 0000   -3.4  986.6    2.5  351.0  444.0  444.0
1991  40  2  9 0100   -3.4  986.1    1.5  350.0  444.0  444.0
1991  40  2  9 0200   -2.9  985.7    2.5  358.0  444.0  444.0
1991  40  2  9 0300   -2.8  985.2    2.5  358.0  444.0  444.0
1991  40  2  9 0400   -2.9  984.8    2.0  348.0  444.0  444.0
1991  40  2  9 0500   -2.0  984.2    1.5    2.0  444.0  444.0
1991  40  2  9 0600   -2.1  983.8    2.2   12.0  444.0  444.0
1991  40  2  9 0700   -1.0  983.0    0.5  210.0  444.0  444.0
1991  40  2  9 0800  444.0  982.3    0.0    0.0  444.0  444.0
1991  40  2  9 0900  444.0  981.6    0.5   87.0  444.0  444.0
1991  40  2  9 1000  444.0  981.4    0.0    0.0  444.0  444.0
1991  40  2  9 1100  444.0  981.0    0.5  185.0  444.0  444.0
1991  40  2  9 1200   -2.5  981.3    2.2  246.0  444.0  444.0
1991  40  2  9 1300   -2.0  981.0    7.8  177.0  444.0  444.0
1991  40  2  9 1400  444.0  981.0    1.0  241.0  444.0  444.0
1991  40  2  9 1500   -3.0  980.3    5.4  206.0  444.0  444.0
1991  40  2  9 1600  444.0  444.0  444.0  444.0  444.0  444.0
1991  40  2  9 1700   -2.8  980.8    7.1  142.0  444.0  444.0
1991  40  2  9 1800   -1.8  981.0    0.0    0.0  444.0  444.0
1991  40  2  9 1900   -1.9  444.0    7.4  160.0  444.0  444.0
1991  40  2  9 2000   -3.4  981.3    2.2  115.0  444.0  444.0
1991  40  2  9 2100  444.0  444.0  444.0  444.0  444.0  444.0
1991  40  2  9 2200   -3.4  982.4    4.7  127.0  444.0  444.0
1991  40  2  9 2300  444.0  444.0  444.0  444.0  444.0  444.0
1991  41  2 10 0000  444.0  444.0  444.0  444.0  444.0  444.0
1991  41  2 10 0100   -4.0  983.5    6.6  139.0  444.0  444.0
1991  41  2 10 0200  444.0  444.0  444.0  444.0  444.0  444.0
1991  41  2 10 0300   -3.9  984.2    6.4  147.0  444.0  444.0
1991  41  2 10 0400   -4.1  984.2    5.9  136.0  444.0  444.0
1991  41  2 10 0500   -3.9  984.2    7.1  146.0  444.0  444.0
1991  41  2 10 0600   -3.8  984.9    4.7  153.0  444.0  444.0
1991  41  2 10 0700   -3.6  985.2    3.2  149.0  444.0  444.0
1991  41  2 10 0800   -4.1  985.5    2.5  139.0  444.0  444.0
1991  41  2 10 0900  444.0  444.0  444.0  444.0  444.0  444.0
1991  41  2 10 1000   -4.6  985.3    1.7  153.0  444.0  444.0
1991  41  2 10 1100   -6.0  985.0    0.0    0.0  444.0  444.0
1991  41  2 10 1200   -6.5  985.0    0.5  234.0  444.0  444.0
1991  41  2 10 1300   -6.8  984.8    0.5  198.0  444.0  444.0
1991  41  2 10 1400  444.0  444.0  444.0  444.0  444.0  444.0
1991  41  2 10 1500   -6.5  984.3    0.0    0.0  444.0  444.0
1991  41  2 10 1600   -7.3  984.2    0.0    0.0  444.0  444.0
1991  41  2 10 1700   -6.5  984.0    1.2  213.0  444.0  444.0
1991  41  2 10 1800  444.0  984.2    0.0    0.0  444.0  444.0
1991  41  2 10 1900  444.0  444.0  444.0  444.0  444.0  444.0
1991  41  2 10 2000   -4.9  984.2    2.7  132.0  444.0  444.0
1991  41  2 10 2100   -4.9  984.2    2.5  105.0  444.0  444.0
1991  41  2 10 2200   -4.6  984.2    2.0  113.0  444.0  444.0
1991  41  2 10 2300   -4.5  984.3    1.0  132.0  444.0  444.0
1991  42  2 11 0000   -4.1  984.3    2.7  133.0  444.0  444.0
1991  42  2 11 0100   -4.1  984.2    3.2  118.0  444.0  444.0
1991  42  2 11 0200  444.0  444.0  444.0  444.0  444.0  444.0
1991  42  2 11 0300   -3.5  984.1    2.9  142.0  444.0  444.0
1991  42  2 11 0400   -3.1  984.0    1.7   87.0  444.0  444.0
1991  42  2 11 0500  444.0  983.9    1.2  106.0  444.0  444.0
1991  42  2 11 0600   -3.0  983.9    1.5  137.0  444.0  444.0
1991  42  2 11 0700  444.0  444.0  444.0  444.0  444.0  444.0
1991  42  2 11 0800   -3.8  983.5    2.2  144.0  444.0  444.0
1991  42  2 11 0900  444.0  983.5    1.0  129.0  444.0  444.0
1991  42  2 11 1000  444.0  983.4    0.0    0.0  444.0  444.0
1991  42  2 11 1100   -5.8  983.1    1.2  210.0  444.0  444.0
1991  42  2 11 1200  444.0  444.0  444.0  444.0  444.0  444.0
1991  42  2 11 1300   -5.8  983.3    1.7  158.0  444.0  444.0
1991  42  2 11 1400   -6.0  983.2    0.7  181.0  444.0  444.0
1991  42  2 11 1500   -6.3  983.1    0.7  217.0  444.0  444.0
1991  42  2 11 1600   -6.0  983.1    1.5  219.0  444.0  444.0
1991  42  2 11 1700  444.0  444.0  444.0  444.0  444.0  444.0
1991  42  2 11 1800   -4.6  983.2    1.2  192.0  444.0  444.0
1991  42  2 11 1900   -5.1  983.2    3.9  136.0  444.0  444.0
1991  42  2 11 2000   -4.6  983.1    2.7  140.0  444.0  444.0
1991  42  2 11 2100   -4.6  983.0    2.0  132.0  444.0  444.0
1991  42  2 11 2200   -4.9  982.9    3.4  118.0  444.0  444.0
1991  42  2 11 2300   -5.3  982.8    2.2  102.0  444.0  444.0
1991  43  2 12 0000   -4.9  982.5    1.5  104.0  444.0  444.0
1991  43  2 12 0100   -4.8  982.2    2.0   90.0  444.0  444.0
1991  43  2 12 0200   -4.6  982.0    2.0  136.0  444.0  444.0
1991  43  2 12 0300   -4.6  981.8    2.5  139.0  444.0  444.0
1991  43  2 12 0400   -4.4  981.7    1.7  122.0  444.0  444.0
1991  43  2 12 0500  444.0  444.0  444.0  444.0  444.0  444.0
1991  43  2 12 0600   -4.9  981.3    1.5  105.0  444.0  444.0
1991  43  2 12 0700   -4.9  981.1    0.2  133.0  444.0  444.0
1991  43  2 12 0800   -4.9  980.9    1.2   59.0  444.0  444.0
1991  43  2 12 0900   -4.9  980.7    1.0  115.0  444.0  444.0
1991  43  2 12 1000   -5.0  980.7    1.7  135.0  444.0  444.0
1991  43  2 12 1100   -5.0  980.4    0.0    0.0  444.0  444.0
1991  43  2 12 1200   -5.4  980.1    0.2  358.0  444.0  444.0
1991  43  2 12 1300   -4.9  979.9    1.2  358.0  444.0  444.0
1991  43  2 12 1400   -5.3  979.8    0.0    0.0  444.0  444.0
1991  43  2 12 1500   -5.3  979.3    1.2  209.0  444.0  444.0
1991  43  2 12 1600   -5.3  979.0    0.0    0.0  444.0  444.0
1991  43  2 12 1700   -5.0  978.8    0.7  320.0  444.0  444.0
1991  43  2 12 1800  444.0  978.4    0.0    0.0  444.0  444.0
1991  43  2 12 1900   -4.3  978.5    1.5  126.0  444.0  444.0
1991  43  2 12 2000   -3.8  978.6    2.7  132.0  444.0  444.0
1991  43  2 12 2100  444.0  978.6    0.7   75.0  444.0  444.0
1991  43  2 12 2200   -2.9  978.3    1.2  130.0  444.0  444.0
1991  43  2 12 2300   -2.8  978.1    1.5  116.0  444.0  444.0
1991  44  2 13 0000   -2.8  977.6    1.5  338.0  444.0  444.0
1991  44  2 13 0100   -2.6  977.1    1.2  257.0  444.0  444.0
1991  44  2 13 0200  444.0  977.0    0.5  319.0  444.0  444.0
1991  44  2 13 0300   -1.9  976.7    1.7    1.0  444.0  444.0
1991  44  2 13 0400   -2.6  976.6    2.5    7.0  444.0  444.0
1991  44  2 13 0500  444.0  976.7    0.5    7.0  444.0  444.0
1991  44  2 13 0600   -1.8  976.6    1.2    4.0  444.0  444.0
1991  44  2 13 0700   -2.4  976.5    0.7   70.0  444.0  444.0
1991  44  2 13 0800   -3.1  976.6    2.9   82.0  444.0  444.0
1991  44  2 13 0900   -3.5  976.7    2.7   97.0  444.0  444.0
1991  44  2 13 1000   -4.3  976.6    2.5   98.0  444.0  444.0
1991  44  2 13 1100   -3.8  976.2    5.1  108.0  444.0  444.0
1991  44  2 13 1200   -4.3  976.3    4.9   94.0  444.0  444.0
1991  44  2 13 1300   -4.3  976.3    5.1  102.0  444.0  444.0
1991  44  2 13 1400   -4.1  975.9    6.1  101.0  444.0  444.0
1991  44  2 13 1500   -4.9  975.8    3.9   91.0  444.0  444.0
1991  44  2 13 1600   -4.9  975.6    5.4   95.0  444.0  444.0
1991  44  2 13 1700   -5.4  975.5    5.6   98.0  444.0  444.0
1991  44  2 13 1800   -5.0  975.5    5.1   77.0  444.0  444.0
1991  44  2 13 1900   -5.4  975.5    7.4  112.0  444.0  444.0
1991  44  2 13 2000   -5.4  975.5    7.6  105.0  444.0  444.0
1991  44  2 13 2100   -5.4  975.4    4.7   92.0  444.0  444.0
1991  44  2 13 2200   -4.8  975.4    5.1   92.0  444.0  444.0
1991  44  2 13 2300   -4.9  975.4    5.9   82.0  444.0  444.0
1991  45  2 14 0000   -5.1  975.5    5.6   84.0  444.0  444.0
1991  45  2 14 0100   -4.1  975.7    0.2   87.0  444.0  444.0
1991  45  2 14 0200   -4.8  975.4    4.4   84.0  444.0  444.0
1991  45  2 14 0300   -4.6  975.5    2.7   87.0  444.0  444.0
1991  45  2 14 0400   -4.5  975.7    2.0  149.0  444.0  444.0
1991  45  2 14 0500   -4.8  975.7    4.2  120.0  444.0  444.0
1991  45  2 14 0600   -5.3  975.5    4.2  106.0  444.0  444.0
1991  45  2 14 0700   -4.6  976.0    2.0  149.0  444.0  444.0
1991  45  2 14 0800   -4.5  976.2    2.7  158.0  444.0  444.0
1991  45  2 14 0900   -6.4  976.0    7.4   98.0  444.0  444.0
1991  45  2 14 1000   -6.4  976.4    4.4  123.0  444.0  444.0
1991  45  2 14 1100   -6.3  976.5    5.1  122.0  444.0  444.0
1991  45  2 14 1200   -6.3  976.6    3.7  101.0  444.0  444.0
1991  45  2 14 1300   -6.4  976.5    3.4  149.0  444.0  444.0
1991  45  2 14 1400   -6.8  976.5    2.2  172.0  444.0  444.0
1991  45  2 14 1500   -7.1  976.2    2.2  195.0  444.0  444.0
1991  45  2 14 1600   -7.6  976.1    1.5  232.0  444.0  444.0
1991  45  2 14 1700   -6.9  975.9    1.5  227.0  444.0  444.0
1991  45  2 14 1800   -6.0  975.6    1.7  199.0  444.0  444.0
1991  45  2 14 1900   -5.9  975.5    1.5  213.0  444.0  444.0
1991  45  2 14 2000   -4.4  975.3    1.7  123.0  444.0  444.0
1991  45  2 14 2100   -4.1  975.3    0.5  115.0  444.0  444.0
1991  45  2 14 2200   -4.1  975.1    2.0  130.0  444.0  444.0
1991  45  2 14 2300   -4.6  975.0    1.7  125.0  444.0  444.0
1991  46  2 15 0000   -4.1  974.9    3.4  116.0  444.0  444.0
1991  46  2 15 0100   -4.4  974.7    3.4   90.0  444.0  444.0
1991  46  2 15 0200   -4.6  974.6    4.4  119.0  444.0  444.0
1991  46  2 15 0300   -4.6  974.6    4.9  120.0  444.0  444.0
1991  46  2 15 0400   -4.6  974.4    5.6  132.0  444.0  444.0
1991  46  2 15 0500   -5.4  974.2    4.2  140.0  444.0  444.0
1991  46  2 15 0600   -5.5  974.2    4.4  127.0  444.0  444.0
1991  46  2 15 0700   -6.1  974.4    4.9  156.0  444.0  444.0
1991  46  2 15 0800   -6.6  974.4    5.9  160.0  444.0  444.0
1991  46  2 15 0900   -7.3  974.5    5.4  167.0  444.0  444.0
1991  46  2 15 1000   -7.1  974.6    4.7  165.0  444.0  444.0
1991  46  2 15 1100   -7.1  974.6    5.1  154.0  444.0  444.0
1991  46  2 15 1200   -7.9  974.6    4.4  158.0  444.0  444.0
1991  46  2 15 1300   -8.5  974.7    4.2  164.0  444.0  444.0
1991  46  2 15 1400   -8.6  974.7    3.9  161.0  444.0  444.0
1991  46  2 15 1500   -8.5  974.7    5.6  168.0  444.0  444.0
1991  46  2 15 1600   -8.3  974.9    3.9  160.0  444.0  444.0
1991  46  2 15 1700   -8.1  974.8    3.9  157.0  444.0  444.0
1991  46  2 15 1800   -8.1  974.9    4.7  154.0  444.0  444.0
1991  46  2 15 1900   -7.8  975.1    3.4  163.0  444.0  444.0
1991  46  2 15 2000   -7.6  975.3    4.2  161.0  444.0  444.0
1991  46  2 15 2100   -7.5  975.5    3.4  147.0  444.0  444.0
1991  46  2 15 2200   -6.9  975.8    2.9  146.0  444.0  444.0
1991  46  2 15 2300   -6.8  975.8    2.2  123.0  444.0  444.0
1991  47  2 16 0000  444.0  976.0    0.0    0.0  444.0  444.0
1991  47  2 16 0100  444.0  975.9    0.0    0.0  444.0  444.0
1991  47  2 16 0200   -5.1  975.9    2.7  355.0  444.0  444.0
1991  47  2 16 0300   -4.3  975.9    1.5  222.0  444.0  444.0
1991  47  2 16 0400   -4.1  975.9    2.7  288.0  444.0  444.0
1991  47  2 16 0500  444.0  976.2    1.2  360.0  444.0  444.0
1991  47  2 16 0600   -5.3  976.1    2.9  350.0  444.0  444.0
1991  47  2 16 0700   -5.1  976.1    2.2  334.0  444.0  444.0
1991  47  2 16 0800   -5.4  976.3    1.7  296.0  444.0  444.0
1991  47  2 16 0900  444.0  976.5    0.0    0.0  444.0  444.0
1991  47  2 16 1000  444.0  976.4    1.0  215.0  444.0  444.0
1991  47  2 16 1100   -7.8  976.6    1.2  212.0  444.0  444.0
1991  47  2 16 1200   -7.6  976.9    2.2  201.0  444.0  444.0
1991  47  2 16 1300   -6.9  977.1    4.2  172.0  444.0  444.0
1991  47  2 16 1400   -7.0  976.7    2.7  151.0  444.0  444.0
1991  47  2 16 1500   -7.0  976.8    4.4  161.0  444.0  444.0
1991  47  2 16 1600   -7.3  976.9    5.1  120.0  444.0  444.0
1991  47  2 16 1700   -8.1  977.3    5.4  168.0  444.0  444.0
1991  47  2 16 1800   -7.9  977.4    5.1  157.0  444.0  444.0
1991  47  2 16 1900   -7.8  977.6    6.4  157.0  444.0  444.0
1991  47  2 16 2000  444.0  444.0  444.0  444.0  444.0  444.0
1991  47  2 16 2100   -8.1  977.7    6.4  140.0  444.0  444.0
1991  47  2 16 2200   -8.1  978.3    3.4  158.0  444.0  444.0
1991  47  2 16 2300   -8.3  978.4    4.4  154.0  444.0  444.0
1991  48  2 17 0000   -7.9  978.7    3.9  150.0  444.0  444.0
1991  48  2 17 0100   -7.8  978.7    2.2  149.0  444.0  444.0
1991  48  2 17 0200   -7.6  978.6    2.0  154.0  444.0  444.0
1991  48  2 17 0300   -7.4  978.4    2.2  147.0  444.0  444.0
1991  48  2 17 0400  444.0  978.5    1.0  129.0  444.0  444.0
1991  48  2 17 0500   -6.1  978.5    2.7  230.0  444.0  444.0
1991  48  2 17 0600  444.0  444.0  444.0  444.0  444.0  444.0
1991  48  2 17 0700   -6.5  978.0    3.7  262.0  444.0  444.0
1991  48  2 17 0800   -5.9  978.0    2.0  246.0  444.0  444.0
1991  48  2 17 0900   -5.9  978.0    1.5  243.0  444.0  444.0
1991  48  2 17 1000  444.0  978.1    0.7  158.0  444.0  444.0
1991  48  2 17 1100  444.0  978.2    1.0  164.0  444.0  444.0
1991  48  2 17 1200   -8.4  978.0    1.0  268.0  444.0  444.0
1991  48  2 17 1300   -8.1  978.0    3.9  160.0  444.0  444.0
1991  48  2 17 1400   -7.8  978.2    3.2  219.0  444.0  444.0
1991  48  2 17 1500   -7.9  978.2    0.5  229.0  444.0  444.0
1991  48  2 17 1600  444.0  978.2  444.0  444.0  444.0  444.0
1991  48  2 17 1700   -6.4  978.2    0.0    0.0  444.0  444.0
1991  48  2 17 1800   -4.9  978.2    1.5  360.0  444.0  444.0
1991  48  2 17 1900   -5.1  977.8    4.9  268.0  444.0  444.0
1991  48  2 17 2000   -4.9  977.9    2.5  217.0  444.0  444.0
1991  48  2 17 2100   -3.5  977.7    4.2  178.0  444.0  444.0
1991  48  2 17 2200   -3.0  977.6    1.5  161.0  444.0  444.0
1991  48  2 17 2300  444.0  444.0  444.0  444.0  444.0  444.0
1991  49  2 18 0000   -2.1  977.6    7.8  156.0  444.0  444.0
1991  49  2 18 0100   -3.6  977.7    3.7  111.0  444.0  444.0
1991  49  2 18 0200   -4.1  977.4    2.9   97.0  444.0  444.0
1991  49  2 18 0300   -3.5  977.5    3.9  109.0  444.0  444.0
1991  49  2 18 0400   -4.4  977.6    4.4  108.0  444.0  444.0
1991  49  2 18 0500   -5.1  977.3    5.4  111.0  444.0  444.0
1991  49  2 18 0600   -4.3  976.8    4.7  129.0  444.0  444.0
1991  49  2 18 0700   -4.4  976.9    2.7  111.0  444.0  444.0
1991  49  2 18 0800   -4.5  976.6    3.4  147.0  444.0  444.0
1991  49  2 18 0900   -4.5  976.5    2.5  167.0  444.0  444.0
1991  49  2 18 1000   -5.5  976.2    2.9  157.0  444.0  444.0
1991  49  2 18 1100   -5.3  975.7    5.6  149.0  444.0  444.0
1991  49  2 18 1200   -5.1  975.6    7.1  180.0  444.0  444.0
1991  49  2 18 1300   -4.9  975.0   10.5  184.0  444.0  444.0
1991  49  2 18 1400   -5.3  975.4    7.4  188.0  444.0  444.0
1991  49  2 18 1500   -5.4  975.1    8.6  172.0  444.0  444.0
1991  49  2 18 1600   -4.9  975.1    6.4  175.0  444.0  444.0
1991  49  2 18 1700   -5.0  974.9    7.6  177.0  444.0  444.0
1991  49  2 18 1800   -4.1  974.6    9.6  174.0  444.0  444.0
1991  49  2 18 1900   -3.6  974.2    5.9  191.0  444.0  444.0
1991  49  2 18 2000   -3.4  974.0    7.4  175.0  444.0  444.0
1991  49  2 18 2100  444.0  444.0  444.0  444.0  444.0  444.0
1991  49  2 18 2200   -2.4  972.9    8.3  168.0  444.0  444.0
1991  49  2 18 2300   -1.4  972.6    6.4  182.0  444.0  444.0
1991  50  2 19 0000   -2.1  972.6    6.1  137.0  444.0  444.0
1991  50  2 19 0100   -3.4  972.2    2.7  133.0  444.0  444.0
1991  50  2 19 0200  444.0  444.0  444.0  444.0  444.0  444.0
1991  50  2 19 0300   -1.8  971.2    3.9  140.0  444.0  444.0
1991  50  2 19 0400   -2.3  970.5    5.9   95.0  444.0  444.0
1991  50  2 19 0500   -1.6  970.6    4.4   98.0  444.0  444.0
1991  50  2 19 0600   -2.4  970.9    3.2   85.0  444.0  444.0
1991  50  2 19 0700   -4.0  971.1    4.9   91.0  444.0  444.0
1991  50  2 19 0800   -3.1  971.2    2.5  222.0  444.0  444.0
1991  50  2 19 0900  444.0  444.0  444.0  444.0  444.0  444.0
1991  50  2 19 1000   -4.0  971.6    6.9  104.0  444.0  444.0
1991  50  2 19 1100   -4.1  971.7    0.7  251.0  444.0  444.0
1991  50  2 19 1200   -3.8  972.0    2.9  310.0  444.0  444.0
1991  50  2 19 1300  444.0  972.6    1.2   32.0  444.0  444.0
1991  50  2 19 1400  444.0  444.0  444.0  444.0  444.0  444.0
1991  50  2 19 1500   -3.6  973.6    2.5  257.0  444.0  444.0
1991  50  2 19 1600   -2.9  973.9    2.0  275.0  444.0  444.0
1991  50  2 19 1700   -2.3  974.1    3.2  161.0  444.0  444.0
1991  50  2 19 1800   -2.4  974.5    2.5  151.0  444.0  444.0
1991  50  2 19 1900  444.0  444.0  444.0  444.0  444.0  444.0
1991  50  2 19 2000   -2.9  975.5    1.7  282.0  444.0  444.0
1991  50  2 19 2100  444.0  976.5    0.0    0.0  444.0  444.0
1991  50  2 19 2200  444.0  977.3    0.2  232.0  444.0  444.0
1991  50  2 19 2300   -1.9  977.8    1.5  202.0  444.0  444.0
1991  51  2 20 0000  444.0  444.0  444.0  444.0  444.0  444.0
1991  51  2 20 0100   -1.5  979.2    1.7  306.0  444.0  444.0
1991  51  2 20 0200   -1.4  979.7    2.9  150.0  444.0  444.0
1991  51  2 20 0300   -1.3  980.2    3.9  153.0  444.0  444.0
1991  51  2 20 0400   -1.6  981.0    2.9  106.0  444.0  444.0
1991  51  2 20 0500   -1.9  981.6    2.5  111.0  444.0  444.0
1991  51  2 20 0600   -1.8  982.7    2.2  136.0  444.0  444.0
1991  51  2 20 0700   -2.4  983.6    6.1  143.0  444.0  444.0
1991  51  2 20 0800   -2.4  984.4    6.1  123.0  444.0  444.0
1991  51  2 20 0900   -2.4  986.0    5.4  139.0  444.0  444.0
1991  51  2 20 1000   -2.3  986.7    7.1  123.0  444.0  444.0
1991  51  2 20 1100   -2.3  987.8    8.1  146.0  444.0  444.0
1991  51  2 20 1200   -1.9  988.5    9.1  132.0  444.0  444.0
1991  51  2 20 1300   -1.8  989.5    9.6  151.0  444.0  444.0
1991  51  2 20 1400   -1.9  990.2    4.2  150.0  444.0  444.0
1991  51  2 20 1500   -1.1  990.8    6.9  142.0  444.0  444.0
1991  51  2 20 1600   -1.1  991.3    8.1  149.0  444.0  444.0
1991  51  2 20 1700   -1.8  992.2    5.6  143.0  444.0  444.0
1991  51  2 20 1800   -1.8  992.9    8.1  154.0  444.0  444.0
1991  51  2 20 1900   -1.9  993.5   12.7  137.0  444.0  444.0
1991  51  2 20 2000   -1.8  993.8    7.6  144.0  444.0  444.0
1991  51  2 20 2100   -1.8  994.5    9.6  153.0  444.0  444.0
1991  51  2 20 2200   -1.8  995.0   10.3  149.0  444.0  444.0
1991  51  2 20 2300   -1.6  995.3    9.3  142.0  444.0  444.0
1991  52  2 21 0000   -1.5  996.0    7.1  154.0  444.0  444.0
1991  52  2 21 0100   -1.8  995.5    6.9  147.0  444.0  444.0
1991  52  2 21 0200   -0.8  995.6    6.4  153.0  444.0  444.0
1991  52  2 21 0300   -1.5  995.5    3.9  123.0  444.0  444.0
1991  52  2 21 0400   -1.8  995.7    2.5  161.0  444.0  444.0
1991  52  2 21 0500   -1.9  995.3    4.2  149.0  444.0  444.0
1991  52  2 21 0600   -2.1  995.2    2.5  177.0  444.0  444.0
1991  52  2 21 0700   -1.8  994.7    1.5  206.0  444.0  444.0
1991  52  2 21 0800   -1.8  994.3    1.2  182.0  444.0  444.0
1991  52  2 21 0900   -2.1  993.7    0.7  222.0  444.0  444.0
1991  52  2 21 1000   -1.9  993.5    0.0    0.0  444.0  444.0
1991  52  2 21 1100   -2.3  993.0    1.0  222.0  444.0  444.0
1991  52  2 21 1200   -2.3  992.3    1.7  219.0  444.0  444.0
1991  52  2 21 1300   -2.3  991.7    2.0  227.0  444.0  444.0
1991  52  2 21 1400   -1.8  991.2    1.5  257.0  444.0  444.0
1991  52  2 21 1500  444.0  990.6    0.0    0.0  444.0  444.0
1991  52  2 21 1600   -2.9  990.4    0.7  285.0  444.0  444.0
1991  52  2 21 1700   -3.0  989.9    0.0    0.0  444.0  444.0
1991  52  2 21 1800   -3.0  989.5    0.0    0.0  444.0  444.0
1991  52  2 21 1900   -2.9  989.1    0.7  243.0  444.0  444.0
1991  52  2 21 2000   -2.3  988.7    0.7  220.0  444.0  444.0
1991  52  2 21 2100   -2.9  988.3    1.2  237.0  444.0  444.0
1991  52  2 21 2200   -2.3  988.0    0.0    0.0  444.0  444.0
1991  52  2 21 2300  444.0  987.6    0.0    0.0  444.0  444.0
1991  53  2 22 0000  444.0  987.1    0.0    0.0  444.0  444.0
1991  53  2 22 0100  444.0  986.5    0.0    0.0  444.0  444.0
1991  53  2 22 0200  444.0  986.1    0.7  146.0  444.0  444.0
1991  53  2 22 0300   -1.6  985.4    2.0  191.0  444.0  444.0
1991  53  2 22 0400   -2.5  985.1    1.5  182.0  444.0  444.0
1991  53  2 22 0500  444.0  984.8    0.0    0.0  444.0  444.0
1991  53  2 22 0600  444.0  984.7    1.0  191.0  444.0  444.0
1991  53  2 22 0700   -3.1  984.8    2.5  177.0  444.0  444.0
1991  53  2 22 0800   -3.1  984.8    0.7  198.0  444.0  444.0
1991  53  2 22 0900   -4.0  984.8    1.7  219.0  444.0  444.0
1991  53  2 22 1000   -4.9  984.9    1.7  229.0  444.0  444.0
1991  53  2 22 1100   -5.4  984.9    2.9  243.0  444.0  444.0
1991  53  2 22 1200   -5.0  985.0    1.7  237.0  444.0  444.0
1991  53  2 22 1300   -5.4  985.1    2.9  233.0  444.0  444.0
1991  53  2 22 1400   -4.3  985.1    2.7  222.0  444.0  444.0
1991  53  2 22 1500   -3.6  985.3    1.0  215.0  444.0  444.0
1991  53  2 22 1600   -3.4  985.6    0.7  113.0  444.0  444.0
1991  53  2 22 1700   -3.5  985.7    0.0    0.0  444.0  444.0
1991  53  2 22 1800   -3.6  986.2    3.4  163.0  444.0  444.0
1991  53  2 22 1900   -3.5  986.5    4.7  170.0  444.0  444.0
1991  53  2 22 2000   -3.8  986.9    5.9  142.0  444.0  444.0
1991  53  2 22 2100   -3.9  987.2    5.1  146.0  444.0  444.0
1991  53  2 22 2200   -3.5  987.7    4.4  142.0  444.0  444.0
1991  53  2 22 2300   -3.9  987.7    5.1  132.0  444.0  444.0
1991  54  2 23 0000   -3.6  987.9    5.9  136.0  444.0  444.0
1991  54  2 23 0100   -4.3  987.8    4.4  139.0  444.0  444.0
1991  54  2 23 0200   -3.6  987.8    4.9  149.0  444.0  444.0
1991  54  2 23 0300   -3.8  987.7    4.9  156.0  444.0  444.0
1991  54  2 23 0400   -3.8  987.5    4.4  154.0  444.0  444.0
1991  54  2 23 0500   -4.1  987.6    3.4  174.0  444.0  444.0
1991  54  2 23 0600   -4.1  987.6    2.2  199.0  444.0  444.0
1991  54  2 23 0700   -4.3  987.7    1.2  174.0  444.0  444.0
1991  54  2 23 0800  444.0  987.7    0.2  210.0  444.0  444.0
1991  54  2 23 0900   -5.4  987.8    2.2  215.0  444.0  444.0
1991  54  2 23 1000   -5.8  988.1    2.0  192.0  444.0  444.0
1991  54  2 23 1100   -5.5  988.3    3.4  178.0  444.0  444.0
1991  54  2 23 1200   -7.3  988.0    3.4  199.0  444.0  444.0
1991  54  2 23 1300   -7.0  987.9    3.4  192.0  444.0  444.0
1991  54  2 23 1400   -7.5  987.8    2.5  215.0  444.0  444.0
1991  54  2 23 1500   -6.8  987.6    2.0  208.0  444.0  444.0
1991  54  2 23 1600   -6.1  987.7    1.5  206.0  444.0  444.0
1991  54  2 23 1700   -6.0  987.7    2.0  194.0  444.0  444.0
1991  54  2 23 1800   -6.4  987.5    2.0  209.0  444.0  444.0
1991  54  2 23 1900   -5.4  987.5    2.2  202.0  444.0  444.0
1991  54  2 23 2000   -5.5  987.3    1.7  222.0  444.0  444.0
1991  54  2 23 2100   -4.6  987.1    1.0  225.0  444.0  444.0
1991  54  2 23 2200  444.0  986.8    0.0    0.0  444.0  444.0
1991  54  2 23 2300  444.0  986.5    0.0    0.0  444.0  444.0
1991  55  2 24 0000  444.0  986.3    0.0    0.0  444.0  444.0
1991  55  2 24 0100   -4.0  985.9    2.0  168.0  444.0  444.0
1991  55  2 24 0200   -4.5  985.6    2.0  210.0  444.0  444.0
1991  55  2 24 0300   -2.3  985.3    2.2  132.0  444.0  444.0
1991  55  2 24 0400   -3.5  984.8    3.4  126.0  444.0  444.0
1991  55  2 24 0500   -4.1  984.4    2.9  158.0  444.0  444.0
1991  55  2 24 0600   -4.5  984.0    2.9  143.0  444.0  444.0
1991  55  2 24 0700   -4.6  983.7    4.7  143.0  444.0  444.0
1991  55  2 24 0800   -5.0  983.3    4.9  126.0  444.0  444.0
1991  55  2 24 0900   -5.9  983.1    5.6  137.0  444.0  444.0
1991  55  2 24 1000   -6.0  982.7    6.9  142.0  444.0  444.0
1991  55  2 24 1100   -6.4  982.4    5.9  163.0  444.0  444.0
1991  55  2 24 1200   -6.1  981.8    6.6  140.0  444.0  444.0
1991  55  2 24 1300   -6.4  981.6    4.9  142.0  444.0  444.0
1991  55  2 24 1400   -6.9  981.1    6.6  136.0  444.0  444.0
1991  55  2 24 1500   -7.4  980.9    4.4  151.0  444.0  444.0
1991  55  2 24 1600   -7.5  980.5    3.7  161.0  444.0  444.0
1991  55  2 24 1700   -7.3  980.1    5.1  144.0  444.0  444.0
1991  55  2 24 1800   -7.3  979.8    6.4  143.0  444.0  444.0
1991  55  2 24 1900   -7.5  979.4    5.9  137.0  444.0  444.0
1991  55  2 24 2000   -7.5  979.3    3.7  160.0  444.0  444.0
1991  55  2 24 2100   -7.3  979.1    3.7  163.0  444.0  444.0
1991  55  2 24 2200   -7.3  978.6    6.4  149.0  444.0  444.0
1991  55  2 24 2300   -7.0  978.4    5.9  136.0  444.0  444.0
1991  56  2 25 0000   -7.0  978.1    6.4  154.0  444.0  444.0
1991  56  2 25 0100   -6.9  977.8    4.7  142.0  444.0  444.0
1991  56  2 25 0200   -6.8  977.3    4.2  146.0  444.0  444.0
1991  56  2 25 0300  444.0  444.0  444.0  444.0  444.0  444.0
1991  56  2 25 0400  444.0  976.4    0.7  150.0  444.0  444.0
1991  56  2 25 0500  444.0  976.1    1.2  133.0  444.0  444.0
1991  56  2 25 0600   -6.9  975.9    1.2  196.0  444.0  444.0
1991  56  2 25 0700   -7.0  975.5    0.5  212.0  444.0  444.0
1991  56  2 25 0800   -6.9  975.2    0.0    0.0  444.0  444.0
1991  56  2 25 0900  444.0  975.1    1.7  168.0  444.0  444.0
1991  56  2 25 1000   -6.0  974.9    2.2  180.0  444.0  444.0
1991  56  2 25 1100   -6.4  974.9    2.7  160.0  444.0  444.0
1991  56  2 25 1200   -6.9  974.9    2.9  172.0  444.0  444.0
1991  56  2 25 1300   -7.0  975.0    2.9  171.0  444.0  444.0
1991  56  2 25 1400   -6.6  974.9    2.5  184.0  444.0  444.0
1991  56  2 25 1500   -7.0  974.9    2.7  182.0  444.0  444.0
1991  56  2 25 1600   -7.0  975.1    2.9  160.0  444.0  444.0
1991  56  2 25 1700   -6.9  975.2    2.0  163.0  444.0  444.0
1991  56  2 25 1800  444.0  444.0  444.0  444.0  444.0  444.0
1991  56  2 25 1900   -6.6  975.4    4.2  161.0  444.0  444.0
1991  56  2 25 2000   -6.5  975.3    5.6  163.0  444.0  444.0
1991  56  2 25 2100   -6.4  975.3    4.2  153.0  444.0  444.0
1991  56  2 25 2200   -6.5  975.6    3.4  157.0  444.0  444.0
1991  56  2 25 2300   -6.6  975.8    3.7  163.0  444.0  444.0
1991  57  2 26 0000   -6.8  975.7    2.5  175.0  444.0  444.0
1991  57  2 26 0100   -6.5  975.6    2.9  157.0  444.0  444.0
1991  57  2 26 0200   -6.6  975.5    2.5  171.0  444.0  444.0
1991  57  2 26 0300   -6.9  975.6    2.2  199.0  444.0  444.0
1991  57  2 26 0400   -6.3  975.6    1.7  149.0  444.0  444.0
1991  57  2 26 0500   -6.4  975.5    1.0  198.0  444.0  444.0
1991  57  2 26 0600  444.0  444.0  444.0  444.0  444.0  444.0
1991  57  2 26 0700   -6.9  975.5    1.5  215.0  444.0  444.0
1991  57  2 26 0800   -7.1  975.5    1.5  215.0  444.0  444.0
1991  57  2 26 0900   -7.0  975.5    2.0  210.0  444.0  444.0
1991  57  2 26 1000   -7.1  975.6    1.7  209.0  444.0  444.0
1991  57  2 26 1100   -7.1  975.7    1.2  215.0  444.0  444.0
1991  57  2 26 1200   -7.1  975.7    2.0  213.0  444.0  444.0
1991  57  2 26 1300   -6.1  975.8    3.9  172.0  444.0  444.0
1991  57  2 26 1400   -6.0  975.6    4.4  165.0  444.0  444.0
1991  57  2 26 1500   -6.4  975.4    6.9  188.0  444.0  444.0
1991  57  2 26 1600  444.0  444.0  444.0  444.0  444.0  444.0
1991  57  2 26 1700   -6.3  975.4    2.9  163.0  444.0  444.0
1991  57  2 26 1800  444.0  444.0  444.0  444.0  444.0  444.0
1991  57  2 26 1900   -6.0  975.6    5.1  172.0  444.0  444.0
1991  57  2 26 2000   -5.9  975.5    4.9  172.0  444.0  444.0
1991  57  2 26 2100   -5.8  975.1    5.4  174.0  444.0  444.0
1991  57  2 26 2200   -5.1  975.5    6.4  106.0  444.0  444.0
1991  57  2 26 2300  444.0  444.0  444.0  444.0  444.0  444.0
1991  58  2 27 0000   -5.9  975.2    7.4   95.0  444.0  444.0
1991  58  2 27 0100   -5.8  974.9    7.4  120.0  444.0  444.0
1991  58  2 27 0200   -5.8  975.1    8.3  111.0  444.0  444.0
1991  58  2 27 0300   -5.9  975.0    9.1  101.0  444.0  444.0
1991  58  2 27 0400  444.0  444.0  444.0  444.0  444.0  444.0
1991  58  2 27 0500   -6.1  975.3    6.1  119.0  444.0  444.0
1991  58  2 27 0600   -6.0  975.1    7.1  139.0  444.0  444.0
1991  58  2 27 0700   -6.4  975.1    9.1  119.0  444.0  444.0
1991  58  2 27 0800   -5.5  975.5    5.4  118.0  444.0  444.0
1991  58  2 27 0900  444.0  444.0  444.0  444.0  444.0  444.0
1991  58  2 27 1000   -6.9  975.5    2.0  199.0  444.0  444.0
1991  58  2 27 1100   -7.8  975.5    2.9  216.0  444.0  444.0
1991  58  2 27 1200   -6.8  975.6    3.7  180.0  444.0  444.0
1991  58  2 27 1300   -4.1  975.4    3.7  184.0  444.0  444.0
1991  58  2 27 1400  444.0  444.0  444.0  444.0  444.0  444.0
1991  58  2 27 1500   -5.1  975.6    6.1  119.0  444.0  444.0
1991  58  2 27 1600   -5.1  975.7    4.2  122.0  444.0  444.0
1991  58  2 27 1700   -5.4  975.7    6.6  118.0  444.0  444.0
1991  58  2 27 1800   -5.1  975.9    5.9  127.0  444.0  444.0
1991  58  2 27 1900   -4.9  976.0    4.9  157.0  444.0  444.0
1991  58  2 27 2000   -5.1  976.1    4.2  150.0  444.0  444.0
1991  58  2 27 2100   -4.9  976.2    4.7  122.0  444.0  444.0
1991  58  2 27 2200   -5.4  976.2    5.1  120.0  444.0  444.0
1991  58  2 27 2300   -5.1  976.5    4.9  130.0  444.0  444.0
1991  59  2 28 0000   -5.3  976.6    7.1  113.0  444.0  444.0
1991  59  2 28 0100   -5.4  976.8    7.4  119.0  444.0  444.0
1991  59  2 28 0200  444.0  444.0  444.0  444.0  444.0  444.0
1991  59  2 28 0300   -5.9  976.8    8.6  139.0  444.0  444.0
1991  59  2 28 0400   -6.3  977.3    7.4  149.0  444.0  444.0
1991  59  2 28 0500   -6.5  977.3    8.1  151.0  444.0  444.0
1991  59  2 28 0600   -6.8  977.2    6.4  150.0  444.0  444.0
1991  59  2 28 0700   -6.9  977.3    7.1  151.0  444.0  444.0
1991  59  2 28 0800   -7.0  977.3    7.8  150.0  444.0  444.0
1991  59  2 28 0900   -7.4  977.5    6.1  146.0  444.0  444.0
1991  59  2 28 1000   -7.8  977.6    4.9  157.0  444.0  444.0
1991  59  2 28 1100   -8.1  977.6    4.9  163.0  444.0  444.0
1991  59  2 28 1200   -8.8  977.6    4.7  170.0  444.0  444.0
1991  59  2 28 1300   -9.1  977.5    3.7  182.0  444.0  444.0
1991  59  2 28 1400   -9.5  977.5    5.6  170.0  444.0  444.0
1991  59  2 28 1500   -9.6  977.3    3.9  174.0  444.0  444.0
1991  59  2 28 1600  -10.0  977.1    4.2  177.0  444.0  444.0
1991  59  2 28 1700  -10.1  976.8    4.2  181.0  444.0  444.0
1991  59  2 28 1800  -10.5  976.6    4.4  171.0  444.0  444.0
1991  59  2 28 1900  -10.0  976.6    4.4  168.0  444.0  444.0
1991  59  2 28 2000   -8.9  976.2    4.4  158.0  444.0  444.0
1991  59  2 28 2100   -9.6  975.9    3.7  154.0  444.0  444.0
1991  59  2 28 2200  -10.0  975.3    5.6  158.0  444.0  444.0
1991  59  2 28 2300   -9.6  975.0    3.2  142.0  444.0  444.0
