Year: 2022  Month: 09  ID: MPT  ARGOS:  8906  Name: Marble Point        
Lat: 77.44S  Lon: 163.76E  Elev:  108m
2022 244  9  1 0000  -21.5  961.8    2.7  200.0  444.0  444.0
2022 244  9  1 0100  -21.9  962.0    3.4  158.0  444.0  444.0
2022 244  9  1 0200  -21.8  962.1    2.2  214.0  444.0  444.0
2022 244  9  1 0300  -21.2  962.1    2.0  197.0  444.0  444.0
2022 244  9  1 0400  -21.2  962.1    2.7  193.0  444.0  444.0
2022 244  9  1 0500  -21.9  961.9    3.7  197.0  444.0  444.0
2022 244  9  1 0600  -21.4  961.8    3.2  210.0  444.0  444.0
2022 244  9  1 0700  -22.4  961.9    3.7  226.0  444.0  444.0
2022 244  9  1 0800  -22.5  962.0    4.4  225.0  444.0  444.0
2022 244  9  1 0900  -21.8  962.9    4.9  127.0  444.0  444.0
2022 244  9  1 1000  -23.0  963.0    7.6  155.0  444.0  444.0
2022 244  9  1 1100  -23.8  963.3    7.8  165.0  444.0  444.0
2022 244  9  1 1200  -24.2  963.6    7.8  163.0  444.0  444.0
2022 244  9  1 1300  -25.5  964.1    5.9  149.0  444.0  444.0
2022 244  9  1 1400  -27.1  964.4    7.8  162.0  444.0  444.0
2022 244  9  1 1500  -27.8  964.3    7.8  156.0  444.0  444.0
2022 244  9  1 1600  -28.0  964.6    6.1  160.0  444.0  444.0
2022 244  9  1 1700  -28.0  964.4    6.1  152.0  444.0  444.0
2022 244  9  1 1800  -28.1  964.4    4.7  162.0  444.0  444.0
2022 244  9  1 1900  -27.2  964.0    4.9  177.0  444.0  444.0
2022 244  9  1 2000  -27.1  964.0    3.7  198.0  444.0  444.0
2022 244  9  1 2100  -26.0  964.0    4.2  165.0  444.0  444.0
2022 244  9  1 2200  -26.0  963.9    3.7  165.0  444.0  444.0
2022 244  9  1 2300  -26.0  963.7    4.9  138.0  444.0  444.0
2022 245  9  2 0000  -25.6  963.8    4.4  122.0  444.0  444.0
2022 245  9  2 0100  -26.1  963.5    2.9  127.0  444.0  444.0
2022 245  9  2 0200  -28.4  963.5    3.2  122.0  444.0  444.0
2022 245  9  2 0300  -28.4  963.3    4.4  143.0  444.0  444.0
2022 245  9  2 0400  -28.1  963.2    1.7  146.0  444.0  444.0
2022 245  9  2 0500  -28.8  963.0    2.2  166.0  444.0  444.0
2022 245  9  2 0600  -29.5  962.9    1.2  176.0  444.0  444.0
2022 245  9  2 0700  -29.5  962.7    0.0    0.0  444.0  444.0
2022 245  9  2 0800  -30.1  962.5    0.0    0.0  444.0  444.0
2022 245  9  2 0900  -29.6  962.8    1.2  152.0  444.0  444.0
2022 245  9  2 1000  -29.8  962.8    1.0  190.0  444.0  444.0
2022 245  9  2 1100  -29.8  962.9    2.5  173.0  444.0  444.0
2022 245  9  2 1200  -29.8  962.8    2.5  156.0  444.0  444.0
2022 245  9  2 1300  -29.2  962.8    1.2  160.0  444.0  444.0
2022 245  9  2 1400  -31.0  963.1    0.5  284.0  444.0  444.0
2022 245  9  2 1500  -30.2  963.4    1.0  188.0  444.0  444.0
2022 245  9  2 1600  -29.2  963.8    0.0    0.0  444.0  444.0
2022 245  9  2 1700  -29.4  964.0    0.0    0.0  444.0  444.0
2022 245  9  2 1800  -29.1  964.5    0.0    0.0  444.0  444.0
2022 245  9  2 1900  -29.4  964.8    0.0    0.0  444.0  444.0
2022 245  9  2 2000  -29.6  965.2    0.5  316.0  444.0  444.0
2022 245  9  2 2100  -29.1  966.0    2.0  269.0  444.0  444.0
2022 245  9  2 2200  -28.6  966.7    0.7  270.0  444.0  444.0
2022 245  9  2 2300  -29.1  967.7    0.0    0.0  444.0  444.0
2022 246  9  3 0000  -28.6  968.4    0.0    0.0  444.0  444.0
2022 246  9  3 0100  -29.0  968.8    0.0    0.0  444.0  444.0
2022 246  9  3 0200  -29.2  969.6    1.2  218.0  444.0  444.0
2022 246  9  3 0300  -29.6  970.1    0.0    0.0  444.0  444.0
2022 246  9  3 0400  -29.8  971.0    1.7  152.0  444.0  444.0
2022 246  9  3 0500  -29.6  971.8    2.5  149.0  444.0  444.0
2022 246  9  3 0600  -30.9  972.9    1.2  139.0  444.0  444.0
2022 246  9  3 0700  -30.9  973.7    0.0    0.0  444.0  444.0
2022 246  9  3 0800  -30.5  974.7    0.0    0.0  444.0  444.0
2022 246  9  3 0900  -30.4  975.4    0.0    0.0  444.0  444.0
2022 246  9  3 1000  -30.5  976.3    0.0    0.0  444.0  444.0
2022 246  9  3 1100  -29.2  976.9    0.0    0.0  444.0  444.0
2022 246  9  3 1200  -30.4  977.7    0.0    0.0  444.0  444.0
2022 246  9  3 1300  -30.5  978.2    0.5  129.0  444.0  444.0
2022 246  9  3 1400  -30.5  978.9    1.2  131.0  444.0  444.0
2022 246  9  3 1500  -31.1  979.8    0.0    0.0  444.0  444.0
2022 246  9  3 1600  -32.0  980.3    3.7  127.0  444.0  444.0
2022 246  9  3 1700  -31.1  980.9    3.7  134.0  444.0  444.0
2022 246  9  3 1800  -30.5  981.4    2.2  149.0  444.0  444.0
2022 246  9  3 1900  -28.4  982.2    2.2  156.0  444.0  444.0
2022 246  9  3 2000  -28.6  982.9    1.7  100.0  444.0  444.0
2022 246  9  3 2100  -29.4  983.2    0.0    0.0  444.0  444.0
2022 246  9  3 2200  -27.1  984.2    0.0    0.0  444.0  444.0
2022 246  9  3 2300  -26.8  984.5    1.7  202.0  444.0  444.0
2022 247  9  4 0000  444.0  984.8    1.5  200.0  444.0  444.0
2022 247  9  4 0100  444.0  985.4    0.0    0.0  444.0  444.0
2022 247  9  4 0200  444.0  985.6    0.2  248.0  444.0  444.0
2022 247  9  4 0300  -27.9  985.7    0.2  117.0  444.0  444.0
2022 247  9  4 0400  -26.4  986.4    1.7  242.0  444.0  444.0
2022 247  9  4 0500  -27.1  986.8    2.0  184.0  444.0  444.0
2022 247  9  4 0600  -27.6  987.3    0.2  156.0  444.0  444.0
2022 247  9  4 0700  -27.1  987.6    1.0  149.0  444.0  444.0
2022 247  9  4 0800  -27.8  987.7    0.5  298.0  444.0  444.0
2022 247  9  4 0900  -27.1  987.1    0.0    0.0  444.0  444.0
2022 247  9  4 1000  -28.4  986.4    0.5  360.0  444.0  444.0
2022 247  9  4 1100  -28.0  985.6    1.0  328.0  444.0  444.0
2022 247  9  4 1200  -28.0  984.1    2.7  300.0  444.0  444.0
2022 247  9  4 1300  -30.2  982.4    2.0  342.0  444.0  444.0
2022 247  9  4 1400  -29.8  980.6    0.5  330.0  444.0  444.0
2022 247  9  4 1500  -29.8  978.8    0.0    0.0  444.0  444.0
2022 247  9  4 1600  -30.9  976.9    2.5  295.0  444.0  444.0
2022 247  9  4 1700  -31.0  974.7    2.0  322.0  444.0  444.0
2022 247  9  4 1800  -30.1  973.6    2.5  308.0  444.0  444.0
2022 247  9  4 1900  -29.8  972.5    0.0    0.0  444.0  444.0
2022 247  9  4 2000  -30.1  971.1    2.0  233.0  444.0  444.0
2022 247  9  4 2100  -29.0  970.4    0.2  360.0  444.0  444.0
2022 247  9  4 2200  -28.5  970.3    0.0    0.0  444.0  444.0
2022 247  9  4 2300  -27.4  970.4    2.5  210.0  444.0  444.0
2022 248  9  5 0000  -26.6  970.5    2.2  207.0  444.0  444.0
2022 248  9  5 0100  444.0  970.9    2.5  221.0  444.0  444.0
2022 248  9  5 0200  -28.8  971.7    6.1  142.0  444.0  444.0
2022 248  9  5 0300  -27.5  972.3    5.4  139.0  444.0  444.0
2022 248  9  5 0400  -26.6  972.9    2.7  156.0  444.0  444.0
2022 248  9  5 0500  -26.5  972.8    2.5  309.0  444.0  444.0
2022 248  9  5 0600  -26.2  972.8    0.0    0.0  444.0  444.0
2022 248  9  5 0700  -27.8  972.8    2.0  138.0  444.0  444.0
2022 248  9  5 0800  -27.0  972.8    0.0    0.0  444.0  444.0
2022 248  9  5 0900  -26.6  972.1    0.7  246.0  444.0  444.0
2022 248  9  5 1000  -26.9  971.5    1.0  326.0  444.0  444.0
2022 248  9  5 1100  -27.5  970.7    0.0    0.0  444.0  444.0
2022 248  9  5 1200  -27.5  969.5    1.5  304.0  444.0  444.0
2022 248  9  5 1300  -27.2  968.7    1.2  240.0  444.0  444.0
2022 248  9  5 1400  -27.9  967.9    1.2  224.0  444.0  444.0
2022 248  9  5 1500  -29.6  967.7    3.2  149.0  444.0  444.0
2022 248  9  5 1600  -29.1  967.5    4.2  145.0  444.0  444.0
2022 248  9  5 1700  -28.8  967.3    3.2  152.0  444.0  444.0
2022 248  9  5 1800  -28.8  966.7    4.7  150.0  444.0  444.0
2022 248  9  5 1900  -28.0  966.3    3.7  153.0  444.0  444.0
2022 248  9  5 2000  -28.4  966.3    4.4  162.0  444.0  444.0
2022 248  9  5 2100  -29.8  966.3    5.1  132.0  444.0  444.0
2022 248  9  5 2200  -29.2  966.3    5.4  134.0  444.0  444.0
2022 248  9  5 2300  -29.5  966.3    3.7  132.0  444.0  444.0
2022 249  9  6 0000  -29.9  966.1    2.9  145.0  444.0  444.0
2022 249  9  6 0100  -30.1  965.9    5.1  153.0  444.0  444.0
2022 249  9  6 0200  -29.9  965.4    4.9  150.0  444.0  444.0
2022 249  9  6 0300  -29.6  964.7    0.0    0.0  444.0  444.0
2022 249  9  6 0400  -30.4  964.5    1.5  132.0  444.0  444.0
2022 249  9  6 0500  -30.5  964.1    2.9  166.0  444.0  444.0
2022 249  9  6 0600  -30.9  963.5    0.0    0.0  444.0  444.0
2022 249  9  6 0700  -31.0  962.6    0.5  231.0  444.0  444.0
2022 249  9  6 0800  -31.6  961.9    0.0    0.0  444.0  444.0
2022 249  9  6 0900  -31.5  961.0    1.2  221.0  444.0  444.0
2022 249  9  6 1000  -31.6  960.3    0.2  255.0  444.0  444.0
2022 249  9  6 1100  -31.9  959.7    0.5  300.0  444.0  444.0
2022 249  9  6 1200  -32.1  958.7    1.7  217.0  444.0  444.0
2022 249  9  6 1300  -32.9  957.8    0.0    0.0  444.0  444.0
2022 249  9  6 1400  -33.2  957.0    0.5  136.0  444.0  444.0
2022 249  9  6 1500  -32.6  956.4    1.2  211.0  444.0  444.0
2022 249  9  6 1600  -32.0  955.8    0.0    0.0  444.0  444.0
2022 249  9  6 1700  -33.8  955.4    0.0    0.0  444.0  444.0
2022 249  9  6 1800  -33.6  955.1    0.0    0.0  444.0  444.0
2022 249  9  6 1900  -33.5  954.5    0.2  314.0  444.0  444.0
2022 249  9  6 2000  -33.2  954.0    0.0    0.0  444.0  444.0
2022 249  9  6 2100  -33.8  953.8    0.0    0.0  444.0  444.0
2022 249  9  6 2200  -32.8  953.9    0.0    0.0  444.0  444.0
2022 249  9  6 2300  -31.8  953.7    0.0    0.0  444.0  444.0
2022 250  9  7 0000  -32.0  953.8    1.5   97.0  444.0  444.0
2022 250  9  7 0100  -32.4  953.7    0.0    0.0  444.0  444.0
2022 250  9  7 0200  444.0  953.6    0.0    0.0  444.0  444.0
2022 250  9  7 0300  444.0  953.0    0.0    0.0  444.0  444.0
2022 250  9  7 0400  444.0  952.7    0.7  225.0  444.0  444.0
2022 250  9  7 0500  -33.2  952.3    0.5  280.0  444.0  444.0
2022 250  9  7 0600  -33.4  952.1    0.0    0.0  444.0  444.0
2022 250  9  7 0700  -33.5  952.1    0.7  302.0  444.0  444.0
2022 250  9  7 0800  -34.0  952.1    0.5  333.0  444.0  444.0
2022 250  9  7 0900  -33.2  952.3    1.0  302.0  444.0  444.0
2022 250  9  7 1000  -32.9  952.1    0.0    0.0  444.0  444.0
2022 250  9  7 1100  -33.1  952.0    0.0    0.0  444.0  444.0
2022 250  9  7 1200  -33.6  951.5    0.0    0.0  444.0  444.0
2022 250  9  7 1300  -33.2  951.5    0.2  360.0  444.0  444.0
2022 250  9  7 1400  -32.1  951.2    0.5  326.0  444.0  444.0
2022 250  9  7 1500  -33.4  951.1    1.7  309.0  444.0  444.0
2022 250  9  7 1600  -33.1  950.7    0.0    0.0  444.0  444.0
2022 250  9  7 1700  -32.8  950.1    1.5  273.0  444.0  444.0
2022 250  9  7 1800  -31.5  949.8    0.0    0.0  444.0  444.0
2022 250  9  7 1900  -31.9  949.8    1.0  360.0  444.0  444.0
2022 250  9  7 2000  -33.1  949.2    0.2  260.0  444.0  444.0
2022 250  9  7 2100  -31.8  949.2    0.0    0.0  444.0  444.0
2022 250  9  7 2200  -30.8  948.9    0.7  314.0  444.0  444.0
2022 250  9  7 2300  -32.6  948.4    2.5  315.0  444.0  444.0
2022 251  9  8 0000  444.0  948.2    1.2  321.0  444.0  444.0
2022 251  9  8 0100  444.0  948.3    2.0  359.0  444.0  444.0
2022 251  9  8 0200  -30.8  948.2    1.0  145.0  444.0  444.0
2022 251  9  8 0300  444.0  948.3    0.0    0.0  444.0  444.0
2022 251  9  8 0400  -32.1  948.5    0.0    0.0  444.0  444.0
2022 251  9  8 0500  -33.2  949.0    2.5  121.0  444.0  444.0
2022 251  9  8 0600  -32.4  949.5    1.2  108.0  444.0  444.0
2022 251  9  8 0700  -32.9  950.0    1.2  153.0  444.0  444.0
2022 251  9  8 0800  -32.6  950.7    0.0    0.0  444.0  444.0
2022 251  9  8 0900  -32.2  951.2    2.5  146.0  444.0  444.0
2022 251  9  8 1000  -31.9  951.7    2.5  139.0  444.0  444.0
2022 251  9  8 1100  -32.8  952.5    5.1  120.0  444.0  444.0
2022 251  9  8 1200  -31.8  953.5    4.2  131.0  444.0  444.0
2022 251  9  8 1300  -31.6  953.9    1.0  139.0  444.0  444.0
2022 251  9  8 1400  -31.0  954.1    0.0    0.0  444.0  444.0
2022 251  9  8 1500  -29.9  954.4    0.0    0.0  444.0  444.0
2022 251  9  8 1600  -28.8  954.4    0.0    0.0  444.0  444.0
2022 251  9  8 1700  -27.8  955.1    0.0    0.0  444.0  444.0
2022 251  9  8 1800  -24.5  955.7    0.0    0.0  444.0  444.0
2022 251  9  8 1900  -26.5  956.4    0.0    0.0  444.0  444.0
2022 251  9  8 2000  -24.6  957.0    0.0    0.0  444.0  444.0
2022 251  9  8 2100  -22.5  957.7    1.0  217.0  444.0  444.0
2022 251  9  8 2200  -22.4  958.5    2.5  186.0  444.0  444.0
2022 251  9  8 2300  -21.4  958.2    1.0  184.0  444.0  444.0
2022 252  9  9 0000  -21.1  958.9    0.0    0.0  444.0  444.0
2022 252  9  9 0100  -21.4  959.6    3.4  186.0  444.0  444.0
2022 252  9  9 0200  -21.1  959.9    2.7  183.0  444.0  444.0
2022 252  9  9 0300  -21.0  960.0    3.7  170.0  444.0  444.0
2022 252  9  9 0400  -22.4  960.7    3.9  143.0  444.0  444.0
2022 252  9  9 0500  -23.4  961.1    4.9  149.0  444.0  444.0
2022 252  9  9 0600  -24.0  961.7    4.4  159.0  444.0  444.0
2022 252  9  9 0700  -24.1  962.2    5.1  159.0  444.0  444.0
2022 252  9  9 0800  -24.0  962.5    5.4  159.0  444.0  444.0
2022 252  9  9 0900  -23.6  962.8    2.9  158.0  444.0  444.0
2022 252  9  9 1000  -23.6  962.9    4.2  155.0  444.0  444.0
2022 252  9  9 1100  -24.4  963.5    5.6  150.0  444.0  444.0
2022 252  9  9 1200  -24.4  964.1    6.6  156.0  444.0  444.0
2022 252  9  9 1300  -25.0  964.6    5.6  155.0  444.0  444.0
2022 252  9  9 1400  -25.0  965.2    6.9  150.0  444.0  444.0
2022 252  9  9 1500  -25.0  965.8    7.1  148.0  444.0  444.0
2022 252  9  9 1600  -26.1  966.3    6.1  139.0  444.0  444.0
2022 252  9  9 1700  -26.4  966.9    7.1  153.0  444.0  444.0
2022 252  9  9 1800  -26.8  967.0    9.3  155.0  444.0  444.0
2022 252  9  9 1900  -26.9  967.9    8.1  156.0  444.0  444.0
2022 252  9  9 2000  -26.6  968.3    5.1  135.0  444.0  444.0
2022 252  9  9 2100  -26.8  968.4    5.6  179.0  444.0  444.0
2022 252  9  9 2200  -26.1  968.7    5.9  166.0  444.0  444.0
2022 252  9  9 2300  -25.8  969.4    3.9  159.0  444.0  444.0
2022 253  9 10 0000  -26.1  969.8    4.7  156.0  444.0  444.0
2022 253  9 10 0100  -26.2  970.1    4.4  156.0  444.0  444.0
2022 253  9 10 0200  -26.8  970.4    3.7  150.0  444.0  444.0
2022 253  9 10 0300  -25.8  970.4    1.7  208.0  444.0  444.0
2022 253  9 10 0400  -26.0  970.3    2.2  197.0  444.0  444.0
2022 253  9 10 0500  -26.8  970.5    0.0    0.0  444.0  444.0
2022 253  9 10 0600  -28.4  970.4    2.0  184.0  444.0  444.0
2022 253  9 10 0700  -27.9  970.3    1.0  179.0  444.0  444.0
2022 253  9 10 0800  -27.9  970.0    1.7  250.0  444.0  444.0
2022 253  9 10 0900  -27.1  969.9    1.0  257.0  444.0  444.0
2022 253  9 10 1000  -29.2  969.8    0.0    0.0  444.0  444.0
2022 253  9 10 1100  -27.9  970.0    0.2  170.0  444.0  444.0
2022 253  9 10 1200  -28.5  970.2    0.0    0.0  444.0  444.0
2022 253  9 10 1300  -29.9  970.0    1.2  210.0  444.0  444.0
2022 253  9 10 1400  -30.1  969.9    0.0    0.0  444.0  444.0
2022 253  9 10 1500  -28.6  969.6    1.5  325.0  444.0  444.0
2022 253  9 10 1600  -29.1  969.6    1.0  338.0  444.0  444.0
2022 253  9 10 1700  -29.8  969.8    0.0    0.0  444.0  444.0
2022 253  9 10 1800  -29.1  970.0    0.5   17.0  444.0  444.0
2022 253  9 10 1900  -29.9  970.2    0.0    0.0  444.0  444.0
2022 253  9 10 2000  -29.8  970.4    0.2  141.0  444.0  444.0
2022 253  9 10 2100  -28.0  970.7    0.0    0.0  444.0  444.0
2022 253  9 10 2200  -27.1  970.9    0.7  304.0  444.0  444.0
2022 253  9 10 2300  -26.6  971.1    0.0    0.0  444.0  444.0
2022 254  9 11 0000  -24.5  971.2    0.0    0.0  444.0  444.0
2022 254  9 11 0100  -23.6  971.3    0.0    0.0  444.0  444.0
2022 254  9 11 0200  -26.0  971.0    1.0  297.0  444.0  444.0
2022 254  9 11 0300  -25.8  971.2    0.2  318.0  444.0  444.0
2022 254  9 11 0400  -26.2  971.4    0.0    0.0  444.0  444.0
2022 254  9 11 0500  -25.8  971.6    0.0    0.0  444.0  444.0
2022 254  9 11 0600  -28.4  971.7    1.2  315.0  444.0  444.0
2022 254  9 11 0700  -27.5  971.9    0.5  298.0  444.0  444.0
2022 254  9 11 0800  -26.2  972.1    0.0    0.0  444.0  444.0
2022 254  9 11 0900  -27.6  972.2    0.0    0.0  444.0  444.0
2022 254  9 11 1000  -28.6  972.6    2.2  153.0  444.0  444.0
2022 254  9 11 1100  -29.5  973.0    0.0    0.0  444.0  444.0
2022 254  9 11 1200  -26.8  973.3    0.5  177.0  444.0  444.0
2022 254  9 11 1300  -28.1  973.7    0.0    0.0  444.0  444.0
2022 254  9 11 1400  -28.0  973.8    1.0  338.0  444.0  444.0
2022 254  9 11 1500  -25.5  974.0    1.5  197.0  444.0  444.0
2022 254  9 11 1600  -26.6  974.4    1.2  297.0  444.0  444.0
2022 254  9 11 1700  -29.6  974.2    2.0  323.0  444.0  444.0
2022 254  9 11 1800  -30.5  974.2    2.0  124.0  444.0  444.0
2022 254  9 11 1900  -27.9  975.0    1.7  308.0  444.0  444.0
2022 254  9 11 2000  -28.4  975.4    2.7  215.0  444.0  444.0
2022 254  9 11 2100  -26.8  975.7    2.2  148.0  444.0  444.0
2022 254  9 11 2200  -24.9  976.6    0.0    0.0  444.0  444.0
2022 254  9 11 2300  -28.6  977.1    2.2  138.0  444.0  444.0
2022 255  9 12 0000  444.0  977.4    0.0    0.0  444.0  444.0
2022 255  9 12 0100  444.0  977.7    0.0    0.0  444.0  444.0
2022 255  9 12 0200  444.0  977.5    0.0    0.0  444.0  444.0
2022 255  9 12 0300  -24.9  977.5    0.7  322.0  444.0  444.0
2022 255  9 12 0400  -20.1  977.6    2.9  240.0  444.0  444.0
2022 255  9 12 0500  -19.1  977.5    2.5  204.0  444.0  444.0
2022 255  9 12 0600  -24.2  977.8    2.7  149.0  444.0  444.0
2022 255  9 12 0700  -25.4  978.0    1.2  121.0  444.0  444.0
2022 255  9 12 0800  -26.2  978.8    0.0    0.0  444.0  444.0
2022 255  9 12 0900  -22.4  979.6    2.7  167.0  444.0  444.0
2022 255  9 12 1000  -20.9  980.5    2.5  158.0  444.0  444.0
2022 255  9 12 1100  -19.8  980.2    0.2  345.0  444.0  444.0
2022 255  9 12 1200  -17.9  979.6    5.1  159.0  444.0  444.0
2022 255  9 12 1300  -18.8  979.9    4.4  148.0  444.0  444.0
2022 255  9 12 1400  -18.5  980.1    3.4  163.0  444.0  444.0
2022 255  9 12 1500  -18.4  979.8    1.5  146.0  444.0  444.0
2022 255  9 12 1600  -19.5  979.2    0.0    0.0  444.0  444.0
2022 255  9 12 1700  -20.0  978.5    0.0    0.0  444.0  444.0
2022 255  9 12 1800  -20.4  977.8    0.7  245.0  444.0  444.0
2022 255  9 12 1900  -26.1  977.6    5.1  134.0  444.0  444.0
2022 255  9 12 2000  -25.4  977.7    5.9  142.0  444.0  444.0
2022 255  9 12 2100  -22.4  977.6    8.8  139.0  444.0  444.0
2022 255  9 12 2200  -22.1  977.5    4.2  162.0  444.0  444.0
2022 255  9 12 2300  -21.5  976.9    1.2   69.0  444.0  444.0
2022 256  9 13 0000  -23.4  976.9    4.7  153.0  444.0  444.0
2022 256  9 13 0100  -20.9  975.7    3.4  132.0  444.0  444.0
2022 256  9 13 0200  -20.0  975.1    1.7   93.0  444.0  444.0
2022 256  9 13 0300  -19.4  974.2    3.4  198.0  444.0  444.0
2022 256  9 13 0400  -18.4  973.9    2.2  111.0  444.0  444.0
2022 256  9 13 0500  -19.0  973.2    4.9  134.0  444.0  444.0
2022 256  9 13 0600  -20.0  973.1    5.4  124.0  444.0  444.0
2022 256  9 13 0700  -20.6  973.0    5.6  153.0  444.0  444.0
2022 256  9 13 0800  -20.0  972.8    5.9  131.0  444.0  444.0
2022 256  9 13 0900  -20.8  972.7    6.4  131.0  444.0  444.0
2022 256  9 13 1000  -22.0  972.2    8.3  120.0  444.0  444.0
2022 256  9 13 1100  -22.8  972.5   10.0  152.0  444.0  444.0
2022 256  9 13 1200  -24.0  972.8    5.6  169.0  444.0  444.0
2022 256  9 13 1300  -24.5  972.5    5.4  174.0  444.0  444.0
2022 256  9 13 1400  -24.0  972.6    6.4  160.0  444.0  444.0
2022 256  9 13 1500  -23.6  972.2   10.8  150.0  444.0  444.0
2022 256  9 13 1600  -22.9  972.1    7.4  153.0  444.0  444.0
2022 256  9 13 1700  -22.6  971.6    5.1  179.0  444.0  444.0
2022 256  9 13 1800  -21.9  971.3    3.2  195.0  444.0  444.0
2022 256  9 13 1900  -21.5  970.9    2.5  212.0  444.0  444.0
2022 256  9 13 2000  -20.9  970.7    4.7  153.0  444.0  444.0
2022 256  9 13 2100  -20.5  970.4    2.7   84.0  444.0  444.0
2022 256  9 13 2200  -20.0  969.9    3.2  173.0  444.0  444.0
2022 256  9 13 2300  -20.0  970.5    7.1  142.0  444.0  444.0
2022 257  9 14 0000  -19.8  969.7    8.1  158.0  444.0  444.0
2022 257  9 14 0100  -19.4  968.3    8.3  150.0  444.0  444.0
2022 257  9 14 0200  -19.1  967.3    8.1  139.0  444.0  444.0
2022 257  9 14 0300  -18.5  966.6    6.1  153.0  444.0  444.0
2022 257  9 14 0400  -18.8  965.5    4.7  141.0  444.0  444.0
2022 257  9 14 0500  -18.2  964.6    7.1  145.0  444.0  444.0
2022 257  9 14 0600  -17.6  963.6    6.6  155.0  444.0  444.0
2022 257  9 14 0700  -17.4  963.1    5.1  145.0  444.0  444.0
2022 257  9 14 0800  -16.1  962.0    4.2  129.0  444.0  444.0
2022 257  9 14 0900  -14.2  960.8   14.7  180.0  444.0  444.0
2022 257  9 14 1000  -15.2  960.2   10.0  159.0  444.0  444.0
2022 257  9 14 1100  -13.8  958.4   16.7  177.0  444.0  444.0
2022 257  9 14 1200  -12.9  957.6   10.5  179.0  444.0  444.0
2022 257  9 14 1300  -12.2  956.9   11.3  169.0  444.0  444.0
2022 257  9 14 1400  -11.8  957.5    9.3  173.0  444.0  444.0
2022 257  9 14 1500  -10.6  957.1    6.1  128.0  444.0  444.0
2022 257  9 14 1600   -9.9  956.0   10.5  167.0  444.0  444.0
2022 257  9 14 1700  -11.1  955.2    9.8  187.0  444.0  444.0
2022 257  9 14 1800  -10.2  954.9   13.0  179.0  444.0  444.0
2022 257  9 14 1900  -10.6  954.9   16.7  190.0  444.0  444.0
2022 257  9 14 2000  -10.2  955.5   12.7  191.0  444.0  444.0
2022 257  9 14 2100  -10.2  955.8   12.2  183.0  444.0  444.0
2022 257  9 14 2200  -10.5  955.4   11.3  197.0  444.0  444.0
2022 257  9 14 2300  -10.5  955.3   13.2  188.0  444.0  444.0
2022 258  9 15 0000  -11.6  955.1   10.8  170.0  444.0  444.0
2022 258  9 15 0100  -12.2  954.7    9.1  166.0  444.0  444.0
2022 258  9 15 0200  -12.4  954.3   11.0  198.0  444.0  444.0
2022 258  9 15 0300  -11.0  953.8    7.6  180.0  444.0  444.0
2022 258  9 15 0400  -11.9  953.1   11.8  179.0  444.0  444.0
2022 258  9 15 0500  -12.0  952.4   11.0  176.0  444.0  444.0
2022 258  9 15 0600  -12.0  951.9   11.5  186.0  444.0  444.0
2022 258  9 15 0700  -12.0  952.0   11.0  165.0  444.0  444.0
2022 258  9 15 0800  -11.5  951.2    9.3  163.0  444.0  444.0
2022 258  9 15 0900  -12.1  949.9   13.5  183.0  444.0  444.0
2022 258  9 15 1000  -12.0  949.8   14.7  172.0  444.0  444.0
2022 258  9 15 1100  -11.9  948.7   13.5  177.0  444.0  444.0
2022 258  9 15 1200  -12.0  948.0   12.7  188.0  444.0  444.0
2022 258  9 15 1300  -12.0  947.1   11.0  184.0  444.0  444.0
2022 258  9 15 1400  -12.0  946.8   12.5  174.0  444.0  444.0
2022 258  9 15 1500  -13.4  948.1    6.1  131.0  444.0  444.0
2022 258  9 15 1600  -15.6  947.1    3.9  166.0  444.0  444.0
2022 258  9 15 1700  -15.6  946.4    0.2  179.0  444.0  444.0
2022 258  9 15 1800  -15.2  945.6    1.0  214.0  444.0  444.0
2022 258  9 15 1900  -14.4  945.4    4.9  163.0  444.0  444.0
2022 258  9 15 2000  -13.6  945.8    1.7  198.0  444.0  444.0
2022 258  9 15 2100  -11.0  945.0    1.7  245.0  444.0  444.0
2022 258  9 15 2200  -10.0  944.2   14.5  187.0  444.0  444.0
2022 258  9 15 2300  -10.0  944.9   11.0  177.0  444.0  444.0
2022 259  9 16 0000   -9.9  944.7   17.1  184.0  444.0  444.0
2022 259  9 16 0100   -9.8  946.2   15.4  149.0  444.0  444.0
2022 259  9 16 0200   -8.8  947.4   12.7  166.0  444.0  444.0
2022 259  9 16 0300   -9.4  947.5   11.3  180.0  444.0  444.0
2022 259  9 16 0400  -10.6  947.5   15.9  180.0  444.0  444.0
2022 259  9 16 0500  -10.0  949.0   12.2  179.0  444.0  444.0
2022 259  9 16 0600   -9.9  950.1   10.3  180.0  444.0  444.0
2022 259  9 16 0700  -10.1  951.2   11.8  179.0  444.0  444.0
2022 259  9 16 0800   -9.9  952.2   10.3  180.0  444.0  444.0
2022 259  9 16 0900   -9.9  952.7    9.8  188.0  444.0  444.0
2022 259  9 16 1000  -10.2  952.9    6.1  184.0  444.0  444.0
2022 259  9 16 1100   -9.9  953.3    0.0    0.0  444.0  444.0
2022 259  9 16 1200  -11.0  954.2    1.0   69.0  444.0  444.0
2022 259  9 16 1300  -11.6  954.3   14.2  146.0  444.0  444.0
2022 259  9 16 1400  -12.4  954.7   12.5  160.0  444.0  444.0
2022 259  9 16 1500  -13.2  954.7   13.2  179.0  444.0  444.0
2022 259  9 16 1600  -12.2  954.6   10.8  188.0  444.0  444.0
2022 259  9 16 1700  -13.2  956.2   16.4  173.0  444.0  444.0
2022 259  9 16 1800  -12.5  957.5    7.6  179.0  444.0  444.0
2022 259  9 16 1900  -13.0  956.9    5.1  163.0  444.0  444.0
2022 259  9 16 2000  -14.0  957.6    6.1  173.0  444.0  444.0
2022 259  9 16 2100  -13.6  956.9   12.5  170.0  444.0  444.0
2022 259  9 16 2200  -13.4  956.6   10.8  190.0  444.0  444.0
2022 259  9 16 2300  -12.0  956.4    8.8  188.0  444.0  444.0
2022 260  9 17 0000  -11.8  956.3   11.0  187.0  444.0  444.0
2022 260  9 17 0100  -11.8  956.6    9.8  191.0  444.0  444.0
2022 260  9 17 0200  -11.4  957.0   10.0  184.0  444.0  444.0
2022 260  9 17 0300  -12.4  958.1   12.5  172.0  444.0  444.0
2022 260  9 17 0400  -12.1  958.5   12.7  169.0  444.0  444.0
2022 260  9 17 0500  -12.4  958.4    8.8  181.0  444.0  444.0
2022 260  9 17 0600  -11.6  959.0   10.8  190.0  444.0  444.0
2022 260  9 17 0700  -12.6  959.5   13.5  156.0  444.0  444.0
2022 260  9 17 0800  -13.2  960.3    9.6  188.0  444.0  444.0
2022 260  9 17 0900  -13.4  961.2    4.9  232.0  444.0  444.0
2022 260  9 17 1000  -12.9  961.5    6.4  204.0  444.0  444.0
2022 260  9 17 1100  -14.0  962.0    5.1  207.0  444.0  444.0
2022 260  9 17 1200  -14.6  962.6    7.4  205.0  444.0  444.0
2022 260  9 17 1300  -15.5  962.8    1.7  249.0  444.0  444.0
2022 260  9 17 1400  -15.0  963.0    2.7  238.0  444.0  444.0
2022 260  9 17 1500  -15.5  963.2    4.4  219.0  444.0  444.0
2022 260  9 17 1600  -16.6  963.6    3.7  225.0  444.0  444.0
2022 260  9 17 1700  -16.5  963.9    7.1  238.0  444.0  444.0
2022 260  9 17 1800  -15.9  964.5    6.1  217.0  444.0  444.0
2022 260  9 17 1900  -16.4  965.2    2.5  238.0  444.0  444.0
2022 260  9 17 2000  -17.6  965.7    6.1  222.0  444.0  444.0
2022 260  9 17 2100  -17.4  966.0    6.6  222.0  444.0  444.0
2022 260  9 17 2200  -14.8  966.6    5.6  215.0  444.0  444.0
2022 260  9 17 2300  -14.6  967.0    8.8  191.0  444.0  444.0
2022 261  9 18 0000  -13.6  967.9    1.7  215.0  444.0  444.0
2022 261  9 18 0100  -15.5  968.4    6.9  243.0  444.0  444.0
2022 261  9 18 0200  -15.8  969.4    5.9  235.0  444.0  444.0
2022 261  9 18 0300  -14.8  970.1    5.9  235.0  444.0  444.0
2022 261  9 18 0400  -17.0  971.4    6.1  159.0  444.0  444.0
2022 261  9 18 0500  -17.4  972.2    3.9  165.0  444.0  444.0
2022 261  9 18 0600  -18.0  973.2    3.7  170.0  444.0  444.0
2022 261  9 18 0700  -18.0  973.9    1.7  139.0  444.0  444.0
2022 261  9 18 0800  -18.0  974.3    5.4  166.0  444.0  444.0
2022 261  9 18 0900  -17.6  974.0    9.3  235.0  444.0  444.0
2022 261  9 18 1000  -18.1  974.3    4.4  212.0  444.0  444.0
2022 261  9 18 1100  -18.2  974.0    7.4  243.0  444.0  444.0
2022 261  9 18 1200  -18.2  973.9    6.1  245.0  444.0  444.0
2022 261  9 18 1300  -18.5  973.7    9.1  233.0  444.0  444.0
2022 261  9 18 1400  -17.8  973.8    7.4  252.0  444.0  444.0
2022 261  9 18 1500  -18.0  973.6    6.1  226.0  444.0  444.0
2022 261  9 18 1600  -18.5  973.7    5.6  233.0  444.0  444.0
2022 261  9 18 1700  -18.5  973.7    7.8  246.0  444.0  444.0
2022 261  9 18 1800  -19.1  973.5    9.8  246.0  444.0  444.0
2022 261  9 18 1900  -19.5  973.5    9.6  252.0  444.0  444.0
2022 261  9 18 2000  -21.1  974.2    3.7  146.0  444.0  444.0
2022 261  9 18 2100  -23.6  974.2    4.4  142.0  444.0  444.0
2022 261  9 18 2200  -24.4  974.6    2.9  122.0  444.0  444.0
2022 261  9 18 2300  -23.6  975.0    2.0  120.0  444.0  444.0
2022 262  9 19 0000  -23.6  974.8    5.1  125.0  444.0  444.0
2022 262  9 19 0100  -22.5  975.0    3.2  120.0  444.0  444.0
2022 262  9 19 0200  -21.4  975.2    1.7  112.0  444.0  444.0
2022 262  9 19 0300  -20.6  975.3    0.7  156.0  444.0  444.0
2022 262  9 19 0400  -20.9  975.4    2.5  135.0  444.0  444.0
2022 262  9 19 0500  -21.6  975.6    1.0  219.0  444.0  444.0
2022 262  9 19 0600  -22.4  975.5    0.0    0.0  444.0  444.0
2022 262  9 19 0700  -22.9  975.1    2.2  252.0  444.0  444.0
2022 262  9 19 0800  -22.8  975.0    4.9  290.0  444.0  444.0
2022 262  9 19 0900  -22.5  975.0    3.4  292.0  444.0  444.0
2022 262  9 19 1000  -22.4  974.8    1.0  278.0  444.0  444.0
2022 262  9 19 1100  -23.4  974.7    0.7  246.0  444.0  444.0
2022 262  9 19 1200  -24.5  974.6    1.0  211.0  444.0  444.0
2022 262  9 19 1300  -25.2  974.7    1.0  142.0  444.0  444.0
2022 262  9 19 1400  -24.6  975.1    2.7  152.0  444.0  444.0
2022 262  9 19 1500  -24.0  975.0    3.7  134.0  444.0  444.0
2022 262  9 19 1600  -24.9  975.6    3.2  146.0  444.0  444.0
2022 262  9 19 1700  -25.2  975.7    5.1  139.0  444.0  444.0
2022 262  9 19 1800  -24.5  975.8    3.7  155.0  444.0  444.0
2022 262  9 19 1900  -23.8  975.7    2.2  148.0  444.0  444.0
2022 262  9 19 2000  444.0  975.6    1.2  152.0  444.0  444.0
2022 262  9 19 2100  -25.4  975.3    0.0    0.0  444.0  444.0
2022 262  9 19 2200  -25.8  975.2    1.7  146.0  444.0  444.0
2022 262  9 19 2300  -24.2  974.9    0.0    0.0  444.0  444.0
2022 263  9 20 0000  -24.5  975.0    2.9  136.0  444.0  444.0
2022 263  9 20 0100  -23.2  974.7    3.4  124.0  444.0  444.0
2022 263  9 20 0200  -22.8  975.0    3.9  125.0  444.0  444.0
2022 263  9 20 0300  -24.5  974.9    6.6  124.0  444.0  444.0
2022 263  9 20 0400  -24.1  975.5    4.9  138.0  444.0  444.0
2022 263  9 20 0500  -23.6  975.5    5.4  134.0  444.0  444.0
2022 263  9 20 0600  -23.4  975.3    6.4  145.0  444.0  444.0
2022 263  9 20 0700  -23.8  975.2    4.4  155.0  444.0  444.0
2022 263  9 20 0800  -23.8  975.4    4.4  141.0  444.0  444.0
2022 263  9 20 0900  -24.0  975.2    3.9  139.0  444.0  444.0
2022 263  9 20 1000  -24.5  974.7    2.0  141.0  444.0  444.0
2022 263  9 20 1100  -24.9  974.8    0.7  314.0  444.0  444.0
2022 263  9 20 1200  -23.9  974.3    1.7  267.0  444.0  444.0
2022 263  9 20 1300  -22.4  974.3    1.7  238.0  444.0  444.0
2022 263  9 20 1400  -25.2  973.9    0.0    0.0  444.0  444.0
2022 263  9 20 1500  -23.6  973.5    2.7  212.0  444.0  444.0
2022 263  9 20 1600  -22.8  973.0    2.0  284.0  444.0  444.0
2022 263  9 20 1700  -23.8  972.6    1.2  291.0  444.0  444.0
2022 263  9 20 1800  -22.6  972.3    2.2  287.0  444.0  444.0
2022 263  9 20 1900  -25.6  972.3    1.7  149.0  444.0  444.0
2022 263  9 20 2000  444.0  972.1    1.2  229.0  444.0  444.0
2022 263  9 20 2100  -25.0  971.8    1.5  135.0  444.0  444.0
2022 263  9 20 2200  -23.2  971.5    0.0    0.0  444.0  444.0
2022 263  9 20 2300  -22.4  971.3    0.0    0.0  444.0  444.0
2022 264  9 21 0000  -23.8  970.9    2.0  127.0  444.0  444.0
2022 264  9 21 0100  -23.6  970.8    3.4  125.0  444.0  444.0
2022 264  9 21 0200  -23.8  970.6    5.6  121.0  444.0  444.0
2022 264  9 21 0300  -22.8  970.6    5.6  129.0  444.0  444.0
2022 264  9 21 0400  -22.5  970.6    6.4  138.0  444.0  444.0
2022 264  9 21 0500  -21.4  971.1    6.1  142.0  444.0  444.0
2022 264  9 21 0600  -21.9  971.2    7.1  125.0  444.0  444.0
2022 264  9 21 0700  -23.2  971.0    7.8  135.0  444.0  444.0
2022 264  9 21 0800  -21.4  970.9   10.5  143.0  444.0  444.0
2022 264  9 21 0900  -21.1  971.8    9.6  143.0  444.0  444.0
2022 264  9 21 1000  -21.5  972.3   10.5  142.0  444.0  444.0
2022 264  9 21 1100  -21.8  973.2    7.4  149.0  444.0  444.0
2022 264  9 21 1200  -22.5  973.0    5.6  134.0  444.0  444.0
2022 264  9 21 1300  -22.6  973.2    7.4  141.0  444.0  444.0
2022 264  9 21 1400  -22.6  973.3    7.1  155.0  444.0  444.0
2022 264  9 21 1500  -21.8  973.3    7.1  142.0  444.0  444.0
2022 264  9 21 1600  -20.9  973.3    8.1  156.0  444.0  444.0
2022 264  9 21 1700  -20.8  973.4    5.6  153.0  444.0  444.0
2022 264  9 21 1800  -20.9  973.2    5.9  156.0  444.0  444.0
2022 264  9 21 1900  -21.4  973.7    4.9  160.0  444.0  444.0
2022 264  9 21 2000  -20.9  973.9    3.2  163.0  444.0  444.0
2022 264  9 21 2100  -20.9  974.3    2.7  155.0  444.0  444.0
2022 264  9 21 2200  -21.1  974.1    4.7  145.0  444.0  444.0
2022 264  9 21 2300  -21.5  973.8    3.4  121.0  444.0  444.0
2022 265  9 22 0000  -21.5  973.7    3.7  158.0  444.0  444.0
2022 265  9 22 0100  -21.5  972.9    2.7  156.0  444.0  444.0
2022 265  9 22 0200  -21.1  972.5    4.4  145.0  444.0  444.0
2022 265  9 22 0300  -22.0  971.7    5.1  149.0  444.0  444.0
2022 265  9 22 0400  -22.4  970.8    4.9  166.0  444.0  444.0
2022 265  9 22 0500  -22.8  969.8    5.9  139.0  444.0  444.0
2022 265  9 22 0600  -24.2  968.9    6.1  159.0  444.0  444.0
2022 265  9 22 0700  -24.5  968.0    4.2  145.0  444.0  444.0
2022 265  9 22 0800  -25.4  967.3    4.4  141.0  444.0  444.0
2022 265  9 22 0900  -24.0  967.2    2.7  132.0  444.0  444.0
2022 265  9 22 1000  -26.1  966.8    4.2  135.0  444.0  444.0
2022 265  9 22 1100  -26.6  966.4    4.4  141.0  444.0  444.0
2022 265  9 22 1200  -26.9  965.6    5.9  134.0  444.0  444.0
2022 265  9 22 1300  -26.9  964.7    3.7  134.0  444.0  444.0
2022 265  9 22 1400  -27.2  964.5    0.0    0.0  444.0  444.0
2022 265  9 22 1500  -25.6  964.0    1.0  274.0  444.0  444.0
2022 265  9 22 1600  -26.4  963.4    1.5  208.0  444.0  444.0
2022 265  9 22 1700  -25.6  962.6    0.0    0.0  444.0  444.0
2022 265  9 22 1800  -27.1  962.2    0.0    0.0  444.0  444.0
2022 265  9 22 1900  -25.4  961.6    0.0    0.0  444.0  444.0
2022 265  9 22 2000  -25.1  961.1    1.2  297.0  444.0  444.0
2022 265  9 22 2100  -21.4  960.7    0.2  356.0  444.0  444.0
2022 265  9 22 2200  -21.4  960.6    0.0    0.0  444.0  444.0
2022 265  9 22 2300  -21.1  960.2    0.0    0.0  444.0  444.0
2022 266  9 23 0000  -20.0  959.9    0.0    0.0  444.0  444.0
2022 266  9 23 0100  -18.5  959.2    1.0  224.0  444.0  444.0
2022 266  9 23 0200  -17.2  958.9    1.7  219.0  444.0  444.0
2022 266  9 23 0300  -16.6  958.3    0.5  239.0  444.0  444.0
2022 266  9 23 0400  -16.8  957.6    4.7  243.0  444.0  444.0
2022 266  9 23 0500  -18.2  956.9    3.7  233.0  444.0  444.0
2022 266  9 23 0600  -16.6  956.0    2.9  246.0  444.0  444.0
2022 266  9 23 0700  -18.2  955.9    9.3  235.0  444.0  444.0
2022 266  9 23 0800  -17.0  956.4    5.1  141.0  444.0  444.0
2022 266  9 23 0900  -19.1  957.1    4.7  142.0  444.0  444.0
2022 266  9 23 1000  -20.0  957.9    4.4  148.0  444.0  444.0
2022 266  9 23 1100  -20.1  957.9    4.4  166.0  444.0  444.0
2022 266  9 23 1200  -19.4  957.9    3.7  165.0  444.0  444.0
2022 266  9 23 1300  -19.6  957.5    3.7  149.0  444.0  444.0
2022 266  9 23 1400  -19.6  957.7    2.7  177.0  444.0  444.0
2022 266  9 23 1500  -19.6  958.0    0.7  152.0  444.0  444.0
2022 266  9 23 1600  -19.6  957.7    1.5  270.0  444.0  444.0
2022 266  9 23 1700  -20.5  957.2    4.7  246.0  444.0  444.0
2022 266  9 23 1800  -19.8  956.9    2.7  264.0  444.0  444.0
2022 266  9 23 1900  -18.2  957.0    2.0  318.0  444.0  444.0
2022 266  9 23 2000  -17.8  956.9    2.0  322.0  444.0  444.0
2022 266  9 23 2100  -14.6  957.2    2.7  197.0  444.0  444.0
2022 266  9 23 2200  -14.2  957.4    1.2  169.0  444.0  444.0
2022 266  9 23 2300  -14.2  957.4    2.0  267.0  444.0  444.0
2022 267  9 24 0000  -14.1  957.5    0.7  304.0  444.0  444.0
2022 267  9 24 0100  -13.6  958.2    3.7  298.0  444.0  444.0
2022 267  9 24 0200  -13.1  959.0    1.5   77.0  444.0  444.0
2022 267  9 24 0300  -13.4  959.4    3.2  163.0  444.0  444.0
2022 267  9 24 0400  -13.4  959.4    2.5  239.0  444.0  444.0
2022 267  9 24 0500  -14.9  959.8    4.4  242.0  444.0  444.0
2022 267  9 24 0600  -14.2  959.7    4.4  252.0  444.0  444.0
2022 267  9 24 0700  -13.0  960.4    1.5  141.0  444.0  444.0
2022 267  9 24 0800  -12.2  961.5    0.0    0.0  444.0  444.0
2022 267  9 24 0900  -12.5  962.0    0.7  360.0  444.0  444.0
2022 267  9 24 1000  -12.0  962.7    7.8  187.0  444.0  444.0
2022 267  9 24 1100  -11.1  963.2    4.2   79.0  444.0  444.0
2022 267  9 24 1200  -12.9  964.4    1.5  122.0  444.0  444.0
2022 267  9 24 1300  -12.9  965.0    4.7  222.0  444.0  444.0
2022 267  9 24 1400  -11.1  965.8    1.7  124.0  444.0  444.0
2022 267  9 24 1500  -12.2  966.3    1.2  232.0  444.0  444.0
2022 267  9 24 1600  -11.2  966.4    7.1  135.0  444.0  444.0
2022 267  9 24 1700  -12.6  967.6    4.9  141.0  444.0  444.0
2022 267  9 24 1800  -12.5  968.4    2.9  201.0  444.0  444.0
2022 267  9 24 1900  -12.6  969.0    4.7  172.0  444.0  444.0
2022 267  9 24 2000  -12.2  969.2    2.9  205.0  444.0  444.0
2022 267  9 24 2100  -11.1  969.2    3.4  165.0  444.0  444.0
2022 267  9 24 2200  -12.1  969.3    5.1  235.0  444.0  444.0
2022 267  9 24 2300  -11.2  968.6    5.6  236.0  444.0  444.0
2022 268  9 25 0000  -10.5  968.5    2.5  228.0  444.0  444.0
2022 268  9 25 0100  -11.8  968.6    0.7   13.0  444.0  444.0
2022 268  9 25 0200  -11.8  968.7    0.0    0.0  444.0  444.0
2022 268  9 25 0300  -11.6  968.8    2.5  162.0  444.0  444.0
2022 268  9 25 0400  -12.2  969.2    1.7  152.0  444.0  444.0
2022 268  9 25 0500  -15.8  969.4    6.1  136.0  444.0  444.0
2022 268  9 25 0600  -15.9  970.5    8.6  153.0  444.0  444.0
2022 268  9 25 0700  -15.2  970.8    9.6  160.0  444.0  444.0
2022 268  9 25 0800  -15.6  971.3    6.6  158.0  444.0  444.0
2022 268  9 25 0900  -15.4  971.5    4.7  158.0  444.0  444.0
2022 268  9 25 1000  -15.5  971.8    0.0    0.0  444.0  444.0
2022 268  9 25 1100  -15.4  971.8    1.5  263.0  444.0  444.0
2022 268  9 25 1200  -15.5  972.0    0.0    0.0  444.0  444.0
2022 268  9 25 1300  -15.5  972.1    0.0    0.0  444.0  444.0
2022 268  9 25 1400  -15.6  972.2    0.2  285.0  444.0  444.0
2022 268  9 25 1500  -15.2  971.9    1.7  338.0  444.0  444.0
2022 268  9 25 1600  -14.4  972.3    0.7  131.0  444.0  444.0
2022 268  9 25 1700  -15.2  972.2    0.0    0.0  444.0  444.0
2022 268  9 25 1800  -14.5  972.0    2.0  245.0  444.0  444.0
2022 268  9 25 1900  -14.2  972.5    1.0  255.0  444.0  444.0
2022 268  9 25 2000  -13.8  972.8    0.7  287.0  444.0  444.0
2022 268  9 25 2100  -15.0  973.4    2.7  127.0  444.0  444.0
2022 268  9 25 2200  -12.9  973.8    1.5  150.0  444.0  444.0
2022 268  9 25 2300  -11.1  974.3    0.0    0.0  444.0  444.0
2022 269  9 26 0000  -12.4  974.3    2.7  248.0  444.0  444.0
2022 269  9 26 0100  -12.2  974.7    2.2  240.0  444.0  444.0
2022 269  9 26 0200  -12.1  975.0    3.2  264.0  444.0  444.0
2022 269  9 26 0300  -10.2  975.2    2.7  249.0  444.0  444.0
2022 269  9 26 0400  444.0  975.7    0.0    0.0  444.0  444.0
2022 269  9 26 0500  -12.5  975.8    0.5  138.0  444.0  444.0
2022 269  9 26 0600  -11.8  976.7    2.2  207.0  444.0  444.0
2022 269  9 26 0700  -13.2  977.5    1.7  148.0  444.0  444.0
2022 269  9 26 0800  -12.9  977.8    2.2  205.0  444.0  444.0
2022 269  9 26 0900  -12.6  977.8    1.7  226.0  444.0  444.0
2022 269  9 26 1000  -13.0  977.8    2.7  229.0  444.0  444.0
2022 269  9 26 1100  -12.0  977.7    1.5  236.0  444.0  444.0
2022 269  9 26 1200  -11.4  977.6    1.2  224.0  444.0  444.0
2022 269  9 26 1300  -13.1  977.7    4.2  156.0  444.0  444.0
2022 269  9 26 1400  -13.8  977.8    4.2  169.0  444.0  444.0
2022 269  9 26 1500  -14.8  977.9    5.4  172.0  444.0  444.0
2022 269  9 26 1600  -15.2  977.8    4.9  167.0  444.0  444.0
2022 269  9 26 1700  -14.4  977.9    4.4  172.0  444.0  444.0
2022 269  9 26 1800  -14.8  977.6    3.7  158.0  444.0  444.0
2022 269  9 26 1900  -14.8  977.7    0.7  257.0  444.0  444.0
2022 269  9 26 2000  -15.9  977.5    3.7  257.0  444.0  444.0
2022 269  9 26 2100  -14.6  977.6    1.2  280.0  444.0  444.0
2022 269  9 26 2200  -18.2  977.6    2.2  135.0  444.0  444.0
2022 269  9 26 2300  -15.6  977.3    1.0  201.0  444.0  444.0
2022 270  9 27 0000  -13.5  977.1    1.2  311.0  444.0  444.0
2022 270  9 27 0100  -14.9  977.1    1.0  326.0  444.0  444.0
2022 270  9 27 0200  -16.0  976.7    2.5  269.0  444.0  444.0
2022 270  9 27 0300  -14.4  976.5    1.5  330.0  444.0  444.0
2022 270  9 27 0400  -15.0  976.2    2.9  316.0  444.0  444.0
2022 270  9 27 0500  -15.4  976.0    3.4  318.0  444.0  444.0
2022 270  9 27 0600  -16.1  975.5    2.7  297.0  444.0  444.0
2022 270  9 27 0700  -16.6  975.1    2.2  271.0  444.0  444.0
2022 270  9 27 0800  -17.9  974.8    4.2  255.0  444.0  444.0
2022 270  9 27 0900  -17.0  974.8    2.9  284.0  444.0  444.0
2022 270  9 27 1000  -17.0  974.6    3.9  284.0  444.0  444.0
2022 270  9 27 1100  -17.0  974.3    2.9  259.0  444.0  444.0
2022 270  9 27 1200  -16.8  974.1    2.5  235.0  444.0  444.0
2022 270  9 27 1300  -16.5  974.1    1.2  238.0  444.0  444.0
2022 270  9 27 1400  -17.1  974.0    0.7  128.0  444.0  444.0
2022 270  9 27 1500  -17.4  974.0    1.5  134.0  444.0  444.0
2022 270  9 27 1600  -18.4  974.0    4.9  120.0  444.0  444.0
2022 270  9 27 1700  -19.6  974.4    7.1  142.0  444.0  444.0
2022 270  9 27 1800  -20.4  974.8    7.4  143.0  444.0  444.0
2022 270  9 27 1900  -20.5  975.0    7.6  142.0  444.0  444.0
2022 270  9 27 2000  -20.4  975.2    7.1  143.0  444.0  444.0
2022 270  9 27 2100  -20.4  975.2    7.4  141.0  444.0  444.0
2022 270  9 27 2200  -20.4  975.3    6.6  138.0  444.0  444.0
2022 270  9 27 2300  -20.4  975.5    6.9  139.0  444.0  444.0
2022 271  9 28 0000  -20.4  975.8    5.6  136.0  444.0  444.0
2022 271  9 28 0100  -20.5  975.7    5.9  132.0  444.0  444.0
2022 271  9 28 0200  -20.6  975.8    6.1  138.0  444.0  444.0
2022 271  9 28 0300  -20.6  975.5    5.6  131.0  444.0  444.0
2022 271  9 28 0400  -21.0  975.6    5.1  129.0  444.0  444.0
2022 271  9 28 0500  -21.1  975.8    4.7  127.0  444.0  444.0
2022 271  9 28 0600  -21.5  975.8    3.9  128.0  444.0  444.0
2022 271  9 28 0700  -21.8  975.9    2.7  129.0  444.0  444.0
2022 271  9 28 0800  -21.8  975.9    2.7  134.0  444.0  444.0
2022 271  9 28 0900  -21.8  975.8    1.7  132.0  444.0  444.0
2022 271  9 28 1000  -21.9  975.7    1.2  134.0  444.0  444.0
2022 271  9 28 1100  -21.9  975.6    0.5  127.0  444.0  444.0
2022 271  9 28 1200  -22.0  975.3    1.7  134.0  444.0  444.0
2022 271  9 28 1300  -22.8  975.1    0.5  124.0  444.0  444.0
2022 271  9 28 1400  -23.0  975.0    0.5  138.0  444.0  444.0
2022 271  9 28 1500  -23.2  974.8    0.7  231.0  444.0  444.0
2022 271  9 28 1600  -22.6  975.1    0.0    0.0  444.0  444.0
2022 271  9 28 1700  -22.6  974.9    0.0    0.0  444.0  444.0
2022 271  9 28 1800  -24.4  974.9    2.5  128.0  444.0  444.0
2022 271  9 28 1900  -24.0  974.9    1.0  134.0  444.0  444.0
2022 271  9 28 2000  -23.4  974.8    2.0  145.0  444.0  444.0
2022 271  9 28 2100  -23.0  974.8    2.2  172.0  444.0  444.0
2022 271  9 28 2200  -22.5  974.6    2.5  149.0  444.0  444.0
2022 271  9 28 2300  -22.6  974.6    0.0    0.0  444.0  444.0
2022 272  9 29 0000  -23.2  974.6    2.9  150.0  444.0  444.0
2022 272  9 29 0100  -22.8  974.4    2.5  152.0  444.0  444.0
2022 272  9 29 0200  -22.4  974.2    2.9  142.0  444.0  444.0
2022 272  9 29 0300  -21.6  973.8    2.0  153.0  444.0  444.0
2022 272  9 29 0400  -23.9  973.7    2.9  136.0  444.0  444.0
2022 272  9 29 0500  -23.6  973.8    0.2  139.0  444.0  444.0
2022 272  9 29 0600  -25.5  973.4    3.7  127.0  444.0  444.0
2022 272  9 29 0700  -26.4  973.2    3.2  145.0  444.0  444.0
2022 272  9 29 0800  -26.0  972.9    3.9  145.0  444.0  444.0
2022 272  9 29 0900  -26.1  972.5    6.1  159.0  444.0  444.0
2022 272  9 29 1000  -26.6  972.3    5.4  139.0  444.0  444.0
2022 272  9 29 1100  -25.5  972.1    5.6  159.0  444.0  444.0
2022 272  9 29 1200  -24.8  971.9    2.9  186.0  444.0  444.0
2022 272  9 29 1300  -24.5  971.4    2.5  169.0  444.0  444.0
2022 272  9 29 1400  -27.2  971.1    1.7  194.0  444.0  444.0
2022 272  9 29 1500  -28.1  971.2    0.5  321.0  444.0  444.0
2022 272  9 29 1600  -27.1  971.1    0.0    0.0  444.0  444.0
2022 272  9 29 1700  -28.9  971.1    0.0    0.0  444.0  444.0
2022 272  9 29 1800  -27.9  970.9    2.2  201.0  444.0  444.0
2022 272  9 29 1900  -25.6  971.1    1.5  158.0  444.0  444.0
2022 272  9 29 2000  -24.2  970.9    2.5  177.0  444.0  444.0
2022 272  9 29 2100  -22.5  971.0    0.5  163.0  444.0  444.0
2022 272  9 29 2200  -23.0  970.7    1.2  226.0  444.0  444.0
2022 272  9 29 2300  -23.2  970.5    1.7  231.0  444.0  444.0
2022 273  9 30 0000  -23.0  970.1    0.0    0.0  444.0  444.0
2022 273  9 30 0100  444.0  970.0    0.0    0.0  444.0  444.0
2022 273  9 30 0200  444.0  969.7    0.0    0.0  444.0  444.0
2022 273  9 30 0300  444.0  969.4    1.5  218.0  444.0  444.0
2022 273  9 30 0400  -22.4  969.5    2.9  243.0  444.0  444.0
2022 273  9 30 0500  -21.5  969.2    2.2  236.0  444.0  444.0
2022 273  9 30 0600  -22.0  968.6    4.2  207.0  444.0  444.0
2022 273  9 30 0700  -22.8  968.4    1.5  162.0  444.0  444.0
2022 273  9 30 0800  -23.9  968.1    0.7  262.0  444.0  444.0
2022 273  9 30 0900  -24.2  968.1    2.9  236.0  444.0  444.0
2022 273  9 30 1000  -22.5  968.0    1.7  256.0  444.0  444.0
2022 273  9 30 1100  -23.4  967.9    1.2  274.0  444.0  444.0
2022 273  9 30 1200  -25.0  967.4    6.6  248.0  444.0  444.0
2022 273  9 30 1300  -23.1  967.0    4.4  212.0  444.0  444.0
2022 273  9 30 1400  -23.1  966.6    7.6  239.0  444.0  444.0
2022 273  9 30 1500  -23.1  966.3    4.9  233.0  444.0  444.0
2022 273  9 30 1600  -24.0  966.3    5.1  235.0  444.0  444.0
2022 273  9 30 1700  -24.0  966.2    6.6  224.0  444.0  444.0
2022 273  9 30 1800  -23.6  965.8    5.6  235.0  444.0  444.0
2022 273  9 30 1900  -20.9  965.8    0.0    0.0  444.0  444.0
2022 273  9 30 2000  -20.1  965.5    1.7  149.0  444.0  444.0
2022 273  9 30 2100  444.0  965.2    0.0    0.0  444.0  444.0
2022 273  9 30 2200  444.0  964.6    0.7  270.0  444.0  444.0
2022 273  9 30 2300  444.0  964.0    0.0    0.0  444.0  444.0
