Year: 2021  Month: 08  ID: MPT  ARGOS:  8906  Name: Marble Point        
Lat: 77.44S  Lon: 163.76E  Elev:  108m
2021 213  8  1 0000   -6.4  969.8   15.4  180.0  444.0  444.0
2021 213  8  1 0100   -6.9  969.5   15.2  173.0  444.0  444.0
2021 213  8  1 0200   -6.2  968.9   15.9  208.0  444.0  444.0
2021 213  8  1 0300   -8.1  969.1   17.6  173.0  444.0  444.0
2021 213  8  1 0400   -7.8  968.7   20.6  170.0  444.0  444.0
2021 213  8  1 0500   -8.1  969.1   19.6  186.0  444.0  444.0
2021 213  8  1 0600   -7.9  970.2   17.4  184.0  444.0  444.0
2021 213  8  1 0700   -7.0  970.5   12.0  183.0  444.0  444.0
2021 213  8  1 0800   -8.2  969.5   14.7  180.0  444.0  444.0
2021 213  8  1 0900   -7.5  969.0    8.1  217.0  444.0  444.0
2021 213  8  1 1000   -8.5  969.3   15.7  183.0  444.0  444.0
2021 213  8  1 1100   -9.5  968.3   14.2  211.0  444.0  444.0
2021 213  8  1 1200   -9.2  967.8   16.4  228.0  444.0  444.0
2021 213  8  1 1300   -8.6  967.4   18.9  212.0  444.0  444.0
2021 213  8  1 1400  -10.2  968.9   16.2  219.0  444.0  444.0
2021 213  8  1 1500  -20.0  972.6    7.1  131.0  444.0  444.0
2021 213  8  1 1600  -24.9  972.8    8.6  104.0  444.0  444.0
2021 213  8  1 1700  -26.0  973.5    3.7  148.0  444.0  444.0
2021 213  8  1 1800  -26.6  973.9    2.2  245.0  444.0  444.0
2021 213  8  1 1900  -25.8  973.9    5.1  345.0  444.0  444.0
2021 213  8  1 2000  -26.0  974.7    8.6  335.0  444.0  444.0
2021 213  8  1 2100  -25.6  975.1    6.6  325.0  444.0  444.0
2021 213  8  1 2200  -26.0  975.3    8.8  326.0  444.0  444.0
2021 213  8  1 2300  -26.0  975.3    9.3  315.0  444.0  444.0
2021 214  8  2 0000  -26.0  975.3    7.4  321.0  444.0  444.0
2021 214  8  2 0100  -26.8  976.6    0.0    0.0  444.0  444.0
2021 214  8  2 0200  -26.6  977.2    0.0    0.0  444.0  444.0
2021 214  8  2 0300  -26.9  977.2    2.7  274.0  444.0  444.0
2021 214  8  2 0400  -26.2  975.5   15.4  325.0  444.0  444.0
2021 214  8  2 0500  -26.6  976.2    8.3  335.0  444.0  444.0
2021 214  8  2 0600  -26.2  976.8    6.1  309.0  444.0  444.0
2021 214  8  2 0700  -25.6  978.3    0.7  295.0  444.0  444.0
2021 214  8  2 0800  -25.2  979.6    0.5  188.0  444.0  444.0
2021 214  8  2 0900  -24.8  980.0    2.7  242.0  444.0  444.0
2021 214  8  2 1000  -27.2  981.4    0.0    0.0  444.0  444.0
2021 214  8  2 1100  -30.4  982.8    6.6  134.0  444.0  444.0
2021 214  8  2 1200  -29.2  983.8    4.7  132.0  444.0  444.0
2021 214  8  2 1300  -28.4  984.3    2.5  150.0  444.0  444.0
2021 214  8  2 1400  -28.4  985.2    1.0  121.0  444.0  444.0
2021 214  8  2 1500  -27.4  985.8    3.2  142.0  444.0  444.0
2021 214  8  2 1600  -28.5  986.1    1.0  359.0  444.0  444.0
2021 214  8  2 1700  -28.4  985.5    0.0    0.0  444.0  444.0
2021 214  8  2 1800  -28.0  985.4    2.0  143.0  444.0  444.0
2021 214  8  2 1900  -27.8  986.1    1.5  134.0  444.0  444.0
2021 214  8  2 2000  -29.2  987.1    2.5  146.0  444.0  444.0
2021 214  8  2 2100  -28.4  987.1    4.7  135.0  444.0  444.0
2021 214  8  2 2200  -27.9  987.2    2.9  124.0  444.0  444.0
2021 214  8  2 2300  -27.5  986.9    5.9  129.0  444.0  444.0
2021 215  8  3 0000  -26.6  986.9    7.1  132.0  444.0  444.0
2021 215  8  3 0100  -28.5  987.4    4.7  131.0  444.0  444.0
2021 215  8  3 0200  -26.2  987.1    5.1  139.0  444.0  444.0
2021 215  8  3 0300  -26.0  986.6    4.9  134.0  444.0  444.0
2021 215  8  3 0400  -25.4  986.4    4.2  120.0  444.0  444.0
2021 215  8  3 0500  -25.2  986.3    2.0  125.0  444.0  444.0
2021 215  8  3 0600  -25.0  985.7    1.5  142.0  444.0  444.0
2021 215  8  3 0700  -24.8  985.6    0.7  112.0  444.0  444.0
2021 215  8  3 0800  -24.9  985.4    0.0    0.0  444.0  444.0
2021 215  8  3 0900  -25.4  985.1    0.0    0.0  444.0  444.0
2021 215  8  3 1000  -25.1  984.8    0.0    0.0  444.0  444.0
2021 215  8  3 1100  -24.9  984.6    0.0    0.0  444.0  444.0
2021 215  8  3 1200  -24.5  984.4    0.0    0.0  444.0  444.0
2021 215  8  3 1300  -25.8  984.0    1.0  129.0  444.0  444.0
2021 215  8  3 1400  -26.1  983.9    0.5  138.0  444.0  444.0
2021 215  8  3 1500  -26.6  983.6    2.2  143.0  444.0  444.0
2021 215  8  3 1600  -26.2  983.4    2.0  145.0  444.0  444.0
2021 215  8  3 1700  -26.8  982.9    2.5  138.0  444.0  444.0
2021 215  8  3 1800  -26.8  982.6    3.2  139.0  444.0  444.0
2021 215  8  3 1900  -26.6  982.4    3.9  143.0  444.0  444.0
2021 215  8  3 2000  -27.0  982.5    5.4  134.0  444.0  444.0
2021 215  8  3 2100  -26.8  982.9    6.6  146.0  444.0  444.0
2021 215  8  3 2200  -28.0  982.7    6.9  129.0  444.0  444.0
2021 215  8  3 2300  -27.6  982.4    6.9  132.0  444.0  444.0
2021 216  8  4 0000  -27.1  982.0    8.1  134.0  444.0  444.0
2021 216  8  4 0100  -27.8  981.9    7.1  136.0  444.0  444.0
2021 216  8  4 0200  -28.4  981.5    5.9  134.0  444.0  444.0
2021 216  8  4 0300  -28.6  981.5    5.9  136.0  444.0  444.0
2021 216  8  4 0400  -29.9  981.5    6.6  146.0  444.0  444.0
2021 216  8  4 0500  -28.8  981.1    5.6  146.0  444.0  444.0
2021 216  8  4 0600  -26.5  980.6    7.1  155.0  444.0  444.0
2021 216  8  4 0700  -27.1  980.4    4.7  136.0  444.0  444.0
2021 216  8  4 0800  -28.5  980.1    6.9  141.0  444.0  444.0
2021 216  8  4 0900  -28.0  979.6    5.1  124.0  444.0  444.0
2021 216  8  4 1000  -28.4  979.2    4.7  136.0  444.0  444.0
2021 216  8  4 1100  -28.4  979.0    4.4  127.0  444.0  444.0
2021 216  8  4 1200  -28.4  978.6    4.2  127.0  444.0  444.0
2021 216  8  4 1300  -27.8  978.5    2.7  134.0  444.0  444.0
2021 216  8  4 1400  -27.1  978.2    4.7  141.0  444.0  444.0
2021 216  8  4 1500  -26.0  977.8    5.9  145.0  444.0  444.0
2021 216  8  4 1600  -26.0  977.4    7.1  135.0  444.0  444.0
2021 216  8  4 1700  -26.9  977.3    4.2  134.0  444.0  444.0
2021 216  8  4 1800  -27.2  977.3    3.7  136.0  444.0  444.0
2021 216  8  4 1900  -27.2  977.2    3.4  139.0  444.0  444.0
2021 216  8  4 2000  -27.5  977.6    0.0    0.0  444.0  444.0
2021 216  8  4 2100  -28.4  977.7    1.5  300.0  444.0  444.0
2021 216  8  4 2200  -28.1  977.7    0.0    0.0  444.0  444.0
2021 216  8  4 2300  -27.9  977.8    3.2  163.0  444.0  444.0
2021 217  8  5 0000  -28.4  977.8    3.9  145.0  444.0  444.0
2021 217  8  5 0100  -27.5  978.1    1.2  174.0  444.0  444.0
2021 217  8  5 0200  -26.6  977.9    1.7  166.0  444.0  444.0
2021 217  8  5 0300  -26.2  977.7    1.7  165.0  444.0  444.0
2021 217  8  5 0400  -27.9  977.8    2.5  155.0  444.0  444.0
2021 217  8  5 0500  -27.6  977.9    0.0    0.0  444.0  444.0
2021 217  8  5 0600  -28.0  978.1    1.0  143.0  444.0  444.0
2021 217  8  5 0700  -28.4  978.2    0.0    0.0  444.0  444.0
2021 217  8  5 0800  -29.2  978.3    1.0  350.0  444.0  444.0
2021 217  8  5 0900  -30.1  978.6    0.5  250.0  444.0  444.0
2021 217  8  5 1000  -30.4  978.5    0.0    0.0  444.0  444.0
2021 217  8  5 1100  -30.8  978.7    0.0    0.0  444.0  444.0
2021 217  8  5 1200  -31.0  978.7    0.0    0.0  444.0  444.0
2021 217  8  5 1300  -28.5  978.7    1.7  232.0  444.0  444.0
2021 217  8  5 1400  -31.4  978.7    0.0    0.0  444.0  444.0
2021 217  8  5 1500  -28.8  978.4    1.7  269.0  444.0  444.0
2021 217  8  5 1600  -30.8  978.7    0.5   79.0  444.0  444.0
2021 217  8  5 1700  -30.2  979.3    0.0    0.0  444.0  444.0
2021 217  8  5 1800  -30.9  979.6    0.0    0.0  444.0  444.0
2021 217  8  5 1900  -31.5  979.6    0.0    0.0  444.0  444.0
2021 217  8  5 2000  -30.5  980.1    0.0    0.0  444.0  444.0
2021 217  8  5 2100  -30.1  980.2    0.0    0.0  444.0  444.0
2021 217  8  5 2200  -28.9  980.7    0.7  249.0  444.0  444.0
2021 217  8  5 2300  -30.1  980.9    1.7  215.0  444.0  444.0
2021 218  8  6 0000  -31.8  981.6    0.5  210.0  444.0  444.0
2021 218  8  6 0100  -31.8  982.1    1.0  135.0  444.0  444.0
2021 218  8  6 0200  -31.1  982.8    0.0    0.0  444.0  444.0
2021 218  8  6 0300  -30.8  983.4    2.7  152.0  444.0  444.0
2021 218  8  6 0400  -30.2  983.7    1.2  142.0  444.0  444.0
2021 218  8  6 0500  -30.5  984.2    0.0    0.0  444.0  444.0
2021 218  8  6 0600  -30.8  984.6    0.0    0.0  444.0  444.0
2021 218  8  6 0700  -29.6  984.9    0.7  186.0  444.0  444.0
2021 218  8  6 0800  -28.8  985.2    1.5  181.0  444.0  444.0
2021 218  8  6 0900  -30.5  985.8    1.2  136.0  444.0  444.0
2021 218  8  6 1000  -30.4  986.0    0.0    0.0  444.0  444.0
2021 218  8  6 1100  -29.2  986.0    1.0  149.0  444.0  444.0
2021 218  8  6 1200  -29.6  986.8    0.0    0.0  444.0  444.0
2021 218  8  6 1300  -30.8  987.6    2.7  155.0  444.0  444.0
2021 218  8  6 1400  -30.0  988.1    3.4  136.0  444.0  444.0
2021 218  8  6 1500  -28.8  988.9    4.4  143.0  444.0  444.0
2021 218  8  6 1600  -28.5  989.6    3.4  142.0  444.0  444.0
2021 218  8  6 1700  -32.2  989.7    6.1  122.0  444.0  444.0
2021 218  8  6 1800  -30.2  990.5    1.2  152.0  444.0  444.0
2021 218  8  6 1900  -28.0  990.9    1.7  176.0  444.0  444.0
2021 218  8  6 2000  -32.2  991.2    0.7  149.0  444.0  444.0
2021 218  8  6 2100  -32.1  991.9    1.0  124.0  444.0  444.0
2021 218  8  6 2200  -32.4  992.0    0.7  134.0  444.0  444.0
2021 218  8  6 2300  -32.0  991.7    2.2  158.0  444.0  444.0
2021 219  8  7 0000  -32.2  992.0    0.5  124.0  444.0  444.0
2021 219  8  7 0100  -32.4  991.6    2.0  149.0  444.0  444.0
2021 219  8  7 0200  -32.6  991.5    2.2  105.0  444.0  444.0
2021 219  8  7 0300  -30.1  991.5    2.7  132.0  444.0  444.0
2021 219  8  7 0400  -30.2  991.7    2.5  143.0  444.0  444.0
2021 219  8  7 0500  -29.2  991.4    2.0  138.0  444.0  444.0
2021 219  8  7 0600  -29.2  991.3    1.7  146.0  444.0  444.0
2021 219  8  7 0700  -28.5  990.8    0.2  236.0  444.0  444.0
2021 219  8  7 0800  -28.5  990.8    0.0    0.0  444.0  444.0
2021 219  8  7 0900  -28.8  990.7    0.0    0.0  444.0  444.0
2021 219  8  7 1000  -28.8  989.9    1.5  141.0  444.0  444.0
2021 219  8  7 1100  -28.0  989.6    0.7  139.0  444.0  444.0
2021 219  8  7 1200  -27.9  989.1    0.0    0.0  444.0  444.0
2021 219  8  7 1300  -28.0  988.7    0.0    0.0  444.0  444.0
2021 219  8  7 1400  -28.4  988.2    1.2  145.0  444.0  444.0
2021 219  8  7 1500  -28.5  987.7    1.0  316.0  444.0  444.0
2021 219  8  7 1600  -28.4  987.3    0.5  335.0  444.0  444.0
2021 219  8  7 1700  -27.9  986.8    1.0  319.0  444.0  444.0
2021 219  8  7 1800  -28.1  986.6    0.0    0.0  444.0  444.0
2021 219  8  7 1900  -28.0  986.0    0.0    0.0  444.0  444.0
2021 219  8  7 2000  -28.4  985.2    2.5  118.0  444.0  444.0
2021 219  8  7 2100  -28.9  985.0    1.7  111.0  444.0  444.0
2021 219  8  7 2200  -29.0  984.6    0.5  132.0  444.0  444.0
2021 219  8  7 2300  -27.9  983.7    0.0    0.0  444.0  444.0
2021 220  8  8 0000  -28.8  982.9    1.2  134.0  444.0  444.0
2021 220  8  8 0100  -28.4  982.0    0.0    0.0  444.0  444.0
2021 220  8  8 0200  -27.9  981.3    0.0    0.0  444.0  444.0
2021 220  8  8 0300  -28.5  979.9    1.7  139.0  444.0  444.0
2021 220  8  8 0400  -28.4  979.0    1.7  124.0  444.0  444.0
2021 220  8  8 0500  -28.1  978.3    0.0    0.0  444.0  444.0
2021 220  8  8 0600  -27.1  977.2    1.0  142.0  444.0  444.0
2021 220  8  8 0700  -27.8  975.9    2.2  141.0  444.0  444.0
2021 220  8  8 0800  -27.9  975.1    2.7  120.0  444.0  444.0
2021 220  8  8 0900  -26.2  974.4    1.7  150.0  444.0  444.0
2021 220  8  8 1000  -27.5  973.7    2.0  132.0  444.0  444.0
2021 220  8  8 1100  -27.1  972.6    1.2  125.0  444.0  444.0
2021 220  8  8 1200  -27.2  972.1    0.0    0.0  444.0  444.0
2021 220  8  8 1300  -27.8  971.9    0.0    0.0  444.0  444.0
2021 220  8  8 1400  -29.0  971.4    3.4  141.0  444.0  444.0
2021 220  8  8 1500  -28.6  971.0    2.7  138.0  444.0  444.0
2021 220  8  8 1600  -28.4  971.0    0.0    0.0  444.0  444.0
2021 220  8  8 1700  -28.8  971.0    0.0    0.0  444.0  444.0
2021 220  8  8 1800  -29.1  970.8    2.9  150.0  444.0  444.0
2021 220  8  8 1900  -25.2  970.6    2.2  172.0  444.0  444.0
2021 220  8  8 2000  -26.2  970.3    0.0    0.0  444.0  444.0
2021 220  8  8 2100  -29.1  970.4    0.7  143.0  444.0  444.0
2021 220  8  8 2200  -28.4  970.2    3.2  125.0  444.0  444.0
2021 220  8  8 2300  -28.8  970.4    3.7  162.0  444.0  444.0
2021 221  8  9 0000  -27.9  970.2    5.1  152.0  444.0  444.0
2021 221  8  9 0100  -28.6  970.4    5.9  148.0  444.0  444.0
2021 221  8  9 0200  -29.6  970.9    3.7  146.0  444.0  444.0
2021 221  8  9 0300  -28.9  970.5    3.7  146.0  444.0  444.0
2021 221  8  9 0400  -29.9  970.4    2.5  108.0  444.0  444.0
2021 221  8  9 0500  -31.9  969.9    3.4  146.0  444.0  444.0
2021 221  8  9 0600  -33.1  969.8    3.9  135.0  444.0  444.0
2021 221  8  9 0700  -35.0  969.8    2.9  146.0  444.0  444.0
2021 221  8  9 0800  -35.1  970.1    3.2  127.0  444.0  444.0
2021 221  8  9 0900  -35.8  970.3    3.4  124.0  444.0  444.0
2021 221  8  9 1000  -35.9  970.3    2.0  132.0  444.0  444.0
2021 221  8  9 1100  -36.6  970.3    1.5  122.0  444.0  444.0
2021 221  8  9 1200  -36.6  970.3    1.0  134.0  444.0  444.0
2021 221  8  9 1300  -36.6  970.4    2.0  131.0  444.0  444.0
2021 221  8  9 1400  -36.9  970.3    1.7  129.0  444.0  444.0
2021 221  8  9 1500  -36.9  970.7    1.2  122.0  444.0  444.0
2021 221  8  9 1600  -36.6  970.5    0.0    0.0  444.0  444.0
2021 221  8  9 1700  -36.4  971.0    1.5  135.0  444.0  444.0
2021 221  8  9 1800  -37.1  971.1    3.2  121.0  444.0  444.0
2021 221  8  9 1900  -37.5  972.0    4.4  121.0  444.0  444.0
2021 221  8  9 2000  -37.6  972.7    5.1  129.0  444.0  444.0
2021 221  8  9 2100  -37.0  973.9    4.7  132.0  444.0  444.0
2021 221  8  9 2200  -36.5  975.1    2.9  135.0  444.0  444.0
2021 221  8  9 2300  -33.9  975.7    5.9  122.0  444.0  444.0
2021 222  8 10 0000  -33.6  976.7    6.1  136.0  444.0  444.0
2021 222  8 10 0100  -35.8  978.0    4.7  135.0  444.0  444.0
2021 222  8 10 0200  -36.2  979.0    6.4  132.0  444.0  444.0
2021 222  8 10 0300  -35.5  980.0    7.4  139.0  444.0  444.0
2021 222  8 10 0400  -34.5  981.4    8.6  156.0  444.0  444.0
2021 222  8 10 0500  -34.4  982.9    8.3  153.0  444.0  444.0
2021 222  8 10 0600  -34.6  983.8    6.4  141.0  444.0  444.0
2021 222  8 10 0700  -34.9  985.2    4.9  134.0  444.0  444.0
2021 222  8 10 0800  -35.0  986.6    4.9  135.0  444.0  444.0
2021 222  8 10 0900  -35.2  987.6    4.7  145.0  444.0  444.0
2021 222  8 10 1000  -34.4  988.6    0.0    0.0  444.0  444.0
2021 222  8 10 1100  -35.6  989.9    1.5  129.0  444.0  444.0
2021 222  8 10 1200  -35.2  991.0    0.0    0.0  444.0  444.0
2021 222  8 10 1300  -33.6  992.1    0.0    0.0  444.0  444.0
2021 222  8 10 1400  -36.6  993.2    0.0    0.0  444.0  444.0
2021 222  8 10 1500  -36.6  994.2    0.0    0.0  444.0  444.0
2021 222  8 10 1600  -37.2  995.3    1.5  128.0  444.0  444.0
2021 222  8 10 1700  -36.8  996.3    2.0  142.0  444.0  444.0
2021 222  8 10 1800  -37.4  996.8    2.2  128.0  444.0  444.0
2021 222  8 10 1900  -37.5  997.5    1.2  122.0  444.0  444.0
2021 222  8 10 2000  -36.4  998.4    0.0    0.0  444.0  444.0
2021 222  8 10 2100  -38.1  999.3    1.5  139.0  444.0  444.0
2021 222  8 10 2200  -38.0 1000.4    1.5  146.0  444.0  444.0
2021 222  8 10 2300  -38.0 1001.1    0.0    0.0  444.0  444.0
2021 223  8 11 0000  -37.4 1001.6    1.0  145.0  444.0  444.0
2021 223  8 11 0100  -37.9 1001.9    0.0    0.0  444.0  444.0
2021 223  8 11 0200  -37.5 1002.8    0.0    0.0  444.0  444.0
2021 223  8 11 0300  -37.5 1003.2    0.0    0.0  444.0  444.0
2021 223  8 11 0400  -37.2 1003.4    0.5  297.0  444.0  444.0
2021 223  8 11 0500  -37.6 1003.8    0.0    0.0  444.0  444.0
2021 223  8 11 0600  -38.6 1003.7    0.7  330.0  444.0  444.0
2021 223  8 11 0700  -35.9 1003.9    1.7  330.0  444.0  444.0
2021 223  8 11 0800  -34.6 1004.2    0.7  287.0  444.0  444.0
2021 223  8 11 0900  -36.1 1004.1    0.0    0.0  444.0  444.0
2021 223  8 11 1000  -38.0 1004.3    0.0    0.0  444.0  444.0
2021 223  8 11 1100  -35.1 1004.3    0.0    0.0  444.0  444.0
2021 223  8 11 1200  -36.9 1004.0    0.0    0.0  444.0  444.0
2021 223  8 11 1300  -38.5 1004.4    1.5  149.0  444.0  444.0
2021 223  8 11 1400  -36.2 1004.3    0.5  333.0  444.0  444.0
2021 223  8 11 1500  -35.1 1004.4    0.0    0.0  444.0  444.0
2021 223  8 11 1600  -35.0 1004.0    0.0    0.0  444.0  444.0
2021 223  8 11 1700  -34.9 1003.5    1.7  290.0  444.0  444.0
2021 223  8 11 1800  -35.2 1003.0    1.0  315.0  444.0  444.0
2021 223  8 11 1900  -34.6 1002.3    1.5  322.0  444.0  444.0
2021 223  8 11 2000  -35.9 1001.8    3.2  297.0  444.0  444.0
2021 223  8 11 2100  -35.0 1001.4    1.5  330.0  444.0  444.0
2021 223  8 11 2200  -35.9 1000.5    0.5  280.0  444.0  444.0
2021 223  8 11 2300  -35.9  999.8    0.5  304.0  444.0  444.0
2021 224  8 12 0000  -36.1  998.5    2.2  321.0  444.0  444.0
2021 224  8 12 0100  -34.0  997.0    1.2  307.0  444.0  444.0
2021 224  8 12 0200  -33.6  995.8    1.0  336.0  444.0  444.0
2021 224  8 12 0300  -34.5  995.1    1.2  321.0  444.0  444.0
2021 224  8 12 0400  -36.1  995.0    0.0    0.0  444.0  444.0
2021 224  8 12 0500  -36.2  994.3    0.0    0.0  444.0  444.0
2021 224  8 12 0600  -34.0  993.1    1.0  325.0  444.0  444.0
2021 224  8 12 0700  -34.5  992.6    0.0    0.0  444.0  444.0
2021 224  8 12 0800  -35.9  992.0    0.0    0.0  444.0  444.0
2021 224  8 12 0900  -35.6  991.5    0.2  155.0  444.0  444.0
2021 224  8 12 1000  -34.4  990.4    1.5  246.0  444.0  444.0
2021 224  8 12 1100  -34.2  989.6    1.5  246.0  444.0  444.0
2021 224  8 12 1200  -34.4  988.4    1.7  295.0  444.0  444.0
2021 224  8 12 1300  -35.6  987.8    0.0    0.0  444.0  444.0
2021 224  8 12 1400  -34.5  986.3    0.7  291.0  444.0  444.0
2021 224  8 12 1500  -33.9  985.1    2.0  352.0  444.0  444.0
2021 224  8 12 1600  -35.0  984.5    2.0  132.0  444.0  444.0
2021 224  8 12 1700  -35.5  983.6    2.5  115.0  444.0  444.0
2021 224  8 12 1800  -35.0  983.0    2.9  132.0  444.0  444.0
2021 224  8 12 1900  -35.1  982.6    2.2  156.0  444.0  444.0
2021 224  8 12 2000  -33.2  982.0    1.5  158.0  444.0  444.0
2021 224  8 12 2100  -32.8  981.3    1.2  148.0  444.0  444.0
2021 224  8 12 2200  -32.6  980.7    4.4  160.0  444.0  444.0
2021 224  8 12 2300  -30.9  980.0    0.0    0.0  444.0  444.0
2021 225  8 13 0000  -31.5  979.5    0.0    0.0  444.0  444.0
2021 225  8 13 0100  -33.2  979.5    0.0    0.0  444.0  444.0
2021 225  8 13 0200  -31.9  979.0    0.0    0.0  444.0  444.0
2021 225  8 13 0300  -31.5  978.0    1.2  212.0  444.0  444.0
2021 225  8 13 0400  -32.2  977.8    0.0    0.0  444.0  444.0
2021 225  8 13 0500  -30.8  977.5    1.0  195.0  444.0  444.0
2021 225  8 13 0600  -32.6  977.6    4.2  124.0  444.0  444.0
2021 225  8 13 0700  -34.5  977.3    7.4  129.0  444.0  444.0
2021 225  8 13 0800  -33.2  977.7    8.8  135.0  444.0  444.0
2021 225  8 13 0900  -31.9  978.8   11.0  150.0  444.0  444.0
2021 225  8 13 1000  -28.4  979.6   11.8  149.0  444.0  444.0
2021 225  8 13 1100  -28.1  979.9   11.8  134.0  444.0  444.0
2021 225  8 13 1200  -29.2  980.3    9.6  160.0  444.0  444.0
2021 225  8 13 1300  -29.1  980.7    9.8  162.0  444.0  444.0
2021 225  8 13 1400  -29.6  981.3   12.2  152.0  444.0  444.0
2021 225  8 13 1500  -31.0  982.5   11.8  155.0  444.0  444.0
2021 225  8 13 1600  -30.2  983.0   13.0  153.0  444.0  444.0
2021 225  8 13 1700  -31.4  984.3    7.1  139.0  444.0  444.0
2021 225  8 13 1800  -32.0  985.3    6.4  135.0  444.0  444.0
2021 225  8 13 1900  -32.9  985.6    7.1  139.0  444.0  444.0
2021 225  8 13 2000  -32.6  986.9    8.3  143.0  444.0  444.0
2021 225  8 13 2100  -33.2  987.7    9.1  136.0  444.0  444.0
2021 225  8 13 2200  -34.5  988.6    9.1  135.0  444.0  444.0
2021 225  8 13 2300  -33.1  989.8    9.6  146.0  444.0  444.0
2021 226  8 14 0000  -33.1  990.7    6.9  134.0  444.0  444.0
2021 226  8 14 0100  -32.6  990.9    9.1  138.0  444.0  444.0
2021 226  8 14 0200  -33.2  991.9    6.1  145.0  444.0  444.0
2021 226  8 14 0300  -33.2  992.1    8.8  148.0  444.0  444.0
2021 226  8 14 0400  -34.0  993.0    8.8  145.0  444.0  444.0
2021 226  8 14 0500  -34.5  993.9    8.8  158.0  444.0  444.0
2021 226  8 14 0600  -34.4  994.5    9.3  150.0  444.0  444.0
2021 226  8 14 0700  -34.4  995.3    8.8  150.0  444.0  444.0
2021 226  8 14 0800  -33.8  995.7    7.6  159.0  444.0  444.0
2021 226  8 14 0900  -33.1  996.7    4.7  142.0  444.0  444.0
2021 226  8 14 1000  -33.2  997.2    7.4  134.0  444.0  444.0
2021 226  8 14 1100  -34.5  997.7    8.8  131.0  444.0  444.0
2021 226  8 14 1200  -34.5  998.6    8.1  141.0  444.0  444.0
2021 226  8 14 1300  -34.9  999.3    7.1  134.0  444.0  444.0
2021 226  8 14 1400  -34.4 1000.3    5.6  129.0  444.0  444.0
2021 226  8 14 1500  -33.8 1000.8    6.4  145.0  444.0  444.0
2021 226  8 14 1600  -34.0 1001.0    7.1  139.0  444.0  444.0
2021 226  8 14 1700  -34.0 1001.3    6.9  146.0  444.0  444.0
2021 226  8 14 1800  -34.9 1001.9    5.6  135.0  444.0  444.0
2021 226  8 14 1900  -35.1 1002.8    5.9  132.0  444.0  444.0
2021 226  8 14 2000  -35.5 1003.4    6.4  129.0  444.0  444.0
2021 226  8 14 2100  -35.8 1004.3    5.6  128.0  444.0  444.0
2021 226  8 14 2200  -36.1 1004.4    5.4  124.0  444.0  444.0
2021 226  8 14 2300  -36.2 1004.6    5.1  122.0  444.0  444.0
2021 227  8 15 0000  -36.2 1004.6    4.7  128.0  444.0  444.0
2021 227  8 15 0100  -36.8 1004.6    4.9  128.0  444.0  444.0
2021 227  8 15 0200  -37.0 1004.7    3.9  122.0  444.0  444.0
2021 227  8 15 0300  -37.2 1005.0    5.1  128.0  444.0  444.0
2021 227  8 15 0400  -37.5 1005.0    4.4  134.0  444.0  444.0
2021 227  8 15 0500  -37.5 1004.9    2.9  122.0  444.0  444.0
2021 227  8 15 0600  -37.9 1005.1    2.2  145.0  444.0  444.0
2021 227  8 15 0700  -38.0 1005.0    1.7  163.0  444.0  444.0
2021 227  8 15 0800  -37.5 1004.7    0.2  201.0  444.0  444.0
2021 227  8 15 0900  -38.0 1004.0    1.2  225.0  444.0  444.0
2021 227  8 15 1000  -38.0 1003.7    0.0    0.0  444.0  444.0
2021 227  8 15 1100  -37.9 1003.1    0.0    0.0  444.0  444.0
2021 227  8 15 1200  -37.5 1002.5    0.2  208.0  444.0  444.0
2021 227  8 15 1300  -38.6 1002.2    1.5  153.0  444.0  444.0
2021 227  8 15 1400  -37.9 1001.4    0.0    0.0  444.0  444.0
2021 227  8 15 1500  -38.0 1000.7    0.0    0.0  444.0  444.0
2021 227  8 15 1600  -37.5 1000.2    1.2  212.0  444.0  444.0
2021 227  8 15 1700  -38.0  999.7    0.0    0.0  444.0  444.0
2021 227  8 15 1800  -37.9  998.9    0.7  139.0  444.0  444.0
2021 227  8 15 1900  -38.2  998.3    1.7  139.0  444.0  444.0
2021 227  8 15 2000  -39.1  998.1    0.0    0.0  444.0  444.0
2021 227  8 15 2100  -39.1  997.5    0.0    0.0  444.0  444.0
2021 227  8 15 2200  -39.0  997.1    1.2  150.0  444.0  444.0
2021 227  8 15 2300  -38.5  996.8    2.5  134.0  444.0  444.0
2021 228  8 16 0000  -37.0  996.1    3.2  153.0  444.0  444.0
2021 228  8 16 0100  -36.6  995.8    2.0  135.0  444.0  444.0
2021 228  8 16 0200  -36.8  995.6    2.7  159.0  444.0  444.0
2021 228  8 16 0300  -37.4  995.2    1.7  170.0  444.0  444.0
2021 228  8 16 0400  -39.6  994.9    1.0  152.0  444.0  444.0
2021 228  8 16 0500  -37.6  994.9    2.2  148.0  444.0  444.0
2021 228  8 16 0600  -37.5  994.8    0.0    0.0  444.0  444.0
2021 228  8 16 0700  -36.8  994.5    0.2  165.0  444.0  444.0
2021 228  8 16 0800  -36.9  994.4    0.0    0.0  444.0  444.0
2021 228  8 16 0900  -39.0  994.2    0.0    0.0  444.0  444.0
2021 228  8 16 1000  -37.6  994.4    0.0    0.0  444.0  444.0
2021 228  8 16 1100  -38.4  994.7    1.2  150.0  444.0  444.0
2021 228  8 16 1200  -38.8  994.6    2.2  160.0  444.0  444.0
2021 228  8 16 1300  -38.8  994.4    2.9  141.0  444.0  444.0
2021 228  8 16 1400  -38.2  994.8    0.0    0.0  444.0  444.0
2021 228  8 16 1500  -36.1  994.7    2.9  138.0  444.0  444.0
2021 228  8 16 1600  -37.9  994.8    0.0    0.0  444.0  444.0
2021 228  8 16 1700  -38.2  994.9    0.0    0.0  444.0  444.0
2021 228  8 16 1800  -35.9  994.7    0.2  153.0  444.0  444.0
2021 228  8 16 1900  -38.2  994.4    0.0    0.0  444.0  444.0
2021 228  8 16 2000  -36.1  994.0    0.2  294.0  444.0  444.0
2021 228  8 16 2100  -36.0  993.9    0.0    0.0  444.0  444.0
2021 228  8 16 2200  -36.4  993.7    0.0    0.0  444.0  444.0
2021 228  8 16 2300  -36.4  993.6    2.5  135.0  444.0  444.0
2021 229  8 17 0000  -36.6  993.2    1.5  297.0  444.0  444.0
2021 229  8 17 0100  -36.2  992.7    0.7  294.0  444.0  444.0
2021 229  8 17 0200  -36.6  992.0    0.0    0.0  444.0  444.0
2021 229  8 17 0300  -38.2  991.8    0.0    0.0  444.0  444.0
2021 229  8 17 0400  -37.5  991.5    1.0  285.0  444.0  444.0
2021 229  8 17 0500  -35.8  990.9    0.7  276.0  444.0  444.0
2021 229  8 17 0600  -37.5  990.5    0.0    0.0  444.0  444.0
2021 229  8 17 0700  -37.5  990.1    0.0    0.0  444.0  444.0
2021 229  8 17 0800  -38.2  989.7    0.0    0.0  444.0  444.0
2021 229  8 17 0900  -38.0  989.3    0.0    0.0  444.0  444.0
2021 229  8 17 1000  -38.4  988.4    1.0  280.0  444.0  444.0
2021 229  8 17 1100  -39.1  988.1    1.0  319.0  444.0  444.0
2021 229  8 17 1200  -37.4  987.4    1.2  300.0  444.0  444.0
2021 229  8 17 1300  -38.2  987.2    0.7  298.0  444.0  444.0
2021 229  8 17 1400  -38.5  986.7    0.0    0.0  444.0  444.0
2021 229  8 17 1500  -37.2  986.2    1.0  307.0  444.0  444.0
2021 229  8 17 1600  -38.4  985.5    0.0    0.0  444.0  444.0
2021 229  8 17 1700  -39.1  985.4    0.0    0.0  444.0  444.0
2021 229  8 17 1800  -37.9  984.8    0.5  339.0  444.0  444.0
2021 229  8 17 1900  -37.9  984.9    1.5  187.0  444.0  444.0
2021 229  8 17 2000  -37.4  985.2    0.0    0.0  444.0  444.0
2021 229  8 17 2100  -37.9  985.0    0.0    0.0  444.0  444.0
2021 229  8 17 2200  -39.1  985.2    1.0  146.0  444.0  444.0
2021 229  8 17 2300  -38.2  985.5    0.0    0.0  444.0  444.0
2021 230  8 18 0000  -40.0  985.3    1.5  155.0  444.0  444.0
2021 230  8 18 0100  -37.9  984.9    2.0  117.0  444.0  444.0
2021 230  8 18 0200  -39.4  985.0    0.2  146.0  444.0  444.0
2021 230  8 18 0300  -36.2  984.9    0.0    0.0  444.0  444.0
2021 230  8 18 0400  -36.8  985.0    0.0    0.0  444.0  444.0
2021 230  8 18 0500  -36.4  984.9    0.0    0.0  444.0  444.0
2021 230  8 18 0600  -38.8  984.9    3.2  125.0  444.0  444.0
2021 230  8 18 0700  -39.8  985.0    3.4  146.0  444.0  444.0
2021 230  8 18 0800  -40.4  984.9    2.9  135.0  444.0  444.0
2021 230  8 18 0900  -39.6  984.7    0.0    0.0  444.0  444.0
2021 230  8 18 1000  -39.4  984.2    0.0    0.0  444.0  444.0
2021 230  8 18 1100  -38.2  983.8    0.0    0.0  444.0  444.0
2021 230  8 18 1200  -38.0  983.5    0.0    0.0  444.0  444.0
2021 230  8 18 1300  -42.9  983.2    1.2  146.0  444.0  444.0
2021 230  8 18 1400  -40.2  982.8    0.0    0.0  444.0  444.0
2021 230  8 18 1500  -41.8  982.2    0.0    0.0  444.0  444.0
2021 230  8 18 1600  -40.9  981.8    0.0    0.0  444.0  444.0
2021 230  8 18 1700  -41.5  981.2    0.0    0.0  444.0  444.0
2021 230  8 18 1800  -41.6  980.6    0.0    0.0  444.0  444.0
2021 230  8 18 1900  -39.1  980.3    0.0    0.0  444.0  444.0
2021 230  8 18 2000  -35.6  980.2    0.0    0.0  444.0  444.0
2021 230  8 18 2100  -35.8  979.6    0.0    0.0  444.0  444.0
2021 230  8 18 2200  -38.1  979.2    0.2  167.0  444.0  444.0
2021 230  8 18 2300  -38.8  979.1    0.0    0.0  444.0  444.0
2021 231  8 19 0000  -37.0  978.3    0.0    0.0  444.0  444.0
2021 231  8 19 0100  -37.1  977.6    0.0    0.0  444.0  444.0
2021 231  8 19 0200  -37.6  977.2    2.5  136.0  444.0  444.0
2021 231  8 19 0300  -36.6  976.8    0.0    0.0  444.0  444.0
2021 231  8 19 0400  -37.0  976.3    0.0    0.0  444.0  444.0
2021 231  8 19 0500  -36.6  975.7    3.2  309.0  444.0  444.0
2021 231  8 19 0600  -39.1  975.1    2.0  349.0  444.0  444.0
2021 231  8 19 0700  -37.0  975.3    0.7  287.0  444.0  444.0
2021 231  8 19 0800  -39.5  974.9    1.0  342.0  444.0  444.0
2021 231  8 19 0900  -40.9  975.6    0.5  158.0  444.0  444.0
2021 231  8 19 1000  -39.8  975.0    0.0    0.0  444.0  444.0
2021 231  8 19 1100  -40.5  975.1    2.5  156.0  444.0  444.0
2021 231  8 19 1200  -41.0  975.4    0.5  136.0  444.0  444.0
2021 231  8 19 1300  -39.6  975.3    1.7  148.0  444.0  444.0
2021 231  8 19 1400  -38.6  975.3    3.7  134.0  444.0  444.0
2021 231  8 19 1500  -38.2  975.9    5.1  156.0  444.0  444.0
2021 231  8 19 1600  -35.2  976.1    5.4  138.0  444.0  444.0
2021 231  8 19 1700  -33.4  976.6    2.7  159.0  444.0  444.0
2021 231  8 19 1800  -32.5  976.9    0.0    0.0  444.0  444.0
2021 231  8 19 1900  -32.8  977.5    1.0  301.0  444.0  444.0
2021 231  8 19 2000  -35.0  978.1    0.7  198.0  444.0  444.0
2021 231  8 19 2100  -34.4  978.5    1.0  187.0  444.0  444.0
2021 231  8 19 2200  -32.6  979.0    0.0    0.0  444.0  444.0
2021 231  8 19 2300  -33.8  979.2    1.5  284.0  444.0  444.0
2021 232  8 20 0000  -31.4  979.1    0.0    0.0  444.0  444.0
2021 232  8 20 0100  -31.9  979.0    0.0    0.0  444.0  444.0
2021 232  8 20 0200  -32.1  979.1    0.0    0.0  444.0  444.0
2021 232  8 20 0300  -30.2  979.2    0.5  281.0  444.0  444.0
2021 232  8 20 0400  -28.5  979.1    0.7  239.0  444.0  444.0
2021 232  8 20 0500  -28.8  979.1    0.0    0.0  444.0  444.0
2021 232  8 20 0600  -28.4  978.8    1.5  226.0  444.0  444.0
2021 232  8 20 0700  -30.5  978.5    0.0    0.0  444.0  444.0
2021 232  8 20 0800  -29.1  978.1    1.7  214.0  444.0  444.0
2021 232  8 20 0900  -28.8  977.6    0.0    0.0  444.0  444.0
2021 232  8 20 1000  -29.2  977.3    0.0    0.0  444.0  444.0
2021 232  8 20 1100  -28.8  976.8    0.0    0.0  444.0  444.0
2021 232  8 20 1200  -29.0  976.3    0.0    0.0  444.0  444.0
2021 232  8 20 1300  -28.4  976.2    2.9  342.0  444.0  444.0
2021 232  8 20 1400  -30.9  976.0    0.0    0.0  444.0  444.0
2021 232  8 20 1500  -29.9  975.6    1.0  295.0  444.0  444.0
2021 232  8 20 1600  -30.9  975.5    0.0    0.0  444.0  444.0
2021 232  8 20 1700  -30.8  974.9    0.0    0.0  444.0  444.0
2021 232  8 20 1800  -31.6  974.5    0.0    0.0  444.0  444.0
2021 232  8 20 1900  444.0  974.7    0.5  240.0  444.0  444.0
2021 232  8 20 2000  -31.5  974.3    0.5  285.0  444.0  444.0
2021 232  8 20 2100  -31.9  974.0    0.0    0.0  444.0  444.0
2021 232  8 20 2200  -30.8  973.6    0.0    0.0  444.0  444.0
2021 232  8 20 2300  -31.4  973.2    0.0    0.0  444.0  444.0
2021 233  8 21 0000  -30.8  972.9    3.9  304.0  444.0  444.0
2021 233  8 21 0100  -29.9  972.8    1.2  302.0  444.0  444.0
2021 233  8 21 0200  -31.1  972.2    0.0    0.0  444.0  444.0
2021 233  8 21 0300  -31.2  972.0    1.2  276.0  444.0  444.0
2021 233  8 21 0400  -30.9  972.0    1.2  302.0  444.0  444.0
2021 233  8 21 0500  -30.5  971.9    0.7  301.0  444.0  444.0
2021 233  8 21 0600  -31.4  971.9    1.2  288.0  444.0  444.0
2021 233  8 21 0700  -30.9  971.7    1.7  225.0  444.0  444.0
2021 233  8 21 0800  -30.5  971.7    0.0    0.0  444.0  444.0
2021 233  8 21 0900  -37.5  971.8    0.7  132.0  444.0  444.0
2021 233  8 21 1000  -36.9  972.1    3.2  132.0  444.0  444.0
2021 233  8 21 1100  -35.9  971.8    1.7  139.0  444.0  444.0
2021 233  8 21 1200  444.0  972.1    0.0    0.0  444.0  444.0
2021 233  8 21 1300  444.0  972.0    0.0    0.0  444.0  444.0
2021 233  8 21 1400  -33.9  971.9    0.0    0.0  444.0  444.0
2021 233  8 21 1500  -31.5  972.0    0.0    0.0  444.0  444.0
2021 233  8 21 1600  -32.0  972.1    0.0    0.0  444.0  444.0
2021 233  8 21 1700  -32.1  972.2    0.0    0.0  444.0  444.0
2021 233  8 21 1800  -30.4  972.4    0.0    0.0  444.0  444.0
2021 233  8 21 1900  -28.0  972.4    1.0  222.0  444.0  444.0
2021 233  8 21 2000  -28.4  972.4    0.2  242.0  444.0  444.0
2021 233  8 21 2100  -29.6  972.8    0.0    0.0  444.0  444.0
2021 233  8 21 2200  444.0  973.1    0.0    0.0  444.0  444.0
2021 233  8 21 2300  -31.0  973.2    1.0  166.0  444.0  444.0
2021 234  8 22 0000  -30.5  973.2    0.0    0.0  444.0  444.0
2021 234  8 22 0100  -31.1  973.1    0.0    0.0  444.0  444.0
2021 234  8 22 0200  -31.0  973.1    2.0  146.0  444.0  444.0
2021 234  8 22 0300  -31.4  973.0    0.0    0.0  444.0  444.0
2021 234  8 22 0400  -31.8  973.2    1.0  138.0  444.0  444.0
2021 234  8 22 0500  -31.4  973.4    0.0    0.0  444.0  444.0
2021 234  8 22 0600  -29.8  973.6    0.7  232.0  444.0  444.0
2021 234  8 22 0700  444.0  973.9    0.0    0.0  444.0  444.0
2021 234  8 22 0800  444.0  974.3    0.5  233.0  444.0  444.0
2021 234  8 22 0900  -27.9  974.4    2.7  231.0  444.0  444.0
2021 234  8 22 1000  444.0  974.5    1.2  210.0  444.0  444.0
2021 234  8 22 1100  -26.8  974.7    1.2  194.0  444.0  444.0
2021 234  8 22 1200  -26.2  974.7    1.7  184.0  444.0  444.0
2021 234  8 22 1300  -26.6  974.8    0.2  231.0  444.0  444.0
2021 234  8 22 1400  444.0  975.2    0.0    0.0  444.0  444.0
2021 234  8 22 1500  444.0  975.3    0.0    0.0  444.0  444.0
2021 234  8 22 1600  444.0  975.3    1.2  242.0  444.0  444.0
2021 234  8 22 1700  444.0  975.6    0.5  222.0  444.0  444.0
2021 234  8 22 1800  444.0  975.6    0.0    0.0  444.0  444.0
2021 234  8 22 1900  -31.9  975.6    0.0    0.0  444.0  444.0
2021 234  8 22 2000  -32.2  975.7    0.0    0.0  444.0  444.0
2021 234  8 22 2100  -31.0  975.8    0.0    0.0  444.0  444.0
2021 234  8 22 2200  -31.6  975.8    0.0    0.0  444.0  444.0
2021 234  8 22 2300  -31.9  975.8    0.0    0.0  444.0  444.0
2021 235  8 23 0000  -31.8  975.6    0.0    0.0  444.0  444.0
2021 235  8 23 0100  444.0  975.6    0.0    0.0  444.0  444.0
2021 235  8 23 0200  444.0  975.3    0.0    0.0  444.0  444.0
2021 235  8 23 0300  -31.9  975.2    0.0    0.0  444.0  444.0
2021 235  8 23 0400  -32.6  975.2    0.0    0.0  444.0  444.0
2021 235  8 23 0500  -33.8  974.7    0.0    0.0  444.0  444.0
2021 235  8 23 0600  -34.0  974.8    1.7  159.0  444.0  444.0
2021 235  8 23 0700  444.0  974.9    0.0    0.0  444.0  444.0
2021 235  8 23 0800  -33.2  974.6    0.0    0.0  444.0  444.0
2021 235  8 23 0900  444.0  974.5    0.0    0.0  444.0  444.0
2021 235  8 23 1000  -35.6  974.4    0.0    0.0  444.0  444.0
2021 235  8 23 1100  444.0  974.0    0.7  139.0  444.0  444.0
2021 235  8 23 1200  -32.2  973.5    0.0    0.0  444.0  444.0
2021 235  8 23 1300  -32.1  973.2    0.2  239.0  444.0  444.0
2021 235  8 23 1400  444.0  972.3    0.0    0.0  444.0  444.0
2021 235  8 23 1500  -32.9  972.0    0.0    0.0  444.0  444.0
2021 235  8 23 1600  -30.4  971.4    0.0    0.0  444.0  444.0
2021 235  8 23 1700  -31.5  970.7    1.0  295.0  444.0  444.0
2021 235  8 23 1800  -29.1  970.2    0.7  217.0  444.0  444.0
2021 235  8 23 1900  -30.5  969.8    1.0  218.0  444.0  444.0
2021 235  8 23 2000  -34.0  969.6    0.7  135.0  444.0  444.0
2021 235  8 23 2100  -33.1  969.3    0.7  135.0  444.0  444.0
2021 235  8 23 2200  -32.9  969.1    1.0  138.0  444.0  444.0
2021 235  8 23 2300  -34.2  969.2    0.0    0.0  444.0  444.0
2021 236  8 24 0000  -33.2  969.3    1.0  153.0  444.0  444.0
2021 236  8 24 0100  -33.6  968.8    2.0  145.0  444.0  444.0
2021 236  8 24 0200  -33.6  968.6    0.0    0.0  444.0  444.0
2021 236  8 24 0300  -32.1  968.3    0.0    0.0  444.0  444.0
2021 236  8 24 0400  -32.8  968.5    0.0    0.0  444.0  444.0
2021 236  8 24 0500  444.0  968.5    0.0    0.0  444.0  444.0
2021 236  8 24 0600  -28.8  968.3    0.0    0.0  444.0  444.0
2021 236  8 24 0700  -30.5  968.2    0.0    0.0  444.0  444.0
2021 236  8 24 0800  444.0  968.2    1.2  304.0  444.0  444.0
2021 236  8 24 0900  -27.4  968.1    0.0    0.0  444.0  444.0
2021 236  8 24 1000  -25.5  967.7    0.0    0.0  444.0  444.0
2021 236  8 24 1100  444.0  967.3    0.0    0.0  444.0  444.0
2021 236  8 24 1200  -25.5  966.9    0.2  142.0  444.0  444.0
2021 236  8 24 1300  -22.5  966.5    0.7  228.0  444.0  444.0
2021 236  8 24 1400  444.0  966.2    0.0    0.0  444.0  444.0
2021 236  8 24 1500  444.0  966.0    0.0    0.0  444.0  444.0
2021 236  8 24 1600  444.0  965.8    0.0    0.0  444.0  444.0
2021 236  8 24 1700  -28.1  965.9    1.5  136.0  444.0  444.0
2021 236  8 24 1800  -27.1  965.8    0.0    0.0  444.0  444.0
2021 236  8 24 1900  -29.6  965.7    0.7  149.0  444.0  444.0
2021 236  8 24 2000  -30.8  966.0    0.0    0.0  444.0  444.0
2021 236  8 24 2100  -32.8  966.2    3.2  136.0  444.0  444.0
2021 236  8 24 2200  -32.1  966.4    5.1  138.0  444.0  444.0
2021 236  8 24 2300  -31.0  966.8    2.9  149.0  444.0  444.0
2021 237  8 25 0000  -30.0  967.0    1.2  155.0  444.0  444.0
2021 237  8 25 0100  -24.9  967.0    3.7  150.0  444.0  444.0
2021 237  8 25 0200  -22.0  966.9    1.7  183.0  444.0  444.0
2021 237  8 25 0300  444.0  966.5    0.5  359.0  444.0  444.0
2021 237  8 25 0400  -28.9  966.6    1.5  340.0  444.0  444.0
2021 237  8 25 0500  -29.0  966.8    0.0    0.0  444.0  444.0
2021 237  8 25 0600  -29.8  967.2    0.0    0.0  444.0  444.0
2021 237  8 25 0700  -29.1  967.2    0.0    0.0  444.0  444.0
2021 237  8 25 0800  -27.9  967.2    0.0    0.0  444.0  444.0
2021 237  8 25 0900  -27.0  967.0    0.0    0.0  444.0  444.0
2021 237  8 25 1000  -27.2  966.7    0.5  297.0  444.0  444.0
2021 237  8 25 1100  444.0  966.5    0.0    0.0  444.0  444.0
2021 237  8 25 1200  -27.4  966.6    1.0  145.0  444.0  444.0
2021 237  8 25 1300  -32.1  967.0    3.9  142.0  444.0  444.0
2021 237  8 25 1400  -28.6  967.3    2.5  156.0  444.0  444.0
2021 237  8 25 1500  -22.9  967.6    2.5  187.0  444.0  444.0
2021 237  8 25 1600  -24.5  967.9    3.9  148.0  444.0  444.0
2021 237  8 25 1700  -23.8  968.3    2.9  162.0  444.0  444.0
2021 237  8 25 1800  -23.2  968.5    3.7  198.0  444.0  444.0
2021 237  8 25 1900  -22.5  968.9    2.2  181.0  444.0  444.0
2021 237  8 25 2000  -22.4  968.8    1.2  208.0  444.0  444.0
2021 237  8 25 2100  -22.4  969.1    0.0    0.0  444.0  444.0
2021 237  8 25 2200  -21.9  969.1    0.2  252.0  444.0  444.0
2021 237  8 25 2300  -21.2  969.1    0.0    0.0  444.0  444.0
2021 238  8 26 0000  -16.9  968.8    0.0    0.0  444.0  444.0
2021 238  8 26 0100  444.0  968.8    0.0    0.0  444.0  444.0
2021 238  8 26 0200  -24.0  969.4    3.9  152.0  444.0  444.0
2021 238  8 26 0300  -26.0  969.7    1.5  148.0  444.0  444.0
2021 238  8 26 0400  -20.2  970.1    0.7  221.0  444.0  444.0
2021 238  8 26 0500  -20.0  970.5    2.7  142.0  444.0  444.0
2021 238  8 26 0600  -20.0  970.9    1.0  141.0  444.0  444.0
2021 238  8 26 0700  -20.0  971.6    1.7  134.0  444.0  444.0
2021 238  8 26 0800  -18.5  971.6    2.5  103.0  444.0  444.0
2021 238  8 26 0900  -19.0  971.7    1.5  141.0  444.0  444.0
2021 238  8 26 1000  -19.6  972.6    4.4  146.0  444.0  444.0
2021 238  8 26 1100  -19.6  973.0    1.0  153.0  444.0  444.0
2021 238  8 26 1200  -19.0  973.5    1.2  153.0  444.0  444.0
2021 238  8 26 1300  -19.5  973.8    3.2  141.0  444.0  444.0
2021 238  8 26 1400  -19.0  974.0    7.8  127.0  444.0  444.0
2021 238  8 26 1500  -18.9  974.5    6.6  105.0  444.0  444.0
2021 238  8 26 1600  -19.0  975.4    7.1  145.0  444.0  444.0
2021 238  8 26 1700  -18.5  975.3    6.4  110.0  444.0  444.0
2021 238  8 26 1800  -19.1  976.0    7.4  139.0  444.0  444.0
2021 238  8 26 1900  -19.1  976.5    2.9  153.0  444.0  444.0
2021 238  8 26 2000  -18.9  976.8    3.4  146.0  444.0  444.0
2021 238  8 26 2100  -17.4  976.9    4.4  311.0  444.0  444.0
2021 238  8 26 2200  -16.9  976.7   13.0  238.0  444.0  444.0
2021 238  8 26 2300  -17.0  977.4    7.4  224.0  444.0  444.0
2021 239  8 27 0000  -17.0  978.5    0.0    0.0  444.0  444.0
2021 239  8 27 0100  -16.5  978.7    1.0   76.0  444.0  444.0
2021 239  8 27 0200  -17.4  979.0    0.0    0.0  444.0  444.0
2021 239  8 27 0300  -18.8  979.5    2.2  183.0  444.0  444.0
2021 239  8 27 0400  -19.0  979.9    2.0  210.0  444.0  444.0
2021 239  8 27 0500  -18.6  980.4    5.6  156.0  444.0  444.0
2021 239  8 27 0600  -18.0  980.4    3.7  152.0  444.0  444.0
2021 239  8 27 0700  -15.4  979.5    7.4  173.0  444.0  444.0
2021 239  8 27 0800  -14.5  978.8    5.4  198.0  444.0  444.0
2021 239  8 27 0900  -14.5  977.9    0.0    0.0  444.0  444.0
2021 239  8 27 1000  -14.8  978.0    2.0  353.0  444.0  444.0
2021 239  8 27 1100  -13.8  977.7    4.4   75.0  444.0  444.0
2021 239  8 27 1200  -13.6  977.1    3.2  114.0  444.0  444.0
2021 239  8 27 1300  -14.8  976.8    3.2  159.0  444.0  444.0
2021 239  8 27 1400  -17.1  976.2    2.7  239.0  444.0  444.0
2021 239  8 27 1500  -16.0  975.4    2.2   68.0  444.0  444.0
2021 239  8 27 1600  -17.4  974.8    4.7  128.0  444.0  444.0
2021 239  8 27 1700  -17.0  974.3    1.0  115.0  444.0  444.0
2021 239  8 27 1800  -17.2  973.2    2.7  141.0  444.0  444.0
2021 239  8 27 1900  -17.2  972.5    0.0    0.0  444.0  444.0
2021 239  8 27 2000  -16.5  971.7    0.2  211.0  444.0  444.0
2021 239  8 27 2100  -18.0  970.7    0.0    0.0  444.0  444.0
2021 239  8 27 2200  -18.2  969.8    0.0    0.0  444.0  444.0
2021 239  8 27 2300  -18.5  968.5    0.2   13.0  444.0  444.0
2021 240  8 28 0000  -19.0  967.6    0.0    0.0  444.0  444.0
2021 240  8 28 0100  -19.4  965.9    0.0    0.0  444.0  444.0
2021 240  8 28 0200  -20.0  964.8    1.0    7.0  444.0  444.0
2021 240  8 28 0300  -22.0  964.3    0.0    0.0  444.0  444.0
2021 240  8 28 0400  -20.4  963.8    2.2  329.0  444.0  444.0
2021 240  8 28 0500  -24.2  963.7    2.7  129.0  444.0  444.0
2021 240  8 28 0600  -24.1  963.5    3.4  115.0  444.0  444.0
2021 240  8 28 0700  -23.1  962.8    3.9  118.0  444.0  444.0
2021 240  8 28 0800  -24.6  963.3    0.7  215.0  444.0  444.0
2021 240  8 28 0900  -21.8  963.0    3.7  221.0  444.0  444.0
2021 240  8 28 1000  -26.0  963.1    5.1  127.0  444.0  444.0
2021 240  8 28 1100  -25.0  962.6    6.4  139.0  444.0  444.0
2021 240  8 28 1200  -24.0  963.2    5.6  145.0  444.0  444.0
2021 240  8 28 1300  -24.5  964.6    9.8  150.0  444.0  444.0
2021 240  8 28 1400  -24.2  966.3    8.6  169.0  444.0  444.0
2021 240  8 28 1500  -24.8  966.9    3.2  155.0  444.0  444.0
2021 240  8 28 1600  -24.9  967.6    1.7  152.0  444.0  444.0
2021 240  8 28 1700  -25.4  968.7    3.2  207.0  444.0  444.0
2021 240  8 28 1800  -24.8  969.5    0.0    0.0  444.0  444.0
2021 240  8 28 1900  -23.0  969.9    1.7  225.0  444.0  444.0
2021 240  8 28 2000  -24.1  970.6    2.9  335.0  444.0  444.0
2021 240  8 28 2100  -22.4  971.2    2.0  346.0  444.0  444.0
2021 240  8 28 2200  -20.1  971.2    2.7   13.0  444.0  444.0
2021 240  8 28 2300  -21.8  971.9    2.0  274.0  444.0  444.0
2021 241  8 29 0000  -21.4  972.2    2.0   25.0  444.0  444.0
2021 241  8 29 0100  -22.1  972.8    1.7  336.0  444.0  444.0
2021 241  8 29 0200  -20.1  973.0    1.2  224.0  444.0  444.0
2021 241  8 29 0300  -23.6  973.5    3.7  132.0  444.0  444.0
2021 241  8 29 0400  -22.4  973.9    2.5  139.0  444.0  444.0
2021 241  8 29 0500  -21.4  974.2    1.5  229.0  444.0  444.0
2021 241  8 29 0600  -22.1  974.7    0.0    0.0  444.0  444.0
2021 241  8 29 0700  -22.6  975.4    0.0    0.0  444.0  444.0
2021 241  8 29 0800  -22.8  976.4    0.0    0.0  444.0  444.0
2021 241  8 29 0900  -24.4  976.7    0.0    0.0  444.0  444.0
2021 241  8 29 1000  -24.0  977.7    1.2  167.0  444.0  444.0
2021 241  8 29 1100  -24.8  977.8    0.0    0.0  444.0  444.0
2021 241  8 29 1200  -28.0  978.4    0.0    0.0  444.0  444.0
2021 241  8 29 1300  -28.0  978.7    1.0   76.0  444.0  444.0
2021 241  8 29 1400  -26.4  979.2    0.0    0.0  444.0  444.0
2021 241  8 29 1500  -28.9  978.8    1.0  191.0  444.0  444.0
2021 241  8 29 1600  -28.6  979.5    4.2  150.0  444.0  444.0
2021 241  8 29 1700  -27.8  979.1    3.9  124.0  444.0  444.0
2021 241  8 29 1800  -27.6  979.3    4.7  145.0  444.0  444.0
2021 241  8 29 1900  -28.5  979.5    7.1  134.0  444.0  444.0
2021 241  8 29 2000  -28.9  980.6    6.1  135.0  444.0  444.0
2021 241  8 29 2100  -26.6  982.9   12.7  135.0  444.0  444.0
2021 241  8 29 2200  -27.8  984.6    9.1  153.0  444.0  444.0
2021 241  8 29 2300  -26.4  985.8    8.1  162.0  444.0  444.0
2021 242  8 30 0000  -27.2  986.9    7.6  143.0  444.0  444.0
2021 242  8 30 0100  -25.8  987.9    9.3  163.0  444.0  444.0
2021 242  8 30 0200  -25.1  988.8    9.3  166.0  444.0  444.0
2021 242  8 30 0300  -26.4  989.0    5.6  197.0  444.0  444.0
2021 242  8 30 0400  -25.0  989.2    4.4  190.0  444.0  444.0
2021 242  8 30 0500  -24.4  989.7    3.2  198.0  444.0  444.0
2021 242  8 30 0600  -23.1  989.2    4.2  252.0  444.0  444.0
2021 242  8 30 0700  -22.6  988.9    4.7  255.0  444.0  444.0
2021 242  8 30 0800  -22.8  988.4    1.5  307.0  444.0  444.0
2021 242  8 30 0900  -28.1  987.4    0.7  152.0  444.0  444.0
2021 242  8 30 1000  -26.8  986.2    0.0    0.0  444.0  444.0
2021 242  8 30 1100  -27.4  985.6    0.0    0.0  444.0  444.0
2021 242  8 30 1200  -26.8  985.3    0.2  166.0  444.0  444.0
2021 242  8 30 1300  -26.5  985.1    0.0    0.0  444.0  444.0
2021 242  8 30 1400  -26.6  985.2    2.2  210.0  444.0  444.0
2021 242  8 30 1500  -26.1  985.0    0.0    0.0  444.0  444.0
2021 242  8 30 1600  -27.4  984.6    4.2  125.0  444.0  444.0
2021 242  8 30 1700  -31.2  984.6    4.7  134.0  444.0  444.0
2021 242  8 30 1800  -29.1  984.7    1.7  153.0  444.0  444.0
2021 242  8 30 1900  -28.4  984.1    2.5  221.0  444.0  444.0
2021 242  8 30 2000  -26.8  983.8    1.2  274.0  444.0  444.0
2021 242  8 30 2100  -25.4  983.3    1.5  260.0  444.0  444.0
2021 242  8 30 2200  -23.8  982.8    0.0    0.0  444.0  444.0
2021 242  8 30 2300  -23.0  982.2    0.2  243.0  444.0  444.0
2021 243  8 31 0000  -24.5  982.6    0.0    0.0  444.0  444.0
2021 243  8 31 0100  -22.4  982.3    1.5  215.0  444.0  444.0
2021 243  8 31 0200  -25.4  982.6    1.5  169.0  444.0  444.0
2021 243  8 31 0300  -26.6  982.8    3.2  135.0  444.0  444.0
2021 243  8 31 0400  -25.5  982.9    3.7  111.0  444.0  444.0
2021 243  8 31 0500  -25.0  983.3    2.7  138.0  444.0  444.0
2021 243  8 31 0600  -25.4  983.4    0.0    0.0  444.0  444.0
2021 243  8 31 0700  -25.5  982.9    1.0  235.0  444.0  444.0
2021 243  8 31 0800  -25.6  982.6    0.0    0.0  444.0  444.0
2021 243  8 31 0900  -25.4  981.8    0.0    0.0  444.0  444.0
2021 243  8 31 1000  -25.6  981.2    0.0    0.0  444.0  444.0
2021 243  8 31 1100  -27.1  981.0    0.5  287.0  444.0  444.0
2021 243  8 31 1200  -26.5  980.4    0.2  328.0  444.0  444.0
2021 243  8 31 1300  -21.4  980.2    4.4  217.0  444.0  444.0
2021 243  8 31 1400  -28.0  979.8    5.9  201.0  444.0  444.0
2021 243  8 31 1500  -28.8  444.0    2.0  129.0  444.0  444.0
2021 243  8 31 1600  -28.8  978.9    5.4  108.0  444.0  444.0
2021 243  8 31 1700  -27.2  979.2    2.2  156.0  444.0  444.0
2021 243  8 31 1800  -29.8  978.8    2.2  134.0  444.0  444.0
2021 243  8 31 1900  -28.5  979.2    0.7  120.0  444.0  444.0
2021 243  8 31 2000  -28.8  978.5    2.7   96.0  444.0  444.0
2021 243  8 31 2100  -27.9  978.8    2.0  114.0  444.0  444.0
2021 243  8 31 2200  -28.5  978.9    0.7  292.0  444.0  444.0
2021 243  8 31 2300  -30.1  979.3    0.0    0.0  444.0  444.0
