Year: 2023  Month: 07  ID: MPT  ARGOS:  8906  Name: Marble Point        
Lat: 77.44S  Lon: 163.76E  Elev:  108m
2023 182  7  1 0000  -29.4  998.0    0.0    0.0  444.0  444.0
2023 182  7  1 0100  -29.9  997.6    1.5  146.0  444.0  444.0
2023 182  7  1 0200  -29.9  997.0    0.7  131.0  444.0  444.0
2023 182  7  1 0300  -29.2  996.8    1.7  187.0  444.0  444.0
2023 182  7  1 0400  -30.0  997.2    0.0    0.0  444.0  444.0
2023 182  7  1 0500  -29.1  997.2    1.5  195.0  444.0  444.0
2023 182  7  1 0600  -29.8  997.0    0.5  139.0  444.0  444.0
2023 182  7  1 0700  -29.5  996.0    1.2  176.0  444.0  444.0
2023 182  7  1 0800  -29.9  996.2    0.0    0.0  444.0  444.0
2023 182  7  1 0900  -32.1  996.2    2.2  148.0  444.0  444.0
2023 182  7  1 1000  -32.8  996.2    2.0  138.0  444.0  444.0
2023 182  7  1 1100  -31.6  995.7    1.7  143.0  444.0  444.0
2023 182  7  1 1200  -32.2  995.0    0.5  145.0  444.0  444.0
2023 182  7  1 1300  -32.2  994.4    2.2  139.0  444.0  444.0
2023 182  7  1 1400  -32.1  994.3    3.2  129.0  444.0  444.0
2023 182  7  1 1500  -31.6  994.4    5.6  128.0  444.0  444.0
2023 182  7  1 1600  -31.0  994.0    7.1  134.0  444.0  444.0
2023 182  7  1 1700  -31.0  993.7    5.4  138.0  444.0  444.0
2023 182  7  1 1800  -30.4  993.5    4.7  139.0  444.0  444.0
2023 182  7  1 1900  -30.2  993.3    4.9  125.0  444.0  444.0
2023 182  7  1 2000  -32.1  993.3    7.1  120.0  444.0  444.0
2023 182  7  1 2100  -31.0  994.0    7.6  162.0  444.0  444.0
2023 182  7  1 2200  -29.0  993.9    7.4  179.0  444.0  444.0
2023 182  7  1 2300  -29.6  994.0    6.4  149.0  444.0  444.0
2023 183  7  2 0000  -29.0  993.7   10.5  132.0  444.0  444.0
2023 183  7  2 0100  -30.5  993.2   10.5  125.0  444.0  444.0
2023 183  7  2 0200  -30.5  993.8    6.4  146.0  444.0  444.0
2023 183  7  2 0300  -30.8  993.6    6.1  145.0  444.0  444.0
2023 183  7  2 0400  -29.8  993.5    8.1  132.0  444.0  444.0
2023 183  7  2 0500  -30.5  994.0    8.3  141.0  444.0  444.0
2023 183  7  2 0600  -28.9  994.3    7.8  155.0  444.0  444.0
2023 183  7  2 0700  -28.8  993.9    6.4  149.0  444.0  444.0
2023 183  7  2 0800  -28.5  993.4    4.7  172.0  444.0  444.0
2023 183  7  2 0900  -29.8  993.0    8.1  139.0  444.0  444.0
2023 183  7  2 1000  -27.9  992.9    3.2  129.0  444.0  444.0
2023 183  7  2 1100  -26.1  992.5    0.0    0.0  444.0  444.0
2023 183  7  2 1200  -26.5  992.1    4.2  122.0  444.0  444.0
2023 183  7  2 1300  -29.9  992.0    3.9  112.0  444.0  444.0
2023 183  7  2 1400  -29.0  991.9    0.0    0.0  444.0  444.0
2023 183  7  2 1500  -31.5  991.6    0.0    0.0  444.0  444.0
2023 183  7  2 1600  -31.1  991.0  444.0  444.0  444.0  444.0
2023 183  7  2 1700  -31.9  991.3    0.0    0.0  444.0  444.0
2023 183  7  2 1800  -32.2  990.9    0.7  114.0  444.0  444.0
2023 183  7  2 1900  -31.5  990.8    0.0    0.0  444.0  444.0
2023 183  7  2 2000  -31.2  990.9    0.0    0.0  444.0  444.0
2023 183  7  2 2100  -30.1  991.0    0.0    0.0  444.0  444.0
2023 183  7  2 2200  -32.0  991.2    0.0    0.0  444.0  444.0
2023 183  7  2 2300  -31.9  991.5    2.0  156.0  444.0  444.0
2023 184  7  3 0000  -29.2  990.6    2.2  143.0  444.0  444.0
2023 184  7  3 0100  -32.1  990.6    0.0    0.0  444.0  444.0
2023 184  7  3 0200  -29.8  989.6    2.5  323.0  444.0  444.0
2023 184  7  3 0300  -31.0  989.5    0.7  139.0  444.0  444.0
2023 184  7  3 0400  -31.0  989.4    2.5  118.0  444.0  444.0
2023 184  7  3 0500  -28.6  989.4    0.0    0.0  444.0  444.0
2023 184  7  3 0600  -28.4  989.3    0.7  210.0  444.0  444.0
2023 184  7  3 0700  -29.0  988.9    1.7  120.0  444.0  444.0
2023 184  7  3 0800  -28.4  988.6    0.2  148.0  444.0  444.0
2023 184  7  3 0900  -27.5  988.5    0.0    0.0  444.0  444.0
2023 184  7  3 1000  -27.9  988.2    0.0    0.0  444.0  444.0
2023 184  7  3 1100  -31.0  987.7    2.9  150.0  444.0  444.0
2023 184  7  3 1200  -29.6  987.3    2.0  145.0  444.0  444.0
2023 184  7  3 1300  -28.8  987.2    0.0    0.0  444.0  444.0
2023 184  7  3 1400  -28.8  986.9    0.0    0.0  444.0  444.0
2023 184  7  3 1500  -30.5  986.6    0.0    0.0  444.0  444.0
2023 184  7  3 1600  -30.5  986.2    2.2  150.0  444.0  444.0
2023 184  7  3 1700  -30.1  985.9    1.7  139.0  444.0  444.0
2023 184  7  3 1800  -30.8  986.0    0.2  155.0  444.0  444.0
2023 184  7  3 1900  -30.8  985.5    1.7  141.0  444.0  444.0
2023 184  7  3 2000  -30.5  985.6    2.0  139.0  444.0  444.0
2023 184  7  3 2100  -29.1  985.9    1.2  149.0  444.0  444.0
2023 184  7  3 2200  -30.2  986.0    0.7  142.0  444.0  444.0
2023 184  7  3 2300  -28.5  985.7    1.0  156.0  444.0  444.0
2023 185  7  4 0000  -27.9  985.8    1.0  207.0  444.0  444.0
2023 185  7  4 0100  -29.0  986.0    3.7  129.0  444.0  444.0
2023 185  7  4 0200  -28.4  986.2    4.4  150.0  444.0  444.0
2023 185  7  4 0300  -31.6  985.9    9.3  145.0  444.0  444.0
2023 185  7  4 0400  -29.2  985.9    8.1  146.0  444.0  444.0
2023 185  7  4 0500  -28.4  986.3    4.2  162.0  444.0  444.0
2023 185  7  4 0600  -28.5  986.0    1.0  152.0  444.0  444.0
2023 185  7  4 0700  -28.4  985.8    0.7   96.0  444.0  444.0
2023 185  7  4 0800  -30.8  985.5    2.7  134.0  444.0  444.0
2023 185  7  4 0900  -31.4  985.2    0.0    0.0  444.0  444.0
2023 185  7  4 1000  -32.2  984.8    0.0    0.0  444.0  444.0
2023 185  7  4 1100  -30.4  984.6    0.0    0.0  444.0  444.0
2023 185  7  4 1200  -30.5  984.2    5.1  128.0  444.0  444.0
2023 185  7  4 1300  -31.1  983.3    4.9  125.0  444.0  444.0
2023 185  7  4 1400  -28.5  983.2    3.4  142.0  444.0  444.0
2023 185  7  4 1500  -28.8  982.2    1.0  127.0  444.0  444.0
2023 185  7  4 1600  -29.8  981.7    0.0    0.0  444.0  444.0
2023 185  7  4 1700  -29.8  981.4    1.0  309.0  444.0  444.0
2023 185  7  4 1800  -31.1  980.5    0.0    0.0  444.0  444.0
2023 185  7  4 1900  -30.8  979.4    1.7  308.0  444.0  444.0
2023 185  7  4 2000  -30.0  978.4    2.5  316.0  444.0  444.0
2023 185  7  4 2100  -29.2  977.8    4.2  314.0  444.0  444.0
2023 185  7  4 2200  -28.8  976.5    1.2  301.0  444.0  444.0
2023 185  7  4 2300  -27.9  975.5    3.9  288.0  444.0  444.0
2023 186  7  5 0000  -27.5  974.1    6.1  292.0  444.0  444.0
2023 186  7  5 0100  -27.2  973.5    2.7  315.0  444.0  444.0
2023 186  7  5 0200  -27.9  972.7    1.7  290.0  444.0  444.0
2023 186  7  5 0300  -26.8  971.9    4.2  284.0  444.0  444.0
2023 186  7  5 0400  -27.4  970.8    2.0  235.0  444.0  444.0
2023 186  7  5 0500  -26.9  970.3    1.2  215.0  444.0  444.0
2023 186  7  5 0600  -28.0  969.8    1.7  129.0  444.0  444.0
2023 186  7  5 0700  -26.8  969.1    1.2  217.0  444.0  444.0
2023 186  7  5 0800  -26.8  968.7    1.5  228.0  444.0  444.0
2023 186  7  5 0900  -26.6  968.8    2.7  200.0  444.0  444.0
2023 186  7  5 1000  -28.0  968.7    1.5  146.0  444.0  444.0
2023 186  7  5 1100  -27.9  968.4    1.7  278.0  444.0  444.0
2023 186  7  5 1200  -28.8  967.8    0.0    0.0  444.0  444.0
2023 186  7  5 1300  -31.1  967.6    1.5  139.0  444.0  444.0
2023 186  7  5 1400  -29.9  967.4    3.4  149.0  444.0  444.0
2023 186  7  5 1500  -29.0  967.1    3.9  132.0  444.0  444.0
2023 186  7  5 1600  -28.5  967.6    5.9  152.0  444.0  444.0
2023 186  7  5 1700  -28.0  967.9    7.1  152.0  444.0  444.0
2023 186  7  5 1800  -30.5  968.4    3.2  150.0  444.0  444.0
2023 186  7  5 1900  -27.2  969.5    5.9  158.0  444.0  444.0
2023 186  7  5 2000  -27.9  970.0    9.1  132.0  444.0  444.0
2023 186  7  5 2100  -30.2  970.9    7.8  153.0  444.0  444.0
2023 186  7  5 2200  -29.9  971.9   12.2  149.0  444.0  444.0
2023 186  7  5 2300  -29.9  972.8    7.1  163.0  444.0  444.0
2023 187  7  6 0000  -29.2  973.2    4.4  153.0  444.0  444.0
2023 187  7  6 0100  -28.8  973.4    1.5   87.0  444.0  444.0
2023 187  7  6 0200  -28.9  973.8    1.0  193.0  444.0  444.0
2023 187  7  6 0300  -29.5  973.8    2.5  214.0  444.0  444.0
2023 187  7  6 0400  -29.6  974.2    2.7  167.0  444.0  444.0
2023 187  7  6 0500  -29.8  974.2    3.9  156.0  444.0  444.0
2023 187  7  6 0600  -30.4  974.4    5.6  158.0  444.0  444.0
2023 187  7  6 0700  -30.8  974.3    6.4  166.0  444.0  444.0
2023 187  7  6 0800  -30.0  973.9    2.9  184.0  444.0  444.0
2023 187  7  6 0900  -30.2  973.6    0.0    0.0  444.0  444.0
2023 187  7  6 1000  -31.5  973.4    1.2  267.0  444.0  444.0
2023 187  7  6 1100  -31.0  973.2    0.2  179.0  444.0  444.0
2023 187  7  6 1200  -30.5  973.0    2.9  152.0  444.0  444.0
2023 187  7  6 1300  -29.4  972.4    1.7  214.0  444.0  444.0
2023 187  7  6 1400  -31.1  972.0    1.7  202.0  444.0  444.0
2023 187  7  6 1500  -30.8  971.7    2.7  174.0  444.0  444.0
2023 187  7  6 1600  -31.4  971.4    2.7  146.0  444.0  444.0
2023 187  7  6 1700  -31.0  970.7    4.4  150.0  444.0  444.0
2023 187  7  6 1800  -31.9  970.7    0.0    0.0  444.0  444.0
2023 187  7  6 1900  -32.0  970.5    0.0    0.0  444.0  444.0
2023 187  7  6 2000  -32.4  970.3    0.7  232.0  444.0  444.0
2023 187  7  6 2100  -34.5  970.4    2.5  128.0  444.0  444.0
2023 187  7  6 2200  -33.6  970.6    2.9  138.0  444.0  444.0
2023 187  7  6 2300  -33.6  970.7    3.2  141.0  444.0  444.0
2023 188  7  7 0000  -33.1  970.8    4.2  156.0  444.0  444.0
2023 188  7  7 0100  -32.6  970.8    2.5  176.0  444.0  444.0
2023 188  7  7 0200  -32.9  970.7    0.2  163.0  444.0  444.0
2023 188  7  7 0300  -32.6  970.4    0.0    0.0  444.0  444.0
2023 188  7  7 0400  -32.6  970.4    0.0    0.0  444.0  444.0
2023 188  7  7 0500  -31.9  970.1    1.7  229.0  444.0  444.0
2023 188  7  7 0600  -31.9  970.1    0.0    0.0  444.0  444.0
2023 188  7  7 0700  -33.1  970.3    2.0  145.0  444.0  444.0
2023 188  7  7 0800  -33.6  970.2    2.2  139.0  444.0  444.0
2023 188  7  7 0900  -32.6  970.2    3.2  148.0  444.0  444.0
2023 188  7  7 1000  -32.6  970.2    2.7  170.0  444.0  444.0
2023 188  7  7 1100  -32.2  969.7    3.7  160.0  444.0  444.0
2023 188  7  7 1200  -31.9  969.2    1.2  145.0  444.0  444.0
2023 188  7  7 1300  -31.5  967.9    0.0    0.0  444.0  444.0
2023 188  7  7 1400  -32.6  967.5    1.7  294.0  444.0  444.0
2023 188  7  7 1500  -33.5  967.2    2.2  290.0  444.0  444.0
2023 188  7  7 1600  -32.8  966.8    0.7  298.0  444.0  444.0
2023 188  7  7 1700  -31.9  966.6    2.2  245.0  444.0  444.0
2023 188  7  7 1800  -32.8  966.1    0.7  240.0  444.0  444.0
2023 188  7  7 1900  -31.9  966.2    1.7  266.0  444.0  444.0
2023 188  7  7 2000  -35.8  966.4    0.7  156.0  444.0  444.0
2023 188  7  7 2100  -34.1  966.5    1.5  278.0  444.0  444.0
2023 188  7  7 2200  -31.8  966.3    2.9  304.0  444.0  444.0
2023 188  7  7 2300  -31.9  966.5    1.2  262.0  444.0  444.0
2023 189  7  8 0000  -31.9  965.7    3.9  294.0  444.0  444.0
2023 189  7  8 0100  -32.0  964.8    2.7  302.0  444.0  444.0
2023 189  7  8 0200  -30.5  963.9    0.5  360.0  444.0  444.0
2023 189  7  8 0300  -29.1  963.8    1.7  283.0  444.0  444.0
2023 189  7  8 0400  -32.1  962.9    2.5  316.0  444.0  444.0
2023 189  7  8 0500  -30.2  962.8    2.7  349.0  444.0  444.0
2023 189  7  8 0600  -30.5  962.8    2.2  328.0  444.0  444.0
2023 189  7  8 0700  -29.2  962.4    0.0    0.0  444.0  444.0
2023 189  7  8 0800  -28.4  962.1    0.0    0.0  444.0  444.0
2023 189  7  8 0900  -27.1  962.0    0.0    0.0  444.0  444.0
2023 189  7  8 1000  -29.9  962.1    0.0    0.0  444.0  444.0
2023 189  7  8 1100  -28.9  961.8    2.0  150.0  444.0  444.0
2023 189  7  8 1200  -28.0  961.2    3.9  315.0  444.0  444.0
2023 189  7  8 1300  -31.1  961.5    4.2  274.0  444.0  444.0
2023 189  7  8 1400  -31.0  961.4    2.5  308.0  444.0  444.0
2023 189  7  8 1500  -31.5  961.7    2.2  295.0  444.0  444.0
2023 189  7  8 1600  -31.6  961.8    3.2  214.0  444.0  444.0
2023 189  7  8 1700  -31.4  961.5    0.0    0.0  444.0  444.0
2023 189  7  8 1800  -31.9  962.1    0.2  112.0  444.0  444.0
2023 189  7  8 1900  -31.1  962.3    0.0    0.0  444.0  444.0
2023 189  7  8 2000  -31.2  962.6    0.0    0.0  444.0  444.0
2023 189  7  8 2100  -31.4  962.9    0.0    0.0  444.0  444.0
2023 189  7  8 2200  -31.1  963.1    2.2  160.0  444.0  444.0
2023 189  7  8 2300  -31.1  963.7    0.0    0.0  444.0  444.0
2023 190  7  9 0000  -31.2  963.3    0.0    0.0  444.0  444.0
2023 190  7  9 0100  -30.5  963.0    0.5  359.0  444.0  444.0
2023 190  7  9 0200  -31.0  962.6    0.0    0.0  444.0  444.0
2023 190  7  9 0300  -30.2  961.9    1.2  291.0  444.0  444.0
2023 190  7  9 0400  -31.0  961.1    2.2  325.0  444.0  444.0
2023 190  7  9 0500  -31.5  960.2    2.9  314.0  444.0  444.0
2023 190  7  9 0600  -31.4  959.3    3.7  332.0  444.0  444.0
2023 190  7  9 0700  -31.6  958.1    4.4  314.0  444.0  444.0
2023 190  7  9 0800  -31.0  957.4    0.7  308.0  444.0  444.0
2023 190  7  9 0900  -30.8  956.3    0.0    0.0  444.0  444.0
2023 190  7  9 1000  -28.8  955.5    0.0    0.0  444.0  444.0
2023 190  7  9 1100  -29.2  954.4    2.0   34.0  444.0  444.0
2023 190  7  9 1200  -28.8  953.7    3.4  301.0  444.0  444.0
2023 190  7  9 1300  -27.4  953.1    5.1  354.0  444.0  444.0
2023 190  7  9 1400  -27.4  953.6    3.7  319.0  444.0  444.0
2023 190  7  9 1500  -26.6  955.3    0.0    0.0  444.0  444.0
2023 190  7  9 1600  -27.2  957.9    5.6  135.0  444.0  444.0
2023 190  7  9 1700  -24.0  959.7    3.4  167.0  444.0  444.0
2023 190  7  9 1800  -23.0  960.9    3.7  222.0  444.0  444.0
2023 190  7  9 1900  -24.1  963.3    1.5  132.0  444.0  444.0
2023 190  7  9 2000  -23.9  966.3    7.8  142.0  444.0  444.0
2023 190  7  9 2100  -24.2  967.8    2.9  115.0  444.0  444.0
2023 190  7  9 2200  -23.6  969.7    6.9  122.0  444.0  444.0
2023 190  7  9 2300  -24.9  971.2    8.3  146.0  444.0  444.0
2023 191  7 10 0000  -25.5  972.5   11.3  145.0  444.0  444.0
2023 191  7 10 0100  -25.0  974.0    9.8  156.0  444.0  444.0
2023 191  7 10 0200  -25.0  975.3    9.3  153.0  444.0  444.0
2023 191  7 10 0300  -24.9  976.7    5.1  169.0  444.0  444.0
2023 191  7 10 0400  -24.6  977.7    5.1  159.0  444.0  444.0
2023 191  7 10 0500  -24.4  978.5    2.9  142.0  444.0  444.0
2023 191  7 10 0600  -23.2  979.3    1.2  198.0  444.0  444.0
2023 191  7 10 0700  -23.2  980.3    2.7  152.0  444.0  444.0
2023 191  7 10 0800  -24.0  981.2    3.4  173.0  444.0  444.0
2023 191  7 10 0900  -24.4  982.5    3.7  146.0  444.0  444.0
2023 191  7 10 1000  -23.6  983.5    2.2  172.0  444.0  444.0
2023 191  7 10 1100  -24.5  984.8    2.5  143.0  444.0  444.0
2023 191  7 10 1200  -27.1  985.8    2.5  132.0  444.0  444.0
2023 191  7 10 1300  -25.8  986.9    4.9  139.0  444.0  444.0
2023 191  7 10 1400  -25.8  987.6    6.4  141.0  444.0  444.0
2023 191  7 10 1500  -25.5  989.0    4.7  155.0  444.0  444.0
2023 191  7 10 1600  -25.2  989.8    4.2  169.0  444.0  444.0
2023 191  7 10 1700  -25.8  990.3    4.2  166.0  444.0  444.0
2023 191  7 10 1800  -25.6  990.4    3.2  138.0  444.0  444.0
2023 191  7 10 1900  -25.4  990.2    2.7  211.0  444.0  444.0
2023 191  7 10 2000  -26.1  990.2    2.7  235.0  444.0  444.0
2023 191  7 10 2100  -25.6  990.1    3.2  240.0  444.0  444.0
2023 191  7 10 2200  -25.1  990.2    1.7  248.0  444.0  444.0
2023 191  7 10 2300  -26.2  989.9    2.0  225.0  444.0  444.0
2023 192  7 11 0000  -26.6  989.4    3.2  281.0  444.0  444.0
2023 192  7 11 0100  -26.9  989.1    0.0    0.0  444.0  444.0
2023 192  7 11 0200  -27.8  988.8    0.5  212.0  444.0  444.0
2023 192  7 11 0300  -28.0  988.5    1.7  195.0  444.0  444.0
2023 192  7 11 0400  -29.9  988.0    0.7  276.0  444.0  444.0
2023 192  7 11 0500  -29.5  987.5    0.7  292.0  444.0  444.0
2023 192  7 11 0600  -28.4  987.1    2.0  307.0  444.0  444.0
2023 192  7 11 0700  -28.4  986.7    0.0    0.0  444.0  444.0
2023 192  7 11 0800  -29.1  986.4    0.0    0.0  444.0  444.0
2023 192  7 11 0900  -29.2  986.0    0.7  210.0  444.0  444.0
2023 192  7 11 1000  -29.8  985.3    0.0    0.0  444.0  444.0
2023 192  7 11 1100  -29.2  984.7    0.0    0.0  444.0  444.0
2023 192  7 11 1200  -29.5  983.9    0.5  302.0  444.0  444.0
2023 192  7 11 1300  -28.6  983.4    1.5  340.0  444.0  444.0
2023 192  7 11 1400  -30.5  983.1    0.2  135.0  444.0  444.0
2023 192  7 11 1500  -29.0  982.6    0.0    0.0  444.0  444.0
2023 192  7 11 1600  -28.4  982.1    1.7  314.0  444.0  444.0
2023 192  7 11 1700  -29.2  982.1    1.5  292.0  444.0  444.0
2023 192  7 11 1800  -28.8  981.5    1.2  308.0  444.0  444.0
2023 192  7 11 1900  -28.5  981.0    1.0  291.0  444.0  444.0
2023 192  7 11 2000  -28.8  980.4    1.7  297.0  444.0  444.0
2023 192  7 11 2100  -28.5  980.0    2.0  315.0  444.0  444.0
2023 192  7 11 2200  -28.8  979.9    2.7  291.0  444.0  444.0
2023 192  7 11 2300  -28.0  979.5    2.0  295.0  444.0  444.0
2023 193  7 12 0000  -27.9  979.3    2.0  354.0  444.0  444.0
2023 193  7 12 0100  -28.8  979.2    0.2  297.0  444.0  444.0
2023 193  7 12 0200  -27.8  978.9    1.2  307.0  444.0  444.0
2023 193  7 12 0300  -28.5  978.6    2.0  332.0  444.0  444.0
2023 193  7 12 0400  -28.0  978.6    3.4  325.0  444.0  444.0
2023 193  7 12 0500  -28.1  979.0    2.5  297.0  444.0  444.0
2023 193  7 12 0600  -27.9  979.0    0.0    0.0  444.0  444.0
2023 193  7 12 0700  -27.5  979.0    2.2  314.0  444.0  444.0
2023 193  7 12 0800  -27.9  979.2    1.2  298.0  444.0  444.0
2023 193  7 12 0900  -27.5  979.5    0.0    0.0  444.0  444.0
2023 193  7 12 1000  -27.9  979.7    0.0    0.0  444.0  444.0
2023 193  7 12 1100  -28.6  980.4    1.5  128.0  444.0  444.0
2023 193  7 12 1200  -29.0  980.6    2.0  159.0  444.0  444.0
2023 193  7 12 1300  -29.8  980.4    3.4  139.0  444.0  444.0
2023 193  7 12 1400  -30.4  980.9    2.9  148.0  444.0  444.0
2023 193  7 12 1500  -29.6  981.1    3.7  136.0  444.0  444.0
2023 193  7 12 1600  -29.1  981.5    1.2  121.0  444.0  444.0
2023 193  7 12 1700  -27.4  981.5    0.0    0.0  444.0  444.0
2023 193  7 12 1800  -26.6  981.7    0.0    0.0  444.0  444.0
2023 193  7 12 1900  -25.8  981.9    0.0    0.0  444.0  444.0
2023 193  7 12 2000  -25.5  982.1    0.0    0.0  444.0  444.0
2023 193  7 12 2100  -25.8  982.3    0.0    0.0  444.0  444.0
2023 193  7 12 2200  -25.4  982.8    0.0    0.0  444.0  444.0
2023 193  7 12 2300  -29.9  983.4    2.5  141.0  444.0  444.0
2023 194  7 13 0000  -28.0  983.8    2.5  145.0  444.0  444.0
2023 194  7 13 0100  -27.6  983.6    3.4  134.0  444.0  444.0
2023 194  7 13 0200  -26.2  984.1    0.7  291.0  444.0  444.0
2023 194  7 13 0300  -23.9  984.3    2.2  174.0  444.0  444.0
2023 194  7 13 0400  -22.5  984.1    2.7  177.0  444.0  444.0
2023 194  7 13 0500  -23.4  984.3    0.0    0.0  444.0  444.0
2023 194  7 13 0600  -26.2  984.5    0.2  315.0  444.0  444.0
2023 194  7 13 0700  -25.4  984.8    1.2  150.0  444.0  444.0
2023 194  7 13 0800  -24.4  985.0    3.4  104.0  444.0  444.0
2023 194  7 13 0900  -24.8  985.2    0.0    0.0  444.0  444.0
2023 194  7 13 1000  -24.9  985.6    0.0    0.0  444.0  444.0
2023 194  7 13 1100  -25.4  986.1    0.7  153.0  444.0  444.0
2023 194  7 13 1200  -25.0  986.3    1.2  132.0  444.0  444.0
2023 194  7 13 1300  -24.6  986.6    1.7  143.0  444.0  444.0
2023 194  7 13 1400  -24.2  987.1    2.5  155.0  444.0  444.0
2023 194  7 13 1500  -23.8  987.3    0.0    0.0  444.0  444.0
2023 194  7 13 1600  -23.9  987.5    0.0    0.0  444.0  444.0
2023 194  7 13 1700  -25.5  988.2    0.0    0.0  444.0  444.0
2023 194  7 13 1800  -24.5  988.7    0.0    0.0  444.0  444.0
2023 194  7 13 1900  -25.2  988.9    0.7  290.0  444.0  444.0
2023 194  7 13 2000  -25.6  989.3    0.0    0.0  444.0  444.0
2023 194  7 13 2100  -25.6  989.6    0.7  269.0  444.0  444.0
2023 194  7 13 2200  -26.0  990.1    0.0    0.0  444.0  444.0
2023 194  7 13 2300  -26.2  990.2    0.0    0.0  444.0  444.0
2023 195  7 14 0000  -26.4  990.2    0.7  318.0  444.0  444.0
2023 195  7 14 0100  -27.1  990.0    3.2  285.0  444.0  444.0
2023 195  7 14 0200  -27.1  989.3    2.0  318.0  444.0  444.0
2023 195  7 14 0300  -26.9  989.0    1.5  318.0  444.0  444.0
2023 195  7 14 0400  -29.9  988.7    3.2  333.0  444.0  444.0
2023 195  7 14 0500  -29.0  988.0    3.4  335.0  444.0  444.0
2023 195  7 14 0600  -27.5  987.8    2.0  330.0  444.0  444.0
2023 195  7 14 0700  -27.5  987.0    0.0    0.0  444.0  444.0
2023 195  7 14 0800  -28.0  986.2    1.7  360.0  444.0  444.0
2023 195  7 14 0900  -30.1  986.0    1.0  145.0  444.0  444.0
2023 195  7 14 1000  -28.5  985.6    0.0    0.0  444.0  444.0
2023 195  7 14 1100  -29.6  984.4    0.0    0.0  444.0  444.0
2023 195  7 14 1200  -29.6  983.6    0.0    0.0  444.0  444.0
2023 195  7 14 1300  -29.0  983.0    0.0    0.0  444.0  444.0
2023 195  7 14 1400  -28.8  982.1    2.7  211.0  444.0  444.0
2023 195  7 14 1500  -29.9  981.2    2.5  212.0  444.0  444.0
2023 195  7 14 1600  -28.5  980.4    1.2  360.0  444.0  444.0
2023 195  7 14 1700  -28.9  979.8    0.7  228.0  444.0  444.0
2023 195  7 14 1800  -31.5  979.4    4.2  136.0  444.0  444.0
2023 195  7 14 1900  -30.5  979.4    2.7  160.0  444.0  444.0
2023 195  7 14 2000  -30.8  979.4    3.2  159.0  444.0  444.0
2023 195  7 14 2100  -31.0  979.5    2.5  117.0  444.0  444.0
2023 195  7 14 2200  -29.0  979.4    4.9  153.0  444.0  444.0
2023 195  7 14 2300  -29.2  979.9    2.5  134.0  444.0  444.0
2023 196  7 15 0000  -28.6  980.2    2.5  132.0  444.0  444.0
2023 196  7 15 0100  -30.2  980.6    2.7  134.0  444.0  444.0
2023 196  7 15 0200  -29.5  980.6    3.7  146.0  444.0  444.0
2023 196  7 15 0300  -28.8  981.1    1.2  150.0  444.0  444.0
2023 196  7 15 0400  -28.9  981.8    1.5  278.0  444.0  444.0
2023 196  7 15 0500  -27.6  982.1    0.0    0.0  444.0  444.0
2023 196  7 15 0600  -27.2  982.3    0.0    0.0  444.0  444.0
2023 196  7 15 0700  -28.9  982.7    0.0    0.0  444.0  444.0
2023 196  7 15 0800  -29.2  983.6    0.7  343.0  444.0  444.0
2023 196  7 15 0900  -28.0  983.6    2.0  360.0  444.0  444.0
2023 196  7 15 1000  -28.6  984.1    0.0    0.0  444.0  444.0
2023 196  7 15 1100  -27.8  984.7    2.5  201.0  444.0  444.0
2023 196  7 15 1200  -30.8  985.5    0.7  146.0  444.0  444.0
2023 196  7 15 1300  -29.2  985.7    1.2  360.0  444.0  444.0
2023 196  7 15 1400  -30.5  986.3    0.0    0.0  444.0  444.0
2023 196  7 15 1500  -25.5  986.2    0.0    0.0  444.0  444.0
2023 196  7 15 1600  -26.2  986.2    0.0    0.0  444.0  444.0
2023 196  7 15 1700  -27.8  986.6    0.0    0.0  444.0  444.0
2023 196  7 15 1800  -26.8  986.9    1.2  269.0  444.0  444.0
2023 196  7 15 1900  -29.0  987.2    0.0    0.0  444.0  444.0
2023 196  7 15 2000  -28.8  987.7    1.0  360.0  444.0  444.0
2023 196  7 15 2100  -28.4  988.1    0.0    0.0  444.0  444.0
2023 196  7 15 2200  -30.4  988.3    1.2  152.0  444.0  444.0
2023 196  7 15 2300  -29.6  988.9    2.0  152.0  444.0  444.0
2023 197  7 16 0000  -26.8  989.2    0.5  336.0  444.0  444.0
2023 197  7 16 0100  -23.9  988.8    2.0  211.0  444.0  444.0
2023 197  7 16 0200  -27.9  989.2    2.5  148.0  444.0  444.0
2023 197  7 16 0300  -26.8  989.8    0.0    0.0  444.0  444.0
2023 197  7 16 0400  -33.1  990.5    2.5  138.0  444.0  444.0
2023 197  7 16 0500  -29.6  991.2    2.7  148.0  444.0  444.0
2023 197  7 16 0600  -31.0  992.0    1.2  152.0  444.0  444.0
2023 197  7 16 0700  -27.5  992.5    0.0    0.0  444.0  444.0
2023 197  7 16 0800  -26.8  993.0    0.2  159.0  444.0  444.0
2023 197  7 16 0900  -26.6  993.3    0.0    0.0  444.0  444.0
2023 197  7 16 1000  -28.0  994.5    0.0    0.0  444.0  444.0
2023 197  7 16 1100  -26.9  994.9    1.2  108.0  444.0  444.0
2023 197  7 16 1200  -27.4  995.2    0.0    0.0  444.0  444.0
2023 197  7 16 1300  -26.9  995.5    0.0    0.0  444.0  444.0
2023 197  7 16 1400  -27.4  996.2    1.5  298.0  444.0  444.0
2023 197  7 16 1500  -24.2  996.3    1.0  323.0  444.0  444.0
2023 197  7 16 1600  -24.5  996.8    2.2  218.0  444.0  444.0
2023 197  7 16 1700  -22.4  996.8    0.2    7.0  444.0  444.0
2023 197  7 16 1800  -30.8  997.3    1.7  158.0  444.0  444.0
2023 197  7 16 1900  -24.4  997.6    0.5  201.0  444.0  444.0
2023 197  7 16 2000  -28.6  998.2    1.0  131.0  444.0  444.0
2023 197  7 16 2100  -25.4  998.1    2.2  212.0  444.0  444.0
2023 197  7 16 2200  -27.8  998.0    0.5  141.0  444.0  444.0
2023 197  7 16 2300  -28.4  998.4    0.0    0.0  444.0  444.0
2023 198  7 17 0000  -28.0  998.3    0.0    0.0  444.0  444.0
2023 198  7 17 0100  -27.2  998.0    0.0    0.0  444.0  444.0
2023 198  7 17 0200  -27.5  997.9    1.2  148.0  444.0  444.0
2023 198  7 17 0300  -32.8  997.7    2.5  136.0  444.0  444.0
2023 198  7 17 0400  -33.1  997.3    4.2  131.0  444.0  444.0
2023 198  7 17 0500  -32.2  997.1    3.2  134.0  444.0  444.0
2023 198  7 17 0600  -31.9  996.7    2.7  132.0  444.0  444.0
2023 198  7 17 0700  -31.9  996.1    3.2  141.0  444.0  444.0
2023 198  7 17 0800  -32.1  995.5    1.2  145.0  444.0  444.0
2023 198  7 17 0900  -30.5  994.7    0.0    0.0  444.0  444.0
2023 198  7 17 1000  -31.1  993.8    0.0    0.0  444.0  444.0
2023 198  7 17 1100  -31.5  993.0    0.0    0.0  444.0  444.0
2023 198  7 17 1200  -32.1  992.1    0.0    0.0  444.0  444.0
2023 198  7 17 1300  -31.4  991.0    0.0    0.0  444.0  444.0
2023 198  7 17 1400  -29.8  990.0    0.0    0.0  444.0  444.0
2023 198  7 17 1500  -27.8  988.8    1.0  239.0  444.0  444.0
2023 198  7 17 1600  -28.0  988.0    0.0    0.0  444.0  444.0
2023 198  7 17 1700  -28.0  987.0    0.5  273.0  444.0  444.0
2023 198  7 17 1800  -28.8  985.6    0.5  267.0  444.0  444.0
2023 198  7 17 1900  -29.1  984.5    0.0    0.0  444.0  444.0
2023 198  7 17 2000  -30.2  983.5    0.0    0.0  444.0  444.0
2023 198  7 17 2100  -31.6  982.7    1.7  165.0  444.0  444.0
2023 198  7 17 2200  -32.5  982.0    2.5  138.0  444.0  444.0
2023 198  7 17 2300  -31.5  981.8    4.4  129.0  444.0  444.0
2023 199  7 18 0000  -30.8  981.7    5.4  129.0  444.0  444.0
2023 199  7 18 0100  -28.5  981.4    7.1  149.0  444.0  444.0
2023 199  7 18 0200  -30.4  981.6    4.7  145.0  444.0  444.0
2023 199  7 18 0300  -28.0  981.0    4.2  134.0  444.0  444.0
2023 199  7 18 0400  -26.0  981.1    4.4  141.0  444.0  444.0
2023 199  7 18 0500  -25.8  981.3    4.9  155.0  444.0  444.0
2023 199  7 18 0600  -24.8  981.0    4.4  160.0  444.0  444.0
2023 199  7 18 0700  -25.4  981.0    2.2  155.0  444.0  444.0
2023 199  7 18 0800  -23.9  980.4    4.9  181.0  444.0  444.0
2023 199  7 18 0900  -23.9  979.9    2.7  134.0  444.0  444.0
2023 199  7 18 1000  -25.1  980.0    1.7  153.0  444.0  444.0
2023 199  7 18 1100  -24.5  980.2    5.9  149.0  444.0  444.0
2023 199  7 18 1200  -27.5  980.1    8.1  139.0  444.0  444.0
2023 199  7 18 1300  -28.4  979.8    8.1  145.0  444.0  444.0
2023 199  7 18 1400  -28.6  980.0    9.6  150.0  444.0  444.0
2023 199  7 18 1500  -28.8  980.0    9.6  153.0  444.0  444.0
2023 199  7 18 1600  -29.2  980.3    8.3  152.0  444.0  444.0
2023 199  7 18 1700  -30.8  980.4    6.1  141.0  444.0  444.0
2023 199  7 18 1800  -31.5  979.9    9.3  142.0  444.0  444.0
2023 199  7 18 1900  -33.2  979.8    5.1  143.0  444.0  444.0
2023 199  7 18 2000  -33.2  979.2    5.1  146.0  444.0  444.0
2023 199  7 18 2100  -34.1  979.2    4.7  141.0  444.0  444.0
2023 199  7 18 2200  -34.0  978.7    3.4  143.0  444.0  444.0
2023 199  7 18 2300  -34.2  978.1    5.4  148.0  444.0  444.0
2023 200  7 19 0000  -34.5  977.9    2.5  143.0  444.0  444.0
2023 200  7 19 0100  -34.6  977.2    0.0    0.0  444.0  444.0
2023 200  7 19 0200  -34.5  976.8    3.4  155.0  444.0  444.0
2023 200  7 19 0300  -34.1  976.3    6.9  152.0  444.0  444.0
2023 200  7 19 0400  -34.2  976.3    5.1  143.0  444.0  444.0
2023 200  7 19 0500  -33.5  976.3    4.9  148.0  444.0  444.0
2023 200  7 19 0600  -33.6  976.4    8.6  145.0  444.0  444.0
2023 200  7 19 0700  -35.1  976.5    2.5  153.0  444.0  444.0
2023 200  7 19 0800  -36.0  976.3    1.5  125.0  444.0  444.0
2023 200  7 19 0900  -35.6  976.1    0.0    0.0  444.0  444.0
2023 200  7 19 1000  -33.1  975.6    0.7  233.0  444.0  444.0
2023 200  7 19 1100  -32.1  975.0    1.5  194.0  444.0  444.0
2023 200  7 19 1200  -34.9  975.4    0.0    0.0  444.0  444.0
2023 200  7 19 1300  -34.0  975.4    0.0    0.0  444.0  444.0
2023 200  7 19 1400  -34.0  975.3    0.5  174.0  444.0  444.0
2023 200  7 19 1500  -32.2  975.2    2.9  179.0  444.0  444.0
2023 200  7 19 1600  -32.6  975.5    3.7  165.0  444.0  444.0
2023 200  7 19 1700  -34.0  975.3    0.0    0.0  444.0  444.0
2023 200  7 19 1800  -34.5  975.3    0.7   21.0  444.0  444.0
2023 200  7 19 1900  -34.5  975.1    0.5  357.0  444.0  444.0
2023 200  7 19 2000  -35.0  975.0    2.0  197.0  444.0  444.0
2023 200  7 19 2100  -35.0  975.1    1.2  200.0  444.0  444.0
2023 200  7 19 2200  -39.4  974.9    1.5  139.0  444.0  444.0
2023 200  7 19 2300  -38.8  975.1    0.0    0.0  444.0  444.0
2023 201  7 20 0000  -39.9  974.8    2.9  141.0  444.0  444.0
2023 201  7 20 0100  -38.4  974.8    1.5  136.0  444.0  444.0
2023 201  7 20 0200  -37.0  974.6    1.0  132.0  444.0  444.0
2023 201  7 20 0300  -36.4  974.2    1.0  149.0  444.0  444.0
2023 201  7 20 0400  -36.0  973.8    1.0  211.0  444.0  444.0
2023 201  7 20 0500  -36.2  972.9    0.0    0.0  444.0  444.0
2023 201  7 20 0600  -36.4  972.1    1.0  297.0  444.0  444.0
2023 201  7 20 0700  -37.4  971.4    0.0    0.0  444.0  444.0
2023 201  7 20 0800  -36.6  970.4    1.5  277.0  444.0  444.0
2023 201  7 20 0900  -37.4  969.4    1.0  300.0  444.0  444.0
2023 201  7 20 1000  -37.6  969.0    1.0  336.0  444.0  444.0
2023 201  7 20 1100  -37.6  968.3    2.7  298.0  444.0  444.0
2023 201  7 20 1200  -38.4  968.3    1.5  233.0  444.0  444.0
2023 201  7 20 1300  -37.4  967.8    1.2  311.0  444.0  444.0
2023 201  7 20 1400  -36.9  967.5    0.0    0.0  444.0  444.0
2023 201  7 20 1500  -37.5  967.7    0.0    0.0  444.0  444.0
2023 201  7 20 1600  -37.0  967.4    1.7  315.0  444.0  444.0
2023 201  7 20 1700  -38.1  968.0    0.0    0.0  444.0  444.0
2023 201  7 20 1800  -37.2  968.6    2.2  225.0  444.0  444.0
2023 201  7 20 1900  -36.9  969.7    1.0  210.0  444.0  444.0
2023 201  7 20 2000  -38.8  970.4    3.4  129.0  444.0  444.0
2023 201  7 20 2100  -39.0  971.9    3.4  129.0  444.0  444.0
2023 201  7 20 2200  -38.2  973.5    3.2  145.0  444.0  444.0
2023 201  7 20 2300  -37.2  974.8    5.1  124.0  444.0  444.0
2023 202  7 21 0000  -35.5  976.2    2.0  150.0  444.0  444.0
2023 202  7 21 0100  -31.9  977.2    4.9  162.0  444.0  444.0
2023 202  7 21 0200  -32.0  978.2    4.7  162.0  444.0  444.0
2023 202  7 21 0300  -32.8  979.0    2.2  125.0  444.0  444.0
2023 202  7 21 0400  -33.5  979.5    2.9  105.0  444.0  444.0
2023 202  7 21 0500  -34.0  979.9    3.4  173.0  444.0  444.0
2023 202  7 21 0600  -32.8  979.7    4.9  169.0  444.0  444.0
2023 202  7 21 0700  -32.2  979.5    0.0    0.0  444.0  444.0
2023 202  7 21 0800  -34.1  978.9    1.0  314.0  444.0  444.0
2023 202  7 21 0900  -34.9  978.5    2.9  321.0  444.0  444.0
2023 202  7 21 1000  -35.9  978.3    0.2  343.0  444.0  444.0
2023 202  7 21 1100  -34.9  977.9    2.0  285.0  444.0  444.0
2023 202  7 21 1200  -36.4  977.2    0.0    0.0  444.0  444.0
2023 202  7 21 1300  -36.2  976.6    1.7  186.0  444.0  444.0
2023 202  7 21 1400  -35.9  975.2    1.7  305.0  444.0  444.0
2023 202  7 21 1500  -36.2  974.2    1.2  298.0  444.0  444.0
2023 202  7 21 1600  -36.1  973.2    2.0  256.0  444.0  444.0
2023 202  7 21 1700  -35.9  972.3    2.2  298.0  444.0  444.0
2023 202  7 21 1800  -36.6  971.2    3.4  315.0  444.0  444.0
2023 202  7 21 1900  -36.9  969.8    4.2  288.0  444.0  444.0
2023 202  7 21 2000  -34.5  968.4    5.4  316.0  444.0  444.0
2023 202  7 21 2100  -34.5  967.2    5.4  323.0  444.0  444.0
2023 202  7 21 2200  -35.0  965.9    3.4  312.0  444.0  444.0
2023 202  7 21 2300  -35.8  964.7    2.9  319.0  444.0  444.0
2023 203  7 22 0000  -36.6  963.5    1.5  271.0  444.0  444.0
2023 203  7 22 0100  -35.6  962.7    0.0    0.0  444.0  444.0
2023 203  7 22 0200  -34.5  961.4    2.2  346.0  444.0  444.0
2023 203  7 22 0300  -32.8  960.0    0.0    0.0  444.0  444.0
2023 203  7 22 0400  -33.1  960.3    0.0    0.0  444.0  444.0
2023 203  7 22 0500  -35.9  960.2    5.1  143.0  444.0  444.0
2023 203  7 22 0600  -35.5  960.8    7.8  127.0  444.0  444.0
2023 203  7 22 0700  -31.5  961.3   10.3  139.0  444.0  444.0
2023 203  7 22 0800  -30.9  961.6    8.6  131.0  444.0  444.0
2023 203  7 22 0900  -31.6  962.4    7.8  122.0  444.0  444.0
2023 203  7 22 1000  -32.8  962.7    8.3  146.0  444.0  444.0
2023 203  7 22 1100  -32.8  963.9    9.8  163.0  444.0  444.0
2023 203  7 22 1200  -32.8  964.6    9.6  162.0  444.0  444.0
2023 203  7 22 1300  -31.9  965.2    9.1  159.0  444.0  444.0
2023 203  7 22 1400  -33.1  966.3    8.6  156.0  444.0  444.0
2023 203  7 22 1500  -33.4  966.9   10.0  156.0  444.0  444.0
2023 203  7 22 1600  -34.0  967.0   10.8  158.0  444.0  444.0
2023 203  7 22 1700  -35.0  967.7    7.6  170.0  444.0  444.0
2023 203  7 22 1800  -33.4  967.6    9.8  159.0  444.0  444.0
2023 203  7 22 1900  -34.6  968.4    8.8  158.0  444.0  444.0
2023 203  7 22 2000  -35.5  969.1   11.0  149.0  444.0  444.0
2023 203  7 22 2100  -35.5  969.7    7.6  135.0  444.0  444.0
2023 203  7 22 2200  -34.9  970.6    6.9  153.0  444.0  444.0
2023 203  7 22 2300  -34.4  971.7    6.1  156.0  444.0  444.0
2023 204  7 23 0000  -35.1  971.8    9.3  134.0  444.0  444.0
2023 204  7 23 0100  -36.0  972.5    7.4  138.0  444.0  444.0
2023 204  7 23 0200  -36.8  972.9    4.4  145.0  444.0  444.0
2023 204  7 23 0300  -35.5  973.1    2.7  139.0  444.0  444.0
2023 204  7 23 0400  -35.6  973.2    2.7  190.0  444.0  444.0
2023 204  7 23 0500  -35.2  973.7    1.2  204.0  444.0  444.0
2023 204  7 23 0600  -35.8  974.1    2.7  231.0  444.0  444.0
2023 204  7 23 0700  -35.5  974.0    3.4  229.0  444.0  444.0
2023 204  7 23 0800  -35.1  973.5    4.4  221.0  444.0  444.0
2023 204  7 23 0900  -33.4  974.1    1.5  179.0  444.0  444.0
2023 204  7 23 1000  -33.6  974.4    2.0  224.0  444.0  444.0
2023 204  7 23 1100  -33.4  974.2    2.2  233.0  444.0  444.0
2023 204  7 23 1200  -33.4  974.2    2.0  198.0  444.0  444.0
2023 204  7 23 1300  -33.8  974.2    1.7  246.0  444.0  444.0
2023 204  7 23 1400  -34.0  974.2    0.0    0.0  444.0  444.0
2023 204  7 23 1500  -35.5  974.3    3.4  291.0  444.0  444.0
2023 204  7 23 1600  -35.9  973.9    3.4  270.0  444.0  444.0
2023 204  7 23 1700  -35.8  973.5    2.9  256.0  444.0  444.0
2023 204  7 23 1800  -35.6  973.3    3.4  283.0  444.0  444.0
2023 204  7 23 1900  -35.8  972.8    2.7  273.0  444.0  444.0
2023 204  7 23 2000  -36.1  972.4    3.7  273.0  444.0  444.0
2023 204  7 23 2100  -36.1  971.9    3.2  264.0  444.0  444.0
2023 204  7 23 2200  -35.5  971.6    2.0  276.0  444.0  444.0
2023 204  7 23 2300  -36.8  971.2    3.9  243.0  444.0  444.0
2023 205  7 24 0000  -35.5  971.0    2.9  260.0  444.0  444.0
2023 205  7 24 0100  -35.2  970.4    2.7  269.0  444.0  444.0
2023 205  7 24 0200  -35.9  969.8    3.4  264.0  444.0  444.0
2023 205  7 24 0300  -34.5  969.3    2.9  269.0  444.0  444.0
2023 205  7 24 0400  -34.0  969.2    1.0  294.0  444.0  444.0
2023 205  7 24 0500  -34.9  969.2    0.0    0.0  444.0  444.0
2023 205  7 24 0600  -34.4  968.8    4.4  249.0  444.0  444.0
2023 205  7 24 0700  -36.6  968.9    0.0    0.0  444.0  444.0
2023 205  7 24 0800  -35.5  968.9    0.0    0.0  444.0  444.0
2023 205  7 24 0900  -35.2  968.9    0.0    0.0  444.0  444.0
2023 205  7 24 1000  -36.8  969.1    0.0    0.0  444.0  444.0
2023 205  7 24 1100  -36.1  969.2    2.7  156.0  444.0  444.0
2023 205  7 24 1200  -35.8  969.1    2.9  150.0  444.0  444.0
2023 205  7 24 1300  -35.2  969.4    2.9  152.0  444.0  444.0
2023 205  7 24 1400  -34.4  969.6    3.2  138.0  444.0  444.0
2023 205  7 24 1500  -35.2  969.6    3.9  136.0  444.0  444.0
2023 205  7 24 1600  -36.6  969.9    2.9  142.0  444.0  444.0
2023 205  7 24 1700  -33.8  970.1    2.5  143.0  444.0  444.0
2023 205  7 24 1800  -33.6  970.1    1.5  142.0  444.0  444.0
2023 205  7 24 1900  -35.8  970.3    1.2  176.0  444.0  444.0
2023 205  7 24 2000  -32.2  970.5    5.9  139.0  444.0  444.0
2023 205  7 24 2100  -32.2  970.7    3.9  145.0  444.0  444.0
2023 205  7 24 2200  -31.4  970.7    7.1  148.0  444.0  444.0
2023 205  7 24 2300  -30.5  970.7    6.4  148.0  444.0  444.0
2023 206  7 25 0000  -32.2  970.9    4.2  166.0  444.0  444.0
2023 206  7 25 0100  -30.2  970.8    5.6  150.0  444.0  444.0
2023 206  7 25 0200  -30.8  971.2    5.4  143.0  444.0  444.0
2023 206  7 25 0300  -31.5  971.3    7.4  155.0  444.0  444.0
2023 206  7 25 0400  -31.9  971.4    8.8  149.0  444.0  444.0
2023 206  7 25 0500  -32.1  971.3    6.6  150.0  444.0  444.0
2023 206  7 25 0600  -32.1  971.0    8.3  146.0  444.0  444.0
2023 206  7 25 0700  -32.2  970.6    7.4  129.0  444.0  444.0
2023 206  7 25 0800  -32.2  970.6    6.1  134.0  444.0  444.0
2023 206  7 25 0900  -32.4  970.5    5.4  139.0  444.0  444.0
2023 206  7 25 1000  -32.2  970.2    4.9  149.0  444.0  444.0
2023 206  7 25 1100  -31.4  969.8    5.1  172.0  444.0  444.0
2023 206  7 25 1200  -30.5  969.1    6.6  170.0  444.0  444.0
2023 206  7 25 1300  -30.0  968.5    5.1  165.0  444.0  444.0
2023 206  7 25 1400  -30.1  967.9    4.7  172.0  444.0  444.0
2023 206  7 25 1500  -29.9  967.3    3.9  186.0  444.0  444.0
2023 206  7 25 1600  -29.2  966.9    2.0  183.0  444.0  444.0
2023 206  7 25 1700  -28.9  966.1    2.5  188.0  444.0  444.0
2023 206  7 25 1800  -28.9  965.2    1.5  195.0  444.0  444.0
2023 206  7 25 1900  -29.0  964.6    0.0    0.0  444.0  444.0
2023 206  7 25 2000  -29.9  964.1    1.0  281.0  444.0  444.0
2023 206  7 25 2100  -31.0  963.7    0.5  321.0  444.0  444.0
2023 206  7 25 2200  -31.1  963.3    0.5  298.0  444.0  444.0
2023 206  7 25 2300  -31.6  963.0    0.5  307.0  444.0  444.0
2023 207  7 26 0000  -32.0  962.8  444.0  444.0  444.0  444.0
2023 207  7 26 0100  -32.1  962.4  444.0  444.0  444.0  444.0
2023 207  7 26 0200  -32.5  962.2  444.0  444.0  444.0  444.0
2023 207  7 26 0300  -32.1  962.1  444.0  444.0  444.0  444.0
2023 207  7 26 0400  -31.1  962.1  444.0  444.0  444.0  444.0
2023 207  7 26 0500  -31.5  961.9  444.0  444.0  444.0  444.0
2023 207  7 26 0600  -32.4  961.8  444.0  444.0  444.0  444.0
2023 207  7 26 0700  -32.2  961.8  444.0  444.0  444.0  444.0
2023 207  7 26 0800  -32.1  961.9  444.0  444.0  444.0  444.0
2023 207  7 26 0900  -32.5  961.8  444.0  444.0  444.0  444.0
2023 207  7 26 1000  -33.4  962.0  444.0  444.0  444.0  444.0
2023 207  7 26 1100  -32.2  962.1  444.0  444.0  444.0  444.0
2023 207  7 26 1200  -31.9  962.3  444.0  444.0  444.0  444.0
2023 207  7 26 1300  -32.0  962.3  444.0  444.0  444.0  444.0
2023 207  7 26 1400  -32.2  962.2  444.0  444.0  444.0  444.0
2023 207  7 26 1500  -34.0  962.5  444.0  444.0  444.0  444.0
2023 207  7 26 1600  -33.9  962.4    1.7  307.0  444.0  444.0
2023 207  7 26 1700  -31.5  962.3    1.5  274.0  444.0  444.0
2023 207  7 26 1800  -36.0  962.5    2.5  340.0  444.0  444.0
2023 207  7 26 1900  -36.0  962.5    2.7  315.0  444.0  444.0
2023 207  7 26 2000  -34.0  962.5    1.2  301.0  444.0  444.0
2023 207  7 26 2100  -33.8  962.9    1.5  294.0  444.0  444.0
2023 207  7 26 2200  -35.6  963.2    2.5  332.0  444.0  444.0
2023 207  7 26 2300  -35.5  963.4    2.0  316.0  444.0  444.0
2023 208  7 27 0000  -35.6  963.7    0.0    0.0  444.0  444.0
2023 208  7 27 0100  -35.6  964.0    1.0  318.0  444.0  444.0
2023 208  7 27 0200  -35.5  964.4    1.0  315.0  444.0  444.0
2023 208  7 27 0300  -35.6  964.8    0.0    0.0  444.0  444.0
2023 208  7 27 0400  -34.2  965.0    0.5  297.0  444.0  444.0
2023 208  7 27 0500  -32.5  965.4    0.0    0.0  444.0  444.0
2023 208  7 27 0600  -34.4  965.8    0.0    0.0  444.0  444.0
2023 208  7 27 0700  -35.8  966.0    0.0    0.0  444.0  444.0
2023 208  7 27 0800  -34.9  966.6    2.0  315.0  444.0  444.0
2023 208  7 27 0900  -35.1  967.3    0.0    0.0  444.0  444.0
2023 208  7 27 1000  -34.4  967.6    1.5  309.0  444.0  444.0
2023 208  7 27 1100  -33.1  968.1    0.7   58.0  444.0  444.0
2023 208  7 27 1200  -35.9  968.2    1.7  292.0  444.0  444.0
2023 208  7 27 1300  -34.5  968.5    3.2  339.0  444.0  444.0
2023 208  7 27 1400  -35.0  968.9    0.7  321.0  444.0  444.0
2023 208  7 27 1500  -33.5  969.6    0.0    0.0  444.0  444.0
2023 208  7 27 1600  -32.5  970.0    0.0    0.0  444.0  444.0
2023 208  7 27 1700  -31.5  970.2    0.5  359.0  444.0  444.0
2023 208  7 27 1800  -29.5  970.8    0.7  156.0  444.0  444.0
2023 208  7 27 1900  -31.8  971.5    0.0    0.0  444.0  444.0
2023 208  7 27 2000  -29.6  971.9    1.7  143.0  444.0  444.0
2023 208  7 27 2100  -37.0  972.8    2.9  143.0  444.0  444.0
2023 208  7 27 2200  -36.2  973.3    5.1  141.0  444.0  444.0
2023 208  7 27 2300  -35.5  974.1    1.5  281.0  444.0  444.0
2023 209  7 28 0000  -32.0  974.8    4.7  145.0  444.0  444.0
2023 209  7 28 0100  -27.4  975.6    2.9  152.0  444.0  444.0
2023 209  7 28 0200  -27.9  976.2    4.4  176.0  444.0  444.0
2023 209  7 28 0300  -27.5  976.5    1.7  100.0  444.0  444.0
2023 209  7 28 0400  -28.5  976.5    1.2  127.0  444.0  444.0
2023 209  7 28 0500  -28.0  976.6    2.7  187.0  444.0  444.0
2023 209  7 28 0600  -29.1  976.6    3.9  124.0  444.0  444.0
2023 209  7 28 0700  -31.6  976.6    3.9  120.0  444.0  444.0
2023 209  7 28 0800  -31.4  977.2    2.0  105.0  444.0  444.0
2023 209  7 28 0900  -31.9  977.1    0.0    0.0  444.0  444.0
2023 209  7 28 1000  -31.9  977.0    1.5  121.0  444.0  444.0
2023 209  7 28 1100  -32.6  976.5    1.5  124.0  444.0  444.0
2023 209  7 28 1200  -33.6  976.6    1.2  135.0  444.0  444.0
2023 209  7 28 1300  -33.4  976.5    0.0    0.0  444.0  444.0
2023 209  7 28 1400  -33.5  976.4    1.7  149.0  444.0  444.0
2023 209  7 28 1500  -33.6  975.9    1.5  152.0  444.0  444.0
2023 209  7 28 1600  -32.9  975.7    0.0    0.0  444.0  444.0
2023 209  7 28 1700  -33.5  975.3    0.5  291.0  444.0  444.0
2023 209  7 28 1800  -33.1  975.1    0.0    0.0  444.0  444.0
2023 209  7 28 1900  -32.5  975.0    1.0  138.0  444.0  444.0
2023 209  7 28 2000  -31.9  974.5    1.2  143.0  444.0  444.0
2023 209  7 28 2100  -32.8  974.0    3.9  138.0  444.0  444.0
2023 209  7 28 2200  -32.4  973.8    2.2  139.0  444.0  444.0
2023 209  7 28 2300  -31.5  973.5    1.7  176.0  444.0  444.0
2023 210  7 29 0000  -34.5  972.9    3.7  135.0  444.0  444.0
2023 210  7 29 0100  -32.2  972.7    5.1  149.0  444.0  444.0
2023 210  7 29 0200  -31.8  972.1    6.4  139.0  444.0  444.0
2023 210  7 29 0300  -33.6  971.5    5.4  127.0  444.0  444.0
2023 210  7 29 0400  -33.2  971.0    3.4  138.0  444.0  444.0
2023 210  7 29 0500  -33.4  970.3    3.9  132.0  444.0  444.0
2023 210  7 29 0600  -35.5  969.6    5.4  134.0  444.0  444.0
2023 210  7 29 0700  -35.1  969.3    4.9  128.0  444.0  444.0
2023 210  7 29 0800  -34.9  968.5    4.4  132.0  444.0  444.0
2023 210  7 29 0900  -34.5  968.0    2.0  141.0  444.0  444.0
2023 210  7 29 1000  -34.0  967.4    1.0  156.0  444.0  444.0
2023 210  7 29 1100  -35.8  966.5    0.0    0.0  444.0  444.0
2023 210  7 29 1200  -35.9  965.9    0.0    0.0  444.0  444.0
2023 210  7 29 1300  -36.2  965.2    1.7  143.0  444.0  444.0
2023 210  7 29 1400  -36.4  964.7    0.0    0.0  444.0  444.0
2023 210  7 29 1500  -35.5  964.0    2.2  156.0  444.0  444.0
2023 210  7 29 1600  -35.9  963.9    3.2  135.0  444.0  444.0
2023 210  7 29 1700  -35.5  963.2    2.9  150.0  444.0  444.0
2023 210  7 29 1800  -39.2  962.9    2.7  134.0  444.0  444.0
2023 210  7 29 1900  -38.8  962.8    3.9  141.0  444.0  444.0
2023 210  7 29 2000  -36.5  962.5    4.7  143.0  444.0  444.0
2023 210  7 29 2100  -35.0  962.6    5.1  148.0  444.0  444.0
2023 210  7 29 2200  -33.8  962.6    2.7  118.0  444.0  444.0
2023 210  7 29 2300  -36.8  962.9    4.9  142.0  444.0  444.0
2023 211  7 30 0000  -34.5  962.9    2.2  146.0  444.0  444.0
2023 211  7 30 0100  -34.8  963.7    1.7  110.0  444.0  444.0
2023 211  7 30 0200  -33.1  963.9    4.9  135.0  444.0  444.0
2023 211  7 30 0300  -35.0  964.1    3.4  155.0  444.0  444.0
2023 211  7 30 0400  -34.0  964.3    5.6  173.0  444.0  444.0
2023 211  7 30 0500  -32.8  964.5   10.0  148.0  444.0  444.0
2023 211  7 30 0600  -33.8  965.4    2.7  153.0  444.0  444.0
2023 211  7 30 0700  -32.9  965.9    5.1  135.0  444.0  444.0
2023 211  7 30 0800  -31.0  966.8    5.6  158.0  444.0  444.0
2023 211  7 30 0900  -30.5  967.2    7.1  148.0  444.0  444.0
2023 211  7 30 1000  -30.5  968.0    6.6  148.0  444.0  444.0
2023 211  7 30 1100  -31.0  969.0    6.6  152.0  444.0  444.0
2023 211  7 30 1200  -31.0  970.0    5.1  167.0  444.0  444.0
2023 211  7 30 1300  -31.9  970.1    5.9  146.0  444.0  444.0
2023 211  7 30 1400  -32.0  970.7    4.7  167.0  444.0  444.0
2023 211  7 30 1500  -32.8  971.2    3.9  138.0  444.0  444.0
2023 211  7 30 1600  -31.5  971.7    5.1  149.0  444.0  444.0
2023 211  7 30 1700  -31.0  972.0    3.4  149.0  444.0  444.0
2023 211  7 30 1800  -31.9  972.4    2.0  129.0  444.0  444.0
2023 211  7 30 1900  -31.1  972.9    3.7  141.0  444.0  444.0
2023 211  7 30 2000  -30.5  973.4    3.9  135.0  444.0  444.0
2023 211  7 30 2100  -30.0  974.2    5.6  155.0  444.0  444.0
2023 211  7 30 2200  -29.6  974.8    6.9  153.0  444.0  444.0
2023 211  7 30 2300  -31.1  975.0    6.6  141.0  444.0  444.0
2023 212  7 31 0000  -30.9  976.0    7.8  155.0  444.0  444.0
2023 212  7 31 0100  -30.2  976.6    8.8  156.0  444.0  444.0
2023 212  7 31 0200  -30.5  977.3    7.6  145.0  444.0  444.0
2023 212  7 31 0300  -30.8  978.4    8.8  149.0  444.0  444.0
2023 212  7 31 0400  -31.6  978.9    3.4  169.0  444.0  444.0
2023 212  7 31 0500  -32.2  979.1    6.1  121.0  444.0  444.0
2023 212  7 31 0600  -32.6  979.4    4.2  134.0  444.0  444.0
2023 212  7 31 0700  -30.9  980.1    5.4  145.0  444.0  444.0
2023 212  7 31 0800  -30.9  980.6    9.6  152.0  444.0  444.0
2023 212  7 31 0900  -30.5  981.2   11.0  156.0  444.0  444.0
2023 212  7 31 1000  -30.5  981.6    6.6  145.0  444.0  444.0
2023 212  7 31 1100  -30.8  981.9    8.1  146.0  444.0  444.0
2023 212  7 31 1200  -30.5  982.1    6.4  152.0  444.0  444.0
2023 212  7 31 1300  -30.5  982.3    7.6  158.0  444.0  444.0
2023 212  7 31 1400  -30.5  983.0    8.1  153.0  444.0  444.0
2023 212  7 31 1500  -31.1  983.4    6.9  155.0  444.0  444.0
2023 212  7 31 1600  -31.1  983.8    5.4  167.0  444.0  444.0
2023 212  7 31 1700  -31.6  983.8    2.7  135.0  444.0  444.0
2023 212  7 31 1800  -32.1  983.9    4.2  138.0  444.0  444.0
2023 212  7 31 1900  -31.6  984.1    1.7  159.0  444.0  444.0
2023 212  7 31 2000  -31.5  983.9    2.7  224.0  444.0  444.0
2023 212  7 31 2100  -30.1  984.2    1.5  226.0  444.0  444.0
2023 212  7 31 2200  -30.8  983.9    3.2  221.0  444.0  444.0
2023 212  7 31 2300  -30.8  983.8    2.0  208.0  444.0  444.0
