Year: 2018  Month: 05  ID: MPT  ARGOS:  8906  Name: Marble Point        
Lat: 77.44S  Lon: 163.76E  Elev:  108m
2018 121  5  1 0000  -20.9  974.5    0.0    0.0  444.0  444.0
2018 121  5  1 0100  -20.2  974.0    0.5  276.0  444.0  444.0
2018 121  5  1 0200  -20.8  973.9    1.5  142.0  444.0  444.0
2018 121  5  1 0300  -20.6  973.8    0.7  117.0  444.0  444.0
2018 121  5  1 0400  -20.0  973.7    1.2  210.0  444.0  444.0
2018 121  5  1 0500  -19.1  973.2    0.2  255.0  444.0  444.0
2018 121  5  1 0600  -19.6  973.1    0.0    0.0  444.0  444.0
2018 121  5  1 0700  -19.1  972.8    1.5  249.0  444.0  444.0
2018 121  5  1 0800  -18.8  972.7    0.0    0.0  444.0  444.0
2018 121  5  1 0900  -18.4  972.5    1.0    3.0  444.0  444.0
2018 121  5  1 1000  -18.8  972.2    2.0  340.0  444.0  444.0
2018 121  5  1 1100  -18.5  971.7    0.2  298.0  444.0  444.0
2018 121  5  1 1200  -18.2  971.1    0.2  158.0  444.0  444.0
2018 121  5  1 1300  -17.2  970.7    0.0    0.0  444.0  444.0
2018 121  5  1 1400  -17.4  970.1    0.7  292.0  444.0  444.0
2018 121  5  1 1500  -17.8  969.4    1.2  323.0  444.0  444.0
2018 121  5  1 1600  -15.9  968.8    3.9  135.0  444.0  444.0
2018 121  5  1 1700  -18.8  968.6    2.0  142.0  444.0  444.0
2018 121  5  1 1800  -18.6  967.9    0.0    0.0  444.0  444.0
2018 121  5  1 1900  -17.0  967.4    2.0  205.0  444.0  444.0
2018 121  5  1 2000  -19.6  967.3    4.2  135.0  444.0  444.0
2018 121  5  1 2100  -19.4  967.3    3.7  150.0  444.0  444.0
2018 121  5  1 2200  -20.9  967.2    2.9  150.0  444.0  444.0
2018 121  5  1 2300  -19.6  966.8    7.1  135.0  444.0  444.0
2018 122  5  2 0000  -19.4  966.5    5.6  146.0  444.0  444.0
2018 122  5  2 0100  -20.4  966.1    6.4  138.0  444.0  444.0
2018 122  5  2 0200  -20.6  966.2    7.1  143.0  444.0  444.0
2018 122  5  2 0300  -21.1  966.1    7.4  142.0  444.0  444.0
2018 122  5  2 0400  -21.5  966.1    6.9  149.0  444.0  444.0
2018 122  5  2 0500  -21.9  966.1    8.8  145.0  444.0  444.0
2018 122  5  2 0600  -22.0  966.1    8.1  150.0  444.0  444.0
2018 122  5  2 0700  -22.8  966.1    6.1  134.0  444.0  444.0
2018 122  5  2 0800  -23.2  966.0    6.1  128.0  444.0  444.0
2018 122  5  2 0900  -23.9  966.0    2.5  115.0  444.0  444.0
2018 122  5  2 1000  -24.6  966.0    0.5  142.0  444.0  444.0
2018 122  5  2 1100  -24.5  965.8    3.4  115.0  444.0  444.0
2018 122  5  2 1200  -25.1  965.9    4.7  134.0  444.0  444.0
2018 122  5  2 1300  -25.5  965.9    2.7  132.0  444.0  444.0
2018 122  5  2 1400  -26.0  966.0    1.2  124.0  444.0  444.0
2018 122  5  2 1500  -26.0  966.2    1.2  124.0  444.0  444.0
2018 122  5  2 1600  -26.1  966.2    0.0    0.0  444.0  444.0
2018 122  5  2 1700  -25.8  966.1    0.7  295.0  444.0  444.0
2018 122  5  2 1800  -24.0  965.9    1.0  250.0  444.0  444.0
2018 122  5  2 1900  -24.2  965.9    1.7  187.0  444.0  444.0
2018 122  5  2 2000  -23.6  966.1    2.0  267.0  444.0  444.0
2018 122  5  2 2100  -23.0  966.2    0.2  292.0  444.0  444.0
2018 122  5  2 2200  -23.6  966.2    0.0    0.0  444.0  444.0
2018 122  5  2 2300  -22.8  966.2    1.7  215.0  444.0  444.0
2018 123  5  3 0000  -23.1  966.4    2.0  193.0  444.0  444.0
2018 123  5  3 0100  -22.5  966.5    0.0    0.0  444.0  444.0
2018 123  5  3 0200  -22.5  966.8    0.7  248.0  444.0  444.0
2018 123  5  3 0300  -23.2  967.0    2.7  217.0  444.0  444.0
2018 123  5  3 0400  -22.8  967.1    2.0  197.0  444.0  444.0
2018 123  5  3 0500  -23.1  967.4    0.0    0.0  444.0  444.0
2018 123  5  3 0600  -22.1  967.6    0.5  246.0  444.0  444.0
2018 123  5  3 0700  -21.9  967.8    0.0    0.0  444.0  444.0
2018 123  5  3 0800  -20.5  968.0    1.0  214.0  444.0  444.0
2018 123  5  3 0900  -20.5  968.0    2.0  252.0  444.0  444.0
2018 123  5  3 1000  -20.5  967.8    2.9  250.0  444.0  444.0
2018 123  5  3 1100  -17.0  967.2    3.9  128.0  444.0  444.0
2018 123  5  3 1200  -16.6  967.5    0.7   79.0  444.0  444.0
2018 123  5  3 1300  -17.0  967.8    0.0    0.0  444.0  444.0
2018 123  5  3 1400  -17.1  967.9    5.4  152.0  444.0  444.0
2018 123  5  3 1500  -16.4  968.2    3.4  215.0  444.0  444.0
2018 123  5  3 1600  -17.2  969.0    2.0  197.0  444.0  444.0
2018 123  5  3 1700  -18.5  969.6    3.4  135.0  444.0  444.0
2018 123  5  3 1800  -18.8  970.3    5.6  160.0  444.0  444.0
2018 123  5  3 1900  -18.5  970.6    2.0  183.0  444.0  444.0
2018 123  5  3 2000  -19.1  970.8    4.7  232.0  444.0  444.0
2018 123  5  3 2100  -17.4  971.7    1.7  165.0  444.0  444.0
2018 123  5  3 2200  -17.9  971.9    2.2  201.0  444.0  444.0
2018 123  5  3 2300  -17.4  972.3    1.2  158.0  444.0  444.0
2018 124  5  4 0000  -18.1  972.0    3.2  224.0  444.0  444.0
2018 124  5  4 0100  -18.2  971.9    2.0  224.0  444.0  444.0
2018 124  5  4 0200  -17.4  972.0    1.5  250.0  444.0  444.0
2018 124  5  4 0300  -18.1  972.5    0.7  139.0  444.0  444.0
2018 124  5  4 0400  -21.5  973.4    5.9  155.0  444.0  444.0
2018 124  5  4 0500  -22.5  973.9    4.7  139.0  444.0  444.0
2018 124  5  4 0600  -22.5  974.5    3.9  148.0  444.0  444.0
2018 124  5  4 0700  -20.0  974.5    3.2  200.0  444.0  444.0
2018 124  5  4 0800  -22.1  974.7    0.0    0.0  444.0  444.0
2018 124  5  4 0900  -22.6  975.3    1.0   83.0  444.0  444.0
2018 124  5  4 1000  -22.6  976.0    1.7  150.0  444.0  444.0
2018 124  5  4 1100  -21.5  976.3    2.2  194.0  444.0  444.0
2018 124  5  4 1200  -20.9  976.9    3.2  181.0  444.0  444.0
2018 124  5  4 1300  -20.5  977.5    3.4  180.0  444.0  444.0
2018 124  5  4 1400  -21.2  977.6    2.9  215.0  444.0  444.0
2018 124  5  4 1500  -20.1  977.9    2.5  217.0  444.0  444.0
2018 124  5  4 1600  -20.1  978.4    2.7  210.0  444.0  444.0
2018 124  5  4 1700  -20.5  978.8    2.7  225.0  444.0  444.0
2018 124  5  4 1800  -19.6  979.3    1.2  255.0  444.0  444.0
2018 124  5  4 1900  -20.1  979.7    1.5  315.0  444.0  444.0
2018 124  5  4 2000  -21.2  979.7    0.7  270.0  444.0  444.0
2018 124  5  4 2100  -22.4  979.8    2.7  212.0  444.0  444.0
2018 124  5  4 2200  -22.5  980.1    3.7  158.0  444.0  444.0
2018 124  5  4 2300  -21.5  980.4    4.2  201.0  444.0  444.0
2018 125  5  5 0000  -20.5  980.4    3.2  195.0  444.0  444.0
2018 125  5  5 0100  -22.4  980.6    0.0    0.0  444.0  444.0
2018 125  5  5 0200  -22.4  980.7    3.4  200.0  444.0  444.0
2018 125  5  5 0300  -21.9  980.9    2.0  156.0  444.0  444.0
2018 125  5  5 0400  -21.8  981.1    1.7  266.0  444.0  444.0
2018 125  5  5 0500  -24.4  981.1    2.2  158.0  444.0  444.0
2018 125  5  5 0600  -22.4  981.0    0.2  225.0  444.0  444.0
2018 125  5  5 0700  -22.1  980.7    2.2  252.0  444.0  444.0
2018 125  5  5 0800  -22.1  980.5    2.2  211.0  444.0  444.0
2018 125  5  5 0900  -22.6  980.3    2.5  210.0  444.0  444.0
2018 125  5  5 1000  -24.5  980.3    1.2  132.0  444.0  444.0
2018 125  5  5 1100  -24.2  980.6    2.2  132.0  444.0  444.0
2018 125  5  5 1200  -24.0  980.7    2.2  132.0  444.0  444.0
2018 125  5  5 1300  -24.5  981.0    2.2  128.0  444.0  444.0
2018 125  5  5 1400  -26.1  980.7    0.5  191.0  444.0  444.0
2018 125  5  5 1500  -27.1  980.3    3.7  146.0  444.0  444.0
2018 125  5  5 1600  -24.9  980.0    1.5  150.0  444.0  444.0
2018 125  5  5 1700  -26.8  979.7    0.0    0.0  444.0  444.0
2018 125  5  5 1800  -27.1  979.4    0.0    0.0  444.0  444.0
2018 125  5  5 1900  -26.8  979.0    0.0    0.0  444.0  444.0
2018 125  5  5 2000  -27.5  978.8    1.2  316.0  444.0  444.0
2018 125  5  5 2100  -26.2  978.2    1.0  274.0  444.0  444.0
2018 125  5  5 2200  -26.4  977.5    0.7  179.0  444.0  444.0
2018 125  5  5 2300  -28.4  977.3    0.5  124.0  444.0  444.0
2018 126  5  6 0000  -27.8  976.8    0.5  149.0  444.0  444.0
2018 126  5  6 0100  -28.0  976.1    0.0    0.0  444.0  444.0
2018 126  5  6 0200  -28.6  975.5    0.0    0.0  444.0  444.0
2018 126  5  6 0300  -28.0  975.3    2.2  150.0  444.0  444.0
2018 126  5  6 0400  -27.2  974.7    3.2  156.0  444.0  444.0
2018 126  5  6 0500  -27.9  974.6    3.2  148.0  444.0  444.0
2018 126  5  6 0600  -27.8  974.5    3.2  143.0  444.0  444.0
2018 126  5  6 0700  -27.2  974.4    4.4  142.0  444.0  444.0
2018 126  5  6 0800  -27.9  974.4    4.7  150.0  444.0  444.0
2018 126  5  6 0900  -26.2  974.4    4.2  153.0  444.0  444.0
2018 126  5  6 1000  -25.8  973.9    4.9  134.0  444.0  444.0
2018 126  5  6 1100  -26.1  973.6    3.7  160.0  444.0  444.0
2018 126  5  6 1200  -26.0  973.6    3.4  163.0  444.0  444.0
2018 126  5  6 1300  -24.8  973.2    1.5  177.0  444.0  444.0
2018 126  5  6 1400  -24.8  972.8    2.9  233.0  444.0  444.0
2018 126  5  6 1500  -25.1  972.6    1.2  322.0  444.0  444.0
2018 126  5  6 1600  -25.5  972.7    1.0  274.0  444.0  444.0
2018 126  5  6 1700  -25.6  972.7    0.2   51.0  444.0  444.0
2018 126  5  6 1800  -25.8  972.6    0.5  291.0  444.0  444.0
2018 126  5  6 1900  -24.9  972.5    2.7  204.0  444.0  444.0
2018 126  5  6 2000  -25.4  972.7    3.2  210.0  444.0  444.0
2018 126  5  6 2100  -28.0  973.1    3.2  131.0  444.0  444.0
2018 126  5  6 2200  -27.0  973.4    2.2  128.0  444.0  444.0
2018 126  5  6 2300  -28.1  973.5    3.2  138.0  444.0  444.0
2018 127  5  7 0000  -27.8  973.6    2.0  160.0  444.0  444.0
2018 127  5  7 0100  -26.9  973.9    1.2  160.0  444.0  444.0
2018 127  5  7 0200  -27.1  973.8    1.7  156.0  444.0  444.0
2018 127  5  7 0300  -28.0  973.6    0.0    0.0  444.0  444.0
2018 127  5  7 0400  -29.1  973.4    0.0    0.0  444.0  444.0
2018 127  5  7 0500  -29.1  973.5    1.0  295.0  444.0  444.0
2018 127  5  7 0600  -29.1  973.6    1.0  338.0  444.0  444.0
2018 127  5  7 0700  -29.6  973.4    0.0    0.0  444.0  444.0
2018 127  5  7 0800  -29.1  973.3    0.0    0.0  444.0  444.0
2018 127  5  7 0900  -28.6  973.6    2.5  207.0  444.0  444.0
2018 127  5  7 1000  -27.9  973.7    0.2  162.0  444.0  444.0
2018 127  5  7 1100  -27.9  973.5    2.0  195.0  444.0  444.0
2018 127  5  7 1200  -27.5  973.4    0.7  158.0  444.0  444.0
2018 127  5  7 1300  -28.0  973.2    1.0  152.0  444.0  444.0
2018 127  5  7 1400  -30.8  973.4    0.7  139.0  444.0  444.0
2018 127  5  7 1500  -29.1  973.8    2.7  145.0  444.0  444.0
2018 127  5  7 1600  -30.8  974.0    4.4  129.0  444.0  444.0
2018 127  5  7 1700  -30.8  974.2    5.6  136.0  444.0  444.0
2018 127  5  7 1800  -30.0  974.6    6.1  138.0  444.0  444.0
2018 127  5  7 1900  -30.2  975.1    4.9  129.0  444.0  444.0
2018 127  5  7 2000  -30.0  975.8    5.1  129.0  444.0  444.0
2018 127  5  7 2100  -30.0  976.7    4.7  135.0  444.0  444.0
2018 127  5  7 2200  -32.5  977.7    0.0    0.0  444.0  444.0
2018 127  5  7 2300  -30.8  978.3    0.0    0.0  444.0  444.0
2018 128  5  8 0000  -29.8  979.0    1.5  186.0  444.0  444.0
2018 128  5  8 0100  -31.0  979.7    1.5  156.0  444.0  444.0
2018 128  5  8 0200  -31.9  980.5    2.7  134.0  444.0  444.0
2018 128  5  8 0300  -29.8  981.0    6.4  155.0  444.0  444.0
2018 128  5  8 0400  -29.6  981.2    4.9  141.0  444.0  444.0
2018 128  5  8 0500  -29.6  981.8    4.9  155.0  444.0  444.0
2018 128  5  8 0600  -29.8  981.7    1.5  139.0  444.0  444.0
2018 128  5  8 0700  -31.0  981.6    1.0  309.0  444.0  444.0
2018 128  5  8 0800  -30.1  981.6    1.2  338.0  444.0  444.0
2018 128  5  8 0900  -28.6  981.5    2.2  210.0  444.0  444.0
2018 128  5  8 1000  -30.1  981.7    0.7  146.0  444.0  444.0
2018 128  5  8 1100  -30.5  981.5    0.0    0.0  444.0  444.0
2018 128  5  8 1200  -30.1  981.0    1.5  347.0  444.0  444.0
2018 128  5  8 1300  -30.8  980.7    0.0    0.0  444.0  444.0
2018 128  5  8 1400  -30.1  980.5    0.0    0.0  444.0  444.0
2018 128  5  8 1500  -32.1  980.1    2.7  139.0  444.0  444.0
2018 128  5  8 1600  -31.9  979.8    0.0    0.0  444.0  444.0
2018 128  5  8 1700  -31.1  979.4    0.0    0.0  444.0  444.0
2018 128  5  8 1800  -32.1  979.3    0.0    0.0  444.0  444.0
2018 128  5  8 1900  -31.6  979.0    0.5  139.0  444.0  444.0
2018 128  5  8 2000  -31.1  978.9    0.0    0.0  444.0  444.0
2018 128  5  8 2100  -31.9  978.8    0.5  141.0  444.0  444.0
2018 128  5  8 2200  -31.1  979.1    0.0    0.0  444.0  444.0
2018 128  5  8 2300  -30.2  978.9    0.2  301.0  444.0  444.0
2018 129  5  9 0000  -29.2  978.7    0.7  343.0  444.0  444.0
2018 129  5  9 0100  -29.0  978.4    0.0    0.0  444.0  444.0
2018 129  5  9 0200  -30.8  978.2    0.5  146.0  444.0  444.0
2018 129  5  9 0300  -29.5  978.1    0.0    0.0  444.0  444.0
2018 129  5  9 0400  -28.8  978.2    0.5  153.0  444.0  444.0
2018 129  5  9 0500  -27.9  977.9    0.0    0.0  444.0  444.0
2018 129  5  9 0600  -27.4  977.5    1.5  201.0  444.0  444.0
2018 129  5  9 0700  -29.1  977.5    0.0    0.0  444.0  444.0
2018 129  5  9 0800  -27.4  977.3    0.7  150.0  444.0  444.0
2018 129  5  9 0900  -26.8  976.8    0.0    0.0  444.0  444.0
2018 129  5  9 1000  -26.2  976.4    0.0    0.0  444.0  444.0
2018 129  5  9 1100  -30.2  975.9    2.0  143.0  444.0  444.0
2018 129  5  9 1200  -29.2  975.5    1.5  142.0  444.0  444.0
2018 129  5  9 1300  -26.9  974.9    0.0    0.0  444.0  444.0
2018 129  5  9 1400  -24.4  974.3    0.7  248.0  444.0  444.0
2018 129  5  9 1500  -29.8  973.8    1.5  150.0  444.0  444.0
2018 129  5  9 1600  -26.8  973.6    0.2  136.0  444.0  444.0
2018 129  5  9 1700  -29.8  973.0    0.0    0.0  444.0  444.0
2018 129  5  9 1800  -28.8  972.4    0.0    0.0  444.0  444.0
2018 129  5  9 1900  -28.4  971.7    0.7  325.0  444.0  444.0
2018 129  5  9 2000  -28.6  971.0    0.0    0.0  444.0  444.0
2018 129  5  9 2100  -28.5  970.7    0.0    0.0  444.0  444.0
2018 129  5  9 2200  -28.1  970.1    0.0    0.0  444.0  444.0
2018 129  5  9 2300  -28.5  969.3    0.0    0.0  444.0  444.0
2018 130  5 10 0000  -28.1  968.5    0.0    0.0  444.0  444.0
2018 130  5 10 0100  -27.5  968.1    1.0  217.0  444.0  444.0
2018 130  5 10 0200  -28.0  967.5    1.2  201.0  444.0  444.0
2018 130  5 10 0300  -29.2  967.1    1.2  205.0  444.0  444.0
2018 130  5 10 0400  -32.1  966.9    1.7  146.0  444.0  444.0
2018 130  5 10 0500  -31.9  966.4    0.0    0.0  444.0  444.0
2018 130  5 10 0600  -29.1  965.9    1.0  243.0  444.0  444.0
2018 130  5 10 0700  -29.6  965.5    2.2  218.0  444.0  444.0
2018 130  5 10 0800  -32.9  965.1    2.0  145.0  444.0  444.0
2018 130  5 10 0900  -31.9  964.6    0.0    0.0  444.0  444.0
2018 130  5 10 1000  -31.1  964.6    0.0    0.0  444.0  444.0
2018 130  5 10 1100  -29.6  964.2    1.2  212.0  444.0  444.0
2018 130  5 10 1200  -31.0  963.9    0.0    0.0  444.0  444.0
2018 130  5 10 1300  -29.5  963.6    0.0    0.0  444.0  444.0
2018 130  5 10 1400  -29.6  963.1    0.0    0.0  444.0  444.0
2018 130  5 10 1500  -30.4  963.0    0.0    0.0  444.0  444.0
2018 130  5 10 1600  -29.5  962.8    0.0    0.0  444.0  444.0
2018 130  5 10 1700  -29.5  962.6    1.0  198.0  444.0  444.0
2018 130  5 10 1800  -29.9  962.5    1.2  156.0  444.0  444.0
2018 130  5 10 1900  -30.8  962.3    0.0    0.0  444.0  444.0
2018 130  5 10 2000  -33.5  962.6    0.2  128.0  444.0  444.0
2018 130  5 10 2100  -32.6  962.3    0.0    0.0  444.0  444.0
2018 130  5 10 2200  -32.1  962.2    0.0    0.0  444.0  444.0
2018 130  5 10 2300  -28.9  961.8    2.0  231.0  444.0  444.0
2018 131  5 11 0000  -27.9  961.1    1.2  221.0  444.0  444.0
2018 131  5 11 0100  -26.6  960.6    0.7  208.0  444.0  444.0
2018 131  5 11 0200  -25.4  960.0    0.0    0.0  444.0  444.0
2018 131  5 11 0300  -24.8  959.1    1.7  224.0  444.0  444.0
2018 131  5 11 0400  -23.2  958.7    0.0    0.0  444.0  444.0
2018 131  5 11 0500  -26.2  958.6    2.9  131.0  444.0  444.0
2018 131  5 11 0600  -29.4  959.3    5.1  155.0  444.0  444.0
2018 131  5 11 0700  -26.1  958.1    1.2  304.0  444.0  444.0
2018 131  5 11 0800  -26.0  957.3    0.0    0.0  444.0  444.0
2018 131  5 11 0900  -25.0  957.0    2.2  276.0  444.0  444.0
2018 131  5 11 1000  -22.0  956.1    2.9  330.0  444.0  444.0
2018 131  5 11 1100  -23.0  956.8    0.5  124.0  444.0  444.0
2018 131  5 11 1200  -23.6  958.1    6.1  114.0  444.0  444.0
2018 131  5 11 1300  -25.4  958.2    5.6  149.0  444.0  444.0
2018 131  5 11 1400  -25.0  959.0    5.4  153.0  444.0  444.0
2018 131  5 11 1500  -25.1  958.5    8.8  141.0  444.0  444.0
2018 131  5 11 1600  -25.0  958.7    6.9  173.0  444.0  444.0
2018 131  5 11 1700  -24.0  958.7    2.9  218.0  444.0  444.0
2018 131  5 11 1800  -24.5  958.2    4.7  228.0  444.0  444.0
2018 131  5 11 1900  -23.8  958.0    7.1  233.0  444.0  444.0
2018 131  5 11 2000  -22.1  957.8    4.4  239.0  444.0  444.0
2018 131  5 11 2100  -21.4  957.4    3.4  240.0  444.0  444.0
2018 131  5 11 2200  -20.8  956.7    6.6  263.0  444.0  444.0
2018 131  5 11 2300  -18.2  956.0    5.1  307.0  444.0  444.0
2018 132  5 12 0000  -18.2  955.5    1.5  262.0  444.0  444.0
2018 132  5 12 0100  -18.2  954.2    2.5  323.0  444.0  444.0
2018 132  5 12 0200  -19.0  953.6    1.0  340.0  444.0  444.0
2018 132  5 12 0300  -22.0  953.2    1.7  304.0  444.0  444.0
2018 132  5 12 0400  -17.6  952.7    2.7  307.0  444.0  444.0
2018 132  5 12 0500  -19.1  952.2    1.2  152.0  444.0  444.0
2018 132  5 12 0600  -20.0  951.8    1.2   87.0  444.0  444.0
2018 132  5 12 0700  -18.9  951.3    0.7   87.0  444.0  444.0
2018 132  5 12 0800  -19.5  951.4    2.0  148.0  444.0  444.0
2018 132  5 12 0900  -20.0  952.6    2.2  191.0  444.0  444.0
2018 132  5 12 1000  -18.0  952.6    0.7  212.0  444.0  444.0
2018 132  5 12 1100  -17.9  952.9    0.5  200.0  444.0  444.0
2018 132  5 12 1200  -17.2  953.7    1.2  166.0  444.0  444.0
2018 132  5 12 1300  -17.2  954.7    0.0    0.0  444.0  444.0
2018 132  5 12 1400  -16.8  956.0    0.0    0.0  444.0  444.0
2018 132  5 12 1500  -17.9  957.6    4.2  134.0  444.0  444.0
2018 132  5 12 1600  -15.9  958.4    3.2  136.0  444.0  444.0
2018 132  5 12 1700  -16.9  959.3    6.4  138.0  444.0  444.0
2018 132  5 12 1800  -17.8  960.0    2.9  128.0  444.0  444.0
2018 132  5 12 1900  -17.9  960.8    3.2  139.0  444.0  444.0
2018 132  5 12 2000  -17.9  961.1    2.9  142.0  444.0  444.0
2018 132  5 12 2100  -17.2  962.0    2.2  177.0  444.0  444.0
2018 132  5 12 2200  -16.6  962.7    2.2  198.0  444.0  444.0
2018 132  5 12 2300  -14.6  963.3    2.0  211.0  444.0  444.0
2018 133  5 13 0000  -14.8  963.5    2.5  212.0  444.0  444.0
2018 133  5 13 0100  -13.9  963.4    2.0  204.0  444.0  444.0
2018 133  5 13 0200  -14.4  963.7    1.5  195.0  444.0  444.0
2018 133  5 13 0300  -13.6  963.9    0.0    0.0  444.0  444.0
2018 133  5 13 0400  -14.4  964.4    0.0    0.0  444.0  444.0
2018 133  5 13 0500  -13.6  964.5    0.2  105.0  444.0  444.0
2018 133  5 13 0600  -13.9  964.7    1.0  186.0  444.0  444.0
2018 133  5 13 0700  -12.9  964.7    2.9  222.0  444.0  444.0
2018 133  5 13 0800  -12.4  964.9    2.2  239.0  444.0  444.0
2018 133  5 13 0900  -10.8  965.0    0.0    0.0  444.0  444.0
2018 133  5 13 1000  -11.9  964.8    2.0  245.0  444.0  444.0
2018 133  5 13 1100  -11.9  965.1    2.7  256.0  444.0  444.0
2018 133  5 13 1200  -12.9  965.2    2.5  291.0  444.0  444.0
2018 133  5 13 1300  -12.6  965.6    3.7  285.0  444.0  444.0
2018 133  5 13 1400  -14.0  966.2    0.0    0.0  444.0  444.0
2018 133  5 13 1500  -12.0  966.2    4.2  276.0  444.0  444.0
2018 133  5 13 1600  -11.0  967.1    2.0  159.0  444.0  444.0
2018 133  5 13 1700  -11.6  967.2    6.1  174.0  444.0  444.0
2018 133  5 13 1800  -11.8  967.2    5.1  155.0  444.0  444.0
2018 133  5 13 1900  -11.9  967.3    3.7  170.0  444.0  444.0
2018 133  5 13 2000  -11.6  967.0    0.5  131.0  444.0  444.0
2018 133  5 13 2100  -11.9  967.4    2.5  159.0  444.0  444.0
2018 133  5 13 2200  -11.6  968.0    2.2  194.0  444.0  444.0
2018 133  5 13 2300  -11.6  967.8    2.0  291.0  444.0  444.0
2018 134  5 14 0000  -12.0  967.6    0.0    0.0  444.0  444.0
2018 134  5 14 0100  -12.5  967.1    2.0  307.0  444.0  444.0
2018 134  5 14 0200  -12.4  966.9    1.0  259.0  444.0  444.0
2018 134  5 14 0300  -11.6  966.1    2.7  284.0  444.0  444.0
2018 134  5 14 0400  -10.1  965.9    2.5  315.0  444.0  444.0
2018 134  5 14 0500  -11.6  965.8    2.2  281.0  444.0  444.0
2018 134  5 14 0600  -10.8  965.5    2.7  319.0  444.0  444.0
2018 134  5 14 0700  -11.1  965.3    1.5  315.0  444.0  444.0
2018 134  5 14 0800  -11.1  965.0    3.2  290.0  444.0  444.0
2018 134  5 14 0900  -12.0  964.4    3.9  277.0  444.0  444.0
2018 134  5 14 1000  -10.8  963.7    3.7  250.0  444.0  444.0
2018 134  5 14 1100  -11.8  964.1    2.5  131.0  444.0  444.0
2018 134  5 14 1200  -12.9  963.9    2.2  145.0  444.0  444.0
2018 134  5 14 1300  -12.0  964.1    0.0    0.0  444.0  444.0
2018 134  5 14 1400  -12.0  963.8    0.0    0.0  444.0  444.0
2018 134  5 14 1500  -11.8  964.0    1.7  208.0  444.0  444.0
2018 134  5 14 1600  -12.6  963.4    3.9  266.0  444.0  444.0
2018 134  5 14 1700  -10.8  963.6    2.0  253.0  444.0  444.0
2018 134  5 14 1800  -10.6  963.7    0.7  323.0  444.0  444.0
2018 134  5 14 1900  -10.5  963.7    0.0    0.0  444.0  444.0
2018 134  5 14 2000  -10.2  964.1    1.2  229.0  444.0  444.0
2018 134  5 14 2100  -10.6  964.5    2.7  142.0  444.0  444.0
2018 134  5 14 2200   -9.8  963.8    0.5  193.0  444.0  444.0
2018 134  5 14 2300  -10.1  963.7    2.2  273.0  444.0  444.0
2018 135  5 15 0000  -10.8  963.0    2.2  297.0  444.0  444.0
2018 135  5 15 0100  -11.2  963.8    1.5   65.0  444.0  444.0
2018 135  5 15 0200  -11.1  964.3    0.7  235.0  444.0  444.0
2018 135  5 15 0300  -11.1  964.4    2.0  291.0  444.0  444.0
2018 135  5 15 0400  -10.6  964.7    2.0  249.0  444.0  444.0
2018 135  5 15 0500  -10.6  964.4    4.2  297.0  444.0  444.0
2018 135  5 15 0600  -10.2  964.7    2.9  330.0  444.0  444.0
2018 135  5 15 0700  -11.5  965.0    0.0    0.0  444.0  444.0
2018 135  5 15 0800  -11.8  965.1    3.2  315.0  444.0  444.0
2018 135  5 15 0900  -12.5  965.5    3.4  271.0  444.0  444.0
2018 135  5 15 1000  -12.5  965.4    7.1  260.0  444.0  444.0
2018 135  5 15 1100  -13.1  966.3    9.8  104.0  444.0  444.0
2018 135  5 15 1200  -12.9  966.8    3.9  120.0  444.0  444.0
2018 135  5 15 1300  -12.5  967.2    5.4  115.0  444.0  444.0
2018 135  5 15 1400  -13.2  968.0    3.9  127.0  444.0  444.0
2018 135  5 15 1500  -14.2  967.7    8.6  255.0  444.0  444.0
2018 135  5 15 1600  -13.6  968.7    5.1  281.0  444.0  444.0
2018 135  5 15 1700  -15.6  970.1    7.4   94.0  444.0  444.0
2018 135  5 15 1800  -17.1  970.8   13.2  111.0  444.0  444.0
2018 135  5 15 1900  -18.6  972.9   10.8  101.0  444.0  444.0
2018 135  5 15 2000  -19.8  973.5   18.1  108.0  444.0  444.0
2018 135  5 15 2100  -19.8  975.6   12.7  100.0  444.0  444.0
2018 135  5 15 2200  -19.5  977.1   13.0  114.0  444.0  444.0
2018 135  5 15 2300  -20.0  978.8   10.5   97.0  444.0  444.0
2018 136  5 16 0000  -19.4  979.6   10.0  111.0  444.0  444.0
2018 136  5 16 0100  -19.1  980.1    4.4  141.0  444.0  444.0
2018 136  5 16 0200  -20.0  979.7    3.2  295.0  444.0  444.0
2018 136  5 16 0300  -19.0  980.9    7.4  120.0  444.0  444.0
2018 136  5 16 0400  -20.4  980.3   10.3  108.0  444.0  444.0
2018 136  5 16 0500  -18.4  980.7    9.1  149.0  444.0  444.0
2018 136  5 16 0600  -19.0  981.8    2.2  207.0  444.0  444.0
2018 136  5 16 0700  -19.6  982.1    2.7  176.0  444.0  444.0
2018 136  5 16 0800  -19.8  982.7    8.3  107.0  444.0  444.0
2018 136  5 16 0900  -20.0  982.8    2.7  165.0  444.0  444.0
2018 136  5 16 1000  -19.8  982.5    4.7  162.0  444.0  444.0
2018 136  5 16 1100  -20.4  982.3    3.2  200.0  444.0  444.0
2018 136  5 16 1200  -20.8  981.7    3.2  224.0  444.0  444.0
2018 136  5 16 1300  -21.0  981.3    3.9  224.0  444.0  444.0
2018 136  5 16 1400  -20.5  980.5    3.9  224.0  444.0  444.0
2018 136  5 16 1500  -20.4  979.8    4.2  231.0  444.0  444.0
2018 136  5 16 1600  -21.9  979.2    4.2  236.0  444.0  444.0
2018 136  5 16 1700  -20.0  978.6    5.6  269.0  444.0  444.0
2018 136  5 16 1800  -19.5  978.5    1.5  243.0  444.0  444.0
2018 136  5 16 1900  -20.8  978.4    1.2  208.0  444.0  444.0
2018 136  5 16 2000  -20.4  978.1    0.0    0.0  444.0  444.0
2018 136  5 16 2100  -20.4  977.7    0.0    0.0  444.0  444.0
2018 136  5 16 2200  -20.1  977.6    0.7  200.0  444.0  444.0
2018 136  5 16 2300  -20.0  977.4    2.0  177.0  444.0  444.0
2018 137  5 17 0000  -20.1  977.4    2.7  166.0  444.0  444.0
2018 137  5 17 0100  -20.5  977.5    0.7  142.0  444.0  444.0
2018 137  5 17 0200  -20.9  977.4    0.0    0.0  444.0  444.0
2018 137  5 17 0300  -22.4  977.9    0.0    0.0  444.0  444.0
2018 137  5 17 0400  -21.4  978.4    0.5  308.0  444.0  444.0
2018 137  5 17 0500  -21.4  979.3    0.0    0.0  444.0  444.0
2018 137  5 17 0600  -19.6  979.8    0.5  297.0  444.0  444.0
2018 137  5 17 0700  -19.0  980.5    0.0    0.0  444.0  444.0
2018 137  5 17 0800  -18.9  981.4    0.0    0.0  444.0  444.0
2018 137  5 17 0900  -20.2  982.5    0.0    0.0  444.0  444.0
2018 137  5 17 1000  -21.5  983.5    1.2  145.0  444.0  444.0
2018 137  5 17 1100  -21.2  984.5    1.7  125.0  444.0  444.0
2018 137  5 17 1200  -21.1  985.6    4.7  125.0  444.0  444.0
2018 137  5 17 1300  -20.1  986.7    1.2  134.0  444.0  444.0
2018 137  5 17 1400  -20.1  987.4    0.0    0.0  444.0  444.0
2018 137  5 17 1500  -17.9  987.8    1.2  152.0  444.0  444.0
2018 137  5 17 1600  -20.0  988.9    0.0    0.0  444.0  444.0
2018 137  5 17 1700  -20.0  990.2    3.4  197.0  444.0  444.0
2018 137  5 17 1800  -19.4  991.2    3.2  156.0  444.0  444.0
2018 137  5 17 1900  -19.5  991.8    3.4  160.0  444.0  444.0
2018 137  5 17 2000  -19.6  992.5    5.1  162.0  444.0  444.0
2018 137  5 17 2100  -18.5  993.2    3.2  149.0  444.0  444.0
2018 137  5 17 2200  -19.5  994.0    0.0    0.0  444.0  444.0
2018 137  5 17 2300  -19.1  994.5    1.0  262.0  444.0  444.0
2018 138  5 18 0000  -20.4  994.7    2.7  228.0  444.0  444.0
2018 138  5 18 0100  -20.0  994.9    1.2  253.0  444.0  444.0
2018 138  5 18 0200  -20.1  994.9    0.0    0.0  444.0  444.0
2018 138  5 18 0300  -20.4  995.0    0.5  304.0  444.0  444.0
2018 138  5 18 0400  -20.9  994.9    1.5  308.0  444.0  444.0
2018 138  5 18 0500  -20.9  995.0    0.0    0.0  444.0  444.0
2018 138  5 18 0600  -20.9  994.9    1.2  232.0  444.0  444.0
2018 138  5 18 0700  -21.1  995.0    2.0  210.0  444.0  444.0
2018 138  5 18 0800  -21.2  994.5    2.9  246.0  444.0  444.0
2018 138  5 18 0900  -20.8  994.4    0.0    0.0  444.0  444.0
2018 138  5 18 1000  -21.9  994.1    0.7  186.0  444.0  444.0
2018 138  5 18 1100  -21.0  993.5    2.2  238.0  444.0  444.0
2018 138  5 18 1200  -21.1  993.1    0.0    0.0  444.0  444.0
2018 138  5 18 1300  -21.8  992.4    0.0    0.0  444.0  444.0
2018 138  5 18 1400  -22.4  991.5    0.0    0.0  444.0  444.0
2018 138  5 18 1500  -22.8  991.0    1.0  195.0  444.0  444.0
2018 138  5 18 1600  -22.6  990.3    1.5  246.0  444.0  444.0
2018 138  5 18 1700  -23.6  989.5    0.0    0.0  444.0  444.0
2018 138  5 18 1800  -24.0  988.9    0.0    0.0  444.0  444.0
2018 138  5 18 1900  -23.9  988.1    1.5  294.0  444.0  444.0
2018 138  5 18 2000  -23.6  987.2    0.7  312.0  444.0  444.0
2018 138  5 18 2100  -23.6  986.6    1.5  218.0  444.0  444.0
2018 138  5 18 2200  -23.6  986.3    1.5  248.0  444.0  444.0
2018 138  5 18 2300  -24.4  985.5    0.7  294.0  444.0  444.0
2018 139  5 19 0000  -24.0  984.6    0.0    0.0  444.0  444.0
2018 139  5 19 0100  -24.5  984.2    2.5  217.0  444.0  444.0
2018 139  5 19 0200  -24.9  983.8    1.0  250.0  444.0  444.0
2018 139  5 19 0300  -24.9  983.3    1.2  221.0  444.0  444.0
2018 139  5 19 0400  -25.8  983.0    1.5  152.0  444.0  444.0
2018 139  5 19 0500  -25.5  983.0    4.9  136.0  444.0  444.0
2018 139  5 19 0600  -25.8  982.9    6.1  145.0  444.0  444.0
2018 139  5 19 0700  -25.5  983.4    3.9  141.0  444.0  444.0
2018 139  5 19 0800  -24.4  983.2    3.7  194.0  444.0  444.0
2018 139  5 19 0900  -24.1  983.2    4.2  173.0  444.0  444.0
2018 139  5 19 1000  -24.2  983.0    4.9  153.0  444.0  444.0
2018 139  5 19 1100  -25.4  982.7    2.9  143.0  444.0  444.0
2018 139  5 19 1200  -26.8  982.7    2.7  142.0  444.0  444.0
2018 139  5 19 1300  -26.8  982.6    4.7  159.0  444.0  444.0
2018 139  5 19 1400  -26.4  982.7    6.1  153.0  444.0  444.0
2018 139  5 19 1500  -26.8  982.3    6.1  156.0  444.0  444.0
2018 139  5 19 1600  -26.8  982.3    6.4  153.0  444.0  444.0
2018 139  5 19 1700  -27.2  982.3    5.6  163.0  444.0  444.0
2018 139  5 19 1800  -27.8  982.6    4.7  158.0  444.0  444.0
2018 139  5 19 1900  -27.4  982.4    3.9  173.0  444.0  444.0
2018 139  5 19 2000  -26.5  982.1    3.2  188.0  444.0  444.0
2018 139  5 19 2100  -26.2  982.1    0.0    0.0  444.0  444.0
2018 139  5 19 2200  -26.2  982.0    0.0    0.0  444.0  444.0
2018 139  5 19 2300  -26.4  981.7    0.0    0.0  444.0  444.0
2018 140  5 20 0000  -25.8  981.7    1.7  225.0  444.0  444.0
2018 140  5 20 0100  -26.6  981.5    0.0    0.0  444.0  444.0
2018 140  5 20 0200  -25.8  981.6    1.0  174.0  444.0  444.0
2018 140  5 20 0300  -25.6  981.4    0.0    0.0  444.0  444.0
2018 140  5 20 0400  -25.5  981.3    2.2  183.0  444.0  444.0
2018 140  5 20 0500  -26.6  981.6    1.0   87.0  444.0  444.0
2018 140  5 20 0600  -28.5  981.8    0.7  152.0  444.0  444.0
2018 140  5 20 0700  -26.6  981.9    1.7  208.0  444.0  444.0
2018 140  5 20 0800  -29.2  982.1    0.0    0.0  444.0  444.0
2018 140  5 20 0900  -28.1  982.4    1.5  160.0  444.0  444.0
2018 140  5 20 1000  -28.0  982.8    1.7  131.0  444.0  444.0
2018 140  5 20 1100  -26.8  983.2    1.7  167.0  444.0  444.0
2018 140  5 20 1200  -26.8  983.3    2.5  156.0  444.0  444.0
2018 140  5 20 1300  -28.0  983.6    0.0    0.0  444.0  444.0
2018 140  5 20 1400  -27.4  984.0    1.7  198.0  444.0  444.0
2018 140  5 20 1500  -27.5  984.6    0.0    0.0  444.0  444.0
2018 140  5 20 1600  -27.5  985.1    0.0    0.0  444.0  444.0
2018 140  5 20 1700  -27.8  985.5    0.0    0.0  444.0  444.0
2018 140  5 20 1800  -27.2  986.1    1.5  232.0  444.0  444.0
2018 140  5 20 1900  -27.0  986.6    1.0  222.0  444.0  444.0
2018 140  5 20 2000  -27.1  987.3    0.0    0.0  444.0  444.0
2018 140  5 20 2100  -27.4  987.8    1.2  233.0  444.0  444.0
2018 140  5 20 2200  -27.1  988.7    2.2  225.0  444.0  444.0
2018 140  5 20 2300  -27.1  989.0    1.5  162.0  444.0  444.0
2018 141  5 21 0000  -26.8  989.4    1.2  179.0  444.0  444.0
2018 141  5 21 0100  -26.5  989.9    1.2  242.0  444.0  444.0
2018 141  5 21 0200  -26.1  989.7    0.7  360.0  444.0  444.0
2018 141  5 21 0300  -25.5  989.5    0.7    1.0  444.0  444.0
2018 141  5 21 0400  -24.4  989.7    0.0    0.0  444.0  444.0
2018 141  5 21 0500  -24.0  989.8    0.5  252.0  444.0  444.0
2018 141  5 21 0600  -24.0  990.0    0.0    0.0  444.0  444.0
2018 141  5 21 0700  -22.8  990.1    0.0    0.0  444.0  444.0
2018 141  5 21 0800  -22.1  990.1    0.0    0.0  444.0  444.0
2018 141  5 21 0900  -21.5  990.4    0.5  253.0  444.0  444.0
2018 141  5 21 1000  -24.4  991.0    0.0    0.0  444.0  444.0
2018 141  5 21 1100  -22.6  991.3    0.7  146.0  444.0  444.0
2018 141  5 21 1200  -20.9  991.4    1.0  184.0  444.0  444.0
2018 141  5 21 1300  -20.9  991.4    0.7  162.0  444.0  444.0
2018 141  5 21 1400  -21.2  991.4    0.0    0.0  444.0  444.0
2018 141  5 21 1500  -22.4  991.5    2.0  136.0  444.0  444.0
2018 141  5 21 1600  -21.4  991.7    3.2  167.0  444.0  444.0
2018 141  5 21 1700  -20.9  991.7    6.9  160.0  444.0  444.0
2018 141  5 21 1800  -21.2  991.9   11.0  153.0  444.0  444.0
2018 141  5 21 1900  -22.4  992.5    8.8  152.0  444.0  444.0
2018 141  5 21 2000  -24.1  993.2   10.0  156.0  444.0  444.0
2018 141  5 21 2100  -25.0  993.4   11.5  148.0  444.0  444.0
2018 141  5 21 2200  -25.4  993.7   12.0  139.0  444.0  444.0
2018 141  5 21 2300  -23.1  994.8   10.5  139.0  444.0  444.0
2018 142  5 22 0000  -24.8  995.7   14.0  152.0  444.0  444.0
2018 142  5 22 0100  -25.0  996.1   11.8  150.0  444.0  444.0
2018 142  5 22 0200  -25.8  996.3   12.5  153.0  444.0  444.0
2018 142  5 22 0300  -25.6  996.9   12.5  148.0  444.0  444.0
2018 142  5 22 0400  -25.5  997.5   14.2  158.0  444.0  444.0
2018 142  5 22 0500  -25.6  997.6   10.0  153.0  444.0  444.0
2018 142  5 22 0600  -25.6  997.6   12.5  163.0  444.0  444.0
2018 142  5 22 0700  -25.6  997.1   12.7  143.0  444.0  444.0
2018 142  5 22 0800  -25.4  997.2   10.5  155.0  444.0  444.0
2018 142  5 22 0900  -24.9  996.8    9.1  156.0  444.0  444.0
2018 142  5 22 1000  -25.0  996.5   10.0  143.0  444.0  444.0
2018 142  5 22 1100  -24.6  995.7   11.5  148.0  444.0  444.0
2018 142  5 22 1200  -24.5  995.3   12.2  150.0  444.0  444.0
2018 142  5 22 1300  -24.8  994.6   14.2  149.0  444.0  444.0
2018 142  5 22 1400  -25.0  994.2   16.2  145.0  444.0  444.0
2018 142  5 22 1500  -25.4  993.6   12.2  146.0  444.0  444.0
2018 142  5 22 1600  -25.0  993.3   12.2  158.0  444.0  444.0
2018 142  5 22 1700  -24.4  992.8   11.0  159.0  444.0  444.0
2018 142  5 22 1800  -23.6  992.4   12.0  150.0  444.0  444.0
2018 142  5 22 1900  -23.8  992.4   11.3  153.0  444.0  444.0
2018 142  5 22 2000  -23.8  992.6   10.8  155.0  444.0  444.0
2018 142  5 22 2100  -23.6  992.3   10.3  156.0  444.0  444.0
2018 142  5 22 2200  -22.9  991.7   10.0  146.0  444.0  444.0
2018 142  5 22 2300  -22.4  991.2    9.3  145.0  444.0  444.0
2018 143  5 23 0000  -22.5  991.1   10.5  152.0  444.0  444.0
2018 143  5 23 0100  -22.0  990.5    8.8  153.0  444.0  444.0
2018 143  5 23 0200  -22.1  989.8    9.3  139.0  444.0  444.0
2018 143  5 23 0300  -22.1  989.9    6.9  162.0  444.0  444.0
2018 143  5 23 0400  -22.1  989.3    6.6  163.0  444.0  444.0
2018 143  5 23 0500  -22.1  988.4    7.6  153.0  444.0  444.0
2018 143  5 23 0600  -22.4  987.6    9.1  150.0  444.0  444.0
2018 143  5 23 0700  -22.8  987.2    6.6  138.0  444.0  444.0
2018 143  5 23 0800  -23.0  986.7    5.6  146.0  444.0  444.0
2018 143  5 23 0900  -23.2  986.2    4.4  145.0  444.0  444.0
2018 143  5 23 1000  -23.2  985.9    4.7  145.0  444.0  444.0
2018 143  5 23 1100  -23.2  985.3    1.7  134.0  444.0  444.0
2018 143  5 23 1200  -23.6  984.7    0.7  134.0  444.0  444.0
2018 143  5 23 1300  -22.9  983.8    0.0    0.0  444.0  444.0
2018 143  5 23 1400  -20.6  982.9    0.7  214.0  444.0  444.0
2018 143  5 23 1500  -23.4  982.0    0.5  124.0  444.0  444.0
2018 143  5 23 1600  -24.6  981.5    0.0    0.0  444.0  444.0
2018 143  5 23 1700  -24.6  981.0    0.7  316.0  444.0  444.0
2018 143  5 23 1800  -22.1  980.3    2.2  295.0  444.0  444.0
2018 143  5 23 1900  -21.9  979.4    2.2  292.0  444.0  444.0
2018 143  5 23 2000  -22.1  978.7    0.7  292.0  444.0  444.0
2018 143  5 23 2100  -21.9  978.1    1.0  231.0  444.0  444.0
2018 143  5 23 2200  -21.4  977.3    1.0  257.0  444.0  444.0
2018 143  5 23 2300  -22.4  976.6    2.7  224.0  444.0  444.0
2018 144  5 24 0000  -22.0  976.0    0.0    0.0  444.0  444.0
2018 144  5 24 0100  -23.6  975.3    2.0  129.0  444.0  444.0
2018 144  5 24 0200  -23.6  974.8    2.0  128.0  444.0  444.0
2018 144  5 24 0300  -23.0  974.4    1.7  174.0  444.0  444.0
2018 144  5 24 0400  -23.0  973.6    1.5  190.0  444.0  444.0
2018 144  5 24 0500  -23.1  972.9    1.0  198.0  444.0  444.0
2018 144  5 24 0600  -23.6  972.8    0.0    0.0  444.0  444.0
2018 144  5 24 0700  -24.4  972.6    1.5  148.0  444.0  444.0
2018 144  5 24 0800  -23.1  972.3    2.7  143.0  444.0  444.0
2018 144  5 24 0900  -23.1  972.3    2.7  143.0  444.0  444.0
2018 144  5 24 1000  -23.6  971.9    0.0    0.0  444.0  444.0
2018 144  5 24 1100  -23.8  971.7    0.0    0.0  444.0  444.0
2018 144  5 24 1200  -23.8  971.4    0.0    0.0  444.0  444.0
2018 144  5 24 1300  -23.0  971.3    1.0  217.0  444.0  444.0
2018 144  5 24 1400  -23.0  971.5    0.0    0.0  444.0  444.0
2018 144  5 24 1500  -23.4  971.5    0.7  221.0  444.0  444.0
2018 144  5 24 1600  -22.4  971.5    0.0    0.0  444.0  444.0
2018 144  5 24 1700  -21.8  971.4    0.0    0.0  444.0  444.0
2018 144  5 24 1800  -21.9  971.2    0.5  262.0  444.0  444.0
2018 144  5 24 1900  -20.8  971.0    0.2  307.0  444.0  444.0
2018 144  5 24 2000  -20.5  971.0    1.5  225.0  444.0  444.0
2018 144  5 24 2100  -18.8  971.2    0.0    0.0  444.0  444.0
2018 144  5 24 2200  -16.6  971.1    2.7  242.0  444.0  444.0
2018 144  5 24 2300  -16.4  971.0    0.7  249.0  444.0  444.0
2018 145  5 25 0000  -16.4  970.7    0.5   15.0  444.0  444.0
2018 145  5 25 0100  -16.8  970.5    1.0  257.0  444.0  444.0
2018 145  5 25 0200  -17.0  970.5    1.7    1.0  444.0  444.0
2018 145  5 25 0300  -18.2  970.2    0.0    0.0  444.0  444.0
2018 145  5 25 0400  -16.6  970.0    2.9  221.0  444.0  444.0
2018 145  5 25 0500  -17.2  969.8    0.7  338.0  444.0  444.0
2018 145  5 25 0600  -17.2  969.5    0.0    0.0  444.0  444.0
2018 145  5 25 0700  -18.2  969.4    1.0  141.0  444.0  444.0
2018 145  5 25 0800  -19.5  969.5    0.0    0.0  444.0  444.0
2018 145  5 25 0900  -20.5  969.3    1.7  291.0  444.0  444.0
2018 145  5 25 1000  -18.2  969.0    0.0    0.0  444.0  444.0
2018 145  5 25 1100  -19.0  968.9    3.4  321.0  444.0  444.0
2018 145  5 25 1200  -20.1  968.7    1.7  330.0  444.0  444.0
2018 145  5 25 1300  -20.8  968.6    3.2  308.0  444.0  444.0
2018 145  5 25 1400  -22.4  968.8    1.5  145.0  444.0  444.0
2018 145  5 25 1500  -22.8  968.8    1.2  194.0  444.0  444.0
2018 145  5 25 1600  -21.9  968.9    1.0  145.0  444.0  444.0
2018 145  5 25 1700  -21.9  969.0    0.0    0.0  444.0  444.0
2018 145  5 25 1800  -22.4  969.3    0.0    0.0  444.0  444.0
2018 145  5 25 1900  -21.9  969.7    0.0    0.0  444.0  444.0
2018 145  5 25 2000  -22.1  969.8    0.0    0.0  444.0  444.0
2018 145  5 25 2100  -22.1  970.2    0.0    0.0  444.0  444.0
2018 145  5 25 2200  -22.4  970.5    0.0    0.0  444.0  444.0
2018 145  5 25 2300  -22.1  970.9    1.0  210.0  444.0  444.0
2018 146  5 26 0000  -22.4  971.2    0.7  215.0  444.0  444.0
2018 146  5 26 0100  -21.4  971.2    0.0    0.0  444.0  444.0
2018 146  5 26 0200  -22.5  971.5    0.5  208.0  444.0  444.0
2018 146  5 26 0300  -22.9  972.0    0.0    0.0  444.0  444.0
2018 146  5 26 0400  -22.8  972.1    1.5  266.0  444.0  444.0
2018 146  5 26 0500  -23.2  972.3    1.2  330.0  444.0  444.0
2018 146  5 26 0600  -23.2  972.9    1.5  298.0  444.0  444.0
2018 146  5 26 0700  -23.9  973.0    3.4  290.0  444.0  444.0
2018 146  5 26 0800  -24.4  973.5    3.4  281.0  444.0  444.0
2018 146  5 26 0900  -24.1  974.0    4.2  287.0  444.0  444.0
2018 146  5 26 1000  -24.1  974.6    4.4  277.0  444.0  444.0
2018 146  5 26 1100  -23.6  975.0    2.9  269.0  444.0  444.0
2018 146  5 26 1200  -23.2  975.5    3.4  283.0  444.0  444.0
2018 146  5 26 1300  -23.2  975.9    1.7  294.0  444.0  444.0
2018 146  5 26 1400  -23.1  976.6    2.7  302.0  444.0  444.0
2018 146  5 26 1500  -23.6  977.3    0.7  302.0  444.0  444.0
2018 146  5 26 1600  -23.2  977.8    0.5  276.0  444.0  444.0
2018 146  5 26 1700  -23.0  978.6    1.5  210.0  444.0  444.0
2018 146  5 26 1800  -22.8  979.4    2.5  179.0  444.0  444.0
2018 146  5 26 1900  -23.6  980.4    0.5  153.0  444.0  444.0
2018 146  5 26 2000  -25.0  981.4    1.0  142.0  444.0  444.0
2018 146  5 26 2100  -23.0  982.1    0.7  208.0  444.0  444.0
2018 146  5 26 2200  -22.8  982.8    0.5  148.0  444.0  444.0
2018 146  5 26 2300  -23.8  983.6    1.2  143.0  444.0  444.0
2018 147  5 27 0000  -26.4  984.5    1.5  148.0  444.0  444.0
2018 147  5 27 0100  -26.1  985.1    2.5  148.0  444.0  444.0
2018 147  5 27 0200  -24.8  985.7    3.7  195.0  444.0  444.0
2018 147  5 27 0300  -23.2  986.1    2.9  169.0  444.0  444.0
2018 147  5 27 0400  -22.4  986.2    4.4  160.0  444.0  444.0
2018 147  5 27 0500  -24.2  986.4    2.5  155.0  444.0  444.0
2018 147  5 27 0600  -25.6  986.8    2.2  134.0  444.0  444.0
2018 147  5 27 0700  -23.8  987.2    3.9  155.0  444.0  444.0
2018 147  5 27 0800  -23.6  987.8    3.2  125.0  444.0  444.0
2018 147  5 27 0900  -23.8  988.3    1.5  101.0  444.0  444.0
2018 147  5 27 1000  -23.0  988.4    2.7  176.0  444.0  444.0
2018 147  5 27 1100  -23.8  988.4    2.5  127.0  444.0  444.0
2018 147  5 27 1200  -24.0  988.6    2.0  120.0  444.0  444.0
2018 147  5 27 1300  -24.5  988.7    1.7  122.0  444.0  444.0
2018 147  5 27 1400  -24.4  988.9    1.2  125.0  444.0  444.0
2018 147  5 27 1500  -24.0  989.0    1.5  162.0  444.0  444.0
2018 147  5 27 1600  -23.8  989.0    1.7  163.0  444.0  444.0
2018 147  5 27 1700  -24.4  989.0    2.0  129.0  444.0  444.0
2018 147  5 27 1800  -23.6  989.1    3.2  148.0  444.0  444.0
2018 147  5 27 1900  -23.4  989.4    2.9  176.0  444.0  444.0
2018 147  5 27 2000  -23.9  989.9    2.2  156.0  444.0  444.0
2018 147  5 27 2100  -23.2  990.1    2.2  170.0  444.0  444.0
2018 147  5 27 2200  -23.8  990.4    4.7  174.0  444.0  444.0
2018 147  5 27 2300  -23.9  990.2    1.2  215.0  444.0  444.0
2018 148  5 28 0000  -25.2  989.9    1.5  217.0  444.0  444.0
2018 148  5 28 0100  -25.4  989.8    2.5  160.0  444.0  444.0
2018 148  5 28 0200  -24.9  989.9    0.0    0.0  444.0  444.0
2018 148  5 28 0300  -25.1  989.8    2.7  198.0  444.0  444.0
2018 148  5 28 0400  -25.0  989.8    2.2  176.0  444.0  444.0
2018 148  5 28 0500  -25.5  989.8    3.7  190.0  444.0  444.0
2018 148  5 28 0600  -26.8  990.0    4.7  155.0  444.0  444.0
2018 148  5 28 0700  -26.2  989.8    4.2  170.0  444.0  444.0
2018 148  5 28 0800  -26.1  989.8    4.2  165.0  444.0  444.0
2018 148  5 28 0900  -26.6  989.8    3.7  172.0  444.0  444.0
2018 148  5 28 1000  -26.8  989.6    3.7  174.0  444.0  444.0
2018 148  5 28 1100  -26.6  989.7    3.4  159.0  444.0  444.0
2018 148  5 28 1200  -26.6  989.3    2.7  205.0  444.0  444.0
2018 148  5 28 1300  -26.2  989.6    1.5  224.0  444.0  444.0
2018 148  5 28 1400  -26.6  989.5    2.0  222.0  444.0  444.0
2018 148  5 28 1500  -26.8  989.5    2.2  217.0  444.0  444.0
2018 148  5 28 1600  -26.6  989.8    1.7  222.0  444.0  444.0
2018 148  5 28 1700  -26.5  989.7    0.5  232.0  444.0  444.0
2018 148  5 28 1800  -28.0  989.7    2.7  231.0  444.0  444.0
2018 148  5 28 1900  -26.6  989.6    0.0    0.0  444.0  444.0
2018 148  5 28 2000  -27.1  989.6    2.0  246.0  444.0  444.0
2018 148  5 28 2100  -27.1  989.6    0.0    0.0  444.0  444.0
2018 148  5 28 2200  -27.4  989.4    0.5  336.0  444.0  444.0
2018 148  5 28 2300  -27.9  989.3    3.4  260.0  444.0  444.0
2018 149  5 29 0000  -27.1  988.7    1.5  273.0  444.0  444.0
2018 149  5 29 0100  -27.1  988.1    1.0  283.0  444.0  444.0
2018 149  5 29 0200  -27.0  987.4    1.7  263.0  444.0  444.0
2018 149  5 29 0300  -27.1  986.5    0.5  288.0  444.0  444.0
2018 149  5 29 0400  -27.1  985.6    1.7  315.0  444.0  444.0
2018 149  5 29 0500  -28.6  985.1    2.0  329.0  444.0  444.0
2018 149  5 29 0600  -28.4  984.3    2.2  346.0  444.0  444.0
2018 149  5 29 0700  -29.6  983.5    0.0    0.0  444.0  444.0
2018 149  5 29 0800  -29.2  982.6    0.0    0.0  444.0  444.0
2018 149  5 29 0900  -29.2  981.6    2.0  266.0  444.0  444.0
2018 149  5 29 1000  -29.1  981.0    0.0    0.0  444.0  444.0
2018 149  5 29 1100  -29.8  980.4    0.2  347.0  444.0  444.0
2018 149  5 29 1200  -29.6  979.5    1.5  322.0  444.0  444.0
2018 149  5 29 1300  -29.9  978.8    2.9  314.0  444.0  444.0
2018 149  5 29 1400  -29.1  978.1    3.2  315.0  444.0  444.0
2018 149  5 29 1500  -29.8  977.7    3.4  298.0  444.0  444.0
2018 149  5 29 1600  -29.4  977.2    1.2  297.0  444.0  444.0
2018 149  5 29 1700  -29.4  977.5    1.0  240.0  444.0  444.0
2018 149  5 29 1800  -29.5  977.6    1.7  229.0  444.0  444.0
2018 149  5 29 1900  -29.4  978.0    0.5  215.0  444.0  444.0
2018 149  5 29 2000  -29.2  978.4    1.5  198.0  444.0  444.0
2018 149  5 29 2100  -30.5  979.2    0.0    0.0  444.0  444.0
2018 149  5 29 2200  -30.1  980.3    2.0  153.0  444.0  444.0
2018 149  5 29 2300  -30.5  980.8    1.2  128.0  444.0  444.0
2018 150  5 30 0000  -30.2  981.3    0.0    0.0  444.0  444.0
2018 150  5 30 0100  -29.8  982.3    1.5  135.0  444.0  444.0
2018 150  5 30 0200  -29.1  982.8    0.0    0.0  444.0  444.0
2018 150  5 30 0300  -28.8  983.0    0.2  294.0  444.0  444.0
2018 150  5 30 0400  -28.1  983.6    0.0    0.0  444.0  444.0
2018 150  5 30 0500  -29.4  983.8    1.7  314.0  444.0  444.0
2018 150  5 30 0600  -29.8  984.3    0.0    0.0  444.0  444.0
2018 150  5 30 0700  -25.4  984.7    0.0    0.0  444.0  444.0
2018 150  5 30 0800  -29.1  985.2    0.2  302.0  444.0  444.0
2018 150  5 30 0900  -28.0  985.2    1.0    7.0  444.0  444.0
2018 150  5 30 1000  -25.8  985.5    0.7  150.0  444.0  444.0
2018 150  5 30 1100  -25.4  985.7    0.0    0.0  444.0  444.0
2018 150  5 30 1200  -23.0  985.6    0.0    0.0  444.0  444.0
2018 150  5 30 1300  -24.8  985.5    1.2  152.0  444.0  444.0
2018 150  5 30 1400  -23.4  985.9    1.2  160.0  444.0  444.0
2018 150  5 30 1500  -27.6  986.1    0.5  145.0  444.0  444.0
2018 150  5 30 1600  -23.0  986.0    0.0    0.0  444.0  444.0
2018 150  5 30 1700  -26.5  986.0    1.0  150.0  444.0  444.0
2018 150  5 30 1800  -28.6  986.1    0.0    0.0  444.0  444.0
2018 150  5 30 1900  -26.9  986.6    0.0    0.0  444.0  444.0
2018 150  5 30 2000  -26.4  986.8    0.0    0.0  444.0  444.0
2018 150  5 30 2100  -24.9  987.0    0.0    0.0  444.0  444.0
2018 150  5 30 2200  -24.4  987.3    0.0    0.0  444.0  444.0
2018 150  5 30 2300  -26.0  987.3    0.0    0.0  444.0  444.0
2018 151  5 31 0000  -27.4  987.5    0.0    0.0  444.0  444.0
2018 151  5 31 0100  -29.8  987.6    3.4  142.0  444.0  444.0
2018 151  5 31 0200  -29.6  987.7    5.9  145.0  444.0  444.0
2018 151  5 31 0300  -28.4  988.3    2.7  111.0  444.0  444.0
2018 151  5 31 0400  -27.6  988.7    3.4  142.0  444.0  444.0
2018 151  5 31 0500  -28.4  988.9    5.4  139.0  444.0  444.0
2018 151  5 31 0600  -26.2  989.2    7.1  150.0  444.0  444.0
2018 151  5 31 0700  -25.8  989.7    8.3  159.0  444.0  444.0
2018 151  5 31 0800  -24.9  989.7    8.3  159.0  444.0  444.0
2018 151  5 31 0900  -23.9  990.0    6.6  166.0  444.0  444.0
2018 151  5 31 1000  -24.4  990.4    3.4  158.0  444.0  444.0
2018 151  5 31 1100  -26.4  990.6    0.0    0.0  444.0  444.0
2018 151  5 31 1200  -25.4  990.8    1.5  134.0  444.0  444.0
2018 151  5 31 1300  -24.5  991.1    0.0    0.0  444.0  444.0
2018 151  5 31 1400  -24.1  991.2    2.0  138.0  444.0  444.0
2018 151  5 31 1500  -23.4  991.4    3.2  141.0  444.0  444.0
2018 151  5 31 1600  -22.5  991.3    1.2  255.0  444.0  444.0
2018 151  5 31 1700  -22.4  990.9    2.2  158.0  444.0  444.0
2018 151  5 31 1800  -20.1  990.9    3.9  278.0  444.0  444.0
2018 151  5 31 1900  -22.1  991.2    0.7  354.0  444.0  444.0
2018 151  5 31 2000  -23.2  990.9    2.7  330.0  444.0  444.0
2018 151  5 31 2100  -21.8  990.4    7.6  212.0  444.0  444.0
2018 151  5 31 2200  -21.9  989.9    9.8  235.0  444.0  444.0
2018 151  5 31 2300  -23.1  989.7    8.3  225.0  444.0  444.0
