Year: 2024  Month: 01  ID: MPT  ARGOS:  8906  Name: Marble Point        
Lat: 77.44S  Lon: 163.76E  Elev:  108m
2024   1  1  1 0000   -0.6  963.5    6.1  118.0  444.0  444.0
2024   1  1  1 0100   -0.4  963.1    5.6  124.0  444.0  444.0
2024   1  1  1 0200   -0.4  962.5    5.1  132.0  444.0  444.0
2024   1  1  1 0300    0.1  962.2    4.9  145.0  444.0  444.0
2024   1  1  1 0400    0.1  961.9    5.1  124.0  444.0  444.0
2024   1  1  1 0500    0.2  961.7    4.2  108.0  444.0  444.0
2024   1  1  1 0600   -1.1  961.1    4.2  129.0  444.0  444.0
2024   1  1  1 0700   -0.2  960.9    4.9  142.0  444.0  444.0
2024   1  1  1 0800   -0.6  960.6    3.4  124.0  444.0  444.0
2024   1  1  1 0900   -0.8  960.3    4.4  131.0  444.0  444.0
2024   1  1  1 1000   -1.2  960.3    4.7  139.0  444.0  444.0
2024   1  1  1 1100   -1.2  960.3    4.2  134.0  444.0  444.0
2024   1  1  1 1200   -1.8  960.1    4.4  138.0  444.0  444.0
2024   1  1  1 1300   -1.8  960.2    3.9  142.0  444.0  444.0
2024   1  1  1 1400   -2.2  960.1    5.9  136.0  444.0  444.0
2024   1  1  1 1500   -2.1  959.8    6.1  139.0  444.0  444.0
2024   1  1  1 1600   -2.1  960.1    6.4  139.0  444.0  444.0
2024   1  1  1 1700   -1.9  960.6    5.9  131.0  444.0  444.0
2024   1  1  1 1800   -1.8  960.9    6.4  129.0  444.0  444.0
2024   1  1  1 1900   -3.1  961.2    6.4  132.0  444.0  444.0
2024   1  1  1 2000   -2.5  961.4    7.8  132.0  444.0  444.0
2024   1  1  1 2100   -2.2  962.0   10.3  128.0  444.0  444.0
2024   1  1  1 2200   -2.5  962.8    7.4  124.0  444.0  444.0
2024   1  1  1 2300   -2.8  963.2    7.1  129.0  444.0  444.0
2024   2  1  2 0000   -3.0  963.4    9.3  134.0  444.0  444.0
2024   2  1  2 0100   -2.5  963.7    8.6  120.0  444.0  444.0
2024   2  1  2 0200   -2.9  964.2    9.6  125.0  444.0  444.0
2024   2  1  2 0300   -2.9  964.7    8.1  127.0  444.0  444.0
2024   2  1  2 0400   -2.8  965.3    8.6  124.0  444.0  444.0
2024   2  1  2 0500   -1.8  965.9    7.1  129.0  444.0  444.0
2024   2  1  2 0600   -2.6  966.4    6.9  127.0  444.0  444.0
2024   2  1  2 0700   -3.0  966.8    7.6  120.0  444.0  444.0
2024   2  1  2 0800   -3.9  967.4    8.8  138.0  444.0  444.0
2024   2  1  2 0900   -4.0  967.7   10.5  127.0  444.0  444.0
2024   2  1  2 1000   -4.5  968.5    9.6  132.0  444.0  444.0
2024   2  1  2 1100   -4.9  968.9    9.1  139.0  444.0  444.0
2024   2  1  2 1200   -5.2  969.4    8.6  138.0  444.0  444.0
2024   2  1  2 1300   -5.4  969.6    7.8  129.0  444.0  444.0
2024   2  1  2 1400   -5.1  970.1    6.4  132.0  444.0  444.0
2024   2  1  2 1500   -5.4  970.2    5.9  139.0  444.0  444.0
2024   2  1  2 1600   -5.2  970.4    6.4  148.0  444.0  444.0
2024   2  1  2 1700   -4.9  970.6    5.9  132.0  444.0  444.0
2024   2  1  2 1800   -4.0  970.8    6.6  128.0  444.0  444.0
2024   2  1  2 1900   -3.9  970.9    5.4  111.0  444.0  444.0
2024   2  1  2 2000   -3.4  971.0    5.9  111.0  444.0  444.0
2024   2  1  2 2100   -2.8  971.1    6.4  142.0  444.0  444.0
2024   2  1  2 2200   -2.6  970.9    6.4  121.0  444.0  444.0
2024   2  1  2 2300   -2.6  970.8    6.6  120.0  444.0  444.0
2024   3  1  3 0000   -2.5  970.6    6.4  122.0  444.0  444.0
2024   3  1  3 0100   -1.6  970.3    7.4  115.0  444.0  444.0
2024   3  1  3 0200   -1.4  970.0    7.1  127.0  444.0  444.0
2024   3  1  3 0300   -1.2  969.6    7.8  134.0  444.0  444.0
2024   3  1  3 0400   -1.1  969.1    8.1  121.0  444.0  444.0
2024   3  1  3 0500   -1.6  969.3    6.1  124.0  444.0  444.0
2024   3  1  3 0600   -1.9  969.5    4.9  128.0  444.0  444.0
2024   3  1  3 0700   -3.1  969.6    3.9  122.0  444.0  444.0
2024   3  1  3 0800   -3.6  969.5    4.7  134.0  444.0  444.0
2024   3  1  3 0900   -1.8  969.4    3.2  118.0  444.0  444.0
2024   3  1  3 1000   -2.8  969.1    2.5  148.0  444.0  444.0
2024   3  1  3 1100   -1.8  969.0    2.2  145.0  444.0  444.0
2024   3  1  3 1200   -2.2  968.7    1.2  139.0  444.0  444.0
2024   3  1  3 1300   -1.8  968.5    2.5  226.0  444.0  444.0
2024   3  1  3 1400  444.0  968.3    1.5  243.0  444.0  444.0
2024   3  1  3 1500  444.0  967.7    0.7  114.0  444.0  444.0
2024   3  1  3 1600  444.0  967.7    0.2  120.0  444.0  444.0
2024   3  1  3 1700  444.0  967.8    0.0    0.0  444.0  444.0
2024   3  1  3 1800   -0.2  967.5    2.0   96.0  444.0  444.0
2024   3  1  3 1900   -1.1  967.5    2.9  138.0  444.0  444.0
2024   3  1  3 2000   -1.0  967.4    4.4  124.0  444.0  444.0
2024   3  1  3 2100   -0.8  967.5    3.9  114.0  444.0  444.0
2024   3  1  3 2200   -1.2  967.6    4.7  115.0  444.0  444.0
2024   3  1  3 2300   -1.8  967.9    6.1  120.0  444.0  444.0
2024   4  1  4 0000   -1.8  967.7    5.9  122.0  444.0  444.0
2024   4  1  4 0100   -1.6  967.4    7.4  131.0  444.0  444.0
2024   4  1  4 0200   -2.0  967.5    6.4  118.0  444.0  444.0
2024   4  1  4 0300   -1.8  967.6    5.1  143.0  444.0  444.0
2024   4  1  4 0400   -2.1  967.6    5.4  128.0  444.0  444.0
2024   4  1  4 0500   -2.2  967.7    6.4  127.0  444.0  444.0
2024   4  1  4 0600   -2.2  967.7    6.1  124.0  444.0  444.0
2024   4  1  4 0700   -2.5  967.6    5.6  122.0  444.0  444.0
2024   4  1  4 0800   -2.8  967.8    5.4  112.0  444.0  444.0
2024   4  1  4 0900   -3.0  967.8    4.2  111.0  444.0  444.0
2024   4  1  4 1000   -3.4  968.0    4.9  135.0  444.0  444.0
2024   4  1  4 1100   -3.5  968.1    4.9  129.0  444.0  444.0
2024   4  1  4 1200   -3.6  968.2    5.6  132.0  444.0  444.0
2024   4  1  4 1300   -3.6  968.5    6.9  143.0  444.0  444.0
2024   4  1  4 1400   -4.9  968.6    7.4  145.0  444.0  444.0
2024   4  1  4 1500   -4.5  968.7    5.1  131.0  444.0  444.0
2024   4  1  4 1600  444.0  968.7    0.0    0.0  444.0  444.0
2024   4  1  4 1700  444.0  968.6    0.0    0.0  444.0  444.0
2024   4  1  4 1800  444.0  968.3    0.2  338.0  444.0  444.0
2024   4  1  4 1900  444.0  968.2    0.0    0.0  444.0  444.0
2024   4  1  4 2000    0.0  967.8    2.5  312.0  444.0  444.0
2024   4  1  4 2100    1.8  967.3    3.4  298.0  444.0  444.0
2024   4  1  4 2200   -0.4  967.0    1.7  352.0  444.0  444.0
2024   4  1  4 2300   -0.8  967.1    1.5  360.0  444.0  444.0
2024   5  1  5 0000    0.5  967.1    1.2   68.0  444.0  444.0
2024   5  1  5 0100    1.4  966.9    2.7  127.0  444.0  444.0
2024   5  1  5 0200    1.2  966.5    2.7   77.0  444.0  444.0
2024   5  1  5 0300    2.6  966.1    2.2   87.0  444.0  444.0
2024   5  1  5 0400    2.4  965.9    2.0  347.0  444.0  444.0
2024   5  1  5 0500    1.9  965.4    1.0   10.0  444.0  444.0
2024   5  1  5 0600    0.1  965.2    1.5  360.0  444.0  444.0
2024   5  1  5 0700    0.6  964.9    2.7  269.0  444.0  444.0
2024   5  1  5 0800    0.2  965.0    0.0    0.0  444.0  444.0
2024   5  1  5 0900   -0.5  965.1    3.7  352.0  444.0  444.0
2024   5  1  5 1000  444.0  965.2    0.7  338.0  444.0  444.0
2024   5  1  5 1100  444.0  965.2    1.2  356.0  444.0  444.0
2024   5  1  5 1200  444.0  965.2    0.0    0.0  444.0  444.0
2024   5  1  5 1300  444.0  965.2    1.0   66.0  444.0  444.0
2024   5  1  5 1400   -1.6  964.7    2.2  115.0  444.0  444.0
2024   5  1  5 1500   -1.0  964.8    1.7  136.0  444.0  444.0
2024   5  1  5 1600   -1.4  964.9    0.5  138.0  444.0  444.0
2024   5  1  5 1700  444.0  965.0    1.0  135.0  444.0  444.0
2024   5  1  5 1800   -1.1  965.2    0.0    0.0  444.0  444.0
2024   5  1  5 1900    0.1  965.1    0.0    0.0  444.0  444.0
2024   5  1  5 2000    1.4  965.1    2.0  332.0  444.0  444.0
2024   5  1  5 2100    0.9  965.0    1.2  345.0  444.0  444.0
2024   5  1  5 2200    1.2  964.7    2.5  307.0  444.0  444.0
2024   5  1  5 2300    1.2  964.5    3.2  288.0  444.0  444.0
2024   6  1  6 0000   -0.1  964.4    3.7  359.0  444.0  444.0
2024   6  1  6 0100    0.2  964.5    3.7  342.0  444.0  444.0
2024   6  1  6 0200    0.6  964.5    2.9    3.0  444.0  444.0
2024   6  1  6 0300    0.8  964.5    2.2  359.0  444.0  444.0
2024   6  1  6 0400    0.4  964.5    3.4   82.0  444.0  444.0
2024   6  1  6 0500   -0.4  964.8    3.4  104.0  444.0  444.0
2024   6  1  6 0600    0.0  965.0    3.9  115.0  444.0  444.0
2024   6  1  6 0700   -0.6  965.2    3.9  128.0  444.0  444.0
2024   6  1  6 0800   -1.2  965.4    4.2  131.0  444.0  444.0
2024   6  1  6 0900   -2.1  965.9    3.7  125.0  444.0  444.0
2024   6  1  6 1000   -2.9  966.1    4.7  139.0  444.0  444.0
2024   6  1  6 1100   -3.1  966.3    5.4  135.0  444.0  444.0
2024   6  1  6 1200   -3.4  966.6    4.9  138.0  444.0  444.0
2024   6  1  6 1300   -3.8  967.0    3.9  134.0  444.0  444.0
2024   6  1  6 1400   -3.8  967.1    4.7  129.0  444.0  444.0
2024   6  1  6 1500   -3.9  967.0    3.4  125.0  444.0  444.0
2024   6  1  6 1600   -4.0  967.1    4.2  122.0  444.0  444.0
2024   6  1  6 1700   -3.4  967.3    2.0  121.0  444.0  444.0
2024   6  1  6 1800  444.0  967.6    0.0    0.0  444.0  444.0
2024   6  1  6 1900  444.0  967.6    0.0    0.0  444.0  444.0
2024   6  1  6 2000  444.0  967.6    0.5  342.0  444.0  444.0
2024   6  1  6 2100  444.0  967.8    0.5  360.0  444.0  444.0
2024   6  1  6 2200  444.0  967.7    1.5  267.0  444.0  444.0
2024   6  1  6 2300    2.0  967.5    2.9   41.0  444.0  444.0
2024   7  1  7 0000    2.0  967.3    2.0  352.0  444.0  444.0
2024   7  1  7 0100    1.6  967.0    2.5    1.0  444.0  444.0
2024   7  1  7 0200    1.0  966.7    2.0  357.0  444.0  444.0
2024   7  1  7 0300    1.1  966.4    2.7  360.0  444.0  444.0
2024   7  1  7 0400    0.5  966.2    2.5  360.0  444.0  444.0
2024   7  1  7 0500   -0.4  966.0    2.2  360.0  444.0  444.0
2024   7  1  7 0600    0.1  965.9    2.5  356.0  444.0  444.0
2024   7  1  7 0700    1.0  965.6    3.2  304.0  444.0  444.0
2024   7  1  7 0800    1.6  965.5    2.9  208.0  444.0  444.0
2024   7  1  7 0900    0.1  965.4    3.7  131.0  444.0  444.0
2024   7  1  7 1000   -0.6  965.6    2.9   63.0  444.0  444.0
2024   7  1  7 1100   -1.0  966.1    1.0   76.0  444.0  444.0
2024   7  1  7 1200   -1.2  966.2    1.2  103.0  444.0  444.0
2024   7  1  7 1300   -1.0  966.3    0.0    0.0  444.0  444.0
2024   7  1  7 1400   -2.2  966.6    2.7   75.0  444.0  444.0
2024   7  1  7 1500   -2.5  966.7    3.2   84.0  444.0  444.0
2024   7  1  7 1600   -3.1  967.0    2.7   83.0  444.0  444.0
2024   7  1  7 1700   -4.1  967.2    3.9  115.0  444.0  444.0
2024   7  1  7 1800   -4.8  967.5    4.7  122.0  444.0  444.0
2024   7  1  7 1900   -5.0  967.6    6.1  128.0  444.0  444.0
2024   7  1  7 2000   -5.2  967.9    6.4  132.0  444.0  444.0
2024   7  1  7 2100   -5.4  968.2    6.4  132.0  444.0  444.0
2024   7  1  7 2200   -5.1  968.4    5.6  135.0  444.0  444.0
2024   7  1  7 2300   -4.8  968.8    4.4  143.0  444.0  444.0
2024   8  1  8 0000   -3.8  968.8    4.2  142.0  444.0  444.0
2024   8  1  8 0100   -3.9  968.8    4.2  143.0  444.0  444.0
2024   8  1  8 0200   -3.9  968.7    2.9  141.0  444.0  444.0
2024   8  1  8 0300   -3.6  968.7    2.0  127.0  444.0  444.0
2024   8  1  8 0400   -4.0  968.6    2.2  135.0  444.0  444.0
2024   8  1  8 0500   -4.0  968.7    2.0  129.0  444.0  444.0
2024   8  1  8 0600   -5.2  968.6    3.9  134.0  444.0  444.0
2024   8  1  8 0700   -5.5  968.8    2.2  127.0  444.0  444.0
2024   8  1  8 0800   -5.2  968.8    0.7  117.0  444.0  444.0
2024   8  1  8 0900  444.0  968.7    0.7  210.0  444.0  444.0
2024   8  1  8 1000  444.0  968.8    0.0    0.0  444.0  444.0
2024   8  1  8 1100  444.0  968.6    0.0    0.0  444.0  444.0
2024   8  1  8 1200   -5.2  968.1    0.0    0.0  444.0  444.0
2024   8  1  8 1300   -5.4  968.1    0.0    0.0  444.0  444.0
2024   8  1  8 1400   -5.0  968.1    0.0    0.0  444.0  444.0
2024   8  1  8 1500   -5.1  967.8    1.0  292.0  444.0  444.0
2024   8  1  8 1600  444.0  967.6    0.0    0.0  444.0  444.0
2024   8  1  8 1700  444.0  967.7    0.0    0.0  444.0  444.0
2024   8  1  8 1800  444.0  967.7    0.0    0.0  444.0  444.0
2024   8  1  8 1900  444.0  967.6    0.0    0.0  444.0  444.0
2024   8  1  8 2000  444.0  967.5    0.0    0.0  444.0  444.0
2024   8  1  8 2100  444.0  967.2    0.7  222.0  444.0  444.0
2024   8  1  8 2200  444.0  967.2    0.2  217.0  444.0  444.0
2024   8  1  8 2300    0.4  967.2    2.7  125.0  444.0  444.0
2024   9  1  9 0000   -1.1  967.2    4.4  104.0  444.0  444.0
2024   9  1  9 0100   -3.1  967.2    5.4  122.0  444.0  444.0
2024   9  1  9 0200   -3.4  967.3    5.9  136.0  444.0  444.0
2024   9  1  9 0300   -3.4  967.3    3.9  134.0  444.0  444.0
2024   9  1  9 0400   -3.9  967.4    5.1  127.0  444.0  444.0
2024   9  1  9 0500   -3.5  967.8    3.9  136.0  444.0  444.0
2024   9  1  9 0600   -3.1  968.2    2.5  125.0  444.0  444.0
2024   9  1  9 0700   -3.1  968.3    2.7  120.0  444.0  444.0
2024   9  1  9 0800  444.0  968.5    1.0  145.0  444.0  444.0
2024   9  1  9 0900   -1.8  968.3    0.7  228.0  444.0  444.0
2024   9  1  9 1000   -4.4  968.1    2.9  262.0  444.0  444.0
2024   9  1  9 1100   -3.4  968.4    1.2  301.0  444.0  444.0
2024   9  1  9 1200   -2.5  968.5    1.7  271.0  444.0  444.0
2024   9  1  9 1300   -3.1  968.5    3.2  249.0  444.0  444.0
2024   9  1  9 1400   -1.1  968.4    3.4  249.0  444.0  444.0
2024   9  1  9 1500   -0.8  968.5    1.2  218.0  444.0  444.0
2024   9  1  9 1600  444.0  968.8    1.5  177.0  444.0  444.0
2024   9  1  9 1700  444.0  968.9    2.0  210.0  444.0  444.0
2024   9  1  9 1800  444.0  969.1    1.7  242.0  444.0  444.0
2024   9  1  9 1900  444.0  969.2    0.7  233.0  444.0  444.0
2024   9  1  9 2000  444.0  969.3    0.0    0.0  444.0  444.0
2024   9  1  9 2100  444.0  969.5    0.0    0.0  444.0  444.0
2024   9  1  9 2200  444.0  969.6    0.5   68.0  444.0  444.0
2024   9  1  9 2300  444.0  969.6    1.2   70.0  444.0  444.0
2024  10  1 10 0000  444.0  969.9    1.0   30.0  444.0  444.0
2024  10  1 10 0100  444.0  969.9    1.2  356.0  444.0  444.0
2024  10  1 10 0200  444.0  969.6    0.7  335.0  444.0  444.0
2024  10  1 10 0300  444.0  969.3    0.7  359.0  444.0  444.0
2024  10  1 10 0400   -0.4  969.0    2.7  360.0  444.0  444.0
2024  10  1 10 0500    0.1  968.9    5.4  338.0  444.0  444.0
2024  10  1 10 0600    0.0  968.9    4.4  350.0  444.0  444.0
2024  10  1 10 0700    0.0  968.7    4.7  345.0  444.0  444.0
2024  10  1 10 0800    0.0  968.6    3.9  343.0  444.0  444.0
2024  10  1 10 0900    0.0  968.5    2.5  346.0  444.0  444.0
2024  10  1 10 1000  444.0  968.4    1.5  307.0  444.0  444.0
2024  10  1 10 1100  444.0  968.5    1.2  249.0  444.0  444.0
2024  10  1 10 1200  444.0  968.4    0.0    0.0  444.0  444.0
2024  10  1 10 1300  444.0  968.1    0.5  187.0  444.0  444.0
2024  10  1 10 1400   -1.6  968.1    1.2  129.0  444.0  444.0
2024  10  1 10 1500   -0.5  968.1    0.7  131.0  444.0  444.0
2024  10  1 10 1600   -1.0  968.2    1.5  129.0  444.0  444.0
2024  10  1 10 1700   -1.1  968.6    2.2  141.0  444.0  444.0
2024  10  1 10 1800    0.2  968.8    0.2  120.0  444.0  444.0
2024  10  1 10 1900   -2.4  969.1    2.2  114.0  444.0  444.0
2024  10  1 10 2000   -2.8  969.4    1.5  117.0  444.0  444.0
2024  10  1 10 2100   -3.0  969.7    1.7  118.0  444.0  444.0
2024  10  1 10 2200  444.0  969.8    1.7   77.0  444.0  444.0
2024  10  1 10 2300   -0.6  969.8    2.0  128.0  444.0  444.0
2024  11  1 11 0000   -1.4  969.6    2.5   96.0  444.0  444.0
2024  11  1 11 0100   -0.1  969.6    2.5  103.0  444.0  444.0
2024  11  1 11 0200   -0.8  969.2    3.4   96.0  444.0  444.0
2024  11  1 11 0300   -0.2  968.8    4.4  117.0  444.0  444.0
2024  11  1 11 0400   -0.4  968.6    3.4  131.0  444.0  444.0
2024  11  1 11 0500   -1.6  968.3    4.2  118.0  444.0  444.0
2024  11  1 11 0600   -1.6  968.1    4.7  114.0  444.0  444.0
2024  11  1 11 0700   -1.1  967.9    4.2  120.0  444.0  444.0
2024  11  1 11 0800   -1.9  967.6    5.4  121.0  444.0  444.0
2024  11  1 11 0900   -2.5  967.4    5.4  122.0  444.0  444.0
2024  11  1 11 1000   -1.8  967.5    3.7  120.0  444.0  444.0
2024  11  1 11 1100   -2.5  967.3    4.7  136.0  444.0  444.0
2024  11  1 11 1200   -3.1  967.0    3.7  131.0  444.0  444.0
2024  11  1 11 1300   -4.0  966.8    4.7  127.0  444.0  444.0
2024  11  1 11 1400   -3.9  966.7    3.7  124.0  444.0  444.0
2024  11  1 11 1500   -3.8  966.4    4.7  125.0  444.0  444.0
2024  11  1 11 1600   -4.1  966.3    4.4  127.0  444.0  444.0
2024  11  1 11 1700   -2.9  966.3    2.9  122.0  444.0  444.0
2024  11  1 11 1800   -2.8  966.1    4.4  134.0  444.0  444.0
2024  11  1 11 1900   -2.2  966.1    2.0  122.0  444.0  444.0
2024  11  1 11 2000   -2.2  966.1    3.2  108.0  444.0  444.0
2024  11  1 11 2100   -1.5  966.2    1.0  117.0  444.0  444.0
2024  11  1 11 2200  444.0  966.2    2.0  112.0  444.0  444.0
2024  11  1 11 2300   -1.6  966.3    1.2  356.0  444.0  444.0
2024  12  1 12 0000   -1.6  966.1    2.7  360.0  444.0  444.0
2024  12  1 12 0100   -0.6  966.0    3.2  356.0  444.0  444.0
2024  12  1 12 0200   -0.4  966.0    4.7  347.0  444.0  444.0
2024  12  1 12 0300    0.8  965.9    3.2  332.0  444.0  444.0
2024  12  1 12 0400    0.0  965.9    4.2  356.0  444.0  444.0
2024  12  1 12 0500    0.8  965.8    4.2  321.0  444.0  444.0
2024  12  1 12 0600    0.6  965.9    3.4  330.0  444.0  444.0
2024  12  1 12 0700    0.8  966.2    4.4  323.0  444.0  444.0
2024  12  1 12 0800    0.2  966.5    2.0  342.0  444.0  444.0
2024  12  1 12 0900    1.4  966.7    0.0    0.0  444.0  444.0
2024  12  1 12 1000    0.0  966.7    2.0  333.0  444.0  444.0
2024  12  1 12 1100   -0.6  966.8    2.7  340.0  444.0  444.0
2024  12  1 12 1200   -0.1  967.0    1.5  312.0  444.0  444.0
2024  12  1 12 1300   -0.1  967.3    0.7  339.0  444.0  444.0
2024  12  1 12 1400    0.1  967.4    2.2  291.0  444.0  444.0
2024  12  1 12 1500   -0.6  967.7    1.7  266.0  444.0  444.0
2024  12  1 12 1600    0.1  968.1    2.9  280.0  444.0  444.0
2024  12  1 12 1700  444.0  968.5    1.0  304.0  444.0  444.0
2024  12  1 12 1800   -2.2  968.8    2.7  124.0  444.0  444.0
2024  12  1 12 1900   -3.4  969.4    3.4  103.0  444.0  444.0
2024  12  1 12 2000   -2.9  970.0    5.4  117.0  444.0  444.0
2024  12  1 12 2100   -2.2  970.4    4.9  121.0  444.0  444.0
2024  12  1 12 2200   -1.1  970.5    7.4  134.0  444.0  444.0
2024  12  1 12 2300   -1.5  971.1    4.9  136.0  444.0  444.0
2024  13  1 13 0000   -1.8  971.6    4.9  143.0  444.0  444.0
2024  13  1 13 0100   -1.6  971.7    5.9  141.0  444.0  444.0
2024  13  1 13 0200   -1.8  971.8    5.4  131.0  444.0  444.0
2024  13  1 13 0300   -1.9  971.8    5.4  127.0  444.0  444.0
2024  13  1 13 0400   -1.5  972.2    3.4  117.0  444.0  444.0
2024  13  1 13 0500   -1.2  972.3    3.2  132.0  444.0  444.0
2024  13  1 13 0600   -1.9  972.3    3.9  136.0  444.0  444.0
2024  13  1 13 0700   -2.4  972.4    4.7  114.0  444.0  444.0
2024  13  1 13 0800   -3.1  972.7    6.9  124.0  444.0  444.0
2024  13  1 13 0900   -4.5  973.3    5.9  131.0  444.0  444.0
2024  13  1 13 1000   -4.9  973.6    8.6  155.0  444.0  444.0
2024  13  1 13 1100   -5.9  973.3   10.0  145.0  444.0  444.0
2024  13  1 13 1200   -5.9  973.4   10.3  143.0  444.0  444.0
2024  13  1 13 1300   -5.8  973.3    8.8  131.0  444.0  444.0
2024  13  1 13 1400   -5.4  973.0    8.3  129.0  444.0  444.0
2024  13  1 13 1500   -5.4  973.3    6.6  141.0  444.0  444.0
2024  13  1 13 1600   -5.1  973.2    6.9  153.0  444.0  444.0
2024  13  1 13 1700   -5.1  972.6    5.6  145.0  444.0  444.0
2024  13  1 13 1800   -4.0  972.1    6.1  142.0  444.0  444.0
2024  13  1 13 1900   -3.0  971.9    5.1  146.0  444.0  444.0
2024  13  1 13 2000   -2.4  971.6    5.1  134.0  444.0  444.0
2024  13  1 13 2100   -2.9  971.3    4.9  132.0  444.0  444.0
2024  13  1 13 2200   -3.4  971.3    4.4  152.0  444.0  444.0
2024  13  1 13 2300   -3.0  970.0    7.8  127.0  444.0  444.0
2024  14  1 14 0000   -2.0  969.3    5.6  139.0  444.0  444.0
2024  14  1 14 0100   -1.5  968.4    5.1  127.0  444.0  444.0
2024  14  1 14 0200    0.1  967.7    2.5  118.0  444.0  444.0
2024  14  1 14 0300    0.8  967.0    4.2  121.0  444.0  444.0
2024  14  1 14 0400    1.2  966.2    4.7  145.0  444.0  444.0
2024  14  1 14 0500    2.0  965.5    2.7   98.0  444.0  444.0
2024  14  1 14 0600    2.5  964.9    1.2   94.0  444.0  444.0
2024  14  1 14 0700  444.0  964.1    1.5  112.0  444.0  444.0
2024  14  1 14 0800  444.0  963.2    0.0    0.0  444.0  444.0
2024  14  1 14 0900    1.8  962.5    2.2  276.0  444.0  444.0
2024  14  1 14 1000    0.5  962.1    2.9  243.0  444.0  444.0
2024  14  1 14 1100    0.5  961.7    2.0  288.0  444.0  444.0
2024  14  1 14 1200    0.6  961.4    1.7  280.0  444.0  444.0
2024  14  1 14 1300    0.5  961.4    2.0  295.0  444.0  444.0
2024  14  1 14 1400  444.0  961.5    0.0    0.0  444.0  444.0
2024  14  1 14 1500  444.0  961.2    1.0  229.0  444.0  444.0
2024  14  1 14 1600    1.0  961.0   11.8  193.0  444.0  444.0
2024  14  1 14 1700   -0.1  961.9    3.2  248.0  444.0  444.0
2024  14  1 14 1800    1.4  962.4    3.9  228.0  444.0  444.0
2024  14  1 14 1900    1.2  962.7    0.0    0.0  444.0  444.0
2024  14  1 14 2000  444.0  963.3    0.0    0.0  444.0  444.0
2024  14  1 14 2100    0.1  963.9    2.7  114.0  444.0  444.0
2024  14  1 14 2200    0.5  964.6    3.2  107.0  444.0  444.0
2024  14  1 14 2300    0.0  965.1    2.7  112.0  444.0  444.0
2024  15  1 15 0000   -0.4  965.8    2.0  127.0  444.0  444.0
2024  15  1 15 0100    0.8  966.2    4.7  128.0  444.0  444.0
2024  15  1 15 0200    0.8  966.7    4.9  122.0  444.0  444.0
2024  15  1 15 0300    1.2  967.2    4.7  136.0  444.0  444.0
2024  15  1 15 0400    1.6  967.8    3.4  158.0  444.0  444.0
2024  15  1 15 0500    2.0  968.0    1.7  132.0  444.0  444.0
2024  15  1 15 0600    1.2  968.2    3.7  120.0  444.0  444.0
2024  15  1 15 0700    2.0  968.6    2.2  104.0  444.0  444.0
2024  15  1 15 0800  444.0  968.7    0.2  120.0  444.0  444.0
2024  15  1 15 0900  444.0  968.8    0.0    0.0  444.0  444.0
2024  15  1 15 1000  444.0  969.0    1.2  149.0  444.0  444.0
2024  15  1 15 1100  444.0  969.2    0.7   58.0  444.0  444.0
2024  15  1 15 1200  444.0  969.6    1.7  120.0  444.0  444.0
2024  15  1 15 1300   -2.4  969.9    2.0  121.0  444.0  444.0
2024  15  1 15 1400   -1.9  970.2    0.0    0.0  444.0  444.0
2024  15  1 15 1500   -1.8  970.2    0.0    0.0  444.0  444.0
2024  15  1 15 1600   -1.9  970.3    0.0    0.0  444.0  444.0
2024  15  1 15 1700   -1.1  970.1    0.0    0.0  444.0  444.0
2024  15  1 15 1800   -1.2  970.1    0.0    0.0  444.0  444.0
2024  15  1 15 1900   -1.0  969.8    1.0  301.0  444.0  444.0
2024  15  1 15 2000   -1.5  969.8    1.0   11.0  444.0  444.0
2024  15  1 15 2100   -0.8  969.8    0.0    0.0  444.0  444.0
2024  15  1 15 2200   -0.8  969.9    2.0  242.0  444.0  444.0
2024  15  1 15 2300   -0.8  970.2    2.5  131.0  444.0  444.0
2024  16  1 16 0000   -1.2  969.8    7.1  128.0  444.0  444.0
2024  16  1 16 0100   -2.2  970.1    9.3  108.0  444.0  444.0
2024  16  1 16 0200   -3.4  970.3    7.6  120.0  444.0  444.0
2024  16  1 16 0300   -3.4  970.3    7.1  117.0  444.0  444.0
2024  16  1 16 0400   -3.6  971.0    5.9  158.0  444.0  444.0
2024  16  1 16 0500   -1.2  970.6    3.2  159.0  444.0  444.0
2024  16  1 16 0600   -0.6  970.9    6.4  114.0  444.0  444.0
2024  16  1 16 0700   -1.2  970.5   11.5  145.0  444.0  444.0
2024  16  1 16 0800   -0.8  970.9    8.1  149.0  444.0  444.0
2024  16  1 16 0900   -0.8  970.8    7.4  134.0  444.0  444.0
2024  16  1 16 1000   -2.1  971.0    5.9  159.0  444.0  444.0
2024  16  1 16 1100   -2.2  970.3   11.3  122.0  444.0  444.0
2024  16  1 16 1200   -2.0  970.0   10.5  142.0  444.0  444.0
2024  16  1 16 1300   -2.0  969.3   13.0  129.0  444.0  444.0
2024  16  1 16 1400   -1.9  969.0   11.8  146.0  444.0  444.0
2024  16  1 16 1500   -2.2  969.2    8.8  142.0  444.0  444.0
2024  16  1 16 1600   -1.6  969.0    8.3  153.0  444.0  444.0
2024  16  1 16 1700   -2.2  968.0   16.9  125.0  444.0  444.0
2024  16  1 16 1800   -2.0  967.8   17.9  120.0  444.0  444.0
2024  16  1 16 1900   -2.1  967.2   18.9  120.0  444.0  444.0
2024  16  1 16 2000   -2.1  967.3   15.9  120.0  444.0  444.0
2024  16  1 16 2100   -2.2  967.2   25.2  122.0  444.0  444.0
2024  16  1 16 2200   -2.1  968.6   17.6  124.0  444.0  444.0
2024  16  1 16 2300   -2.1  968.6   14.5  125.0  444.0  444.0
2024  17  1 17 0000   -2.0  967.9   18.6  117.0  444.0  444.0
2024  17  1 17 0100   -1.6  968.8   14.5  125.0  444.0  444.0
2024  17  1 17 0200   -1.8  969.2   17.9  105.0  444.0  444.0
2024  17  1 17 0300   -1.6  968.2   18.4  128.0  444.0  444.0
2024  17  1 17 0400   -1.5  969.5   13.7  122.0  444.0  444.0
2024  17  1 17 0500   -1.2  970.3   13.2  127.0  444.0  444.0
2024  17  1 17 0600   -1.2  971.1   11.0  117.0  444.0  444.0
2024  17  1 17 0700   -1.9  971.8    8.3  132.0  444.0  444.0
2024  17  1 17 0800   -2.6  972.4   15.2  111.0  444.0  444.0
2024  17  1 17 0900   -2.9  972.0   11.3  101.0  444.0  444.0
2024  17  1 17 1000   -3.1  972.4   11.8  115.0  444.0  444.0
2024  17  1 17 1100   -3.4  972.8   11.8  111.0  444.0  444.0
2024  17  1 17 1200   -3.4  973.1   10.3  107.0  444.0  444.0
2024  17  1 17 1300   -3.6  974.3    8.1  129.0  444.0  444.0
2024  17  1 17 1400   -3.4  974.5    4.9  105.0  444.0  444.0
2024  17  1 17 1500   -3.6  975.1    3.4  149.0  444.0  444.0
2024  17  1 17 1600   -3.0  975.3    4.9  134.0  444.0  444.0
2024  17  1 17 1700   -3.4  975.4    6.1  125.0  444.0  444.0
2024  17  1 17 1800   -2.9  975.4    7.6  135.0  444.0  444.0
2024  17  1 17 1900   -2.8  975.8    6.4  155.0  444.0  444.0
2024  17  1 17 2000   -2.2  976.1    4.2  143.0  444.0  444.0
2024  17  1 17 2100   -1.6  976.2    4.7  141.0  444.0  444.0
2024  17  1 17 2200   -1.2  976.3    4.2  127.0  444.0  444.0
2024  17  1 17 2300   -1.1  976.4    3.2  129.0  444.0  444.0
2024  18  1 18 0000   -1.1  976.7    2.7  131.0  444.0  444.0
2024  18  1 18 0100   -1.1  976.7    3.2  128.0  444.0  444.0
2024  18  1 18 0200   -1.2  976.4    2.9  134.0  444.0  444.0
2024  18  1 18 0300   -1.6  976.5    3.7  129.0  444.0  444.0
2024  18  1 18 0400   -1.5  976.3    4.4  149.0  444.0  444.0
2024  18  1 18 0500   -1.5  976.3    2.7  142.0  444.0  444.0
2024  18  1 18 0600   -1.6  976.4    2.0  121.0  444.0  444.0
2024  18  1 18 0700   -1.9  976.3    3.7  138.0  444.0  444.0
2024  18  1 18 0800   -1.9  976.3    1.7  134.0  444.0  444.0
2024  18  1 18 0900   -2.4  976.2    2.5  146.0  444.0  444.0
2024  18  1 18 1000   -1.9  976.3    1.7  159.0  444.0  444.0
2024  18  1 18 1100   -1.9  976.3    1.2  155.0  444.0  444.0
2024  18  1 18 1200   -2.2  976.3    1.2  166.0  444.0  444.0
2024  18  1 18 1300   -2.8  976.2    1.7  179.0  444.0  444.0
2024  18  1 18 1400   -2.8  976.1    0.0    0.0  444.0  444.0
2024  18  1 18 1500   -2.8  976.0    1.5  129.0  444.0  444.0
2024  18  1 18 1600   -2.5  976.0    1.5  204.0  444.0  444.0
2024  18  1 18 1700   -2.2  976.0    1.7  167.0  444.0  444.0
2024  18  1 18 1800   -2.2  976.1    0.0    0.0  444.0  444.0
2024  18  1 18 1900   -1.1  976.1    0.0    0.0  444.0  444.0
2024  18  1 18 2000   -1.0  976.1    0.0    0.0  444.0  444.0
2024  18  1 18 2100    0.8  976.0    0.0    0.0  444.0  444.0
2024  18  1 18 2200    0.8  975.8    2.2  240.0  444.0  444.0
2024  18  1 18 2300    0.5  976.0    1.7   87.0  444.0  444.0
2024  19  1 19 0000    1.1  975.8    2.5  107.0  444.0  444.0
2024  19  1 19 0100    2.0  975.7    2.5   60.0  444.0  444.0
2024  19  1 19 0200    1.1  975.4    1.0  105.0  444.0  444.0
2024  19  1 19 0300    0.2  975.6    2.7  104.0  444.0  444.0
2024  19  1 19 0400    0.5  975.6    2.0  100.0  444.0  444.0
2024  19  1 19 0500   -0.8  975.7    3.2  101.0  444.0  444.0
2024  19  1 19 0600   -1.8  976.1    2.5   93.0  444.0  444.0
2024  19  1 19 0700   -1.9  976.4    2.5  117.0  444.0  444.0
2024  19  1 19 0800   -2.0  976.7    2.7  110.0  444.0  444.0
2024  19  1 19 0900   -2.5  977.0    0.0    0.0  444.0  444.0
2024  19  1 19 1000   -2.6  977.4    0.2  103.0  444.0  444.0
2024  19  1 19 1100   -2.8  977.5    1.7  262.0  444.0  444.0
2024  19  1 19 1200   -2.2  977.8    2.9  245.0  444.0  444.0
2024  19  1 19 1300   -3.4  977.9    0.7   65.0  444.0  444.0
2024  19  1 19 1400   -3.4  978.0    0.7  146.0  444.0  444.0
2024  19  1 19 1500   -3.6  978.4    1.5  354.0  444.0  444.0
2024  19  1 19 1600  444.0  978.6    1.0  338.0  444.0  444.0
2024  19  1 19 1700  444.0  979.0    0.7  307.0  444.0  444.0
2024  19  1 19 1800  444.0  979.1    0.0    0.0  444.0  444.0
2024  19  1 19 1900  444.0  979.2    0.0    0.0  444.0  444.0
2024  19  1 19 2000  444.0  979.4    1.2  354.0  444.0  444.0
2024  19  1 19 2100  444.0  979.4    1.0  359.0  444.0  444.0
2024  19  1 19 2200    0.4  979.3    3.9  354.0  444.0  444.0
2024  19  1 19 2300   -0.1  979.5    3.7  285.0  444.0  444.0
2024  20  1 20 0000   -1.6  979.5    3.9  349.0  444.0  444.0
2024  20  1 20 0100   -0.6  979.6    3.4  354.0  444.0  444.0
2024  20  1 20 0200    0.6  979.6    1.7  360.0  444.0  444.0
2024  20  1 20 0300    0.8  979.4    1.7  360.0  444.0  444.0
2024  20  1 20 0400    0.6  979.4    2.9  359.0  444.0  444.0
2024  20  1 20 0500   -1.6  979.4    3.9  359.0  444.0  444.0
2024  20  1 20 0600   -0.5  979.5    3.9  349.0  444.0  444.0
2024  20  1 20 0700   -0.8  979.7    5.1  346.0  444.0  444.0
2024  20  1 20 0800    0.1  979.5    4.7  359.0  444.0  444.0
2024  20  1 20 0900   -1.8  979.3    3.7  354.0  444.0  444.0
2024  20  1 20 1000   -2.0  979.5    2.0  356.0  444.0  444.0
2024  20  1 20 1100   -2.1  979.8    2.9  340.0  444.0  444.0
2024  20  1 20 1200   -1.8  980.1    3.9  298.0  444.0  444.0
2024  20  1 20 1300   -2.4  980.1    2.2  297.0  444.0  444.0
2024  20  1 20 1400   -2.2  980.2    1.5  294.0  444.0  444.0
2024  20  1 20 1500   -1.6  980.1    2.0  298.0  444.0  444.0
2024  20  1 20 1600   -1.9  980.4    2.0  359.0  444.0  444.0
2024  20  1 20 1700   -1.2  980.5    1.0  326.0  444.0  444.0
2024  20  1 20 1800   -1.0  980.5    0.0    0.0  444.0  444.0
2024  20  1 20 1900   -1.9  980.5    2.0  118.0  444.0  444.0
2024  20  1 20 2000   -2.2  980.6    2.0  124.0  444.0  444.0
2024  20  1 20 2100   -2.4  980.8    2.9  108.0  444.0  444.0
2024  20  1 20 2200   -1.1  981.0    2.5  124.0  444.0  444.0
2024  20  1 20 2300   -0.1  980.8    2.0  108.0  444.0  444.0
2024  21  1 21 0000    0.1  980.5    2.0   77.0  444.0  444.0
2024  21  1 21 0100   -1.0  980.2    2.9  105.0  444.0  444.0
2024  21  1 21 0200   -0.8  980.1    2.7  100.0  444.0  444.0
2024  21  1 21 0300   -0.2  980.1    3.7  100.0  444.0  444.0
2024  21  1 21 0400   -0.1  979.8    3.9  111.0  444.0  444.0
2024  21  1 21 0500   -1.4  979.7    5.4  118.0  444.0  444.0
2024  21  1 21 0600   -2.0  979.9    5.4  121.0  444.0  444.0
2024  21  1 21 0700   -3.8  980.0    6.4  129.0  444.0  444.0
2024  21  1 21 0800   -3.6  980.1    6.1  128.0  444.0  444.0
2024  21  1 21 0900   -3.5  980.1    5.1  134.0  444.0  444.0
2024  21  1 21 1000   -3.6  980.2    3.7  138.0  444.0  444.0
2024  21  1 21 1100   -3.4  980.1    6.4  139.0  444.0  444.0
2024  21  1 21 1200   -3.8  979.9    9.6  142.0  444.0  444.0
2024  21  1 21 1300   -3.9  979.7    7.6  127.0  444.0  444.0
2024  21  1 21 1400   -4.0  979.6    7.4  142.0  444.0  444.0
2024  21  1 21 1500   -4.1  979.7    9.6  134.0  444.0  444.0
2024  21  1 21 1600   -4.8  979.6    9.6  145.0  444.0  444.0
2024  21  1 21 1700   -4.6  980.0    7.6  132.0  444.0  444.0
2024  21  1 21 1800   -4.4  980.0    6.6  141.0  444.0  444.0
2024  21  1 21 1900   -5.1  980.3    8.1  135.0  444.0  444.0
2024  21  1 21 2000   -5.1  980.0   10.8  129.0  444.0  444.0
2024  21  1 21 2100   -4.9  979.5   13.7  125.0  444.0  444.0
2024  21  1 21 2200   -4.6  980.3    9.3  129.0  444.0  444.0
2024  21  1 21 2300   -4.9  980.1   11.3  135.0  444.0  444.0
2024  22  1 22 0000   -4.8  980.4   10.8  129.0  444.0  444.0
2024  22  1 22 0100   -4.4  980.4   10.8  135.0  444.0  444.0
2024  22  1 22 0200   -4.1  980.9    8.1  138.0  444.0  444.0
2024  22  1 22 0300   -4.2  981.4    5.1  156.0  444.0  444.0
2024  22  1 22 0400   -4.5  981.0    5.9  141.0  444.0  444.0
2024  22  1 22 0500   -4.4  980.9    6.6  136.0  444.0  444.0
2024  22  1 22 0600   -4.5  980.9    7.1  136.0  444.0  444.0
2024  22  1 22 0700   -4.2  980.9    6.6  146.0  444.0  444.0
2024  22  1 22 0800   -4.4  980.8    4.4  129.0  444.0  444.0
2024  22  1 22 0900   -4.4  980.6    4.7  132.0  444.0  444.0
2024  22  1 22 1000   -4.4  980.6    3.9  136.0  444.0  444.0
2024  22  1 22 1100   -4.6  980.4    1.5  142.0  444.0  444.0
2024  22  1 22 1200  444.0  980.1    0.0    0.0  444.0  444.0
2024  22  1 22 1300  444.0  979.7    0.0    0.0  444.0  444.0
2024  22  1 22 1400  444.0  979.5    0.0    0.0  444.0  444.0
2024  22  1 22 1500  444.0  979.1    0.7  224.0  444.0  444.0
2024  22  1 22 1600  444.0  978.6    1.0  108.0  444.0  444.0
2024  22  1 22 1700  444.0  978.4    1.5  138.0  444.0  444.0
2024  22  1 22 1800  444.0  978.1    0.0    0.0  444.0  444.0
2024  22  1 22 1900   -3.0  977.6    2.0  105.0  444.0  444.0
2024  22  1 22 2000   -2.8  977.2    2.0  139.0  444.0  444.0
2024  22  1 22 2100   -3.0  976.8    2.2  112.0  444.0  444.0
2024  22  1 22 2200   -3.1  976.4    1.7  129.0  444.0  444.0
2024  22  1 22 2300   -4.0  976.1    0.5  103.0  444.0  444.0
2024  23  1 23 0000   -3.1  975.5    2.0   77.0  444.0  444.0
2024  23  1 23 0100  444.0  974.9    1.2  356.0  444.0  444.0
2024  23  1 23 0200   -2.5  974.1    3.4   69.0  444.0  444.0
2024  23  1 23 0300   -2.2  973.8    2.0   70.0  444.0  444.0
2024  23  1 23 0400   -2.5  973.3    2.7   53.0  444.0  444.0
2024  23  1 23 0500   -2.2  972.7    2.2   59.0  444.0  444.0
2024  23  1 23 0600   -3.0  972.3    1.7   66.0  444.0  444.0
2024  23  1 23 0700   -3.5  971.9    1.5   90.0  444.0  444.0
2024  23  1 23 0800   -3.5  971.7    2.5  135.0  444.0  444.0
2024  23  1 23 0900   -4.8  971.6    3.2  134.0  444.0  444.0
2024  23  1 23 1000   -5.2  971.3    3.7  121.0  444.0  444.0
2024  23  1 23 1100   -5.8  971.2    4.2  132.0  444.0  444.0
2024  23  1 23 1200   -6.1  971.0    5.1  132.0  444.0  444.0
2024  23  1 23 1300   -6.4  970.9    3.9  129.0  444.0  444.0
2024  23  1 23 1400   -6.5  970.8    5.4  118.0  444.0  444.0
2024  23  1 23 1500   -7.0  970.7    5.4  115.0  444.0  444.0
2024  23  1 23 1600   -7.2  970.8    6.4  131.0  444.0  444.0
2024  23  1 23 1700   -7.1  970.9    6.4  127.0  444.0  444.0
2024  23  1 23 1800   -7.1  971.1    6.4  136.0  444.0  444.0
2024  23  1 23 1900   -7.1  971.3    6.9  142.0  444.0  444.0
2024  23  1 23 2000   -6.6  971.6    6.9  136.0  444.0  444.0
2024  23  1 23 2100   -6.2  971.9    6.9  132.0  444.0  444.0
2024  23  1 23 2200   -6.4  972.4    6.9  145.0  444.0  444.0
2024  23  1 23 2300   -7.5  972.9    8.3  132.0  444.0  444.0
2024  24  1 24 0000   -6.6  973.4    6.6  142.0  444.0  444.0
2024  24  1 24 0100   -6.1  973.6    8.3  143.0  444.0  444.0
2024  24  1 24 0200   -5.8  974.0    6.6  145.0  444.0  444.0
2024  24  1 24 0300   -5.8  974.2    7.1  131.0  444.0  444.0
2024  24  1 24 0400   -6.5  974.5   10.0  131.0  444.0  444.0
2024  24  1 24 0500   -6.8  975.2    8.3  142.0  444.0  444.0
2024  24  1 24 0600   -7.0  975.9    7.4  141.0  444.0  444.0
2024  24  1 24 0700   -7.0  976.5   10.0  155.0  444.0  444.0
2024  24  1 24 0800   -6.6  976.6    8.8  146.0  444.0  444.0
2024  24  1 24 0900   -7.0  977.0   13.5  156.0  444.0  444.0
2024  24  1 24 1000   -7.5  978.0    8.6  152.0  444.0  444.0
2024  24  1 24 1100   -7.8  978.7   10.3  146.0  444.0  444.0
2024  24  1 24 1200   -7.9  979.2   12.5  155.0  444.0  444.0
2024  24  1 24 1300   -8.5  979.4    9.3  150.0  444.0  444.0
2024  24  1 24 1400   -8.1  979.8    9.6  150.0  444.0  444.0
2024  24  1 24 1500   -8.4  980.0    7.6  153.0  444.0  444.0
2024  24  1 24 1600   -8.1  980.1   12.0  145.0  444.0  444.0
2024  24  1 24 1700   -7.9  980.8    7.1  143.0  444.0  444.0
2024  24  1 24 1800   -7.5  981.3    7.8  138.0  444.0  444.0
2024  24  1 24 1900   -6.8  981.8    9.8  141.0  444.0  444.0
2024  24  1 24 2000   -6.0  982.2    9.8  148.0  444.0  444.0
2024  24  1 24 2100   -5.9  982.2    9.8  142.0  444.0  444.0
2024  24  1 24 2200   -5.4  982.4   10.5  135.0  444.0  444.0
2024  24  1 24 2300   -5.5  982.5    8.3  138.0  444.0  444.0
2024  25  1 25 0000   -5.2  982.8    4.7  124.0  444.0  444.0
2024  25  1 25 0100   -4.9  982.3    7.4  134.0  444.0  444.0
2024  25  1 25 0200   -3.5  982.5    5.4  141.0  444.0  444.0
2024  25  1 25 0300   -3.5  982.3    6.4  125.0  444.0  444.0
2024  25  1 25 0400   -3.6  981.6    7.6  121.0  444.0  444.0
2024  25  1 25 0500   -3.5  981.7    5.9  145.0  444.0  444.0
2024  25  1 25 0600   -3.1  981.5    5.4  134.0  444.0  444.0
2024  25  1 25 0700   -3.1  981.0    4.4  128.0  444.0  444.0
2024  25  1 25 0800   -3.6  980.4    5.1  145.0  444.0  444.0
2024  25  1 25 0900   -4.1  980.0    6.1  156.0  444.0  444.0
2024  25  1 25 1000   -5.1  979.5    5.4  136.0  444.0  444.0
2024  25  1 25 1100   -4.9  979.4    4.4  162.0  444.0  444.0
2024  25  1 25 1200   -4.5  979.1    2.2  165.0  444.0  444.0
2024  25  1 25 1300   -6.1  978.4    2.7  219.0  444.0  444.0
2024  25  1 25 1400   -5.8  977.8    2.7  240.0  444.0  444.0
2024  25  1 25 1500  444.0  977.0    2.7  252.0  444.0  444.0
2024  25  1 25 1600  444.0  976.3    0.0    0.0  444.0  444.0
2024  25  1 25 1700  444.0  975.3    1.2  298.0  444.0  444.0
2024  25  1 25 1800  444.0  974.4    0.0    0.0  444.0  444.0
2024  25  1 25 1900   -4.4  973.5    2.5  338.0  444.0  444.0
2024  25  1 25 2000   -3.4  972.9    2.7  347.0  444.0  444.0
2024  25  1 25 2100  444.0  972.1    1.0  360.0  444.0  444.0
2024  25  1 25 2200   -3.0  971.4    2.2  345.0  444.0  444.0
2024  25  1 25 2300   -2.5  971.0    2.2   51.0  444.0  444.0
2024  26  1 26 0000   -2.5  970.6    2.2   21.0  444.0  444.0
2024  26  1 26 0100   -1.9  970.2    2.0  353.0  444.0  444.0
2024  26  1 26 0200   -2.0  969.7    2.5  343.0  444.0  444.0
2024  26  1 26 0300   -1.9  969.4    2.7  360.0  444.0  444.0
2024  26  1 26 0400   -1.8  969.2    2.5  359.0  444.0  444.0
2024  26  1 26 0500   -1.6  969.2    3.4    1.0  444.0  444.0
2024  26  1 26 0600   -1.9  969.1    3.2  342.0  444.0  444.0
2024  26  1 26 0700   -1.4  969.0    5.1  335.0  444.0  444.0
2024  26  1 26 0800   -2.0  969.2    4.2  263.0  444.0  444.0
2024  26  1 26 0900   -2.9  969.3    3.7  269.0  444.0  444.0
2024  26  1 26 1000   -3.0  969.5    3.4  264.0  444.0  444.0
2024  26  1 26 1100   -3.0  970.0    2.7  269.0  444.0  444.0
2024  26  1 26 1200   -3.5  970.2    3.7  292.0  444.0  444.0
2024  26  1 26 1300   -3.6  970.8    2.5  297.0  444.0  444.0
2024  26  1 26 1400   -3.6  971.2    1.0  300.0  444.0  444.0
2024  26  1 26 1500   -2.2  971.6    0.0    0.0  444.0  444.0
2024  26  1 26 1600   -5.8  971.8    2.7  138.0  444.0  444.0
2024  26  1 26 1700   -5.8  972.3    3.7  125.0  444.0  444.0
2024  26  1 26 1800   -4.8  972.9    2.5  124.0  444.0  444.0
2024  26  1 26 1900   -3.5  973.3    1.5  115.0  444.0  444.0
2024  26  1 26 2000   -4.1  973.8    2.5   97.0  444.0  444.0
2024  26  1 26 2100   -3.6  974.2    1.5  117.0  444.0  444.0
2024  26  1 26 2200   -2.2  974.8    0.5   39.0  444.0  444.0
2024  26  1 26 2300   -2.2  975.3    1.5  360.0  444.0  444.0
2024  27  1 27 0000   -3.0  975.7    2.2  359.0  444.0  444.0
2024  27  1 27 0100   -2.1  975.8    2.7  360.0  444.0  444.0
2024  27  1 27 0200   -1.9  976.1    3.4    6.0  444.0  444.0
2024  27  1 27 0300  444.0  976.3    1.0   32.0  444.0  444.0
2024  27  1 27 0400   -1.4  976.8    2.0  338.0  444.0  444.0
2024  27  1 27 0500   -1.4  977.0    1.7  354.0  444.0  444.0
2024  27  1 27 0600   -1.2  977.5    3.2  350.0  444.0  444.0
2024  27  1 27 0700   -2.2  977.5    2.9  360.0  444.0  444.0
2024  27  1 27 0800   -1.4  977.8    2.5  353.0  444.0  444.0
2024  27  1 27 0900   -1.8  977.8    2.5  359.0  444.0  444.0
2024  27  1 27 1000  444.0  977.9    0.0    0.0  444.0  444.0
2024  27  1 27 1100  444.0  978.0    2.0   89.0  444.0  444.0
2024  27  1 27 1200   -2.2  978.0    1.7  225.0  444.0  444.0
2024  27  1 27 1300   -2.6  978.0    2.7   91.0  444.0  444.0
2024  27  1 27 1400   -4.5  978.0    3.2  211.0  444.0  444.0
2024  27  1 27 1500   -4.0  978.0    9.6  167.0  444.0  444.0
2024  27  1 27 1600   -3.8  978.2    9.8  170.0  444.0  444.0
2024  27  1 27 1700   -6.1  978.2    8.8  139.0  444.0  444.0
2024  27  1 27 1800   -3.4  978.4   13.5  195.0  444.0  444.0
2024  27  1 27 1900   -4.9  979.2    7.1  138.0  444.0  444.0
2024  27  1 27 2000   -5.5  980.4    9.6  138.0  444.0  444.0
2024  27  1 27 2100   -3.8  981.5    5.6  143.0  444.0  444.0
2024  27  1 27 2200   -3.8  981.4    9.6  120.0  444.0  444.0
2024  27  1 27 2300   -4.8  982.5    5.9  124.0  444.0  444.0
2024  28  1 28 0000   -5.1  982.9    4.9  136.0  444.0  444.0
2024  28  1 28 0100   -4.0  982.8    4.4  128.0  444.0  444.0
2024  28  1 28 0200   -2.0  983.1    0.0    0.0  444.0  444.0
2024  28  1 28 0300   -1.8  982.8    3.2  345.0  444.0  444.0
2024  28  1 28 0400   -1.2  982.3    3.7  253.0  444.0  444.0
2024  28  1 28 0500   -1.5  981.9    3.2  269.0  444.0  444.0
2024  28  1 28 0600   -0.5  981.5    2.7  325.0  444.0  444.0
2024  28  1 28 0700   -1.1  981.1    2.2  305.0  444.0  444.0
2024  28  1 28 0800   -1.6  980.9    4.2  295.0  444.0  444.0
2024  28  1 28 0900   -1.6  980.9    2.7  281.0  444.0  444.0
2024  28  1 28 1000   -2.5  981.1    2.2  278.0  444.0  444.0
2024  28  1 28 1100   -2.8  981.2    2.2  256.0  444.0  444.0
2024  28  1 28 1200   -3.5  981.1    1.7  240.0  444.0  444.0
2024  28  1 28 1300   -3.6  981.0    2.5  240.0  444.0  444.0
2024  28  1 28 1400   -3.4  980.9    1.5  269.0  444.0  444.0
2024  28  1 28 1500   -2.1  980.8    2.2  212.0  444.0  444.0
2024  28  1 28 1600   -1.6  980.9    1.0  139.0  444.0  444.0
2024  28  1 28 1700   -1.8  980.9    2.2  238.0  444.0  444.0
2024  28  1 28 1800   -2.0  981.0    3.2  135.0  444.0  444.0
2024  28  1 28 1900   -3.4  981.2    2.9  125.0  444.0  444.0
2024  28  1 28 2000   -2.4  981.3    2.2  112.0  444.0  444.0
2024  28  1 28 2100   -1.9  981.2    2.2  114.0  444.0  444.0
2024  28  1 28 2200   -1.9  981.2    1.5  105.0  444.0  444.0
2024  28  1 28 2300   -3.1  981.1    3.7  118.0  444.0  444.0
2024  29  1 29 0000   -3.1  981.2    5.9  122.0  444.0  444.0
2024  29  1 29 0100   -3.6  981.3    6.1  104.0  444.0  444.0
2024  29  1 29 0200   -2.9  981.3    7.6   98.0  444.0  444.0
2024  29  1 29 0300   -3.4  981.1    7.4  111.0  444.0  444.0
2024  29  1 29 0400   -3.6  981.5    5.4  132.0  444.0  444.0
2024  29  1 29 0500   -4.0  981.6    4.9  120.0  444.0  444.0
2024  29  1 29 0600   -4.6  981.6    5.6  120.0  444.0  444.0
2024  29  1 29 0700   -5.2  981.6    5.4  135.0  444.0  444.0
2024  29  1 29 0800   -4.5  981.8    4.7  139.0  444.0  444.0
2024  29  1 29 0900   -5.8  981.8    7.6  117.0  444.0  444.0
2024  29  1 29 1000   -5.9  982.2    6.4  121.0  444.0  444.0
2024  29  1 29 1100   -6.2  982.5    4.9  114.0  444.0  444.0
2024  29  1 29 1200   -6.6  982.7    6.4  124.0  444.0  444.0
2024  29  1 29 1300   -6.6  983.0    4.2  153.0  444.0  444.0
2024  29  1 29 1400   -6.8  983.0    3.9  129.0  444.0  444.0
2024  29  1 29 1500   -6.5  983.0    3.2  108.0  444.0  444.0
2024  29  1 29 1600   -6.6  983.2    3.7  134.0  444.0  444.0
2024  29  1 29 1700   -6.6  983.3    3.7  131.0  444.0  444.0
2024  29  1 29 1800   -6.6  983.5    5.6  108.0  444.0  444.0
2024  29  1 29 1900   -5.8  983.5    4.4  143.0  444.0  444.0
2024  29  1 29 2000   -6.5  983.2    9.3  139.0  444.0  444.0
2024  29  1 29 2100   -6.1  983.2    7.8  127.0  444.0  444.0
2024  29  1 29 2200   -5.8  983.3    6.9  125.0  444.0  444.0
2024  29  1 29 2300   -5.4  983.3    4.9  136.0  444.0  444.0
2024  30  1 30 0000   -4.9  983.2    4.2  114.0  444.0  444.0
2024  30  1 30 0100   -3.6  983.2    2.7  122.0  444.0  444.0
2024  30  1 30 0200   -3.8  982.9    3.4   89.0  444.0  444.0
2024  30  1 30 0300   -2.8  982.7    1.2  131.0  444.0  444.0
2024  30  1 30 0400  444.0  982.5    1.7   75.0  444.0  444.0
2024  30  1 30 0500   -3.1  982.1    6.4  101.0  444.0  444.0
2024  30  1 30 0600   -4.4  982.2    3.9   91.0  444.0  444.0
2024  30  1 30 0700   -4.6  982.0    3.7  129.0  444.0  444.0
2024  30  1 30 0800   -5.1  981.8    1.0  107.0  444.0  444.0
2024  30  1 30 0900   -5.2  981.8    3.2  115.0  444.0  444.0
2024  30  1 30 1000   -5.0  981.9    2.7   87.0  444.0  444.0
2024  30  1 30 1100   -5.4  981.9    3.9   94.0  444.0  444.0
2024  30  1 30 1200   -5.9  982.1    5.9  145.0  444.0  444.0
2024  30  1 30 1300   -6.0  982.0    5.4  134.0  444.0  444.0
2024  30  1 30 1400   -5.9  981.9    3.4  160.0  444.0  444.0
2024  30  1 30 1500   -5.5  981.5    2.5  184.0  444.0  444.0
2024  30  1 30 1600   -5.8  981.1    1.7  218.0  444.0  444.0
2024  30  1 30 1700  444.0  981.0    1.2  229.0  444.0  444.0
2024  30  1 30 1800  444.0  980.9    1.2  212.0  444.0  444.0
2024  30  1 30 1900  444.0  980.7    1.2  204.0  444.0  444.0
2024  30  1 30 2000  444.0  980.2    0.0    0.0  444.0  444.0
2024  30  1 30 2100  444.0  979.9    1.5   87.0  444.0  444.0
2024  30  1 30 2200   -3.9  980.1    5.9  101.0  444.0  444.0
2024  30  1 30 2300   -4.4  980.2   10.0  101.0  444.0  444.0
2024  31  1 31 0000   -4.1  980.1   11.0  128.0  444.0  444.0
2024  31  1 31 0100   -4.5  980.7    9.6  121.0  444.0  444.0
2024  31  1 31 0200   -4.5  980.5    7.8  121.0  444.0  444.0
2024  31  1 31 0300   -3.9  980.4    5.9  117.0  444.0  444.0
2024  31  1 31 0400   -3.5  980.5    1.5  120.0  444.0  444.0
2024  31  1 31 0500   -4.0  980.1    2.2    4.0  444.0  444.0
2024  31  1 31 0600   -1.6  980.1    1.7  221.0  444.0  444.0
2024  31  1 31 0700   -0.8  979.7    0.2  149.0  444.0  444.0
2024  31  1 31 0800   -3.9  979.3    1.7   70.0  444.0  444.0
2024  31  1 31 0900  444.0  979.3    0.0    0.0  444.0  444.0
2024  31  1 31 1000   -4.6  979.1    2.7  246.0  444.0  444.0
2024  31  1 31 1100   -5.4  979.0    2.9  239.0  444.0  444.0
2024  31  1 31 1200   -5.2  978.9    2.9  257.0  444.0  444.0
2024  31  1 31 1300  444.0  978.6    0.0    0.0  444.0  444.0
2024  31  1 31 1400   -5.8  978.0    3.4  179.0  444.0  444.0
2024  31  1 31 1500   -4.1  977.8    0.0    0.0  444.0  444.0
2024  31  1 31 1600  444.0  977.4    0.0    0.0  444.0  444.0
2024  31  1 31 1700   -3.0  977.1    2.2  283.0  444.0  444.0
2024  31  1 31 1800   -3.1  976.6    2.0  287.0  444.0  444.0
2024  31  1 31 1900   -2.9  976.3    0.0    0.0  444.0  444.0
2024  31  1 31 2000  444.0  975.8    0.0    0.0  444.0  444.0
2024  31  1 31 2100   -0.8  975.3    1.2  352.0  444.0  444.0
2024  31  1 31 2200   -0.8  974.9    0.5  360.0  444.0  444.0
2024  31  1 31 2300   -1.8  974.8    1.7  111.0  444.0  444.0
