Year: 2019  Month: 06  ID: MPT  ARGOS:  8906  Name: Marble Point        
Lat: 77.44S  Lon: 163.76E  Elev:  108m
2019 152  6  1 0000  -18.9  992.3    9.1  150.0  444.0  444.0
2019 152  6  1 0100  -19.1  993.3    5.1  145.0  444.0  444.0
2019 152  6  1 0200  -19.8  993.6    6.1  156.0  444.0  444.0
2019 152  6  1 0300  -20.0  994.0    5.6  152.0  444.0  444.0
2019 152  6  1 0400  -20.2  994.5    3.9  139.0  444.0  444.0
2019 152  6  1 0500  -20.0  995.1    3.9  153.0  444.0  444.0
2019 152  6  1 0600  -19.0  995.5    2.7  170.0  444.0  444.0
2019 152  6  1 0700  -18.9  995.8    2.0  215.0  444.0  444.0
2019 152  6  1 0800  -19.4  996.3    3.2  226.0  444.0  444.0
2019 152  6  1 0900  -19.0  996.6    2.0  219.0  444.0  444.0
2019 152  6  1 1000  -19.6  996.5    1.5  302.0  444.0  444.0
2019 152  6  1 1100  -19.1  996.5    4.4  309.0  444.0  444.0
2019 152  6  1 1200  -19.5  996.4    1.5  301.0  444.0  444.0
2019 152  6  1 1300  -20.1  996.1    1.0  316.0  444.0  444.0
2019 152  6  1 1400  -20.5  995.5    2.2  287.0  444.0  444.0
2019 152  6  1 1500  -20.6  994.9    2.9  304.0  444.0  444.0
2019 152  6  1 1600  -21.1  994.5    3.9  323.0  444.0  444.0
2019 152  6  1 1700  -21.9  994.0    5.4  302.0  444.0  444.0
2019 152  6  1 1800  -20.1  993.3    7.6  307.0  444.0  444.0
2019 152  6  1 1900  -20.5  993.1    5.6  307.0  444.0  444.0
2019 152  6  1 2000  -21.1  992.9    3.4  315.0  444.0  444.0
2019 152  6  1 2100  -21.8  992.6    3.2  283.0  444.0  444.0
2019 152  6  1 2200  -21.5  992.2    1.5  297.0  444.0  444.0
2019 152  6  1 2300  -21.8  991.8    2.7  300.0  444.0  444.0
2019 153  6  2 0000  -21.9  991.1    2.2  314.0  444.0  444.0
2019 153  6  2 0100  -22.0  990.7    1.5  290.0  444.0  444.0
2019 153  6  2 0200  -22.1  990.0    0.7  319.0  444.0  444.0
2019 153  6  2 0300  -22.4  989.6    1.0  284.0  444.0  444.0
2019 153  6  2 0400  -21.1  989.5    0.7  278.0  444.0  444.0
2019 153  6  2 0500  -20.8  989.2    0.0    0.0  444.0  444.0
2019 153  6  2 0600  -20.9  989.0    1.5  198.0  444.0  444.0
2019 153  6  2 0700  -21.5  988.5    3.2  120.0  444.0  444.0
2019 153  6  2 0800  -20.9  988.2    4.4  128.0  444.0  444.0
2019 153  6  2 0900  -20.9  987.9    4.9  142.0  444.0  444.0
2019 153  6  2 1000  -20.9  987.4    7.1  143.0  444.0  444.0
2019 153  6  2 1100  -21.0  986.8    6.6  143.0  444.0  444.0
2019 153  6  2 1200  -22.1  986.2    8.8  132.0  444.0  444.0
2019 153  6  2 1300  -22.4  986.1    7.6  149.0  444.0  444.0
2019 153  6  2 1400  -22.6  985.5    7.8  156.0  444.0  444.0
2019 153  6  2 1500  -23.6  985.0   10.3  145.0  444.0  444.0
2019 153  6  2 1600  -24.5  984.8    8.3  142.0  444.0  444.0
2019 153  6  2 1700  -24.9  984.4   10.3  155.0  444.0  444.0
2019 153  6  2 1800  -25.0  983.4    9.3  143.0  444.0  444.0
2019 153  6  2 1900  -25.4  983.0    9.3  139.0  444.0  444.0
2019 153  6  2 2000  -25.2  983.1   10.3  145.0  444.0  444.0
2019 153  6  2 2100  -25.1  983.1    6.6  149.0  444.0  444.0
2019 153  6  2 2200  -25.5  983.1    5.1  148.0  444.0  444.0
2019 153  6  2 2300  -25.5  983.1    0.5  145.0  444.0  444.0
2019 154  6  3 0000  -26.6  983.2    0.7  105.0  444.0  444.0
2019 154  6  3 0100  -26.6  982.9    0.0    0.0  444.0  444.0
2019 154  6  3 0200  -26.0  982.7    0.0    0.0  444.0  444.0
2019 154  6  3 0300  -26.0  982.6    0.7  309.0  444.0  444.0
2019 154  6  3 0400  -27.0  983.1    3.7  141.0  444.0  444.0
2019 154  6  3 0500  -26.5  982.9    1.2  201.0  444.0  444.0
2019 154  6  3 0600  -26.2  983.2    0.5  207.0  444.0  444.0
2019 154  6  3 0700  -26.2  982.7    0.7  231.0  444.0  444.0
2019 154  6  3 0800  -26.8  982.4    2.9  270.0  444.0  444.0
2019 154  6  3 0900  -26.6  982.0    2.0  280.0  444.0  444.0
2019 154  6  3 1000  -26.0  981.3    0.0    0.0  444.0  444.0
2019 154  6  3 1100  -25.8  981.0    1.0  283.0  444.0  444.0
2019 154  6  3 1200  -25.1  980.9    2.5  240.0  444.0  444.0
2019 154  6  3 1300  -25.8  980.2    1.0  193.0  444.0  444.0
2019 154  6  3 1400  -25.6  979.6    2.0  121.0  444.0  444.0
2019 154  6  3 1500  -26.0  979.5    0.5  250.0  444.0  444.0
2019 154  6  3 1600  -24.9  978.9    3.4  187.0  444.0  444.0
2019 154  6  3 1700  -24.9  978.0    2.5  253.0  444.0  444.0
2019 154  6  3 1800  -25.8  977.2    3.9  246.0  444.0  444.0
2019 154  6  3 1900  -26.5  976.6    5.9  256.0  444.0  444.0
2019 154  6  3 2000  -25.8  976.0    3.9  266.0  444.0  444.0
2019 154  6  3 2100  -24.9  975.3    5.6  260.0  444.0  444.0
2019 154  6  3 2200  -24.8  974.9    5.4  291.0  444.0  444.0
2019 154  6  3 2300  -25.0  973.7    3.4  198.0  444.0  444.0
2019 155  6  4 0000  -26.8  973.1    0.0    0.0  444.0  444.0
2019 155  6  4 0100  -27.9  972.7    0.0    0.0  444.0  444.0
2019 155  6  4 0200  -29.0  972.3    0.5  290.0  444.0  444.0
2019 155  6  4 0300  -28.9  971.9    4.2  127.0  444.0  444.0
2019 155  6  4 0400  -28.5  971.5    3.2  127.0  444.0  444.0
2019 155  6  4 0500  -30.1  971.1    2.9  159.0  444.0  444.0
2019 155  6  4 0600  -30.2  970.6    3.2  134.0  444.0  444.0
2019 155  6  4 0700  -30.8  970.0    4.4  141.0  444.0  444.0
2019 155  6  4 0800  -30.9  969.8    4.2  138.0  444.0  444.0
2019 155  6  4 0900  -29.2  969.2    3.4  142.0  444.0  444.0
2019 155  6  4 1000  -30.2  969.0    2.7  136.0  444.0  444.0
2019 155  6  4 1100  -31.9  968.5    0.0    0.0  444.0  444.0
2019 155  6  4 1200  -31.1  967.5    1.0  205.0  444.0  444.0
2019 155  6  4 1300  -30.2  966.4    2.0  195.0  444.0  444.0
2019 155  6  4 1400  -31.6  966.0    1.0  139.0  444.0  444.0
2019 155  6  4 1500  -31.0  965.6    2.0  165.0  444.0  444.0
2019 155  6  4 1600  -31.5  964.7    1.7  143.0  444.0  444.0
2019 155  6  4 1700  -32.0  964.6    3.9  143.0  444.0  444.0
2019 155  6  4 1800  -31.6  964.2    4.4  145.0  444.0  444.0
2019 155  6  4 1900  -30.2  963.9    5.1  150.0  444.0  444.0
2019 155  6  4 2000  -30.4  963.8    4.4  131.0  444.0  444.0
2019 155  6  4 2100  -32.6  964.0    4.9  134.0  444.0  444.0
2019 155  6  4 2200  -33.1  964.3    4.4  142.0  444.0  444.0
2019 155  6  4 2300  -33.5  964.5    4.7  136.0  444.0  444.0
2019 156  6  5 0000  -34.0  964.9    4.4  134.0  444.0  444.0
2019 156  6  5 0100  -33.1  965.1    4.4  139.0  444.0  444.0
2019 156  6  5 0200  -32.1  965.3    6.1  143.0  444.0  444.0
2019 156  6  5 0300  -30.2  965.6    4.9  170.0  444.0  444.0
2019 156  6  5 0400  -31.0  965.9    1.5  143.0  444.0  444.0
2019 156  6  5 0500  -29.9  966.3    2.0  165.0  444.0  444.0
2019 156  6  5 0600  -31.2  966.8    1.5  143.0  444.0  444.0
2019 156  6  5 0700  -30.5  967.1    5.9  150.0  444.0  444.0
2019 156  6  5 0800  -31.2  967.6    5.9  160.0  444.0  444.0
2019 156  6  5 0900  -30.4  967.8    7.4  155.0  444.0  444.0
2019 156  6  5 1000  -30.5  968.1    5.6  158.0  444.0  444.0
2019 156  6  5 1100  -30.5  968.3    5.4  153.0  444.0  444.0
2019 156  6  5 1200  -29.9  968.2    6.4  163.0  444.0  444.0
2019 156  6  5 1300  -30.2  968.5    3.7  141.0  444.0  444.0
2019 156  6  5 1400  -30.2  968.8    5.1  158.0  444.0  444.0
2019 156  6  5 1500  -29.6  969.0    3.9  149.0  444.0  444.0
2019 156  6  5 1600  -29.8  969.1    5.4  153.0  444.0  444.0
2019 156  6  5 1700  -29.6  969.1    4.4  149.0  444.0  444.0
2019 156  6  5 1800  -30.4  969.3    7.1  139.0  444.0  444.0
2019 156  6  5 1900  -29.0  969.7    5.6  150.0  444.0  444.0
2019 156  6  5 2000  -28.8  970.1    5.1  148.0  444.0  444.0
2019 156  6  5 2100  -28.8  970.2    4.7  145.0  444.0  444.0
2019 156  6  5 2200  -28.4  970.8    4.9  148.0  444.0  444.0
2019 156  6  5 2300  -28.0  970.9    4.7  148.0  444.0  444.0
2019 157  6  6 0000  -28.0  970.9    5.9  142.0  444.0  444.0
2019 157  6  6 0100  -27.9  971.1    7.1  156.0  444.0  444.0
2019 157  6  6 0200  -27.8  970.8    8.6  129.0  444.0  444.0
2019 157  6  6 0300  -27.9  970.7   10.0  143.0  444.0  444.0
2019 157  6  6 0400  -27.9  971.2    8.8  149.0  444.0  444.0
2019 157  6  6 0500  -27.8  971.5   10.0  142.0  444.0  444.0
2019 157  6  6 0600  -27.5  971.4    9.8  146.0  444.0  444.0
2019 157  6  6 0700  -27.9  971.4    8.1  141.0  444.0  444.0
2019 157  6  6 0800  -27.5  972.0    6.1  138.0  444.0  444.0
2019 157  6  6 0900  -26.1  971.8    8.6  145.0  444.0  444.0
2019 157  6  6 1000  -26.2  972.1    8.6  150.0  444.0  444.0
2019 157  6  6 1100  -26.2  971.8    9.8  153.0  444.0  444.0
2019 157  6  6 1200  -25.4  971.8    8.8  155.0  444.0  444.0
2019 157  6  6 1300  -25.5  971.6    8.8  150.0  444.0  444.0
2019 157  6  6 1400  -25.8  971.5    8.8  153.0  444.0  444.0
2019 157  6  6 1500  -26.1  971.5    6.9  155.0  444.0  444.0
2019 157  6  6 1600  -27.1  971.4    6.4  150.0  444.0  444.0
2019 157  6  6 1700  -27.9  971.5    5.9  143.0  444.0  444.0
2019 157  6  6 1800  -27.2  970.9    6.6  141.0  444.0  444.0
2019 157  6  6 1900  -27.4  971.3    8.8  156.0  444.0  444.0
2019 157  6  6 2000  -26.6  970.8    7.4  150.0  444.0  444.0
2019 157  6  6 2100  -26.6  971.1    8.6  155.0  444.0  444.0
2019 157  6  6 2200  -26.9  971.2    9.3  150.0  444.0  444.0
2019 157  6  6 2300  -26.6  971.4    7.8  173.0  444.0  444.0
2019 158  6  7 0000  -26.0  970.9    6.9  165.0  444.0  444.0
2019 158  6  7 0100  -26.0  970.4    6.9  160.0  444.0  444.0
2019 158  6  7 0200  -26.2  970.8    6.9  170.0  444.0  444.0
2019 158  6  7 0300  -26.4  970.9    7.6  159.0  444.0  444.0
2019 158  6  7 0400  -26.8  970.1   12.0  152.0  444.0  444.0
2019 158  6  7 0500  -26.8  970.6    8.6  150.0  444.0  444.0
2019 158  6  7 0600  -26.2  970.8    7.1  165.0  444.0  444.0
2019 158  6  7 0700  -26.6  971.1    4.7  167.0  444.0  444.0
2019 158  6  7 0800  -26.2  971.0    3.7  184.0  444.0  444.0
2019 158  6  7 0900  -26.2  970.7    3.4  214.0  444.0  444.0
2019 158  6  7 1000  -26.4  970.3    5.9  232.0  444.0  444.0
2019 158  6  7 1100  -25.0  970.1    5.1  233.0  444.0  444.0
2019 158  6  7 1200  -24.4  969.9    4.4  240.0  444.0  444.0
2019 158  6  7 1300  -24.2  969.6    3.4  246.0  444.0  444.0
2019 158  6  7 1400  -22.8  969.7    2.7  245.0  444.0  444.0
2019 158  6  7 1500  -22.8  969.4    3.2  248.0  444.0  444.0
2019 158  6  7 1600  -22.5  969.1    2.0  255.0  444.0  444.0
2019 158  6  7 1700  -22.5  968.8    0.7  335.0  444.0  444.0
2019 158  6  7 1800  -23.1  968.8    1.0  218.0  444.0  444.0
2019 158  6  7 1900  -23.1  968.7    0.0    0.0  444.0  444.0
2019 158  6  7 2000  -23.9  968.7    1.2  169.0  444.0  444.0
2019 158  6  7 2100  -22.5  968.9    0.0    0.0  444.0  444.0
2019 158  6  7 2200  -22.1  969.0    1.0  228.0  444.0  444.0
2019 158  6  7 2300  -21.2  969.3    1.2  200.0  444.0  444.0
2019 159  6  8 0000  -22.8  969.3    1.7  202.0  444.0  444.0
2019 159  6  8 0100  -25.0  969.1    1.2  142.0  444.0  444.0
2019 159  6  8 0200  -22.1  969.0    0.5  181.0  444.0  444.0
2019 159  6  8 0300  -24.1  969.0    0.2  124.0  444.0  444.0
2019 159  6  8 0400  -22.1  969.3    1.5  200.0  444.0  444.0
2019 159  6  8 0500  -23.9  969.3    1.2  215.0  444.0  444.0
2019 159  6  8 0600  -23.0  969.6    1.7  195.0  444.0  444.0
2019 159  6  8 0700  -23.2  969.8    0.7  197.0  444.0  444.0
2019 159  6  8 0800  -22.6  970.1    0.7  211.0  444.0  444.0
2019 159  6  8 0900  -22.6  970.2    0.0    0.0  444.0  444.0
2019 159  6  8 1000  -22.8  970.4    0.0    0.0  444.0  444.0
2019 159  6  8 1100  -22.8  970.6    0.5  246.0  444.0  444.0
2019 159  6  8 1200  -22.6  970.8    2.0  217.0  444.0  444.0
2019 159  6  8 1300  -22.8  970.9    0.0    0.0  444.0  444.0
2019 159  6  8 1400  -22.5  970.9    0.0    0.0  444.0  444.0
2019 159  6  8 1500  -23.2  970.8    0.0    0.0  444.0  444.0
2019 159  6  8 1600  -22.0  970.6    1.0  269.0  444.0  444.0
2019 159  6  8 1700  -23.0  970.8    0.0    0.0  444.0  444.0
2019 159  6  8 1800  -21.4  970.7    0.2  243.0  444.0  444.0
2019 159  6  8 1900  -20.9  970.6    0.0    0.0  444.0  444.0
2019 159  6  8 2000  -19.1  970.4    0.5  250.0  444.0  444.0
2019 159  6  8 2100  -21.9  970.6    0.5  292.0  444.0  444.0
2019 159  6  8 2200  -19.6  970.2    0.7  243.0  444.0  444.0
2019 159  6  8 2300  -22.4  969.8    3.9  214.0  444.0  444.0
2019 160  6  9 0000  -20.2  969.7    4.7  236.0  444.0  444.0
2019 160  6  9 0100  -21.1  969.6    0.0    0.0  444.0  444.0
2019 160  6  9 0200  -19.4  969.4    2.7  211.0  444.0  444.0
2019 160  6  9 0300  -18.8  969.2    1.5  138.0  444.0  444.0
2019 160  6  9 0400  -19.5  968.9    1.0   39.0  444.0  444.0
2019 160  6  9 0500  -23.6  969.2    3.9  142.0  444.0  444.0
2019 160  6  9 0600  -20.2  969.4    2.9  167.0  444.0  444.0
2019 160  6  9 0700  -20.1  969.1    2.0  198.0  444.0  444.0
2019 160  6  9 0800  -21.9  968.9    2.2   93.0  444.0  444.0
2019 160  6  9 0900  -22.6  968.8    4.2  163.0  444.0  444.0
2019 160  6  9 1000  -22.9  968.6    3.4  177.0  444.0  444.0
2019 160  6  9 1100  -21.4  968.4    1.7  181.0  444.0  444.0
2019 160  6  9 1200  -21.2  967.7    1.0   77.0  444.0  444.0
2019 160  6  9 1300  -20.0  967.4    3.4  141.0  444.0  444.0
2019 160  6  9 1400  -20.6  966.7    4.9   96.0  444.0  444.0
2019 160  6  9 1500  -21.9  966.6    3.4  125.0  444.0  444.0
2019 160  6  9 1600  -20.1  965.7    3.2  153.0  444.0  444.0
2019 160  6  9 1700  -17.8  964.2   11.0  188.0  444.0  444.0
2019 160  6  9 1800  -17.6  962.7   14.2  183.0  444.0  444.0
2019 160  6  9 1900  -17.2  962.1   15.9  166.0  444.0  444.0
2019 160  6  9 2000  -16.4  960.4   15.4  193.0  444.0  444.0
2019 160  6  9 2100  -15.6  959.8   11.3  187.0  444.0  444.0
2019 160  6  9 2200  -15.4  958.7   10.3  191.0  444.0  444.0
2019 160  6  9 2300  -15.5  957.4   12.2  187.0  444.0  444.0
2019 161  6 10 0000  -15.4  955.6   12.7  183.0  444.0  444.0
2019 161  6 10 0100  -15.2  953.7    9.1  190.0  444.0  444.0
2019 161  6 10 0200  -15.0  952.1    6.1  211.0  444.0  444.0
2019 161  6 10 0300  -14.6  950.9    4.2  195.0  444.0  444.0
2019 161  6 10 0400  -13.6  949.5   10.8  180.0  444.0  444.0
2019 161  6 10 0500  -13.1  948.3   10.0  170.0  444.0  444.0
2019 161  6 10 0600  -13.6  946.6   14.9  183.0  444.0  444.0
2019 161  6 10 0700  -12.9  945.5    8.6  190.0  444.0  444.0
2019 161  6 10 0800  -12.6  944.1   10.0  181.0  444.0  444.0
2019 161  6 10 0900  -12.0  943.5    8.3  173.0  444.0  444.0
2019 161  6 10 1000  -12.9  943.2    4.2  149.0  444.0  444.0
2019 161  6 10 1100  -13.2  941.5   13.0  162.0  444.0  444.0
2019 161  6 10 1200  -13.8  940.7    3.7  298.0  444.0  444.0
2019 161  6 10 1300  -13.4  940.1    3.4  267.0  444.0  444.0
2019 161  6 10 1400  -12.2  939.2   11.0  184.0  444.0  444.0
2019 161  6 10 1500  -12.5  938.7   10.5  176.0  444.0  444.0
2019 161  6 10 1600  -12.4  938.1    8.1  195.0  444.0  444.0
2019 161  6 10 1700  -12.2  937.5   11.3  187.0  444.0  444.0
2019 161  6 10 1800  -11.2  937.0    5.9  194.0  444.0  444.0
2019 161  6 10 1900  -10.9  937.4    1.0  232.0  444.0  444.0
2019 161  6 10 2000  -11.1  936.4    6.1  224.0  444.0  444.0
2019 161  6 10 2100  -10.5  935.9    5.1  229.0  444.0  444.0
2019 161  6 10 2200   -9.9  935.8    7.8  217.0  444.0  444.0
2019 161  6 10 2300  -10.6  935.9    9.8  215.0  444.0  444.0
2019 162  6 11 0000   -9.5  936.2    6.9  226.0  444.0  444.0
2019 162  6 11 0100   -8.4  936.4   10.3  212.0  444.0  444.0
2019 162  6 11 0200   -8.8  937.4    7.6  198.0  444.0  444.0
2019 162  6 11 0300   -8.9  937.5    6.1  226.0  444.0  444.0
2019 162  6 11 0400   -8.1  937.3    2.7  219.0  444.0  444.0
2019 162  6 11 0500   -8.2  937.9    5.6  162.0  444.0  444.0
2019 162  6 11 0600   -8.6  938.2    7.6  202.0  444.0  444.0
2019 162  6 11 0700   -8.9  938.7   13.5  187.0  444.0  444.0
2019 162  6 11 0800   -7.8  939.3   11.3  243.0  444.0  444.0
2019 162  6 11 0900   -9.9  940.5   13.5  183.0  444.0  444.0
2019 162  6 11 1000  -10.1  941.8   12.2  179.0  444.0  444.0
2019 162  6 11 1100   -9.9  942.9   13.5  191.0  444.0  444.0
2019 162  6 11 1200   -9.1  944.6    8.3  125.0  444.0  444.0
2019 162  6 11 1300   -9.2  945.7   11.0  181.0  444.0  444.0
2019 162  6 11 1400  -10.8  946.7    2.5   37.0  444.0  444.0
2019 162  6 11 1500  -10.9  947.1    1.0  360.0  444.0  444.0
2019 162  6 11 1600  -11.1  947.4    3.2  292.0  444.0  444.0
2019 162  6 11 1700  -10.9  948.3    2.2  318.0  444.0  444.0
2019 162  6 11 1800   -9.0  948.1    7.8  166.0  444.0  444.0
2019 162  6 11 1900   -9.9  949.2    1.0  263.0  444.0  444.0
2019 162  6 11 2000   -9.9  950.2    0.0    0.0  444.0  444.0
2019 162  6 11 2100  -10.6  951.0    0.5   13.0  444.0  444.0
2019 162  6 11 2200  -11.9  952.3    2.2  307.0  444.0  444.0
2019 162  6 11 2300  -12.9  953.2    1.5   30.0  444.0  444.0
2019 163  6 12 0000  -13.0  953.8    4.9  128.0  444.0  444.0
2019 163  6 12 0100  -13.5  954.3    5.6  152.0  444.0  444.0
2019 163  6 12 0200  -13.8  954.8    6.9  146.0  444.0  444.0
2019 163  6 12 0300  -14.0  955.1    4.9  131.0  444.0  444.0
2019 163  6 12 0400  -14.4  955.2    3.7  148.0  444.0  444.0
2019 163  6 12 0500  -14.8  955.1    3.2  158.0  444.0  444.0
2019 163  6 12 0600  -14.8  955.1    2.7  165.0  444.0  444.0
2019 163  6 12 0700  -15.0  955.2    1.5  112.0  444.0  444.0
2019 163  6 12 0800  -15.5  955.1    3.2  121.0  444.0  444.0
2019 163  6 12 0900  -16.1  955.1    3.4  160.0  444.0  444.0
2019 163  6 12 1000  -16.9  955.2    5.4  163.0  444.0  444.0
2019 163  6 12 1100  -16.8  955.3    7.6  132.0  444.0  444.0
2019 163  6 12 1200  -18.0  955.7    7.1  149.0  444.0  444.0
2019 163  6 12 1300  -18.9  955.9   10.0  153.0  444.0  444.0
2019 163  6 12 1400  -19.1  956.4    7.4  153.0  444.0  444.0
2019 163  6 12 1500  -20.6  956.8   10.0  148.0  444.0  444.0
2019 163  6 12 1600  -21.2  957.4   11.8  142.0  444.0  444.0
2019 163  6 12 1700  -21.9  958.7   10.3  152.0  444.0  444.0
2019 163  6 12 1800  -22.9  959.2   11.5  156.0  444.0  444.0
2019 163  6 12 1900  -22.6  959.9   10.3  138.0  444.0  444.0
2019 163  6 12 2000  -22.9  960.5   11.0  136.0  444.0  444.0
2019 163  6 12 2100  -23.6  961.6    9.1  139.0  444.0  444.0
2019 163  6 12 2200  -23.6  962.3    7.1  129.0  444.0  444.0
2019 163  6 12 2300  -23.6  962.6    6.9  128.0  444.0  444.0
2019 164  6 13 0000  -23.6  963.2    5.6  128.0  444.0  444.0
2019 164  6 13 0100  -23.4  964.1    5.6  134.0  444.0  444.0
2019 164  6 13 0200  -23.2  964.6    4.7  103.0  444.0  444.0
2019 164  6 13 0300  -23.2  965.3    1.0  135.0  444.0  444.0
2019 164  6 13 0400  -23.0  965.8    2.5  167.0  444.0  444.0
2019 164  6 13 0500  -22.8  966.2    3.9  139.0  444.0  444.0
2019 164  6 13 0600  -22.8  966.4    3.2  156.0  444.0  444.0
2019 164  6 13 0700  -22.4  966.2    2.2  136.0  444.0  444.0
2019 164  6 13 0800  -23.6  966.6    0.0    0.0  444.0  444.0
2019 164  6 13 0900  -23.4  966.8    0.0    0.0  444.0  444.0
2019 164  6 13 1000  -22.5  967.0    0.0    0.0  444.0  444.0
2019 164  6 13 1100  -22.4  967.2    1.0  128.0  444.0  444.0
2019 164  6 13 1200  -21.9  966.9    0.0    0.0  444.0  444.0
2019 164  6 13 1300  -22.0  966.5    0.0    0.0  444.0  444.0
2019 164  6 13 1400  -21.5  966.5    1.2  266.0  444.0  444.0
2019 164  6 13 1500  -22.0  966.1    3.2  263.0  444.0  444.0
2019 164  6 13 1600  -22.6  965.9    2.9  236.0  444.0  444.0
2019 164  6 13 1700  -20.9  965.6    0.7  245.0  444.0  444.0
2019 164  6 13 1800  -22.4  965.2    0.0    0.0  444.0  444.0
2019 164  6 13 1900  -22.6  965.0    0.0    0.0  444.0  444.0
2019 164  6 13 2000  -23.2  964.6    0.7  190.0  444.0  444.0
2019 164  6 13 2100  -24.4  964.3    2.0  142.0  444.0  444.0
2019 164  6 13 2200  -23.6  964.1    0.5  155.0  444.0  444.0
2019 164  6 13 2300  -23.6  963.5    1.0  197.0  444.0  444.0
2019 165  6 14 0000  -24.8  963.2    0.0    0.0  444.0  444.0
2019 165  6 14 0100  -24.5  962.8    2.5  204.0  444.0  444.0
2019 165  6 14 0200  -26.4  962.8    2.2  145.0  444.0  444.0
2019 165  6 14 0300  -26.0  962.5    0.2  210.0  444.0  444.0
2019 165  6 14 0400  -25.8  962.5    2.5  163.0  444.0  444.0
2019 165  6 14 0500  -26.9  962.4    2.7  142.0  444.0  444.0
2019 165  6 14 0600  -27.1  962.4    4.2  145.0  444.0  444.0
2019 165  6 14 0700  -27.9  962.3    5.6  142.0  444.0  444.0
2019 165  6 14 0800  -27.5  962.7    4.9  139.0  444.0  444.0
2019 165  6 14 0900  -27.1  962.9    4.2  143.0  444.0  444.0
2019 165  6 14 1000  -27.1  963.1    3.4  128.0  444.0  444.0
2019 165  6 14 1100  -27.9  963.2    3.2  141.0  444.0  444.0
2019 165  6 14 1200  -26.1  963.7    2.7  150.0  444.0  444.0
2019 165  6 14 1300  -25.8  964.0    2.7  194.0  444.0  444.0
2019 165  6 14 1400  -29.5  964.2    1.5  134.0  444.0  444.0
2019 165  6 14 1500  -26.6  964.4    1.2  179.0  444.0  444.0
2019 165  6 14 1600  -26.9  964.8    0.7  141.0  444.0  444.0
2019 165  6 14 1700  -27.9  964.9    1.5  149.0  444.0  444.0
2019 165  6 14 1800  -25.8  965.2    0.0    0.0  444.0  444.0
2019 165  6 14 1900  -26.0  965.6    1.0  138.0  444.0  444.0
2019 165  6 14 2000  -26.2  966.0    1.5  141.0  444.0  444.0
2019 165  6 14 2100  -25.5  966.5    2.0  148.0  444.0  444.0
2019 165  6 14 2200  -27.0  966.8    1.7  134.0  444.0  444.0
2019 165  6 14 2300  -27.1  967.0    1.5  134.0  444.0  444.0
2019 166  6 15 0000  -26.6  967.1    2.7  136.0  444.0  444.0
2019 166  6 15 0100  -26.8  967.1    2.7  122.0  444.0  444.0
2019 166  6 15 0200  -26.9  967.5    4.7  143.0  444.0  444.0
2019 166  6 15 0300  -27.4  967.9    6.1  135.0  444.0  444.0
2019 166  6 15 0400  -28.1  968.4    5.6  138.0  444.0  444.0
2019 166  6 15 0500  -28.8  968.6    5.4  138.0  444.0  444.0
2019 166  6 15 0600  -29.2  969.2    7.8  145.0  444.0  444.0
2019 166  6 15 0700  -29.9  969.4    8.1  156.0  444.0  444.0
2019 166  6 15 0800  -30.1  969.5    7.6  159.0  444.0  444.0
2019 166  6 15 0900  -30.8  969.6    9.3  160.0  444.0  444.0
2019 166  6 15 1000  -30.9  970.3    7.4  153.0  444.0  444.0
2019 166  6 15 1100  -30.8  970.1    7.6  159.0  444.0  444.0
2019 166  6 15 1200  -32.8  970.3    6.4  143.0  444.0  444.0
2019 166  6 15 1300  -34.0  970.8    5.6  138.0  444.0  444.0
2019 166  6 15 1400  -34.1  970.7    5.9  142.0  444.0  444.0
2019 166  6 15 1500  -34.2  970.8    8.1  142.0  444.0  444.0
2019 166  6 15 1600  -33.6  970.7    8.6  148.0  444.0  444.0
2019 166  6 15 1700  -33.4  970.6    7.4  141.0  444.0  444.0
2019 166  6 15 1800  -32.5  970.6    4.2  128.0  444.0  444.0
2019 166  6 15 1900  -30.1  971.0    2.2  149.0  444.0  444.0
2019 166  6 15 2000  -32.9  971.5    2.7  142.0  444.0  444.0
2019 166  6 15 2100  -29.0  971.4    3.4  158.0  444.0  444.0
2019 166  6 15 2200  -28.9  971.4    6.9  166.0  444.0  444.0
2019 166  6 15 2300  -29.1  971.5   10.0  179.0  444.0  444.0
2019 167  6 16 0000  -28.4  971.5    9.6  166.0  444.0  444.0
2019 167  6 16 0100  -30.4  971.9    2.0  143.0  444.0  444.0
2019 167  6 16 0200  -33.1  972.6    1.7  132.0  444.0  444.0
2019 167  6 16 0300  -30.1  972.7    2.9  188.0  444.0  444.0
2019 167  6 16 0400  -29.8  973.4    2.0  159.0  444.0  444.0
2019 167  6 16 0500  -29.8  973.9    1.5  214.0  444.0  444.0
2019 167  6 16 0600  -29.1  973.6    1.0  271.0  444.0  444.0
2019 167  6 16 0700  -29.2  973.7    1.5  204.0  444.0  444.0
2019 167  6 16 0800  -29.6  973.5    1.2  191.0  444.0  444.0
2019 167  6 16 0900  -29.4  973.2    0.0    0.0  444.0  444.0
2019 167  6 16 1000  -30.5  973.0    1.0  132.0  444.0  444.0
2019 167  6 16 1100  -28.8  972.0    1.2  169.0  444.0  444.0
2019 167  6 16 1200  -27.4  971.1    3.7  322.0  444.0  444.0
2019 167  6 16 1300  -27.4  970.0    5.6  316.0  444.0  444.0
2019 167  6 16 1400  -26.6  969.3    3.9  298.0  444.0  444.0
2019 167  6 16 1500  -26.0  968.5    2.0  214.0  444.0  444.0
2019 167  6 16 1600  -28.4  967.3    1.0  160.0  444.0  444.0
2019 167  6 16 1700  -27.1  966.6    0.2  208.0  444.0  444.0
2019 167  6 16 1800  -26.5  965.5    0.0    0.0  444.0  444.0
2019 167  6 16 1900  -26.0  964.9    1.2  214.0  444.0  444.0
2019 167  6 16 2000  -26.0  965.3    2.5  218.0  444.0  444.0
2019 167  6 16 2100  -26.2  964.8    1.0  190.0  444.0  444.0
2019 167  6 16 2200  -26.1  964.6    0.0    0.0  444.0  444.0
2019 167  6 16 2300  -29.8  964.1    1.2  132.0  444.0  444.0
2019 168  6 17 0000  -26.9  963.0    0.5  207.0  444.0  444.0
2019 168  6 17 0100  -26.6  962.3    1.7  250.0  444.0  444.0
2019 168  6 17 0200  -20.5  962.0    4.7  152.0  444.0  444.0
2019 168  6 17 0300  -26.6  961.4    3.7   69.0  444.0  444.0
2019 168  6 17 0400  -20.6  960.6    3.9   44.0  444.0  444.0
2019 168  6 17 0500  -27.6  961.1    0.0    0.0  444.0  444.0
2019 168  6 17 0600  -21.9  960.2    8.1   96.0  444.0  444.0
2019 168  6 17 0700  -26.8  960.9    2.0   45.0  444.0  444.0
2019 168  6 17 0800  -29.2  961.0    1.5  179.0  444.0  444.0
2019 168  6 17 0900  -29.9  960.8    6.9  135.0  444.0  444.0
2019 168  6 17 1000  -29.8  960.7    7.1  132.0  444.0  444.0
2019 168  6 17 1100  -30.1  960.8    5.9  122.0  444.0  444.0
2019 168  6 17 1200  -29.8  960.9    4.4  158.0  444.0  444.0
2019 168  6 17 1300  -30.8  960.5    8.6  132.0  444.0  444.0
2019 168  6 17 1400  -30.8  960.8    7.4  148.0  444.0  444.0
2019 168  6 17 1500  -30.4  960.9    8.3  145.0  444.0  444.0
2019 168  6 17 1600  -30.9  960.8   10.3  148.0  444.0  444.0
2019 168  6 17 1700  -31.1  961.5    9.3  153.0  444.0  444.0
2019 168  6 17 1800  -30.9  961.9    9.8  155.0  444.0  444.0
2019 168  6 17 1900  -32.8  962.8    7.1  143.0  444.0  444.0
2019 168  6 17 2000  -32.5  964.0    2.9  138.0  444.0  444.0
2019 168  6 17 2100  -32.6  964.6    2.5  136.0  444.0  444.0
2019 168  6 17 2200  -32.6  965.8    2.5  145.0  444.0  444.0
2019 168  6 17 2300  -32.2  966.2    2.0  169.0  444.0  444.0
2019 169  6 18 0000  -30.8  966.9    0.5  138.0  444.0  444.0
2019 169  6 18 0100  -29.1  967.5    0.0    0.0  444.0  444.0
2019 169  6 18 0200  -27.4  968.4    0.0    0.0  444.0  444.0
2019 169  6 18 0300  -27.1  969.0    3.2  245.0  444.0  444.0
2019 169  6 18 0400  -27.2  969.0   10.0  246.0  444.0  444.0
2019 169  6 18 0500  -26.8  970.0    5.1  231.0  444.0  444.0
2019 169  6 18 0600  -26.5  970.5    8.8  194.0  444.0  444.0
2019 169  6 18 0700  -27.8  971.1    6.4  217.0  444.0  444.0
2019 169  6 18 0800  -26.8  971.7    4.4  225.0  444.0  444.0
2019 169  6 18 0900  -26.6  971.4    7.8  228.0  444.0  444.0
2019 169  6 18 1000  -24.9  972.4    4.4  215.0  444.0  444.0
2019 169  6 18 1100  -25.6  972.9   12.7  177.0  444.0  444.0
2019 169  6 18 1200  -25.6  974.0    3.4  221.0  444.0  444.0
2019 169  6 18 1300  -25.0  974.3    6.4  125.0  444.0  444.0
2019 169  6 18 1400  -25.4  974.9    6.6  155.0  444.0  444.0
2019 169  6 18 1500  -27.0  975.3    2.2  159.0  444.0  444.0
2019 169  6 18 1600  -26.9  975.1    2.2  188.0  444.0  444.0
2019 169  6 18 1700  -27.1  974.8    2.5  205.0  444.0  444.0
2019 169  6 18 1800  -27.1  974.4    1.2  212.0  444.0  444.0
2019 169  6 18 1900  -28.4  974.1    2.5  222.0  444.0  444.0
2019 169  6 18 2000  -28.8  973.7    3.2  235.0  444.0  444.0
2019 169  6 18 2100  -28.8  973.0    2.9  232.0  444.0  444.0
2019 169  6 18 2200  -28.8  972.5    3.2  235.0  444.0  444.0
2019 169  6 18 2300  -28.0  971.8    2.2  236.0  444.0  444.0
2019 170  6 19 0000  -29.8  971.1    4.7  240.0  444.0  444.0
2019 170  6 19 0100  -27.9  970.8    2.5  278.0  444.0  444.0
2019 170  6 19 0200  -28.5  970.1    0.5  269.0  444.0  444.0
2019 170  6 19 0300  -29.0  969.7    2.7  236.0  444.0  444.0
2019 170  6 19 0400  -28.1  969.3    2.0  239.0  444.0  444.0
2019 170  6 19 0500  -29.0  968.3    3.7  246.0  444.0  444.0
2019 170  6 19 0600  -28.9  967.9    2.9  240.0  444.0  444.0
2019 170  6 19 0700  -29.6  966.8    4.9  256.0  444.0  444.0
2019 170  6 19 0800  -28.5  966.1    3.7  284.0  444.0  444.0
2019 170  6 19 0900  -30.8  965.8    3.7  297.0  444.0  444.0
2019 170  6 19 1000  -29.6  965.5    3.7  309.0  444.0  444.0
2019 170  6 19 1100  -28.9  965.4    3.9  309.0  444.0  444.0
2019 170  6 19 1200  -28.9  965.2    3.4  318.0  444.0  444.0
2019 170  6 19 1300  -29.8  965.6    0.5  121.0  444.0  444.0
2019 170  6 19 1400  -31.0  966.1    5.9  145.0  444.0  444.0
2019 170  6 19 1500  -29.9  966.2    8.6  159.0  444.0  444.0
2019 170  6 19 1600  -30.4  967.1    8.1  148.0  444.0  444.0
2019 170  6 19 1700  -31.0  968.0    5.9  153.0  444.0  444.0
2019 170  6 19 1800  -30.4  969.2    5.4  155.0  444.0  444.0
2019 170  6 19 1900  -31.0  969.8    6.1  150.0  444.0  444.0
2019 170  6 19 2000  -32.6  970.9    3.7  148.0  444.0  444.0
2019 170  6 19 2100  -32.4  971.8    2.5  152.0  444.0  444.0
2019 170  6 19 2200  -30.1  972.7    4.4  166.0  444.0  444.0
2019 170  6 19 2300  -31.5  973.1    1.2  127.0  444.0  444.0
2019 171  6 20 0000  -31.1  973.4    3.4  155.0  444.0  444.0
2019 171  6 20 0100  -30.5  973.6    3.7  156.0  444.0  444.0
2019 171  6 20 0200  -32.4  974.2    2.7  155.0  444.0  444.0
2019 171  6 20 0300  -29.9  974.5    0.0    0.0  444.0  444.0
2019 171  6 20 0400  -29.1  974.5    0.0    0.0  444.0  444.0
2019 171  6 20 0500  -28.6  974.8    2.2  256.0  444.0  444.0
2019 171  6 20 0600  -29.5  974.4    0.0    0.0  444.0  444.0
2019 171  6 20 0700  -31.0  974.3    0.7  190.0  444.0  444.0
2019 171  6 20 0800  -29.1  973.9    1.5  221.0  444.0  444.0
2019 171  6 20 0900  -29.2  973.5    0.7  235.0  444.0  444.0
2019 171  6 20 1000  -30.1  973.6    0.0    0.0  444.0  444.0
2019 171  6 20 1100  -30.2  973.2    2.7  329.0  444.0  444.0
2019 171  6 20 1200  -32.9  973.1    3.2  150.0  444.0  444.0
2019 171  6 20 1300  -32.6  972.7    2.0  127.0  444.0  444.0
2019 171  6 20 1400  -31.9  972.8    2.0  110.0  444.0  444.0
2019 171  6 20 1500  -31.0  972.5    3.7  158.0  444.0  444.0
2019 171  6 20 1600  -30.5  972.3    2.7  179.0  444.0  444.0
2019 171  6 20 1700  -32.0  972.3    2.0  135.0  444.0  444.0
2019 171  6 20 1800  -29.9  971.8    1.0  165.0  444.0  444.0
2019 171  6 20 1900  -33.9  971.7    1.7  146.0  444.0  444.0
2019 171  6 20 2000  -33.6  971.6    3.2  169.0  444.0  444.0
2019 171  6 20 2100  -33.2  971.4    2.5  136.0  444.0  444.0
2019 171  6 20 2200  -33.5  971.4    1.2  149.0  444.0  444.0
2019 171  6 20 2300  -30.9  971.0    4.2  169.0  444.0  444.0
2019 172  6 21 0000  -31.5  970.6    2.0  158.0  444.0  444.0
2019 172  6 21 0100  -31.9  970.4    1.0  142.0  444.0  444.0
2019 172  6 21 0200  -30.8  969.4    2.2  205.0  444.0  444.0
2019 172  6 21 0300  -31.0  968.8    1.5  210.0  444.0  444.0
2019 172  6 21 0400  -31.9  968.1    0.0    0.0  444.0  444.0
2019 172  6 21 0500  -32.5  967.8    0.0    0.0  444.0  444.0
2019 172  6 21 0600  -32.5  967.2    0.0    0.0  444.0  444.0
2019 172  6 21 0700  -32.2  966.6    1.2  188.0  444.0  444.0
2019 172  6 21 0800  -32.1  965.9    0.0    0.0  444.0  444.0
2019 172  6 21 0900  -35.2  965.5    0.7  128.0  444.0  444.0
2019 172  6 21 1000  -34.2  964.9    0.0    0.0  444.0  444.0
2019 172  6 21 1100  -34.6  964.5    0.0    0.0  444.0  444.0
2019 172  6 21 1200  -35.5  964.0    0.0    0.0  444.0  444.0
2019 172  6 21 1300  -36.4  963.3    1.2  114.0  444.0  444.0
2019 172  6 21 1400  -35.8  962.7    2.0  155.0  444.0  444.0
2019 172  6 21 1500  -36.2  962.0    2.2  111.0  444.0  444.0
2019 172  6 21 1600  -36.4  961.8    2.5  145.0  444.0  444.0
2019 172  6 21 1700  -35.8  961.6    3.2  152.0  444.0  444.0
2019 172  6 21 1800  -35.1  960.9    3.4  149.0  444.0  444.0
2019 172  6 21 1900  -34.4  960.7    2.5  146.0  444.0  444.0
2019 172  6 21 2000  -35.0  960.6    3.2  121.0  444.0  444.0
2019 172  6 21 2100  -34.9  960.7    3.2  136.0  444.0  444.0
2019 172  6 21 2200  -35.2  960.8    3.9  135.0  444.0  444.0
2019 172  6 21 2300  -35.2  961.1    3.2  136.0  444.0  444.0
2019 173  6 22 0000  -35.2  961.3    3.4  139.0  444.0  444.0
2019 173  6 22 0100  -35.8  961.5    2.0  142.0  444.0  444.0
2019 173  6 22 0200  -36.2  962.2    3.4  139.0  444.0  444.0
2019 173  6 22 0300  -36.1  962.6    3.7  150.0  444.0  444.0
2019 173  6 22 0400  -35.9  963.5    3.7  165.0  444.0  444.0
2019 173  6 22 0500  -37.5  964.2    0.0    0.0  444.0  444.0
2019 173  6 22 0600  -37.6  965.3    0.0    0.0  444.0  444.0
2019 173  6 22 0700  -35.2  966.5    4.4  158.0  444.0  444.0
2019 173  6 22 0800  -34.8  967.0    6.1  152.0  444.0  444.0
2019 173  6 22 0900  -33.4  968.2    3.9  153.0  444.0  444.0
2019 173  6 22 1000  -33.9  969.0    3.7  170.0  444.0  444.0
2019 173  6 22 1100  -35.5  969.5    0.7  132.0  444.0  444.0
2019 173  6 22 1200  -33.9  970.1    0.0    0.0  444.0  444.0
2019 173  6 22 1300  -33.1  970.2    2.2  218.0  444.0  444.0
2019 173  6 22 1400  -34.1  970.5    0.0    0.0  444.0  444.0
2019 173  6 22 1500  -35.9  970.2    1.0  343.0  444.0  444.0
2019 173  6 22 1600  -36.2  970.2    0.0    0.0  444.0  444.0
2019 173  6 22 1700  -33.9  969.5    2.2  252.0  444.0  444.0
2019 173  6 22 1800  -33.4  969.0    0.0    0.0  444.0  444.0
2019 173  6 22 1900  -33.1  968.4    0.0    0.0  444.0  444.0
2019 173  6 22 2000  -33.1  968.0    0.0    0.0  444.0  444.0
2019 173  6 22 2100  -34.0  967.2    0.0    0.0  444.0  444.0
2019 173  6 22 2200  -33.1  966.8    1.0  325.0  444.0  444.0
2019 173  6 22 2300  -35.1  966.1    0.2  291.0  444.0  444.0
2019 174  6 23 0000  -33.5  965.5    2.2  314.0  444.0  444.0
2019 174  6 23 0100  -32.1  964.7    2.2  325.0  444.0  444.0
2019 174  6 23 0200  -34.4  964.2    0.0    0.0  444.0  444.0
2019 174  6 23 0300  -35.0  963.8    0.7  145.0  444.0  444.0
2019 174  6 23 0400  -33.8  963.6    1.2  145.0  444.0  444.0
2019 174  6 23 0500  -35.8  963.5    3.2  141.0  444.0  444.0
2019 174  6 23 0600  -34.9  963.4    2.0  131.0  444.0  444.0
2019 174  6 23 0700  -32.1  963.9    0.7  145.0  444.0  444.0
2019 174  6 23 0800  -32.0  963.9    0.0    0.0  444.0  444.0
2019 174  6 23 0900  -31.2  964.0    1.2  201.0  444.0  444.0
2019 174  6 23 1000  -31.4  964.2    0.5  263.0  444.0  444.0
2019 174  6 23 1100  -31.2  964.7    1.2  297.0  444.0  444.0
2019 174  6 23 1200  -29.5  964.7    0.0    0.0  444.0  444.0
2019 174  6 23 1300  -30.2  964.3    0.0    0.0  444.0  444.0
2019 174  6 23 1400  -32.8  964.3    0.0    0.0  444.0  444.0
2019 174  6 23 1500  -30.8  964.5    0.5  308.0  444.0  444.0
2019 174  6 23 1600  -30.8  964.5    0.7  253.0  444.0  444.0
2019 174  6 23 1700  -29.6  964.6    0.0    0.0  444.0  444.0
2019 174  6 23 1800  -29.8  965.1    0.0    0.0  444.0  444.0
2019 174  6 23 1900  -27.1  964.9    1.2  360.0  444.0  444.0
2019 174  6 23 2000  -29.1  964.9    3.4  149.0  444.0  444.0
2019 174  6 23 2100  -28.8  965.0    1.0  122.0  444.0  444.0
2019 174  6 23 2200  -23.8  965.0    2.9  145.0  444.0  444.0
2019 174  6 23 2300  -24.2  964.9    4.9  158.0  444.0  444.0
2019 175  6 24 0000  -23.1  965.1    3.9  226.0  444.0  444.0
2019 175  6 24 0100  -22.8  964.6    4.2  159.0  444.0  444.0
2019 175  6 24 0200  -22.4  964.3    9.1  148.0  444.0  444.0
2019 175  6 24 0300  -24.5  964.3   10.5  142.0  444.0  444.0
2019 175  6 24 0400  -24.1  964.9    8.3  139.0  444.0  444.0
2019 175  6 24 0500  -25.0  964.8    8.8  128.0  444.0  444.0
2019 175  6 24 0600  -25.6  965.8   10.3  128.0  444.0  444.0
2019 175  6 24 0700  -25.2  966.8    0.0    0.0  444.0  444.0
2019 175  6 24 0800  -25.8  966.6    2.2  145.0  444.0  444.0
2019 175  6 24 0900  -26.6  967.2    3.9  183.0  444.0  444.0
2019 175  6 24 1000  -26.0  966.5    2.9  176.0  444.0  444.0
2019 175  6 24 1100  -25.0  965.4    4.7  141.0  444.0  444.0
2019 175  6 24 1200  -24.1  964.7    3.4  160.0  444.0  444.0
2019 175  6 24 1300  -22.5  963.2    7.1  146.0  444.0  444.0
2019 175  6 24 1400  -19.1  961.4   11.3  165.0  444.0  444.0
2019 175  6 24 1500  -17.4  960.7    9.3  160.0  444.0  444.0
2019 175  6 24 1600  -18.1  959.2   14.0  186.0  444.0  444.0
2019 175  6 24 1700  -17.2  958.9   17.6  174.0  444.0  444.0
2019 175  6 24 1800  -16.8  957.3   12.5  172.0  444.0  444.0
2019 175  6 24 1900  -17.6  957.3    9.3  150.0  444.0  444.0
2019 175  6 24 2000  -16.5  955.7   15.2  166.0  444.0  444.0
2019 175  6 24 2100  -16.6  954.3   10.8  177.0  444.0  444.0
2019 175  6 24 2200  -16.0  952.4   12.0  183.0  444.0  444.0
2019 175  6 24 2300  -15.6  950.2   10.8  194.0  444.0  444.0
2019 176  6 25 0000  -15.2  948.3   14.9  181.0  444.0  444.0
2019 176  6 25 0100  -14.9  946.6   14.9  181.0  444.0  444.0
2019 176  6 25 0200  -13.4  944.9   11.0  190.0  444.0  444.0
2019 176  6 25 0300  -13.1  944.0    8.6  186.0  444.0  444.0
2019 176  6 25 0400  -11.9  942.4    8.1  194.0  444.0  444.0
2019 176  6 25 0500  -11.1  941.3   11.3  184.0  444.0  444.0
2019 176  6 25 0600  -10.6  941.8   14.9  170.0  444.0  444.0
2019 176  6 25 0700  -10.6  941.8   15.7  179.0  444.0  444.0
2019 176  6 25 0800  -12.0  941.9   19.6  179.0  444.0  444.0
2019 176  6 25 0900  -11.2  940.6   21.1  180.0  444.0  444.0
2019 176  6 25 1000  -11.4  940.9   20.3  179.0  444.0  444.0
2019 176  6 25 1100  -10.0  940.8   17.9  179.0  444.0  444.0
2019 176  6 25 1200   -9.6  942.2   14.2  180.0  444.0  444.0
2019 176  6 25 1300   -8.5  942.4   13.5  187.0  444.0  444.0
2019 176  6 25 1400   -8.6  942.6   17.4  174.0  444.0  444.0
2019 176  6 25 1500   -9.1  943.1   15.4  176.0  444.0  444.0
2019 176  6 25 1600   -9.2  943.6   17.6  148.0  444.0  444.0
2019 176  6 25 1700  -12.5  941.8   26.5  128.0  444.0  444.0
2019 176  6 25 1800  -13.0  944.6   23.8  139.0  444.0  444.0
2019 176  6 25 1900  -13.8  945.9   24.0  120.0  444.0  444.0
2019 176  6 25 2000  -14.1  946.4   26.0  129.0  444.0  444.0
2019 176  6 25 2100  -14.2  950.0   18.1  128.0  444.0  444.0
2019 176  6 25 2200  -15.0  949.7   16.4  139.0  444.0  444.0
2019 176  6 25 2300  -15.6  952.4   14.5  124.0  444.0  444.0
2019 177  6 26 0000  -15.6  952.9    8.1  160.0  444.0  444.0
2019 177  6 26 0100  -14.9  952.9    5.1  186.0  444.0  444.0
2019 177  6 26 0200  -15.2  952.1    3.7  181.0  444.0  444.0
2019 177  6 26 0300  -14.6  951.4    2.5  259.0  444.0  444.0
2019 177  6 26 0400  -15.4  950.4    7.4  240.0  444.0  444.0
2019 177  6 26 0500  -15.0  949.1    3.7  280.0  444.0  444.0
2019 177  6 26 0600  -13.6  948.4    3.4  315.0  444.0  444.0
2019 177  6 26 0700  -13.5  947.2    3.4  290.0  444.0  444.0
2019 177  6 26 0800  -11.0  946.2    0.0    0.0  444.0  444.0
2019 177  6 26 0900  -11.1  945.7    2.0  210.0  444.0  444.0
2019 177  6 26 1000  -10.1  944.0    6.4  184.0  444.0  444.0
2019 177  6 26 1100   -8.9  944.2   13.7  187.0  444.0  444.0
2019 177  6 26 1200   -8.5  944.4    7.8  163.0  444.0  444.0
2019 177  6 26 1300  -11.1  944.5    9.6  120.0  444.0  444.0
2019 177  6 26 1400  -12.2  944.8   12.2  111.0  444.0  444.0
2019 177  6 26 1500  -13.6  947.1    4.9  180.0  444.0  444.0
2019 177  6 26 1600  -14.8  948.6   11.0  127.0  444.0  444.0
2019 177  6 26 1700  -15.4  950.5    7.4  136.0  444.0  444.0
2019 177  6 26 1800  -15.2  951.8   14.9  155.0  444.0  444.0
2019 177  6 26 1900  -15.6  953.8   12.5  141.0  444.0  444.0
2019 177  6 26 2000  -16.1  955.4   10.3  146.0  444.0  444.0
2019 177  6 26 2100  -16.6  957.3   12.5  142.0  444.0  444.0
2019 177  6 26 2200  -16.9  958.1   14.2  131.0  444.0  444.0
2019 177  6 26 2300  -17.2  959.1   12.5  132.0  444.0  444.0
2019 178  6 27 0000  -17.4  960.2   12.2  115.0  444.0  444.0
2019 178  6 27 0100  -17.4  961.1    8.6  132.0  444.0  444.0
2019 178  6 27 0200  -17.1  961.4    8.6  146.0  444.0  444.0
2019 178  6 27 0300  -17.4  961.5   10.0  148.0  444.0  444.0
2019 178  6 27 0400  -17.6  961.5    6.6  148.0  444.0  444.0
2019 178  6 27 0500  -17.4  961.0    6.4  148.0  444.0  444.0
2019 178  6 27 0600  -17.1  960.5    3.2  160.0  444.0  444.0
2019 178  6 27 0700  -16.5  960.2    2.7  200.0  444.0  444.0
2019 178  6 27 0800  -16.1  959.9    1.0  200.0  444.0  444.0
2019 178  6 27 0900  -17.0  959.2    0.0    0.0  444.0  444.0
2019 178  6 27 1000  -15.2  958.9    3.4  145.0  444.0  444.0
2019 178  6 27 1100  -14.6  958.8    2.2  205.0  444.0  444.0
2019 178  6 27 1200  -14.1  958.4    2.9  191.0  444.0  444.0
2019 178  6 27 1300  -14.1  958.7    4.4  153.0  444.0  444.0
2019 178  6 27 1400  -13.4  958.4    4.7  179.0  444.0  444.0
2019 178  6 27 1500  -13.2  957.6    2.0  194.0  444.0  444.0
2019 178  6 27 1600  -12.9  957.5    9.6  150.0  444.0  444.0
2019 178  6 27 1700  -13.2  957.6    6.4  153.0  444.0  444.0
2019 178  6 27 1800  -12.5  956.7    8.3  190.0  444.0  444.0
2019 178  6 27 1900  -12.4  956.5    8.1  176.0  444.0  444.0
2019 178  6 27 2000  -12.4  956.1    5.1  200.0  444.0  444.0
2019 178  6 27 2100  -12.9  956.2    9.6  174.0  444.0  444.0
2019 178  6 27 2200  -12.9  956.2    0.0    0.0  444.0  444.0
2019 178  6 27 2300  -14.6  956.1    0.0    0.0  444.0  444.0
2019 179  6 28 0000  -14.8  955.9    3.9  201.0  444.0  444.0
2019 179  6 28 0100  -13.8  955.7    3.7  179.0  444.0  444.0
2019 179  6 28 0200  -12.9  955.0    2.0  170.0  444.0  444.0
2019 179  6 28 0300  -13.0  954.4    2.0    3.0  444.0  444.0
2019 179  6 28 0400  -13.8  953.9    2.7  214.0  444.0  444.0
2019 179  6 28 0500  -11.9  954.4    2.0  132.0  444.0  444.0
2019 179  6 28 0600  -13.8  955.4    6.4  150.0  444.0  444.0
2019 179  6 28 0700  -13.5  956.1    4.2  128.0  444.0  444.0
2019 179  6 28 0800  -15.2  956.0    7.4  132.0  444.0  444.0
2019 179  6 28 0900  -14.9  956.6    8.6  125.0  444.0  444.0
2019 179  6 28 1000  -15.0  957.0    8.8  108.0  444.0  444.0
2019 179  6 28 1100  -15.6  957.5    3.2  159.0  444.0  444.0
2019 179  6 28 1200  -15.9  957.5    4.7  159.0  444.0  444.0
2019 179  6 28 1300  -16.5  957.3    3.7  167.0  444.0  444.0
2019 179  6 28 1400  -16.4  957.3    2.2  212.0  444.0  444.0
2019 179  6 28 1500  -16.6  957.4    2.0  218.0  444.0  444.0
2019 179  6 28 1600  -16.6  957.4    2.5  208.0  444.0  444.0
2019 179  6 28 1700  -17.0  957.3    2.0  214.0  444.0  444.0
2019 179  6 28 1800  -16.5  957.6    0.0    0.0  444.0  444.0
2019 179  6 28 1900  -17.9  957.6    2.9  235.0  444.0  444.0
2019 179  6 28 2000  -17.8  956.8    5.9  218.0  444.0  444.0
2019 179  6 28 2100  -16.8  957.1    0.0    0.0  444.0  444.0
2019 179  6 28 2200  -16.1  957.2    0.0    0.0  444.0  444.0
2019 179  6 28 2300  -15.6  957.3    2.7  215.0  444.0  444.0
2019 180  6 29 0000  -15.2  956.8    2.9  260.0  444.0  444.0
2019 180  6 29 0100  -15.6  957.5    1.5  117.0  444.0  444.0
2019 180  6 29 0200  -15.0  958.1    0.0    0.0  444.0  444.0
2019 180  6 29 0300  -14.1  958.7    1.5  148.0  444.0  444.0
2019 180  6 29 0400  -14.2  958.5    2.7  181.0  444.0  444.0
2019 180  6 29 0500  -14.1  959.1    0.7  281.0  444.0  444.0
2019 180  6 29 0600  -15.0  959.6    2.7  260.0  444.0  444.0
2019 180  6 29 0700  -15.4  959.7    2.5  298.0  444.0  444.0
2019 180  6 29 0800  -15.6  960.2    2.7  252.0  444.0  444.0
2019 180  6 29 0900  -16.5  961.4    2.5  338.0  444.0  444.0
2019 180  6 29 1000  -16.8  962.0    3.7  236.0  444.0  444.0
2019 180  6 29 1100  -16.6  962.5    3.7  248.0  444.0  444.0
2019 180  6 29 1200  -18.4  964.8    7.8   73.0  444.0  444.0
2019 180  6 29 1300  -18.4  965.7    8.8  132.0  444.0  444.0
2019 180  6 29 1400  -19.2  966.5   11.0  127.0  444.0  444.0
2019 180  6 29 1500  -19.6  966.8   12.2  128.0  444.0  444.0
2019 180  6 29 1600  -20.1  968.2    6.1  153.0  444.0  444.0
2019 180  6 29 1700  -20.2  968.4    7.4  121.0  444.0  444.0
2019 180  6 29 1800  -20.4  968.6    4.9  158.0  444.0  444.0
2019 180  6 29 1900  -20.6  968.7    4.2  167.0  444.0  444.0
2019 180  6 29 2000  -20.8  968.0    5.1  169.0  444.0  444.0
2019 180  6 29 2100  -20.6  967.8    0.0    0.0  444.0  444.0
2019 180  6 29 2200  -21.5  966.3    2.2  226.0  444.0  444.0
2019 180  6 29 2300  -22.0  965.4    1.2  246.0  444.0  444.0
2019 181  6 30 0000  -22.0  964.5    0.7  246.0  444.0  444.0
2019 181  6 30 0100  -23.2  963.2    3.4  243.0  444.0  444.0
2019 181  6 30 0200  -21.9  961.9    1.0  312.0  444.0  444.0
2019 181  6 30 0300  -22.5  960.8    3.2  233.0  444.0  444.0
2019 181  6 30 0400  -22.1  959.7    1.5    4.0  444.0  444.0
2019 181  6 30 0500  -20.1  958.4    3.7  229.0  444.0  444.0
2019 181  6 30 0600  -20.2  957.1    1.7   18.0  444.0  444.0
2019 181  6 30 0700  -20.4  955.7    6.1  225.0  444.0  444.0
2019 181  6 30 0800  -18.8  955.2    4.2  242.0  444.0  444.0
2019 181  6 30 0900  -18.5  954.0    0.0    0.0  444.0  444.0
2019 181  6 30 1000  -18.2  953.1    2.0  248.0  444.0  444.0
2019 181  6 30 1100  -17.9  952.6    5.4  225.0  444.0  444.0
2019 181  6 30 1200  -15.6  952.2    0.7  228.0  444.0  444.0
2019 181  6 30 1300  -14.6  952.2    3.7  226.0  444.0  444.0
2019 181  6 30 1400  -14.9  951.3    3.4  232.0  444.0  444.0
2019 181  6 30 1500  -17.4  951.8    3.9  170.0  444.0  444.0
2019 181  6 30 1600  -17.6  952.1    3.7  112.0  444.0  444.0
2019 181  6 30 1700  -18.1  952.3    3.7   94.0  444.0  444.0
2019 181  6 30 1800  -17.6  952.9    2.2  153.0  444.0  444.0
2019 181  6 30 1900  -12.9  953.2    0.0    0.0  444.0  444.0
2019 181  6 30 2000  -13.0  953.3    0.0    0.0  444.0  444.0
2019 181  6 30 2100  -13.9  953.8    2.7  101.0  444.0  444.0
2019 181  6 30 2200  -13.2  954.7    0.7   68.0  444.0  444.0
2019 181  6 30 2300  -12.5  955.2    0.0    0.0  444.0  444.0
