Year: 2024  Month: 04  ID: MPT  ARGOS:  8906  Name: Marble Point        
Lat: 77.44S  Lon: 163.76E  Elev:  108m
2024  92  4  1 0000  -17.4  948.7    2.9  131.0  444.0  444.0
2024  92  4  1 0100  -18.2  949.0    3.4  143.0  444.0  444.0
2024  92  4  1 0200  -17.0  949.3    3.7  136.0  444.0  444.0
2024  92  4  1 0300  -16.6  949.6    2.5  174.0  444.0  444.0
2024  92  4  1 0400  -15.9  949.7    0.7  187.0  444.0  444.0
2024  92  4  1 0500  -16.9  950.1    1.2  228.0  444.0  444.0
2024  92  4  1 0600  -17.2  950.4    2.5  253.0  444.0  444.0
2024  92  4  1 0700  -17.8  950.6    2.7  249.0  444.0  444.0
2024  92  4  1 0800  -17.1  950.9    1.2  243.0  444.0  444.0
2024  92  4  1 0900  -17.4  951.1    0.0    0.0  444.0  444.0
2024  92  4  1 1000  -17.9  951.3    2.5  217.0  444.0  444.0
2024  92  4  1 1100  -17.8  951.5    2.2  221.0  444.0  444.0
2024  92  4  1 1200  -19.1  951.9    3.4  215.0  444.0  444.0
2024  92  4  1 1300  -17.4  951.9    1.5  242.0  444.0  444.0
2024  92  4  1 1400  -16.0  952.0    2.5  172.0  444.0  444.0
2024  92  4  1 1500  -16.8  951.7    2.7  263.0  444.0  444.0
2024  92  4  1 1600  -15.9  951.7    1.2  239.0  444.0  444.0
2024  92  4  1 1700  -16.5  951.8    1.7  240.0  444.0  444.0
2024  92  4  1 1800  -15.2  952.0    0.0    0.0  444.0  444.0
2024  92  4  1 1900  -15.9  952.4    2.2  236.0  444.0  444.0
2024  92  4  1 2000  -15.2  953.0    1.7  225.0  444.0  444.0
2024  92  4  1 2100  -16.1  953.7    0.0    0.0  444.0  444.0
2024  92  4  1 2200  -16.8  954.7    1.0  204.0  444.0  444.0
2024  92  4  1 2300  -13.2  955.3    1.2  205.0  444.0  444.0
2024  93  4  2 0000  -12.4  956.1    1.5  210.0  444.0  444.0
2024  93  4  2 0100  -13.4  957.0    2.0  166.0  444.0  444.0
2024  93  4  2 0200  -12.9  957.4    1.5  208.0  444.0  444.0
2024  93  4  2 0300  -13.2  957.6    3.2  228.0  444.0  444.0
2024  93  4  2 0400  -13.2  958.1    3.9  235.0  444.0  444.0
2024  93  4  2 0500  -12.9  958.5    1.5  226.0  444.0  444.0
2024  93  4  2 0600  -13.2  959.0    2.2  236.0  444.0  444.0
2024  93  4  2 0700  -13.0  959.5    1.2  229.0  444.0  444.0
2024  93  4  2 0800  -12.5  960.1    1.0  198.0  444.0  444.0
2024  93  4  2 0900  -13.8  960.7    2.0  142.0  444.0  444.0
2024  93  4  2 1000  -13.4  961.0    2.0  222.0  444.0  444.0
2024  93  4  2 1100  -13.8  961.4    2.7  242.0  444.0  444.0
2024  93  4  2 1200  -14.0  961.6    2.0  222.0  444.0  444.0
2024  93  4  2 1300  -13.2  961.7    2.7  249.0  444.0  444.0
2024  93  4  2 1400  -14.2  962.2    1.7  125.0  444.0  444.0
2024  93  4  2 1500  -13.4  962.7    1.7  180.0  444.0  444.0
2024  93  4  2 1600  -13.8  963.4    2.2  194.0  444.0  444.0
2024  93  4  2 1700  -13.4  963.7    1.7  201.0  444.0  444.0
2024  93  4  2 1800  -13.2  963.8    1.7  170.0  444.0  444.0
2024  93  4  2 1900  -14.1  964.5    2.0  208.0  444.0  444.0
2024  93  4  2 2000  -13.8  965.1    3.7  142.0  444.0  444.0
2024  93  4  2 2100  -14.0  965.6    3.9  132.0  444.0  444.0
2024  93  4  2 2200  -13.8  966.1    3.2  128.0  444.0  444.0
2024  93  4  2 2300  -13.8  966.6    3.2  162.0  444.0  444.0
2024  94  4  3 0000  -13.2  967.2    2.7  135.0  444.0  444.0
2024  94  4  3 0100  -13.2  967.6    2.0  188.0  444.0  444.0
2024  94  4  3 0200  -14.0  967.8    2.0  229.0  444.0  444.0
2024  94  4  3 0300  -14.4  968.4    2.9  233.0  444.0  444.0
2024  94  4  3 0400  -14.4  969.1    2.2  229.0  444.0  444.0
2024  94  4  3 0500  -14.4  969.6    1.7  195.0  444.0  444.0
2024  94  4  3 0600  -14.6  969.9    1.2  146.0  444.0  444.0
2024  94  4  3 0700  -15.5  970.5    0.2  142.0  444.0  444.0
2024  94  4  3 0800  -14.8  971.0    1.0  173.0  444.0  444.0
2024  94  4  3 0900  -15.4  971.4    2.7  221.0  444.0  444.0
2024  94  4  3 1000  -14.6  971.9    1.7  232.0  444.0  444.0
2024  94  4  3 1100  -15.2  972.5    1.7  248.0  444.0  444.0
2024  94  4  3 1200  -15.8  972.7    2.7  263.0  444.0  444.0
2024  94  4  3 1300  -16.0  972.9    2.7  276.0  444.0  444.0
2024  94  4  3 1400  -18.6  973.3    1.5  114.0  444.0  444.0
2024  94  4  3 1500  -17.8  973.8    0.5  179.0  444.0  444.0
2024  94  4  3 1600  -16.5  974.1    0.0    0.0  444.0  444.0
2024  94  4  3 1700  -16.8  974.5    0.0    0.0  444.0  444.0
2024  94  4  3 1800  -16.8  974.7    1.5  166.0  444.0  444.0
2024  94  4  3 1900  -17.0  974.9    1.5  138.0  444.0  444.0
2024  94  4  3 2000  -16.6  975.0    1.5  149.0  444.0  444.0
2024  94  4  3 2100  -17.2  975.4    0.0    0.0  444.0  444.0
2024  94  4  3 2200  -18.9  975.7    3.2  128.0  444.0  444.0
2024  94  4  3 2300  -19.8  976.1    5.1  129.0  444.0  444.0
2024  95  4  4 0000  -20.2  976.5    5.4  125.0  444.0  444.0
2024  95  4  4 0100  -20.5  976.7    3.7  138.0  444.0  444.0
2024  95  4  4 0200  -19.5  976.9    2.9  146.0  444.0  444.0
2024  95  4  4 0300  -19.8  976.8    4.9  145.0  444.0  444.0
2024  95  4  4 0400  -20.1  977.3    4.7  143.0  444.0  444.0
2024  95  4  4 0500  -19.5  977.5    3.9  153.0  444.0  444.0
2024  95  4  4 0600  -19.6  977.7    5.1  132.0  444.0  444.0
2024  95  4  4 0700  -20.5  977.8    5.9  135.0  444.0  444.0
2024  95  4  4 0800  -20.5  978.0    6.1  129.0  444.0  444.0
2024  95  4  4 0900  -20.6  978.0    6.6  136.0  444.0  444.0
2024  95  4  4 1000  -21.0  978.1    9.8  145.0  444.0  444.0
2024  95  4  4 1100  -21.4  978.1   11.3  150.0  444.0  444.0
2024  95  4  4 1200  -21.1  977.9   10.0  146.0  444.0  444.0
2024  95  4  4 1300  -21.0  978.3    9.6  149.0  444.0  444.0
2024  95  4  4 1400  -20.5  978.2   10.5  139.0  444.0  444.0
2024  95  4  4 1500  -20.8  978.3   11.5  135.0  444.0  444.0
2024  95  4  4 1600  -20.4  978.3   11.0  131.0  444.0  444.0
2024  95  4  4 1700  -20.5  978.1   13.5  152.0  444.0  444.0
2024  95  4  4 1800  -20.2  978.0   12.7  152.0  444.0  444.0
2024  95  4  4 1900  -20.1  978.1   13.5  158.0  444.0  444.0
2024  95  4  4 2000  -19.8  977.8   11.3  145.0  444.0  444.0
2024  95  4  4 2100  -19.6  977.7   10.8  159.0  444.0  444.0
2024  95  4  4 2200  -19.4  977.6   12.0  162.0  444.0  444.0
2024  95  4  4 2300  -18.4  977.8    7.8  143.0  444.0  444.0
2024  96  4  5 0000  -17.4  977.9   13.5  148.0  444.0  444.0
2024  96  4  5 0100  -16.9  978.0   11.8  132.0  444.0  444.0
2024  96  4  5 0200  -17.4  978.1   13.7  129.0  444.0  444.0
2024  96  4  5 0300  -16.5  978.5   13.0  143.0  444.0  444.0
2024  96  4  5 0400  -16.6  979.0    7.8  142.0  444.0  444.0
2024  96  4  5 0500  -16.5  979.2   10.0  122.0  444.0  444.0
2024  96  4  5 0600  -17.6  979.3   11.0  114.0  444.0  444.0
2024  96  4  5 0700  -17.8  980.0   10.0  121.0  444.0  444.0
2024  96  4  5 0800  -18.2  980.4    9.3  118.0  444.0  444.0
2024  96  4  5 0900  -18.0  980.7    6.9  112.0  444.0  444.0
2024  96  4  5 1000  -17.9  980.7    8.1  112.0  444.0  444.0
2024  96  4  5 1100  -18.0  981.3    6.9  122.0  444.0  444.0
2024  96  4  5 1200  -18.4  981.4    4.9  169.0  444.0  444.0
2024  96  4  5 1300  -18.8  981.5    3.9  149.0  444.0  444.0
2024  96  4  5 1400  -19.4  981.3    2.7  224.0  444.0  444.0
2024  96  4  5 1500  -19.5  981.1    4.7  229.0  444.0  444.0
2024  96  4  5 1600  -18.9  981.4    2.5  200.0  444.0  444.0
2024  96  4  5 1700  -18.4  981.3    1.7  228.0  444.0  444.0
2024  96  4  5 1800  -18.6  981.4    2.9  231.0  444.0  444.0
2024  96  4  5 1900  -19.1  981.2    2.2  208.0  444.0  444.0
2024  96  4  5 2000  -18.6  981.2    3.2  238.0  444.0  444.0
2024  96  4  5 2100  -18.4  981.0    3.2  252.0  444.0  444.0
2024  96  4  5 2200  -18.8  981.1    2.5  155.0  444.0  444.0
2024  96  4  5 2300  -17.8  981.0    2.0  211.0  444.0  444.0
2024  97  4  6 0000  -17.9  980.8    3.4  248.0  444.0  444.0
2024  97  4  6 0100  -17.6  980.7    2.0  235.0  444.0  444.0
2024  97  4  6 0200  -17.0  980.5    2.0  232.0  444.0  444.0
2024  97  4  6 0300  -17.8  979.9    3.7  253.0  444.0  444.0
2024  97  4  6 0400  -18.0  979.8    2.9  200.0  444.0  444.0
2024  97  4  6 0500  -18.5  979.7    2.2  174.0  444.0  444.0
2024  97  4  6 0600  -18.8  979.4    1.7  229.0  444.0  444.0
2024  97  4  6 0700  -19.2  979.4    1.2  210.0  444.0  444.0
2024  97  4  6 0800  -19.1  979.0    2.5  188.0  444.0  444.0
2024  97  4  6 0900  -19.5  978.9    1.2  219.0  444.0  444.0
2024  97  4  6 1000  -20.1  978.8    2.5  170.0  444.0  444.0
2024  97  4  6 1100  -20.5  978.2    4.4  245.0  444.0  444.0
2024  97  4  6 1200  -21.2  977.9    2.5  122.0  444.0  444.0
2024  97  4  6 1300  -22.0  977.9    4.4  166.0  444.0  444.0
2024  97  4  6 1400  -20.9  977.2    2.2  205.0  444.0  444.0
2024  97  4  6 1500  -21.5  976.5    0.0    0.0  444.0  444.0
2024  97  4  6 1600  -22.1  976.5    0.2  210.0  444.0  444.0
2024  97  4  6 1700  -21.5  975.5    2.9  218.0  444.0  444.0
2024  97  4  6 1800  -23.8  975.6    5.1  166.0  444.0  444.0
2024  97  4  6 1900  -23.2  975.2    5.6  179.0  444.0  444.0
2024  97  4  6 2000  -24.0  975.0    2.5  193.0  444.0  444.0
2024  97  4  6 2100  -24.0  974.6    3.2  191.0  444.0  444.0
2024  97  4  6 2200  -23.2  974.5    2.7  166.0  444.0  444.0
2024  97  4  6 2300  -22.9  974.5    2.0  177.0  444.0  444.0
2024  98  4  7 0000  -23.0  974.2    4.4  138.0  444.0  444.0
2024  98  4  7 0100  -24.2  973.5    5.4  176.0  444.0  444.0
2024  98  4  7 0200  -24.5  973.0    8.6  145.0  444.0  444.0
2024  98  4  7 0300  -24.6  972.4    9.6  149.0  444.0  444.0
2024  98  4  7 0400  -25.8  972.0    3.7  198.0  444.0  444.0
2024  98  4  7 0500  -25.4  971.6    7.4  145.0  444.0  444.0
2024  98  4  7 0600  -26.0  971.5    8.3  166.0  444.0  444.0
2024  98  4  7 0700  -25.6  970.9    4.7  149.0  444.0  444.0
2024  98  4  7 0800  -25.8  970.2    3.9  142.0  444.0  444.0
2024  98  4  7 0900  -26.8  970.0    2.2  239.0  444.0  444.0
2024  98  4  7 1000  -27.2  969.9    5.1  177.0  444.0  444.0
2024  98  4  7 1100  -26.1  969.3    3.2  159.0  444.0  444.0
2024  98  4  7 1200  -26.6  968.5    2.0  219.0  444.0  444.0
2024  98  4  7 1300  -27.2  968.3    3.7  150.0  444.0  444.0
2024  98  4  7 1400  -27.1  967.5    5.9  180.0  444.0  444.0
2024  98  4  7 1500  -25.6  967.3    3.9  158.0  444.0  444.0
2024  98  4  7 1600  -26.8  966.9    6.4  190.0  444.0  444.0
2024  98  4  7 1700  -24.9  966.5    5.9  149.0  444.0  444.0
2024  98  4  7 1800  -25.0  966.1    4.7  166.0  444.0  444.0
2024  98  4  7 1900  -25.0  965.5    4.2  149.0  444.0  444.0
2024  98  4  7 2000  -25.0  965.1    1.5  142.0  444.0  444.0
2024  98  4  7 2100  -25.0  964.5    0.0    0.0  444.0  444.0
2024  98  4  7 2200  -24.5  964.2    2.5  167.0  444.0  444.0
2024  98  4  7 2300  -24.1  964.1    1.2  205.0  444.0  444.0
2024  99  4  8 0000  -24.4  963.8    0.5  232.0  444.0  444.0
2024  99  4  8 0100  -21.4  963.7    0.0    0.0  444.0  444.0
2024  99  4  8 0200  -23.8  963.5    0.0    0.0  444.0  444.0
2024  99  4  8 0300  -25.8  963.2    1.2  260.0  444.0  444.0
2024  99  4  8 0400  -24.5  963.0    0.0    0.0  444.0  444.0
2024  99  4  8 0500  -25.1  963.1    1.0  205.0  444.0  444.0
2024  99  4  8 0600  -25.8  962.9    2.2  143.0  444.0  444.0
2024  99  4  8 0700  -25.5  962.7    1.7  143.0  444.0  444.0
2024  99  4  8 0800  -25.0  962.6    1.0  201.0  444.0  444.0
2024  99  4  8 0900  -24.4  962.6    0.2  165.0  444.0  444.0
2024  99  4  8 1000  -24.6  962.7    0.0    0.0  444.0  444.0
2024  99  4  8 1100  -25.1  962.4    0.0    0.0  444.0  444.0
2024  99  4  8 1200  -25.5  962.6    0.0    0.0  444.0  444.0
2024  99  4  8 1300  -25.4  962.5    0.5  266.0  444.0  444.0
2024  99  4  8 1400  -25.1  962.3    2.0  210.0  444.0  444.0
2024  99  4  8 1500  -24.0  962.0    0.7  229.0  444.0  444.0
2024  99  4  8 1600  -24.4  962.2    1.2  235.0  444.0  444.0
2024  99  4  8 1700  -24.2  962.3    0.0    0.0  444.0  444.0
2024  99  4  8 1800  -24.4  962.4    1.7  215.0  444.0  444.0
2024  99  4  8 1900  -24.5  962.3    0.2    4.0  444.0  444.0
2024  99  4  8 2000  -25.8  962.2    0.7  256.0  444.0  444.0
2024  99  4  8 2100  -25.8  962.0    2.9  224.0  444.0  444.0
2024  99  4  8 2200  -24.5  962.1    1.5  228.0  444.0  444.0
2024  99  4  8 2300  -24.5  962.2    4.4  200.0  444.0  444.0
2024 100  4  9 0000  -23.6  962.4    0.0    0.0  444.0  444.0
2024 100  4  9 0100  -24.2  962.2    0.0    0.0  444.0  444.0
2024 100  4  9 0200  -23.4  961.8    0.0    0.0  444.0  444.0
2024 100  4  9 0300  -26.0  961.6    0.0    0.0  444.0  444.0
2024 100  4  9 0400  -25.0  961.6    0.5  228.0  444.0  444.0
2024 100  4  9 0500  -25.1  961.7    0.0    0.0  444.0  444.0
2024 100  4  9 0600  -24.9  961.7    1.2  239.0  444.0  444.0
2024 100  4  9 0700  -24.8  961.9    0.5  210.0  444.0  444.0
2024 100  4  9 0800  -24.2  961.8    0.0    0.0  444.0  444.0
2024 100  4  9 0900  -25.0  962.0    1.7  215.0  444.0  444.0
2024 100  4  9 1000  -24.4  961.9    1.0  239.0  444.0  444.0
2024 100  4  9 1100  -23.8  961.9    0.2  271.0  444.0  444.0
2024 100  4  9 1200  -24.0  962.1    0.0    0.0  444.0  444.0
2024 100  4  9 1300  -23.8  962.3    2.5  243.0  444.0  444.0
2024 100  4  9 1400  -22.4  962.5    1.0  266.0  444.0  444.0
2024 100  4  9 1500  -21.4  962.6    1.0  276.0  444.0  444.0
2024 100  4  9 1600  -20.9  962.8    0.0    0.0  444.0  444.0
2024 100  4  9 1700  -21.4  963.0    0.0    0.0  444.0  444.0
2024 100  4  9 1800  -20.9  963.1    0.0    0.0  444.0  444.0
2024 100  4  9 1900  -20.6  963.1    0.0    0.0  444.0  444.0
2024 100  4  9 2000  -22.1  963.5    1.2  163.0  444.0  444.0
2024 100  4  9 2100  -21.9  963.9    0.0    0.0  444.0  444.0
2024 100  4  9 2200  -22.0  964.3    0.0    0.0  444.0  444.0
2024 100  4  9 2300  -21.2  964.9    0.0    0.0  444.0  444.0
2024 101  4 10 0000  -21.1  965.5    0.0    0.0  444.0  444.0
2024 101  4 10 0100  -20.9  965.7    0.0    0.0  444.0  444.0
2024 101  4 10 0200  -20.9  966.0    0.0    0.0  444.0  444.0
2024 101  4 10 0300  -20.2  966.1    0.0    0.0  444.0  444.0
2024 101  4 10 0400  -20.4  966.1    0.0    0.0  444.0  444.0
2024 101  4 10 0500  -22.8  966.6    0.0    0.0  444.0  444.0
2024 101  4 10 0600  -21.5  966.8    0.0    0.0  444.0  444.0
2024 101  4 10 0700  -22.6  966.9    0.0    0.0  444.0  444.0
2024 101  4 10 0800  -23.4  967.1    0.0    0.0  444.0  444.0
2024 101  4 10 0900  -23.6  967.5    0.0    0.0  444.0  444.0
2024 101  4 10 1000  -22.4  967.9    0.0    0.0  444.0  444.0
2024 101  4 10 1100  -23.2  968.2    0.5  145.0  444.0  444.0
2024 101  4 10 1200  -23.8  968.7    2.7  141.0  444.0  444.0
2024 101  4 10 1300  -22.5  968.8    4.9  134.0  444.0  444.0
2024 101  4 10 1400  -22.5  969.6    0.5  155.0  444.0  444.0
2024 101  4 10 1500  -21.1  969.7    0.0    0.0  444.0  444.0
2024 101  4 10 1600  -21.5  970.0    0.0    0.0  444.0  444.0
2024 101  4 10 1700  -21.2  970.3    0.2  330.0  444.0  444.0
2024 101  4 10 1800  -21.0  970.7    0.2  211.0  444.0  444.0
2024 101  4 10 1900  -21.8  970.8    0.7  224.0  444.0  444.0
2024 101  4 10 2000  -21.4  970.9    0.0    0.0  444.0  444.0
2024 101  4 10 2100  -21.2  971.0    0.0    0.0  444.0  444.0
2024 101  4 10 2200  -20.6  971.3    0.0    0.0  444.0  444.0
2024 101  4 10 2300  -21.4  971.8    1.2  163.0  444.0  444.0
2024 102  4 11 0000  -21.9  972.0    2.5  138.0  444.0  444.0
2024 102  4 11 0100  -21.4  972.1    0.0    0.0  444.0  444.0
2024 102  4 11 0200  -20.2  971.8    0.0    0.0  444.0  444.0
2024 102  4 11 0300  -19.8  971.8    0.0    0.0  444.0  444.0
2024 102  4 11 0400  -23.2  971.6    1.2  152.0  444.0  444.0
2024 102  4 11 0500  -23.0  971.5    1.5  139.0  444.0  444.0
2024 102  4 11 0600  -23.1  971.5    1.7  145.0  444.0  444.0
2024 102  4 11 0700  -22.4  971.2    2.7  136.0  444.0  444.0
2024 102  4 11 0800  -21.9  971.2    3.9  224.0  444.0  444.0
2024 102  4 11 0900  -23.6  971.3    2.7  152.0  444.0  444.0
2024 102  4 11 1000  -21.1  971.2    0.0    0.0  444.0  444.0
2024 102  4 11 1100  -22.4  970.9    2.5  129.0  444.0  444.0
2024 102  4 11 1200  -21.8  971.1    2.7  205.0  444.0  444.0
2024 102  4 11 1300  -20.9  970.8    2.7  202.0  444.0  444.0
2024 102  4 11 1400  -20.4  970.5    1.5  200.0  444.0  444.0
2024 102  4 11 1500  -20.6  970.6    1.7  214.0  444.0  444.0
2024 102  4 11 1600  -20.9  970.3    2.9  225.0  444.0  444.0
2024 102  4 11 1700  -20.6  969.9    2.5  240.0  444.0  444.0
2024 102  4 11 1800  -20.5  970.1    1.7  207.0  444.0  444.0
2024 102  4 11 1900  -20.0  970.1    0.5  225.0  444.0  444.0
2024 102  4 11 2000  -20.5  970.1    2.0  229.0  444.0  444.0
2024 102  4 11 2100  -21.2  970.1    0.0    0.0  444.0  444.0
2024 102  4 11 2200  -21.5  970.1    2.2  221.0  444.0  444.0
2024 102  4 11 2300  -20.8  970.1    0.0    0.0  444.0  444.0
2024 103  4 12 0000  -19.8  970.0    0.0    0.0  444.0  444.0
2024 103  4 12 0100  -22.0  969.7    2.2  232.0  444.0  444.0
2024 103  4 12 0200  -20.2  969.6    0.0    0.0  444.0  444.0
2024 103  4 12 0300  -19.5  969.7    0.0    0.0  444.0  444.0
2024 103  4 12 0400  -21.8  969.5    0.0    0.0  444.0  444.0
2024 103  4 12 0500  -22.9  969.7    0.2  266.0  444.0  444.0
2024 103  4 12 0600  -23.9  969.9    0.0    0.0  444.0  444.0
2024 103  4 12 0700  -22.8  969.9    0.5  283.0  444.0  444.0
2024 103  4 12 0800  -23.6  970.2    0.0    0.0  444.0  444.0
2024 103  4 12 0900  -24.0  970.6    2.5  141.0  444.0  444.0
2024 103  4 12 1000  -23.4  970.9    2.0  155.0  444.0  444.0
2024 103  4 12 1100  -23.0  971.0    1.7  207.0  444.0  444.0
2024 103  4 12 1200  -22.6  971.1    1.0  236.0  444.0  444.0
2024 103  4 12 1300  -23.8  971.3    0.0    0.0  444.0  444.0
2024 103  4 12 1400  -22.4  971.3    1.7  159.0  444.0  444.0
2024 103  4 12 1500  -21.4  971.0    1.2  169.0  444.0  444.0
2024 103  4 12 1600  -20.5  970.9    1.5  173.0  444.0  444.0
2024 103  4 12 1700  -21.1  970.6    1.5  233.0  444.0  444.0
2024 103  4 12 1800  -21.9  970.8    2.2  210.0  444.0  444.0
2024 103  4 12 1900  -23.6  970.8    0.7  139.0  444.0  444.0
2024 103  4 12 2000  -21.4  970.7    2.0  208.0  444.0  444.0
2024 103  4 12 2100  -21.4  970.8    1.0  257.0  444.0  444.0
2024 103  4 12 2200  -22.0  970.9    0.5  255.0  444.0  444.0
2024 103  4 12 2300  -24.2  971.0    0.0    0.0  444.0  444.0
2024 104  4 13 0000  -22.5  971.1    3.2  176.0  444.0  444.0
2024 104  4 13 0100  -20.5  971.0    2.0  181.0  444.0  444.0
2024 104  4 13 0200  -22.5  970.9    0.0    0.0  444.0  444.0
2024 104  4 13 0300  -22.4  970.9    1.2  136.0  444.0  444.0
2024 104  4 13 0400  -22.4  970.7    0.0    0.0  444.0  444.0
2024 104  4 13 0500  -23.6  971.2    0.0    0.0  444.0  444.0
2024 104  4 13 0600  -20.6  970.8    1.7  210.0  444.0  444.0
2024 104  4 13 0700  -20.9  970.7    0.0    0.0  444.0  444.0
2024 104  4 13 0800  -22.8  970.6    0.0    0.0  444.0  444.0
2024 104  4 13 0900  -21.4  970.6    0.0    0.0  444.0  444.0
2024 104  4 13 1000  -21.4  970.8    0.0    0.0  444.0  444.0
2024 104  4 13 1100  -19.6  970.5    1.5  288.0  444.0  444.0
2024 104  4 13 1200  -19.6  970.0    1.7  238.0  444.0  444.0
2024 104  4 13 1300  -19.1  970.0    3.4   59.0  444.0  444.0
2024 104  4 13 1400  -20.0  970.0    3.2  318.0  444.0  444.0
2024 104  4 13 1500  -19.0  969.6    1.2  360.0  444.0  444.0
2024 104  4 13 1600  -19.1  968.7    6.1  233.0  444.0  444.0
2024 104  4 13 1700  -19.6  968.5    7.4  233.0  444.0  444.0
2024 104  4 13 1800  -17.8  968.7    1.7  238.0  444.0  444.0
2024 104  4 13 1900  -16.4  968.3    3.7  202.0  444.0  444.0
2024 104  4 13 2000  -14.5  968.0    5.6  208.0  444.0  444.0
2024 104  4 13 2100  -14.1  967.7    2.9  163.0  444.0  444.0
2024 104  4 13 2200  -16.4  968.1    2.5   14.0  444.0  444.0
2024 104  4 13 2300  -15.2  969.0    2.9  194.0  444.0  444.0
2024 105  4 14 0000  -14.6  968.2    3.4  238.0  444.0  444.0
2024 105  4 14 0100  -14.9  968.1    4.9  240.0  444.0  444.0
2024 105  4 14 0200  -12.2  967.9    2.0  172.0  444.0  444.0
2024 105  4 14 0300  -11.9  967.5    1.2  190.0  444.0  444.0
2024 105  4 14 0400  -11.8  967.5    0.0    0.0  444.0  444.0
2024 105  4 14 0500  -11.5  967.4    0.0    0.0  444.0  444.0
2024 105  4 14 0600  -11.8  967.7    2.0  193.0  444.0  444.0
2024 105  4 14 0700  -12.2  967.6    1.5  269.0  444.0  444.0
2024 105  4 14 0800  -12.5  967.8    0.5  160.0  444.0  444.0
2024 105  4 14 0900  -12.9  967.8    2.2  195.0  444.0  444.0
2024 105  4 14 1000  -11.6  967.9    0.0    0.0  444.0  444.0
2024 105  4 14 1100  -12.9  968.4    2.7  146.0  444.0  444.0
2024 105  4 14 1200  -12.4  968.3    2.2  239.0  444.0  444.0
2024 105  4 14 1300  -14.1  968.0    3.4  232.0  444.0  444.0
2024 105  4 14 1400  -13.5  967.9    3.2  253.0  444.0  444.0
2024 105  4 14 1500  -12.0  968.0    2.9  267.0  444.0  444.0
2024 105  4 14 1600  -12.9  967.5    6.6  179.0  444.0  444.0
2024 105  4 14 1700  -12.4  967.6    9.8  181.0  444.0  444.0
2024 105  4 14 1800  -12.6  967.5    8.6  176.0  444.0  444.0
2024 105  4 14 1900  -12.5  967.5    6.9  180.0  444.0  444.0
2024 105  4 14 2000  -14.0  967.2    5.4  198.0  444.0  444.0
2024 105  4 14 2100  -12.9  967.0    4.2  183.0  444.0  444.0
2024 105  4 14 2200  -13.0  966.8    5.4  205.0  444.0  444.0
2024 105  4 14 2300  -11.8  966.9    2.9  219.0  444.0  444.0
2024 106  4 15 0000  -12.4  966.5    4.2  226.0  444.0  444.0
2024 106  4 15 0100  -12.0  966.3    3.4  221.0  444.0  444.0
2024 106  4 15 0200  -11.8  965.9    4.4  238.0  444.0  444.0
2024 106  4 15 0300  -12.0  965.7    3.2  239.0  444.0  444.0
2024 106  4 15 0400  -11.6  966.0    2.2  190.0  444.0  444.0
2024 106  4 15 0500  -17.1  967.2   10.0  138.0  444.0  444.0
2024 106  4 15 0600  -16.9  967.6    6.1  146.0  444.0  444.0
2024 106  4 15 0700  -17.0  967.9    1.7  134.0  444.0  444.0
2024 106  4 15 0800  -17.4  968.2    3.4  117.0  444.0  444.0
2024 106  4 15 0900  -15.0  968.4    2.7  201.0  444.0  444.0
2024 106  4 15 1000  -13.8  968.8    5.9  148.0  444.0  444.0
2024 106  4 15 1100  -15.9  968.5    5.1  184.0  444.0  444.0
2024 106  4 15 1200  -15.6  968.1    5.6  207.0  444.0  444.0
2024 106  4 15 1300  -14.2  968.0    9.6  176.0  444.0  444.0
2024 106  4 15 1400  -13.8  968.0   11.5  165.0  444.0  444.0
2024 106  4 15 1500  -13.1  967.9   10.5  150.0  444.0  444.0
2024 106  4 15 1600  -14.1  968.3    4.7  145.0  444.0  444.0
2024 106  4 15 1700  -12.5  967.8   11.0  186.0  444.0  444.0
2024 106  4 15 1800  -12.0  968.1   10.0  180.0  444.0  444.0
2024 106  4 15 1900  -12.0  968.5   12.5  184.0  444.0  444.0
2024 106  4 15 2000  -11.1  968.2    9.3  184.0  444.0  444.0
2024 106  4 15 2100  -11.1  969.1   12.0  183.0  444.0  444.0
2024 106  4 15 2200  -11.0  970.2    1.7  135.0  444.0  444.0
2024 106  4 15 2300  -11.2  971.0    6.1  129.0  444.0  444.0
2024 107  4 16 0000  -11.2  970.6    7.1  125.0  444.0  444.0
2024 107  4 16 0100  -10.2  970.1   14.0  190.0  444.0  444.0
2024 107  4 16 0200   -9.5  971.0    7.4  125.0  444.0  444.0
2024 107  4 16 0300   -9.6  970.8    8.8  172.0  444.0  444.0
2024 107  4 16 0400   -9.9  970.8   10.3  180.0  444.0  444.0
2024 107  4 16 0500   -9.9  971.3    8.6  139.0  444.0  444.0
2024 107  4 16 0600  -10.8  971.6    6.9  150.0  444.0  444.0
2024 107  4 16 0700  -11.0  971.6    3.9  148.0  444.0  444.0
2024 107  4 16 0800  -10.5  971.8    6.9  184.0  444.0  444.0
2024 107  4 16 0900  -11.1  972.0    9.8  179.0  444.0  444.0
2024 107  4 16 1000  -11.1  972.2   13.5  166.0  444.0  444.0
2024 107  4 16 1100  -11.2  972.5    8.1  172.0  444.0  444.0
2024 107  4 16 1200  -11.8  972.4    7.8  150.0  444.0  444.0
2024 107  4 16 1300  -12.6  971.7   14.9  179.0  444.0  444.0
2024 107  4 16 1400  -11.9  973.0   12.2  141.0  444.0  444.0
2024 107  4 16 1500  -12.1  972.8    8.3  160.0  444.0  444.0
2024 107  4 16 1600  -11.8  972.5    6.1  165.0  444.0  444.0
2024 107  4 16 1700  -11.8  971.8    6.9  142.0  444.0  444.0
2024 107  4 16 1800  -11.9  971.7    2.5  205.0  444.0  444.0
2024 107  4 16 1900  -11.8  971.3    4.9  141.0  444.0  444.0
2024 107  4 16 2000  -10.8  970.5    9.3  153.0  444.0  444.0
2024 107  4 16 2100  -10.9  969.7    2.0  195.0  444.0  444.0
2024 107  4 16 2200  -10.8  969.1    2.2  181.0  444.0  444.0
2024 107  4 16 2300  -10.2  968.5    8.1  173.0  444.0  444.0
2024 108  4 17 0000  -10.1  968.6    4.9  172.0  444.0  444.0
2024 108  4 17 0100   -9.6  968.3    9.3  134.0  444.0  444.0
2024 108  4 17 0200  -10.1  968.2   19.4  146.0  444.0  444.0
2024 108  4 17 0300  -10.8  968.5   15.2  132.0  444.0  444.0
2024 108  4 17 0400  -11.1  966.9   15.4  121.0  444.0  444.0
2024 108  4 17 0500  -11.1  969.9    4.4  188.0  444.0  444.0
2024 108  4 17 0600  -10.8  968.6    4.4  145.0  444.0  444.0
2024 108  4 17 0700  -10.6  967.3    8.1  173.0  444.0  444.0
2024 108  4 17 0800   -8.9  966.5   12.0  143.0  444.0  444.0
2024 108  4 17 0900  -10.1  966.6    7.6  176.0  444.0  444.0
2024 108  4 17 1000   -9.9  967.0    6.1  167.0  444.0  444.0
2024 108  4 17 1100  -10.1  965.6    9.3  153.0  444.0  444.0
2024 108  4 17 1200  -11.0  965.7    3.4  134.0  444.0  444.0
2024 108  4 17 1300  -11.4  965.0    4.7  145.0  444.0  444.0
2024 108  4 17 1400  -11.0  964.2    2.7  141.0  444.0  444.0
2024 108  4 17 1500  -11.8  963.4    6.1  155.0  444.0  444.0
2024 108  4 17 1600  -12.5  962.9    3.9  181.0  444.0  444.0
2024 108  4 17 1700  -11.6  962.9    4.2  215.0  444.0  444.0
2024 108  4 17 1800  -12.6  961.8    5.1  219.0  444.0  444.0
2024 108  4 17 1900  -12.0  960.6    7.4  222.0  444.0  444.0
2024 108  4 17 2000  -12.1  959.7    8.3  177.0  444.0  444.0
2024 108  4 17 2100  -12.4  959.5    9.8  181.0  444.0  444.0
2024 108  4 17 2200  -12.0  959.3    6.4  173.0  444.0  444.0
2024 108  4 17 2300  -10.9  959.1    0.0    0.0  444.0  444.0
2024 109  4 18 0000  -12.5  958.1    4.9  218.0  444.0  444.0
2024 109  4 18 0100  -11.8  957.1    6.9  183.0  444.0  444.0
2024 109  4 18 0200  -11.8  956.5    7.4  180.0  444.0  444.0
2024 109  4 18 0300  -11.0  955.8    9.8  174.0  444.0  444.0
2024 109  4 18 0400  -11.1  955.7    9.3  187.0  444.0  444.0
2024 109  4 18 0500  -11.4  955.1   10.5  181.0  444.0  444.0
2024 109  4 18 0600  -10.9  954.9    6.4  170.0  444.0  444.0
2024 109  4 18 0700  -10.5  954.1    7.8  173.0  444.0  444.0
2024 109  4 18 0800  -10.2  953.9    6.9  172.0  444.0  444.0
2024 109  4 18 0900  -10.2  953.8    5.1  187.0  444.0  444.0
2024 109  4 18 1000   -9.5  953.5    4.2  184.0  444.0  444.0
2024 109  4 18 1100   -9.9  953.2    5.1  163.0  444.0  444.0
2024 109  4 18 1200   -9.9  953.5    2.9  136.0  444.0  444.0
2024 109  4 18 1300  -10.5  953.5    4.2  155.0  444.0  444.0
2024 109  4 18 1400  -11.0  953.3    0.5  276.0  444.0  444.0
2024 109  4 18 1500  -10.1  953.3    1.7  146.0  444.0  444.0
2024 109  4 18 1600  -11.4  953.8    5.4  228.0  444.0  444.0
2024 109  4 18 1700  -10.1  954.0    5.4  183.0  444.0  444.0
2024 109  4 18 1800   -9.6  953.7    3.9  153.0  444.0  444.0
2024 109  4 18 1900  -10.8  953.9    0.0    0.0  444.0  444.0
2024 109  4 18 2000  -12.6  953.8    4.4  270.0  444.0  444.0
2024 109  4 18 2100  -12.5  954.5    2.9  307.0  444.0  444.0
2024 109  4 18 2200  -12.4  954.7    3.2  284.0  444.0  444.0
2024 109  4 18 2300  -12.2  955.7    4.2  100.0  444.0  444.0
2024 110  4 19 0000  -11.8  955.8    3.7  107.0  444.0  444.0
2024 110  4 19 0100  -12.0  956.3   13.5  139.0  444.0  444.0
2024 110  4 19 0200  -13.9  957.0   10.8  107.0  444.0  444.0
2024 110  4 19 0300  -14.4  958.2    6.6  132.0  444.0  444.0
2024 110  4 19 0400  -15.2  958.8    6.1  128.0  444.0  444.0
2024 110  4 19 0500  -15.6  960.0    6.1  146.0  444.0  444.0
2024 110  4 19 0600  -16.0  960.7    3.9  169.0  444.0  444.0
2024 110  4 19 0700  -16.0  961.2    2.0  205.0  444.0  444.0
2024 110  4 19 0800  -16.4  961.1    2.9  207.0  444.0  444.0
2024 110  4 19 0900  -16.9  960.9    3.4  198.0  444.0  444.0
2024 110  4 19 1000  -17.1  961.0    2.5  235.0  444.0  444.0
2024 110  4 19 1100  -17.4  961.3    3.4  224.0  444.0  444.0
2024 110  4 19 1200  -16.1  961.5    3.7  246.0  444.0  444.0
2024 110  4 19 1300  -15.8  961.4    3.2  243.0  444.0  444.0
2024 110  4 19 1400  -15.2  961.3    2.5  235.0  444.0  444.0
2024 110  4 19 1500  -14.8  961.2    2.7  252.0  444.0  444.0
2024 110  4 19 1600  -14.4  961.0    2.7  238.0  444.0  444.0
2024 110  4 19 1700  -14.1  961.0    0.7  224.0  444.0  444.0
2024 110  4 19 1800  -16.0  961.2    2.2  136.0  444.0  444.0
2024 110  4 19 1900  -15.0  961.4    2.2  165.0  444.0  444.0
2024 110  4 19 2000  -14.9  961.3    2.5  163.0  444.0  444.0
2024 110  4 19 2100  -14.8  961.3    1.5  166.0  444.0  444.0
2024 110  4 19 2200  -14.9  961.4    1.0  173.0  444.0  444.0
2024 110  4 19 2300  -14.6  961.5    1.7  173.0  444.0  444.0
2024 111  4 20 0000  -14.2  961.4    1.2  162.0  444.0  444.0
2024 111  4 20 0100  -14.4  961.2    2.9  163.0  444.0  444.0
2024 111  4 20 0200  -14.6  961.1    4.9  143.0  444.0  444.0
2024 111  4 20 0300  -15.4  961.1    5.4  146.0  444.0  444.0
2024 111  4 20 0400  -15.6  961.3    5.4  121.0  444.0  444.0
2024 111  4 20 0500  -16.5  961.4    6.4  163.0  444.0  444.0
2024 111  4 20 0600  -17.1  961.4    9.8  159.0  444.0  444.0
2024 111  4 20 0700  -17.2  961.7    6.6  148.0  444.0  444.0
2024 111  4 20 0800  -17.1  962.2    5.9  158.0  444.0  444.0
2024 111  4 20 0900  -17.6  962.4    5.1  125.0  444.0  444.0
2024 111  4 20 1000  -17.8  962.8    5.1  158.0  444.0  444.0
2024 111  4 20 1100  -18.0  962.8    3.7  128.0  444.0  444.0
2024 111  4 20 1200  -18.1  962.9    4.4  136.0  444.0  444.0
2024 111  4 20 1300  -18.8  963.1    3.9  128.0  444.0  444.0
2024 111  4 20 1400  -19.0  963.0    3.7  118.0  444.0  444.0
2024 111  4 20 1500  -18.8  963.3    1.2  131.0  444.0  444.0
2024 111  4 20 1600  -19.0  963.5  444.0  444.0  444.0  444.0
2024 111  4 20 1700  -19.4  963.6    2.5  146.0  444.0  444.0
2024 111  4 20 1800  -19.2  963.8    3.7  136.0  444.0  444.0
2024 111  4 20 1900  -19.5  964.2    4.9  145.0  444.0  444.0
2024 111  4 20 2000  -19.5  964.4    3.9  132.0  444.0  444.0
2024 111  4 20 2100  -19.5  964.7    0.0    0.0  444.0  444.0
2024 111  4 20 2200  -19.6  965.1    1.7  156.0  444.0  444.0
2024 111  4 20 2300  -19.4  965.4    2.2  167.0  444.0  444.0
2024 112  4 21 0000  -19.5  965.8    1.0  249.0  444.0  444.0
2024 112  4 21 0100  -19.1  965.9    2.2  150.0  444.0  444.0
2024 112  4 21 0200  -19.6  965.8    0.0    0.0  444.0  444.0
2024 112  4 21 0300  -20.1  965.9    0.5  288.0  444.0  444.0
2024 112  4 21 0400  -20.1  966.1    1.5  215.0  444.0  444.0
2024 112  4 21 0500  -20.2  966.6    1.5  195.0  444.0  444.0
2024 112  4 21 0600  -20.6  967.3    1.0  131.0  444.0  444.0
2024 112  4 21 0700  -20.0  967.8    1.7  198.0  444.0  444.0
2024 112  4 21 0800  -20.6  968.4    2.0  233.0  444.0  444.0
2024 112  4 21 0900  -20.6  969.0    0.0    0.0  444.0  444.0
2024 112  4 21 1000  -20.4  969.7    1.0  214.0  444.0  444.0
2024 112  4 21 1100  -19.8  970.5    0.0    0.0  444.0  444.0
2024 112  4 21 1200  -20.0  971.0    1.2  212.0  444.0  444.0
2024 112  4 21 1300  -19.5  971.2    0.0    0.0  444.0  444.0
2024 112  4 21 1400  -20.1  971.7    0.0    0.0  444.0  444.0
2024 112  4 21 1500  -20.1  972.3    3.4  128.0  444.0  444.0
2024 112  4 21 1600  -21.5  972.9    8.6  155.0  444.0  444.0
2024 112  4 21 1700  -22.0  973.5    8.3  160.0  444.0  444.0
2024 112  4 21 1800  -21.9  974.1    4.2  149.0  444.0  444.0
2024 112  4 21 1900  -21.9  974.5    2.7  210.0  444.0  444.0
2024 112  4 21 2000  -21.5  974.9    2.0  208.0  444.0  444.0
2024 112  4 21 2100  -21.5  975.6    0.0    0.0  444.0  444.0
2024 112  4 21 2200  -21.2  976.3    0.0    0.0  444.0  444.0
2024 112  4 21 2300  -21.9  976.2    2.7  224.0  444.0  444.0
2024 113  4 22 0000  -23.0  976.3    2.9  198.0  444.0  444.0
2024 113  4 22 0100  -22.6  976.3    2.5  226.0  444.0  444.0
2024 113  4 22 0200  -23.6  976.0    3.4  229.0  444.0  444.0
2024 113  4 22 0300  -23.1  976.1    3.7  229.0  444.0  444.0
2024 113  4 22 0400  -23.2  975.7    4.2  226.0  444.0  444.0
2024 113  4 22 0500  -22.4  975.7    2.9  229.0  444.0  444.0
2024 113  4 22 0600  -22.4  975.5    2.5  240.0  444.0  444.0
2024 113  4 22 0700  -21.8  975.6    1.2  243.0  444.0  444.0
2024 113  4 22 0800  -21.4  975.6    0.7  250.0  444.0  444.0
2024 113  4 22 0900  -22.1  975.2    1.2  269.0  444.0  444.0
2024 113  4 22 1000  -22.4  974.8    2.7  240.0  444.0  444.0
2024 113  4 22 1100  -21.9  974.5    0.7  239.0  444.0  444.0
2024 113  4 22 1200  -22.9  974.3    0.0    0.0  444.0  444.0
2024 113  4 22 1300  -23.0  974.0    1.2  284.0  444.0  444.0
2024 113  4 22 1400  -22.8  973.4    1.7  278.0  444.0  444.0
2024 113  4 22 1500  -23.8  973.2    0.2  222.0  444.0  444.0
2024 113  4 22 1600  -24.1  973.0    0.0    0.0  444.0  444.0
2024 113  4 22 1700  -24.1  972.8    0.0    0.0  444.0  444.0
2024 113  4 22 1800  -24.5  972.7    1.5  166.0  444.0  444.0
2024 113  4 22 1900  -24.0  972.6    0.0    0.0  444.0  444.0
2024 113  4 22 2000  -24.0  972.6    0.0    0.0  444.0  444.0
2024 113  4 22 2100  -24.5  972.4    1.0  312.0  444.0  444.0
2024 113  4 22 2200  -25.0  972.6    0.0    0.0  444.0  444.0
2024 113  4 22 2300  -24.0  972.6    0.2  298.0  444.0  444.0
2024 114  4 23 0000  -24.2  972.7    0.0    0.0  444.0  444.0
2024 114  4 23 0100  -24.0  972.8    0.0    0.0  444.0  444.0
2024 114  4 23 0200  -23.9  972.9    1.5  249.0  444.0  444.0
2024 114  4 23 0300  -23.8  973.1    0.0    0.0  444.0  444.0
2024 114  4 23 0400  -24.2  973.2    1.0  233.0  444.0  444.0
2024 114  4 23 0500  -24.8  973.5    3.2  217.0  444.0  444.0
2024 114  4 23 0600  -24.4  973.6    2.2  214.0  444.0  444.0
2024 114  4 23 0700  -25.5  973.9    2.9  228.0  444.0  444.0
2024 114  4 23 0800  -24.6  974.4    2.2  226.0  444.0  444.0
2024 114  4 23 0900  -24.2  974.6    4.4  246.0  444.0  444.0
2024 114  4 23 1000  -23.6  975.1    2.0  242.0  444.0  444.0
2024 114  4 23 1100  -23.6  975.6    0.0    0.0  444.0  444.0
2024 114  4 23 1200  -23.9  976.0    2.5  231.0  444.0  444.0
2024 114  4 23 1300  -25.0  976.2    3.2  225.0  444.0  444.0
2024 114  4 23 1400  -24.8  976.9    2.5  225.0  444.0  444.0
2024 114  4 23 1500  -23.8  977.5    1.2  210.0  444.0  444.0
2024 114  4 23 1600  -25.5  977.8    3.4  222.0  444.0  444.0
2024 114  4 23 1700  -24.2  978.4    2.7  224.0  444.0  444.0
2024 114  4 23 1800  -23.1  979.2    0.0    0.0  444.0  444.0
2024 114  4 23 1900  -23.1  980.1    0.2  225.0  444.0  444.0
2024 114  4 23 2000  -22.4  980.7    0.0    0.0  444.0  444.0
2024 114  4 23 2100  -22.6  981.5    0.0    0.0  444.0  444.0
2024 114  4 23 2200  -23.2  982.1    0.0    0.0  444.0  444.0
2024 114  4 23 2300  -22.9  982.9    0.0    0.0  444.0  444.0
2024 115  4 24 0000  -23.1  983.3    0.0    0.0  444.0  444.0
2024 115  4 24 0100  -24.2  983.9    4.2  141.0  444.0  444.0
2024 115  4 24 0200  -23.0  984.2    6.1  145.0  444.0  444.0
2024 115  4 24 0300  -22.6  984.6    4.4  148.0  444.0  444.0
2024 115  4 24 0400  -21.9  984.9    4.2  158.0  444.0  444.0
2024 115  4 24 0500  -21.9  985.4    1.5  143.0  444.0  444.0
2024 115  4 24 0600  -22.5  985.9    2.2  139.0  444.0  444.0
2024 115  4 24 0700  -22.6  986.2    2.5  149.0  444.0  444.0
2024 115  4 24 0800  -22.8  986.4    2.5  145.0  444.0  444.0
2024 115  4 24 0900  -20.4  986.7    1.5  136.0  444.0  444.0
2024 115  4 24 1000  -21.0  986.6    5.1  138.0  444.0  444.0
2024 115  4 24 1100  -21.5  987.0    4.4  169.0  444.0  444.0
2024 115  4 24 1200  -20.8  986.8    6.4  134.0  444.0  444.0
2024 115  4 24 1300  -20.8  986.7    7.1  148.0  444.0  444.0
2024 115  4 24 1400  -20.9  986.7    5.6  159.0  444.0  444.0
2024 115  4 24 1500  -21.5  986.7    6.1  153.0  444.0  444.0
2024 115  4 24 1600  -21.8  986.8    4.9  156.0  444.0  444.0
2024 115  4 24 1700  -22.1  986.5    4.7  127.0  444.0  444.0
2024 115  4 24 1800  -22.4  986.0    6.9  138.0  444.0  444.0
2024 115  4 24 1900  -23.2  985.9    5.1  156.0  444.0  444.0
2024 115  4 24 2000  -23.8  985.5    4.4  170.0  444.0  444.0
2024 115  4 24 2100  -24.0  985.3    4.4  166.0  444.0  444.0
2024 115  4 24 2200  -25.2  984.7    3.9  197.0  444.0  444.0
2024 115  4 24 2300  -24.9  984.4    5.4  155.0  444.0  444.0
2024 116  4 25 0000  -25.2  984.1    4.9  162.0  444.0  444.0
2024 116  4 25 0100  -24.9  983.5    3.7  158.0  444.0  444.0
2024 116  4 25 0200  -25.4  982.3    4.4  163.0  444.0  444.0
2024 116  4 25 0300  -24.9  981.3    2.0  169.0  444.0  444.0
2024 116  4 25 0400  -24.2  980.1    2.0  176.0  444.0  444.0
2024 116  4 25 0500  -25.0  978.8    1.0  201.0  444.0  444.0
2024 116  4 25 0600  -25.4  977.6    1.2  312.0  444.0  444.0
2024 116  4 25 0700  -25.5  976.5    1.2  273.0  444.0  444.0
2024 116  4 25 0800  -25.4  975.2    1.2  273.0  444.0  444.0
2024 116  4 25 0900  -25.4  973.8    0.5  321.0  444.0  444.0
2024 116  4 25 1000  -26.4  972.1    3.9  262.0  444.0  444.0
2024 116  4 25 1100  -25.4  970.8    1.7  288.0  444.0  444.0
2024 116  4 25 1200  -25.4  969.3    1.7  267.0  444.0  444.0
2024 116  4 25 1300  -26.2  967.8    1.7  291.0  444.0  444.0
2024 116  4 25 1400  -26.6  966.2    2.9  285.0  444.0  444.0
2024 116  4 25 1500  -26.4  965.0    2.7  285.0  444.0  444.0
2024 116  4 25 1600  -26.6  964.0    1.7  291.0  444.0  444.0
2024 116  4 25 1700  -27.1  962.8    2.5  284.0  444.0  444.0
2024 116  4 25 1800  -25.6  962.1    2.0  315.0  444.0  444.0
2024 116  4 25 1900  -25.5  961.1    3.9  307.0  444.0  444.0
2024 116  4 25 2000  -25.0  960.4    4.9  307.0  444.0  444.0
2024 116  4 25 2100  -25.8  959.5    4.4  270.0  444.0  444.0
2024 116  4 25 2200  -25.4  958.9    3.4  273.0  444.0  444.0
2024 116  4 25 2300  -25.1  958.6    2.7  270.0  444.0  444.0
2024 117  4 26 0000  -25.5  958.2    2.2  269.0  444.0  444.0
2024 117  4 26 0100  -25.5  958.0    2.9  283.0  444.0  444.0
2024 117  4 26 0200  -27.4  957.8    2.9  226.0  444.0  444.0
2024 117  4 26 0300  -26.4  958.0    2.2  238.0  444.0  444.0
2024 117  4 26 0400  -25.6  958.2    2.2  236.0  444.0  444.0
2024 117  4 26 0500  -27.0  958.4    2.9  221.0  444.0  444.0
2024 117  4 26 0600  -25.4  959.1    1.0  162.0  444.0  444.0
2024 117  4 26 0700  -25.8  959.5    4.2  134.0  444.0  444.0
2024 117  4 26 0800  -25.6  960.3    5.4  163.0  444.0  444.0
2024 117  4 26 0900  -25.4  961.2    4.4  152.0  444.0  444.0
2024 117  4 26 1000  -25.8  961.7    7.8  139.0  444.0  444.0
2024 117  4 26 1100  -26.6  962.5    9.3  117.0  444.0  444.0
2024 117  4 26 1200  -26.4  962.9    9.6  138.0  444.0  444.0
2024 117  4 26 1300  -26.9  963.9   12.0  134.0  444.0  444.0
2024 117  4 26 1400  -27.4  964.2    9.6  145.0  444.0  444.0
2024 117  4 26 1500  -27.6  964.8   11.3  148.0  444.0  444.0
2024 117  4 26 1600  -28.5  965.7    9.6  149.0  444.0  444.0
2024 117  4 26 1700  -28.6  966.4   12.0  142.0  444.0  444.0
2024 117  4 26 1800  -29.5  967.2   10.3  155.0  444.0  444.0
2024 117  4 26 1900  -29.6  967.8    9.1  150.0  444.0  444.0
2024 117  4 26 2000  -29.5  968.3    9.1  150.0  444.0  444.0
2024 117  4 26 2100  -28.6  968.5    6.9  139.0  444.0  444.0
2024 117  4 26 2200  -28.4  968.9    8.1  145.0  444.0  444.0
2024 117  4 26 2300  -27.5  969.5   10.5  155.0  444.0  444.0
2024 118  4 27 0000  -26.9  969.9   12.0  146.0  444.0  444.0
2024 118  4 27 0100  -26.4  970.5    8.3  152.0  444.0  444.0
2024 118  4 27 0200  -25.8  970.7    7.1  145.0  444.0  444.0
2024 118  4 27 0300  -25.6  970.9    8.1  150.0  444.0  444.0
2024 118  4 27 0400  -25.0  971.0    5.6  145.0  444.0  444.0
2024 118  4 27 0500  -24.4  971.1    6.9  145.0  444.0  444.0
2024 118  4 27 0600  -24.0  971.2    7.8  134.0  444.0  444.0
2024 118  4 27 0700  -23.0  971.0    9.1  145.0  444.0  444.0
2024 118  4 27 0800  -22.4  971.1   10.8  139.0  444.0  444.0
2024 118  4 27 0900  -21.5  971.3    9.8  141.0  444.0  444.0
2024 118  4 27 1000  -21.4  971.5    8.1  139.0  444.0  444.0
2024 118  4 27 1100  -21.0  971.7   10.5  139.0  444.0  444.0
2024 118  4 27 1200  -21.1  971.9   12.7  167.0  444.0  444.0
2024 118  4 27 1300  -21.4  971.1   16.4  179.0  444.0  444.0
2024 118  4 27 1400  -20.8  971.8   12.2  156.0  444.0  444.0
2024 118  4 27 1500  -21.2  971.2   14.9  177.0  444.0  444.0
2024 118  4 27 1600  -20.4  971.7   11.5  159.0  444.0  444.0
2024 118  4 27 1700  -19.5  971.6   15.7  160.0  444.0  444.0
2024 118  4 27 1800  -20.0  971.0   12.5  160.0  444.0  444.0
2024 118  4 27 1900  -19.1  970.8   15.4  155.0  444.0  444.0
2024 118  4 27 2000  -20.2  969.9   15.7  190.0  444.0  444.0
2024 118  4 27 2100  -19.4  969.6   22.5  174.0  444.0  444.0
2024 118  4 27 2200  -19.5  969.8   17.6  184.0  444.0  444.0
2024 118  4 27 2300  -18.8  970.7   16.4  173.0  444.0  444.0
2024 119  4 28 0000  -17.6  971.9   19.6  152.0  444.0  444.0
2024 119  4 28 0100  -17.1  972.3   11.5  139.0  444.0  444.0
2024 119  4 28 0200  -17.0  972.2   17.4  143.0  444.0  444.0
2024 119  4 28 0300  -17.0  972.6   15.2  136.0  444.0  444.0
2024 119  4 28 0400  -17.2  973.8    9.3  159.0  444.0  444.0
2024 119  4 28 0500  -17.2  974.6   10.8  156.0  444.0  444.0
2024 119  4 28 0600  -16.5  975.5   10.3  139.0  444.0  444.0
2024 119  4 28 0700  -18.4  975.3    9.3  145.0  444.0  444.0
2024 119  4 28 0800  -19.2  974.5   12.7  117.0  444.0  444.0
2024 119  4 28 0900  -18.6  974.8   10.3  142.0  444.0  444.0
2024 119  4 28 1000  -18.4  974.0    7.6  121.0  444.0  444.0
2024 119  4 28 1100  -18.2  973.8    4.4  148.0  444.0  444.0
2024 119  4 28 1200  -18.2  973.0    3.7  180.0  444.0  444.0
2024 119  4 28 1300  -17.9  972.3    2.9  190.0  444.0  444.0
2024 119  4 28 1400  -20.1  971.2    4.9  240.0  444.0  444.0
2024 119  4 28 1500  -20.1  970.3    5.6  202.0  444.0  444.0
2024 119  4 28 1600  -19.1  969.4    3.7  283.0  444.0  444.0
2024 119  4 28 1700  -18.9  968.4    2.5  298.0  444.0  444.0
2024 119  4 28 1800  -18.5  967.6    2.7  307.0  444.0  444.0
2024 119  4 28 1900  -18.9  966.5    3.2  294.0  444.0  444.0
2024 119  4 28 2000  -18.9  965.4    8.6  311.0  444.0  444.0
2024 119  4 28 2100  -19.0  964.5    9.6  269.0  444.0  444.0
2024 119  4 28 2200  -18.2  963.4    5.4  322.0  444.0  444.0
2024 119  4 28 2300  -20.6  962.8    5.9  314.0  444.0  444.0
2024 120  4 29 0000  -20.5  961.7    2.9  297.0  444.0  444.0
2024 120  4 29 0100  -18.5  961.1    7.8  301.0  444.0  444.0
2024 120  4 29 0200  -19.5  960.1    4.7  312.0  444.0  444.0
2024 120  4 29 0300  -19.5  959.7    0.0    0.0  444.0  444.0
2024 120  4 29 0400  -18.5  959.3    3.4  201.0  444.0  444.0
2024 120  4 29 0500  -18.0  958.8    2.7  197.0  444.0  444.0
2024 120  4 29 0600  -17.2  958.4    2.7  187.0  444.0  444.0
2024 120  4 29 0700  -19.5  958.5    1.5  136.0  444.0  444.0
2024 120  4 29 0800  -19.1  958.9    3.2  170.0  444.0  444.0
2024 120  4 29 0900  -20.2  959.2    3.7  179.0  444.0  444.0
2024 120  4 29 1000  -20.4  959.4    5.1  155.0  444.0  444.0
2024 120  4 29 1100  -19.4  959.7    6.6  132.0  444.0  444.0
2024 120  4 29 1200  -21.5  960.5    8.3  114.0  444.0  444.0
2024 120  4 29 1300  -22.8  961.6    8.8  128.0  444.0  444.0
2024 120  4 29 1400  -23.2  961.4   12.5  115.0  444.0  444.0
2024 120  4 29 1500  -24.5  961.6   12.2  121.0  444.0  444.0
2024 120  4 29 1600  -24.9  963.1   11.5  139.0  444.0  444.0
2024 120  4 29 1700  -24.8  963.9   10.8  128.0  444.0  444.0
2024 120  4 29 1800  -24.5  964.3    8.3  128.0  444.0  444.0
2024 120  4 29 1900  -24.9  965.0    9.8  135.0  444.0  444.0
2024 120  4 29 2000  -25.1  965.2    9.6  163.0  444.0  444.0
2024 120  4 29 2100  -25.4  965.3   10.0  156.0  444.0  444.0
2024 120  4 29 2200  -25.0  965.4    6.6  148.0  444.0  444.0
2024 120  4 29 2300  -25.0  965.2    8.8  155.0  444.0  444.0
2024 121  4 30 0000  -25.8  965.1    8.8  158.0  444.0  444.0
2024 121  4 30 0100  -26.0  964.8    8.8  146.0  444.0  444.0
2024 121  4 30 0200  -25.8  964.9   10.5  155.0  444.0  444.0
2024 121  4 30 0300  -25.5  965.0    9.8  167.0  444.0  444.0
2024 121  4 30 0400  -25.5  964.9   10.5  159.0  444.0  444.0
2024 121  4 30 0500  -25.5  965.0    6.6  162.0  444.0  444.0
2024 121  4 30 0600  -25.2  965.0    8.6  158.0  444.0  444.0
2024 121  4 30 0700  -25.6  964.9    9.1  145.0  444.0  444.0
2024 121  4 30 0800  -26.4  964.7    8.1  135.0  444.0  444.0
2024 121  4 30 0900  -26.9  964.8    8.1  132.0  444.0  444.0
2024 121  4 30 1000  -26.8  964.7    7.1  139.0  444.0  444.0
2024 121  4 30 1100  -26.1  964.9    5.4  155.0  444.0  444.0
2024 121  4 30 1200  -25.8  964.9    4.9  148.0  444.0  444.0
2024 121  4 30 1300  -25.5  964.6    3.9  142.0  444.0  444.0
2024 121  4 30 1400  -25.5  964.5    2.0  180.0  444.0  444.0
2024 121  4 30 1500  -24.2  964.4    0.0    0.0  444.0  444.0
2024 121  4 30 1600  -24.0  964.3    4.2  124.0  444.0  444.0
2024 121  4 30 1700  -24.0  964.5    2.9  145.0  444.0  444.0
2024 121  4 30 1800  -23.9  964.6    3.9  121.0  444.0  444.0
2024 121  4 30 1900  -23.1  965.0    4.2  117.0  444.0  444.0
2024 121  4 30 2000  -22.4  965.5    2.9  136.0  444.0  444.0
2024 121  4 30 2100  -22.4  965.9    3.7  127.0  444.0  444.0
2024 121  4 30 2200  -21.5  966.2    3.7  169.0  444.0  444.0
2024 121  4 30 2300  -21.5  967.1    2.2  136.0  444.0  444.0
