Year: 2024  Month: 09  ID: MPT  ARGOS:  8906  Name: Marble Point        
Lat: 77.44S  Lon: 163.76E  Elev:  108m
2024 245  9  1 0000  -26.8  968.9    0.0    0.0  444.0  444.0
2024 245  9  1 0100  -27.5  969.2    0.0    0.0  444.0  444.0
2024 245  9  1 0200  -27.1  970.0    0.7  184.0  444.0  444.0
2024 245  9  1 0300  -23.4  970.5    0.0    0.0  444.0  444.0
2024 245  9  1 0400  -23.6  970.9    0.0    0.0  444.0  444.0
2024 245  9  1 0500  -18.5  971.9    1.2  202.0  444.0  444.0
2024 245  9  1 0600  -16.6  972.8    1.5  249.0  444.0  444.0
2024 245  9  1 0700  -17.2  973.7    2.0  259.0  444.0  444.0
2024 245  9  1 0800  -17.8  974.6    3.2  207.0  444.0  444.0
2024 245  9  1 0900  -18.5  975.6    1.2  129.0  444.0  444.0
2024 245  9  1 1000  -18.0  976.8    1.5  193.0  444.0  444.0
2024 245  9  1 1100  -17.6  977.8    0.0    0.0  444.0  444.0
2024 245  9  1 1200  -17.0  978.4    1.5  215.0  444.0  444.0
2024 245  9  1 1300  -16.2  979.0    1.7  158.0  444.0  444.0
2024 245  9  1 1400  -17.6  979.6    1.7   62.0  444.0  444.0
2024 245  9  1 1500  -16.9  979.3    3.2  246.0  444.0  444.0
2024 245  9  1 1600  -13.5  978.8    4.2  207.0  444.0  444.0
2024 245  9  1 1700  -18.4  979.4    2.5   59.0  444.0  444.0
2024 245  9  1 1800  -17.6  980.1    0.0    0.0  444.0  444.0
2024 245  9  1 1900  -15.4  980.5    1.5  149.0  444.0  444.0
2024 245  9  1 2000  -13.1  981.7    3.9  158.0  444.0  444.0
2024 245  9  1 2100  -15.6  982.7    6.1  145.0  444.0  444.0
2024 245  9  1 2200  -15.5  983.1    8.6  172.0  444.0  444.0
2024 245  9  1 2300  -16.4  983.7   10.0  160.0  444.0  444.0
2024 246  9  2 0000  -15.2  984.4    6.4  155.0  444.0  444.0
2024 246  9  2 0100  -15.0  984.1    0.7  138.0  444.0  444.0
2024 246  9  2 0200  -15.2  983.9    0.7  152.0  444.0  444.0
2024 246  9  2 0300   -9.6  983.6    5.4  205.0  444.0  444.0
2024 246  9  2 0400  -10.1  983.5    5.1  125.0  444.0  444.0
2024 246  9  2 0500  -13.1  983.8    7.1  120.0  444.0  444.0
2024 246  9  2 0600  -12.4  984.4    4.4  139.0  444.0  444.0
2024 246  9  2 0700   -9.5  984.3    2.2  273.0  444.0  444.0
2024 246  9  2 0800   -8.4  983.0    5.6  294.0  444.0  444.0
2024 246  9  2 0900  -11.2  982.2    9.1  246.0  444.0  444.0
2024 246  9  2 1000  -12.1  982.2    2.7  204.0  444.0  444.0
2024 246  9  2 1100   -8.9  981.3    0.5  226.0  444.0  444.0
2024 246  9  2 1200   -7.8  980.3    1.2  204.0  444.0  444.0
2024 246  9  2 1300   -8.9  979.5    4.9  231.0  444.0  444.0
2024 246  9  2 1400  -14.4  979.0    2.0  143.0  444.0  444.0
2024 246  9  2 1500  -15.2  978.7    3.4  218.0  444.0  444.0
2024 246  9  2 1600  -12.4  978.2    1.7  131.0  444.0  444.0
2024 246  9  2 1700  -11.1  977.7    5.9  146.0  444.0  444.0
2024 246  9  2 1800  -10.2  977.1    1.2  143.0  444.0  444.0
2024 246  9  2 1900   -8.9  976.7    0.5  311.0  444.0  444.0
2024 246  9  2 2000  -13.8  976.2    0.0    0.0  444.0  444.0
2024 246  9  2 2100  -15.0  975.9    0.0    0.0  444.0  444.0
2024 246  9  2 2200  -11.4  975.1    2.9  169.0  444.0  444.0
2024 246  9  2 2300  -13.0  974.8    3.2  160.0  444.0  444.0
2024 247  9  3 0000  -19.0  975.5    4.7  129.0  444.0  444.0
2024 247  9  3 0100  -18.8  975.7    7.8  132.0  444.0  444.0
2024 247  9  3 0200  -17.0  975.8    6.9  135.0  444.0  444.0
2024 247  9  3 0300  -18.2  976.1    1.7  149.0  444.0  444.0
2024 247  9  3 0400  -18.2  976.3    2.9  135.0  444.0  444.0
2024 247  9  3 0500  -18.0  976.4    2.0  155.0  444.0  444.0
2024 247  9  3 0600  -16.4  976.4    3.7  158.0  444.0  444.0
2024 247  9  3 0700  -15.2  976.2    1.0  128.0  444.0  444.0
2024 247  9  3 0800  -15.2  976.0    0.7  207.0  444.0  444.0
2024 247  9  3 0900  -17.0  975.8    0.5  288.0  444.0  444.0
2024 247  9  3 1000  -16.6  975.7    1.5  274.0  444.0  444.0
2024 247  9  3 1100  -17.4  975.1    3.2  287.0  444.0  444.0
2024 247  9  3 1200  -17.4  974.6    2.2  302.0  444.0  444.0
2024 247  9  3 1300  -18.1  974.4    0.0    0.0  444.0  444.0
2024 247  9  3 1400  -19.5  973.8    1.7  266.0  444.0  444.0
2024 247  9  3 1500  -20.0  973.1    0.7  281.0  444.0  444.0
2024 247  9  3 1600  -20.1  972.5    0.0    0.0  444.0  444.0
2024 247  9  3 1700  -20.4  971.5    2.7  339.0  444.0  444.0
2024 247  9  3 1800  -21.8  970.5    0.0    0.0  444.0  444.0
2024 247  9  3 1900  -22.6  970.3    0.0    0.0  444.0  444.0
2024 247  9  3 2000  -21.9  969.8    0.0    0.0  444.0  444.0
2024 247  9  3 2100  -20.6  969.5    2.9  141.0  444.0  444.0
2024 247  9  3 2200  -23.8  969.2    2.9  141.0  444.0  444.0
2024 247  9  3 2300  -21.8  968.8    2.5  136.0  444.0  444.0
2024 248  9  4 0000  -21.8  968.2    2.9  143.0  444.0  444.0
2024 248  9  4 0100  -21.8  967.6    1.7  139.0  444.0  444.0
2024 248  9  4 0200  -20.6  967.1    1.0  150.0  444.0  444.0
2024 248  9  4 0300  -21.6  966.5    3.2  146.0  444.0  444.0
2024 248  9  4 0400  -22.2  966.6    3.4  149.0  444.0  444.0
2024 248  9  4 0500  -23.1  966.5    4.2  139.0  444.0  444.0
2024 248  9  4 0600  -24.0  966.5    3.9  153.0  444.0  444.0
2024 248  9  4 0700  -20.1  966.7    3.2  166.0  444.0  444.0
2024 248  9  4 0800  -25.5  966.8    1.0  132.0  444.0  444.0
2024 248  9  4 0900  -21.2  966.9    0.0    0.0  444.0  444.0
2024 248  9  4 1000  -24.5  966.9    2.5  143.0  444.0  444.0
2024 248  9  4 1100  -26.4  966.9    1.0  136.0  444.0  444.0
2024 248  9  4 1200  -24.0  966.8    3.7  166.0  444.0  444.0
2024 248  9  4 1300  -27.5  966.9    2.2  172.0  444.0  444.0
2024 248  9  4 1400  -27.2  967.1    1.7  100.0  444.0  444.0
2024 248  9  4 1500  -26.6  966.9    0.5  278.0  444.0  444.0
2024 248  9  4 1600  -27.8  967.1    1.2   90.0  444.0  444.0
2024 248  9  4 1700  -25.0  967.3    1.2  179.0  444.0  444.0
2024 248  9  4 1800  -24.0  967.5    0.7  183.0  444.0  444.0
2024 248  9  4 1900  -25.4  967.9    0.0    0.0  444.0  444.0
2024 248  9  4 2000  -27.5  968.1    1.7  128.0  444.0  444.0
2024 248  9  4 2100  -26.0  968.3    1.5   79.0  444.0  444.0
2024 248  9  4 2200  -24.8  968.4    2.0  134.0  444.0  444.0
2024 248  9  4 2300  -25.0  968.6    3.4  155.0  444.0  444.0
2024 249  9  5 0000  -25.0  968.8    2.2  150.0  444.0  444.0
2024 249  9  5 0100  -25.1  969.2    1.2  148.0  444.0  444.0
2024 249  9  5 0200  444.0  969.2    0.7  146.0  444.0  444.0
2024 249  9  5 0300  444.0  969.2    1.7  169.0  444.0  444.0
2024 249  9  5 0400  444.0  969.4    0.0    0.0  444.0  444.0
2024 249  9  5 0500  -26.6  969.6    0.0    0.0  444.0  444.0
2024 249  9  5 0600  -28.1  970.0    0.7  138.0  444.0  444.0
2024 249  9  5 0700  -28.0  970.7    2.5  143.0  444.0  444.0
2024 249  9  5 0800  -27.6  971.1    1.0  148.0  444.0  444.0
2024 249  9  5 0900  -28.0  971.4    1.7  139.0  444.0  444.0
2024 249  9  5 1000  -27.9  971.7    2.9  129.0  444.0  444.0
2024 249  9  5 1100  -28.1  972.0    3.4  139.0  444.0  444.0
2024 249  9  5 1200  -27.5  972.2    2.7  141.0  444.0  444.0
2024 249  9  5 1300  -26.9  972.6    3.2  153.0  444.0  444.0
2024 249  9  5 1400  -26.4  972.9    2.9  159.0  444.0  444.0
2024 249  9  5 1500  -25.5  973.1    3.4  145.0  444.0  444.0
2024 249  9  5 1600  -25.1  973.5    2.9  145.0  444.0  444.0
2024 249  9  5 1700  -25.4  973.5    1.7  143.0  444.0  444.0
2024 249  9  5 1800  -24.9  973.5    0.5  166.0  444.0  444.0
2024 249  9  5 1900  -25.4  973.9    0.7  156.0  444.0  444.0
2024 249  9  5 2000  -26.1  974.4    0.0    0.0  444.0  444.0
2024 249  9  5 2100  -27.1  975.0    1.2  114.0  444.0  444.0
2024 249  9  5 2200  -26.0  975.1    1.0  214.0  444.0  444.0
2024 249  9  5 2300  -25.4  975.5    1.7  197.0  444.0  444.0
2024 250  9  6 0000  -24.1  975.6    1.5  165.0  444.0  444.0
2024 250  9  6 0100  -24.5  975.7    0.0    0.0  444.0  444.0
2024 250  9  6 0200  -24.8  976.1    0.5  239.0  444.0  444.0
2024 250  9  6 0300  -24.2  976.1    0.0    0.0  444.0  444.0
2024 250  9  6 0400  -24.5  976.2    0.0    0.0  444.0  444.0
2024 250  9  6 0500  -25.8  976.4    1.7  211.0  444.0  444.0
2024 250  9  6 0600  -27.6  976.8    1.7  141.0  444.0  444.0
2024 250  9  6 0700  -28.5  977.2    0.0    0.0  444.0  444.0
2024 250  9  6 0800  -29.1  977.8    1.7  148.0  444.0  444.0
2024 250  9  6 0900  -27.2  978.0    1.5  242.0  444.0  444.0
2024 250  9  6 1000  -26.1  978.0    1.5  232.0  444.0  444.0
2024 250  9  6 1100  -25.6  978.2    1.5  264.0  444.0  444.0
2024 250  9  6 1200  -26.4  978.2    2.0  214.0  444.0  444.0
2024 250  9  6 1300  -28.4  978.4    0.7   31.0  444.0  444.0
2024 250  9  6 1400  -29.8  978.6    0.7  150.0  444.0  444.0
2024 250  9  6 1500  -28.5  978.8    1.7  204.0  444.0  444.0
2024 250  9  6 1600  -27.2  978.8    1.2  207.0  444.0  444.0
2024 250  9  6 1700  -27.8  978.9    1.2  166.0  444.0  444.0
2024 250  9  6 1800  -27.4  979.1    0.0    0.0  444.0  444.0
2024 250  9  6 1900  -28.0  979.2    0.0    0.0  444.0  444.0
2024 250  9  6 2000  -27.9  979.3    0.5  290.0  444.0  444.0
2024 250  9  6 2100  -25.1  979.2    1.2  269.0  444.0  444.0
2024 250  9  6 2200  -24.9  979.1    2.5  214.0  444.0  444.0
2024 250  9  6 2300  -24.4  978.8    1.7  253.0  444.0  444.0
2024 251  9  7 0000  -23.1  978.5    0.2  263.0  444.0  444.0
2024 251  9  7 0100  -23.1  978.1    0.0    0.0  444.0  444.0
2024 251  9  7 0200  -23.2  977.8    1.0  257.0  444.0  444.0
2024 251  9  7 0300  -23.6  977.3    2.9  235.0  444.0  444.0
2024 251  9  7 0400  -23.2  976.9    0.0    0.0  444.0  444.0
2024 251  9  7 0500  -23.8  976.3    0.0    0.0  444.0  444.0
2024 251  9  7 0600  -24.0  976.0    1.2  170.0  444.0  444.0
2024 251  9  7 0700  -24.9  975.6    0.7  266.0  444.0  444.0
2024 251  9  7 0800  -26.6  975.2    0.0    0.0  444.0  444.0
2024 251  9  7 0900  -25.4  975.0    2.0  150.0  444.0  444.0
2024 251  9  7 1000  -25.6  974.6    1.7  146.0  444.0  444.0
2024 251  9  7 1100  -23.9  974.2    1.2  152.0  444.0  444.0
2024 251  9  7 1200  -29.2  973.8    1.2  148.0  444.0  444.0
2024 251  9  7 1300  -26.5  973.4    1.5  145.0  444.0  444.0
2024 251  9  7 1400  -25.1  973.0    0.0    0.0  444.0  444.0
2024 251  9  7 1500  -25.0  972.4    1.2  235.0  444.0  444.0
2024 251  9  7 1600  -24.0  971.7    0.0    0.0  444.0  444.0
2024 251  9  7 1700  -26.4  971.6    0.0    0.0  444.0  444.0
2024 251  9  7 1800  -26.4  971.3    0.0    0.0  444.0  444.0
2024 251  9  7 1900  -27.2  971.0    0.0    0.0  444.0  444.0
2024 251  9  7 2000  -27.5  970.8    0.2  305.0  444.0  444.0
2024 251  9  7 2100  -26.4  970.4    0.0    0.0  444.0  444.0
2024 251  9  7 2200  -25.4  970.2    0.0    0.0  444.0  444.0
2024 251  9  7 2300  -25.6  969.8    0.7  127.0  444.0  444.0
2024 252  9  8 0000  -25.8  969.4    0.0    0.0  444.0  444.0
2024 252  9  8 0100  -28.6  968.7    2.2  141.0  444.0  444.0
2024 252  9  8 0200  -27.0  968.5    0.0    0.0  444.0  444.0
2024 252  9  8 0300  -28.0  968.0    1.5  159.0  444.0  444.0
2024 252  9  8 0400  -25.0  967.5    0.0    0.0  444.0  444.0
2024 252  9  8 0500  -27.1  966.9    0.5   77.0  444.0  444.0
2024 252  9  8 0600  -28.0  966.7    0.0    0.0  444.0  444.0
2024 252  9  8 0700  -26.9  966.5    0.0    0.0  444.0  444.0
2024 252  9  8 0800  -26.9  966.1    0.0    0.0  444.0  444.0
2024 252  9  8 0900  -27.4  965.8    0.0    0.0  444.0  444.0
2024 252  9  8 1000  -27.1  965.3    0.0    0.0  444.0  444.0
2024 252  9  8 1100  -29.5  965.2    0.5    6.0  444.0  444.0
2024 252  9  8 1200  -28.9  964.7    0.0    0.0  444.0  444.0
2024 252  9  8 1300  -29.0  964.7    1.2  326.0  444.0  444.0
2024 252  9  8 1400  -28.9  964.6    1.0  285.0  444.0  444.0
2024 252  9  8 1500  -26.9  964.5    0.0    0.0  444.0  444.0
2024 252  9  8 1600  -26.0  964.4    1.0  300.0  444.0  444.0
2024 252  9  8 1700  -28.0  964.3    0.5  129.0  444.0  444.0
2024 252  9  8 1800  -29.6  964.5    0.0    0.0  444.0  444.0
2024 252  9  8 1900  -28.5  964.6    0.0    0.0  444.0  444.0
2024 252  9  8 2000  -28.9  964.7    0.0    0.0  444.0  444.0
2024 252  9  8 2100  -30.1  965.1    1.5  145.0  444.0  444.0
2024 252  9  8 2200  -28.5  965.6    1.5  129.0  444.0  444.0
2024 252  9  8 2300  -31.1  966.1    4.7  129.0  444.0  444.0
2024 253  9  9 0000  -31.5  966.5    3.7  136.0  444.0  444.0
2024 253  9  9 0100  -31.0  966.7    6.4  142.0  444.0  444.0
2024 253  9  9 0200  -29.9  967.0    4.7  131.0  444.0  444.0
2024 253  9  9 0300  -28.5  967.6    3.2  138.0  444.0  444.0
2024 253  9  9 0400  -28.0  968.1    2.0  153.0  444.0  444.0
2024 253  9  9 0500  -28.5  968.3    0.0    0.0  444.0  444.0
2024 253  9  9 0600  -28.5  968.9    0.0    0.0  444.0  444.0
2024 253  9  9 0700  -28.4  969.1    0.0    0.0  444.0  444.0
2024 253  9  9 0800  -29.1  969.6    0.0    0.0  444.0  444.0
2024 253  9  9 0900  -28.5  970.2    0.0    0.0  444.0  444.0
2024 253  9  9 1000  -28.0  970.6    0.5  252.0  444.0  444.0
2024 253  9  9 1100  -28.0  970.6    0.0    0.0  444.0  444.0
2024 253  9  9 1200  -28.8  971.1    0.0    0.0  444.0  444.0
2024 253  9  9 1300  -28.4  971.6    0.0    0.0  444.0  444.0
2024 253  9  9 1400  -31.4  972.1    0.7  139.0  444.0  444.0
2024 253  9  9 1500  -28.6  972.6    1.2  184.0  444.0  444.0
2024 253  9  9 1600  -30.5  973.2    0.7  142.0  444.0  444.0
2024 253  9  9 1700  -29.6  973.6    0.0    0.0  444.0  444.0
2024 253  9  9 1800  -29.2  973.9    0.2  292.0  444.0  444.0
2024 253  9  9 1900  -28.9  974.0    0.0    0.0  444.0  444.0
2024 253  9  9 2000  -29.1  974.5    0.2  264.0  444.0  444.0
2024 253  9  9 2100  -27.1  975.0    0.0    0.0  444.0  444.0
2024 253  9  9 2200  -25.5  975.5    0.0    0.0  444.0  444.0
2024 253  9  9 2300  -25.4  975.6    1.2  158.0  444.0  444.0
2024 254  9 10 0000  -23.1  975.8    0.0    0.0  444.0  444.0
2024 254  9 10 0100  -24.1  975.6    2.5   21.0  444.0  444.0
2024 254  9 10 0200  -29.6  975.6    3.7  128.0  444.0  444.0
2024 254  9 10 0300  -24.9  975.9    2.2  143.0  444.0  444.0
2024 254  9 10 0400  -21.9  975.9    5.4  166.0  444.0  444.0
2024 254  9 10 0500  -21.4  974.9    6.1  177.0  444.0  444.0
2024 254  9 10 0600  -20.5  974.6    6.1  184.0  444.0  444.0
2024 254  9 10 0700  -21.0  974.4    6.4  186.0  444.0  444.0
2024 254  9 10 0800  -20.4  974.4    4.7  191.0  444.0  444.0
2024 254  9 10 0900  -20.5  973.9    4.2  198.0  444.0  444.0
2024 254  9 10 1000  -19.0  972.6    9.1  179.0  444.0  444.0
2024 254  9 10 1100  -19.0  972.2   11.8  174.0  444.0  444.0
2024 254  9 10 1200  -21.9  972.1    6.4  148.0  444.0  444.0
2024 254  9 10 1300  -21.9  972.1   10.8  156.0  444.0  444.0
2024 254  9 10 1400  -23.2  971.7    9.6  149.0  444.0  444.0
2024 254  9 10 1500  -23.0  971.7   10.3  153.0  444.0  444.0
2024 254  9 10 1600  -22.6  971.7    7.4  167.0  444.0  444.0
2024 254  9 10 1700  -23.4  971.3    9.3  134.0  444.0  444.0
2024 254  9 10 1800  -24.4  971.2    5.1  152.0  444.0  444.0
2024 254  9 10 1900  -24.8  970.5    8.3  135.0  444.0  444.0
2024 254  9 10 2000  -23.8  970.4   12.0  124.0  444.0  444.0
2024 254  9 10 2100  -24.9  970.2   10.3  134.0  444.0  444.0
2024 254  9 10 2200  -26.1  970.9    9.6  143.0  444.0  444.0
2024 254  9 10 2300  -26.9  970.8   13.5  158.0  444.0  444.0
2024 255  9 11 0000  -26.6  970.5   11.5  146.0  444.0  444.0
2024 255  9 11 0100  -26.1  970.3   11.0  143.0  444.0  444.0
2024 255  9 11 0200  -26.6  970.8    8.6  163.0  444.0  444.0
2024 255  9 11 0300  -26.8  970.6    7.4  163.0  444.0  444.0
2024 255  9 11 0400  -25.4  970.5    7.4  146.0  444.0  444.0
2024 255  9 11 0500  -24.5  970.7    5.9  155.0  444.0  444.0
2024 255  9 11 0600  -24.2  970.3    9.1  156.0  444.0  444.0
2024 255  9 11 0700  -24.1  969.6    8.6  152.0  444.0  444.0
2024 255  9 11 0800  -24.1  969.6    8.8  163.0  444.0  444.0
2024 255  9 11 0900  -24.2  969.3    8.8  158.0  444.0  444.0
2024 255  9 11 1000  -24.4  969.1    6.9  173.0  444.0  444.0
2024 255  9 11 1100  -24.5  969.1    5.6  176.0  444.0  444.0
2024 255  9 11 1200  -24.2  968.8    4.7  173.0  444.0  444.0
2024 255  9 11 1300  -23.9  968.5    1.2  235.0  444.0  444.0
2024 255  9 11 1400  -24.5  967.8    1.5  224.0  444.0  444.0
2024 255  9 11 1500  -24.0  967.5    0.7  235.0  444.0  444.0
2024 255  9 11 1600  -25.4  967.4    0.2   93.0  444.0  444.0
2024 255  9 11 1700  -27.2  966.7    0.0    0.0  444.0  444.0
2024 255  9 11 1800  -28.4  966.3    0.0    0.0  444.0  444.0
2024 255  9 11 1900  -28.5  965.9    0.0    0.0  444.0  444.0
2024 255  9 11 2000  -27.9  965.4    2.7  301.0  444.0  444.0
2024 255  9 11 2100  -27.9  964.7    4.4  304.0  444.0  444.0
2024 255  9 11 2200  -26.2  964.4    3.9  309.0  444.0  444.0
2024 255  9 11 2300  -26.9  963.7    3.9  305.0  444.0  444.0
2024 256  9 12 0000  -26.0  963.2    3.7  312.0  444.0  444.0
2024 256  9 12 0100  -25.8  962.9    0.2  291.0  444.0  444.0
2024 256  9 12 0200  -26.0  962.5    2.5  298.0  444.0  444.0
2024 256  9 12 0300  -24.2  962.0    0.0    0.0  444.0  444.0
2024 256  9 12 0400  -24.5  961.8    1.2  242.0  444.0  444.0
2024 256  9 12 0500  -24.0  961.6    1.7  125.0  444.0  444.0
2024 256  9 12 0600  -26.0  961.5    0.0    0.0  444.0  444.0
2024 256  9 12 0700  -28.4  961.9    2.0  136.0  444.0  444.0
2024 256  9 12 0800  -28.9  962.2    5.1  145.0  444.0  444.0
2024 256  9 12 0900  -28.0  963.0    6.1  159.0  444.0  444.0
2024 256  9 12 1000  -27.2  963.3    6.4  159.0  444.0  444.0
2024 256  9 12 1100  -28.8  963.8    3.9  150.0  444.0  444.0
2024 256  9 12 1200  -28.5  964.2    4.7  152.0  444.0  444.0
2024 256  9 12 1300  -27.5  964.8    4.2  149.0  444.0  444.0
2024 256  9 12 1400  -28.0  965.5    2.7  142.0  444.0  444.0
2024 256  9 12 1500  -31.1  966.5    1.2  131.0  444.0  444.0
2024 256  9 12 1600  -30.5  966.9    5.1  139.0  444.0  444.0
2024 256  9 12 1700  -31.6  967.9    4.4  145.0  444.0  444.0
2024 256  9 12 1800  -28.4  968.4    9.3  153.0  444.0  444.0
2024 256  9 12 1900  -27.5  969.1    7.4  149.0  444.0  444.0
2024 256  9 12 2000  -28.4  969.8    6.1  134.0  444.0  444.0
2024 256  9 12 2100  -27.6  970.4    7.6  141.0  444.0  444.0
2024 256  9 12 2200  -28.9  971.4    8.1  142.0  444.0  444.0
2024 256  9 12 2300  -27.1  972.1    7.8  156.0  444.0  444.0
2024 257  9 13 0000  -27.2  972.6   10.0  145.0  444.0  444.0
2024 257  9 13 0100  -26.8  973.5    9.3  153.0  444.0  444.0
2024 257  9 13 0200  -28.4  974.2    6.9  138.0  444.0  444.0
2024 257  9 13 0300  -29.4  975.5    3.2  143.0  444.0  444.0
2024 257  9 13 0400  -29.8  976.5    4.9  142.0  444.0  444.0
2024 257  9 13 0500  -28.9  976.9    4.2  158.0  444.0  444.0
2024 257  9 13 0600  -29.8  977.5    0.0    0.0  444.0  444.0
2024 257  9 13 0700  -28.4  978.2    1.5  307.0  444.0  444.0
2024 257  9 13 0800  -27.1  978.4    2.0  252.0  444.0  444.0
2024 257  9 13 0900  -26.9  978.7    2.5  248.0  444.0  444.0
2024 257  9 13 1000  -27.2  978.8    1.2  246.0  444.0  444.0
2024 257  9 13 1100  -27.9  979.0    0.0    0.0  444.0  444.0
2024 257  9 13 1200  -27.6  978.9    0.0    0.0  444.0  444.0
2024 257  9 13 1300  -28.5  978.7    0.0    0.0  444.0  444.0
2024 257  9 13 1400  -27.5  978.8    0.0    0.0  444.0  444.0
2024 257  9 13 1500  -27.4  978.9    0.0    0.0  444.0  444.0
2024 257  9 13 1600  -29.6  978.9    2.2  149.0  444.0  444.0
2024 257  9 13 1700  -29.6  978.7    0.2  145.0  444.0  444.0
2024 257  9 13 1800  -30.2  978.6    0.0    0.0  444.0  444.0
2024 257  9 13 1900  -29.6  978.7    0.0    0.0  444.0  444.0
2024 257  9 13 2000  -29.8  978.8    1.2  347.0  444.0  444.0
2024 257  9 13 2100  -28.9  978.7    0.7  288.0  444.0  444.0
2024 257  9 13 2200  -27.0  978.8    0.0    0.0  444.0  444.0
2024 257  9 13 2300  -31.4  979.0    0.0    0.0  444.0  444.0
2024 258  9 14 0000  -28.9  978.8    0.0    0.0  444.0  444.0
2024 258  9 14 0100  -31.2  979.0    2.9  142.0  444.0  444.0
2024 258  9 14 0200  -30.2  979.0    0.7  176.0  444.0  444.0
2024 258  9 14 0300  -28.1  978.9    0.0    0.0  444.0  444.0
2024 258  9 14 0400  -27.8  978.5    0.0    0.0  444.0  444.0
2024 258  9 14 0500  -31.1  978.4    2.2  156.0  444.0  444.0
2024 258  9 14 0600  -31.6  978.4    0.0    0.0  444.0  444.0
2024 258  9 14 0700  -31.4  978.6    2.5  166.0  444.0  444.0
2024 258  9 14 0800  -32.2  978.7    1.5  139.0  444.0  444.0
2024 258  9 14 0900  -32.1  978.7    1.0  127.0  444.0  444.0
2024 258  9 14 1000  -30.8  978.7    0.0    0.0  444.0  444.0
2024 258  9 14 1100  -30.1  978.4    2.5  246.0  444.0  444.0
2024 258  9 14 1200  -31.2  978.2    3.2  249.0  444.0  444.0
2024 258  9 14 1300  -30.5  978.3    2.2  250.0  444.0  444.0
2024 258  9 14 1400  -29.9  977.6    1.7  280.0  444.0  444.0
2024 258  9 14 1500  -29.2  977.5    1.7  252.0  444.0  444.0
2024 258  9 14 1600  -29.8  977.3    0.0    0.0  444.0  444.0
2024 258  9 14 1700  -30.5  976.9    0.5  322.0  444.0  444.0
2024 258  9 14 1800  -31.9  976.7    0.5  304.0  444.0  444.0
2024 258  9 14 1900  -31.8  976.2    0.0    0.0  444.0  444.0
2024 258  9 14 2000  -31.5  976.2    0.0    0.0  444.0  444.0
2024 258  9 14 2100  -29.1  975.9    0.0    0.0  444.0  444.0
2024 258  9 14 2200  -27.1  976.0    0.0    0.0  444.0  444.0
2024 258  9 14 2300  -29.8  975.8    0.0    0.0  444.0  444.0
2024 259  9 15 0000  -29.5  975.2    0.0    0.0  444.0  444.0
2024 259  9 15 0100  -29.2  975.0    0.0    0.0  444.0  444.0
2024 259  9 15 0200  -28.4  974.8    0.0    0.0  444.0  444.0
2024 259  9 15 0300  -27.5  974.7    0.0    0.0  444.0  444.0
2024 259  9 15 0400  -29.6  974.2    2.7  284.0  444.0  444.0
2024 259  9 15 0500  -30.0  974.3    2.0  291.0  444.0  444.0
2024 259  9 15 0600  -30.5  974.2    0.7  283.0  444.0  444.0
2024 259  9 15 0700  -30.1  974.2    2.5  307.0  444.0  444.0
2024 259  9 15 0800  -30.2  974.3    0.5  292.0  444.0  444.0
2024 259  9 15 0900  -30.5  974.4    1.7  269.0  444.0  444.0
2024 259  9 15 1000  -31.0  974.3    1.7  266.0  444.0  444.0
2024 259  9 15 1100  -31.1  974.4    2.5  246.0  444.0  444.0
2024 259  9 15 1200  -30.2  974.6    1.7  242.0  444.0  444.0
2024 259  9 15 1300  -31.6  974.6    1.2  160.0  444.0  444.0
2024 259  9 15 1400  -30.1  974.8    0.2  295.0  444.0  444.0
2024 259  9 15 1500  -30.8  975.1    1.7  233.0  444.0  444.0
2024 259  9 15 1600  -31.0  975.2    2.2  226.0  444.0  444.0
2024 259  9 15 1700  -31.6  975.4    1.7  145.0  444.0  444.0
2024 259  9 15 1800  -31.5  975.8    1.5  125.0  444.0  444.0
2024 259  9 15 1900  -32.5  976.2    1.7  127.0  444.0  444.0
2024 259  9 15 2000  -32.1  976.6    0.7  127.0  444.0  444.0
2024 259  9 15 2100  -31.0  977.1    0.5  167.0  444.0  444.0
2024 259  9 15 2200  -31.4  977.7    1.5  129.0  444.0  444.0
2024 259  9 15 2300  -31.6  978.1    2.5  128.0  444.0  444.0
2024 260  9 16 0000  -32.2  978.6    2.9  122.0  444.0  444.0
2024 260  9 16 0100  -32.6  978.8    2.7  122.0  444.0  444.0
2024 260  9 16 0200  -32.0  979.1    1.5  135.0  444.0  444.0
2024 260  9 16 0300  -30.8  979.1    1.0  145.0  444.0  444.0
2024 260  9 16 0400  -28.9  979.3  444.0  444.0  444.0  444.0
2024 260  9 16 0500  -30.2  979.2  444.0  444.0  444.0  444.0
2024 260  9 16 0600  -32.5  979.4  444.0  444.0  444.0  444.0
2024 260  9 16 0700  -33.1  979.9  444.0  444.0  444.0  444.0
2024 260  9 16 0800  -31.5  980.1  444.0  444.0  444.0  444.0
2024 260  9 16 0900  -31.1  980.5  444.0  444.0  444.0  444.0
2024 260  9 16 1000  -31.0  980.8  444.0  444.0  444.0  444.0
2024 260  9 16 1100  -31.0  981.1  444.0  444.0  444.0  444.0
2024 260  9 16 1200  -30.5  981.3  444.0  444.0  444.0  444.0
2024 260  9 16 1300  -30.1  981.5  444.0  444.0  444.0  444.0
2024 260  9 16 1400  -30.8  981.8  444.0  444.0  444.0  444.0
2024 260  9 16 1500  -29.6  981.9    1.2  249.0  444.0  444.0
2024 260  9 16 1600  -28.8  982.1    1.2  201.0  444.0  444.0
2024 260  9 16 1700  -28.1  982.3    0.0    0.0  444.0  444.0
2024 260  9 16 1800  -27.9  982.3    0.0    0.0  444.0  444.0
2024 260  9 16 1900  -26.9  982.4    1.0  207.0  444.0  444.0
2024 260  9 16 2000  -26.8  982.6    0.5  212.0  444.0  444.0
2024 260  9 16 2100  -26.6  982.7    1.0  202.0  444.0  444.0
2024 260  9 16 2200  -25.6  982.6    1.5  197.0  444.0  444.0
2024 260  9 16 2300  -27.8  982.0    2.2  139.0  444.0  444.0
2024 261  9 17 0000  -25.4  982.1    0.0    0.0  444.0  444.0
2024 261  9 17 0100  -24.0  981.7    1.0  208.0  444.0  444.0
2024 261  9 17 0200  -23.2  980.8    0.7  215.0  444.0  444.0
2024 261  9 17 0300  -24.9  979.8    0.0    0.0  444.0  444.0
2024 261  9 17 0400  -22.1  978.8    0.0    0.0  444.0  444.0
2024 261  9 17 0500  -26.6  978.4    1.7   34.0  444.0  444.0
2024 261  9 17 0600  -25.8  977.9    3.9  153.0  444.0  444.0
2024 261  9 17 0700  -24.9  977.5    5.1  124.0  444.0  444.0
2024 261  9 17 0800  -24.8  977.6    7.4  145.0  444.0  444.0
2024 261  9 17 0900  -25.0  977.3    9.1  146.0  444.0  444.0
2024 261  9 17 1000  -25.6  976.6   10.5  159.0  444.0  444.0
2024 261  9 17 1100  -26.4  975.9   14.2  141.0  444.0  444.0
2024 261  9 17 1200  -27.6  976.3   12.0  148.0  444.0  444.0
2024 261  9 17 1300  -27.9  976.2   12.7  149.0  444.0  444.0
2024 261  9 17 1400  -27.5  975.7   12.5  146.0  444.0  444.0
2024 261  9 17 1500  -27.8  976.9   13.7  156.0  444.0  444.0
2024 261  9 17 1600  -28.1  977.0   12.7  138.0  444.0  444.0
2024 261  9 17 1700  -29.2  977.7    9.1  159.0  444.0  444.0
2024 261  9 17 1800  -29.8  977.5   13.7  165.0  444.0  444.0
2024 261  9 17 1900  -29.8  978.2    9.8  162.0  444.0  444.0
2024 261  9 17 2000  -29.5  977.5   13.5  149.0  444.0  444.0
2024 261  9 17 2100  -29.4  978.1    9.1  158.0  444.0  444.0
2024 261  9 17 2200  -29.1  978.3    8.3  156.0  444.0  444.0
2024 261  9 17 2300  -28.5  978.4    9.3  159.0  444.0  444.0
2024 262  9 18 0000  -28.4  978.3   10.5  150.0  444.0  444.0
2024 262  9 18 0100  -27.2  978.4    9.1  155.0  444.0  444.0
2024 262  9 18 0200  -27.1  978.3    8.1  156.0  444.0  444.0
2024 262  9 18 0300  -26.8  977.9    7.4  150.0  444.0  444.0
2024 262  9 18 0400  -27.1  978.3    8.1  156.0  444.0  444.0
2024 262  9 18 0500  -27.0  978.2    3.4  163.0  444.0  444.0
2024 262  9 18 0600  -26.9  976.4    9.6  141.0  444.0  444.0
2024 262  9 18 0700  -26.1  976.8    6.1  170.0  444.0  444.0
2024 262  9 18 0800  -24.9  976.6    4.9  165.0  444.0  444.0
2024 262  9 18 0900  -23.9  976.5    5.4  176.0  444.0  444.0
2024 262  9 18 1000  -24.2  976.6    4.2  166.0  444.0  444.0
2024 262  9 18 1100  -24.9  976.4    3.4  190.0  444.0  444.0
2024 262  9 18 1200  -24.1  976.0    2.7  217.0  444.0  444.0
2024 262  9 18 1300  -23.6  975.4    2.2  195.0  444.0  444.0
2024 262  9 18 1400  -23.1  974.8    2.2  228.0  444.0  444.0
2024 262  9 18 1500  -22.1  975.0    1.7  202.0  444.0  444.0
2024 262  9 18 1600  -22.1  974.8    2.7  215.0  444.0  444.0
2024 262  9 18 1700  -21.9  975.0    2.5  222.0  444.0  444.0
2024 262  9 18 1800  -21.9  974.4    1.7  260.0  444.0  444.0
2024 262  9 18 1900  -21.8  974.5    3.4  246.0  444.0  444.0
2024 262  9 18 2000  -21.8  974.2    3.7  257.0  444.0  444.0
2024 262  9 18 2100  -19.0  973.9    2.2  266.0  444.0  444.0
2024 262  9 18 2200  -18.5  974.1    2.5  145.0  444.0  444.0
2024 262  9 18 2300  -16.5  974.3    1.5  304.0  444.0  444.0
2024 263  9 19 0000  -16.2  974.7    2.2  236.0  444.0  444.0
2024 263  9 19 0100  -16.5  974.7    2.9  242.0  444.0  444.0
2024 263  9 19 0200  -16.5  974.5    3.2  257.0  444.0  444.0
2024 263  9 19 0300  -18.8  975.0    2.2  142.0  444.0  444.0
2024 263  9 19 0400  -17.8  975.2    1.7  135.0  444.0  444.0
2024 263  9 19 0500  -16.1  975.7    0.0    0.0  444.0  444.0
2024 263  9 19 0600  -17.0  976.1    1.2  202.0  444.0  444.0
2024 263  9 19 0700  -17.0  976.6    0.0    0.0  444.0  444.0
2024 263  9 19 0800  -17.4  977.2    0.0    0.0  444.0  444.0
2024 263  9 19 0900  -17.0  977.3    2.2  297.0  444.0  444.0
2024 263  9 19 1000  -16.8  977.7    2.0  226.0  444.0  444.0
2024 263  9 19 1100  -19.5  978.3    2.0   21.0  444.0  444.0
2024 263  9 19 1200  -19.2  978.6    0.0    0.0  444.0  444.0
2024 263  9 19 1300  -21.0  979.1    1.2  343.0  444.0  444.0
2024 263  9 19 1400  -20.4  979.2    1.2  218.0  444.0  444.0
2024 263  9 19 1500  -18.8  979.6    2.0  160.0  444.0  444.0
2024 263  9 19 1600  -22.4  980.0    2.5  128.0  444.0  444.0
2024 263  9 19 1700  -23.4  980.6    2.7  135.0  444.0  444.0
2024 263  9 19 1800  -22.6  980.9    3.2  149.0  444.0  444.0
2024 263  9 19 1900  -21.8  981.5    3.7  143.0  444.0  444.0
2024 263  9 19 2000  -20.9  982.3    4.2  146.0  444.0  444.0
2024 263  9 19 2100  -22.4  982.7    4.7  143.0  444.0  444.0
2024 263  9 19 2200  -20.4  983.4    4.7  145.0  444.0  444.0
2024 263  9 19 2300  -21.1  983.7    6.1  142.0  444.0  444.0
2024 264  9 20 0000  -20.6  983.9    7.4  146.0  444.0  444.0
2024 264  9 20 0100  -20.2  984.4    7.4  136.0  444.0  444.0
2024 264  9 20 0200  -20.6  984.5    8.1  138.0  444.0  444.0
2024 264  9 20 0300  -20.4  985.0    7.1  142.0  444.0  444.0
2024 264  9 20 0400  -20.6  985.2    7.8  141.0  444.0  444.0
2024 264  9 20 0500  -21.5  985.8    5.6  139.0  444.0  444.0
2024 264  9 20 0600  -21.4  986.1    6.6  135.0  444.0  444.0
2024 264  9 20 0700  -21.5  986.4    5.6  136.0  444.0  444.0
2024 264  9 20 0800  -21.5  986.2    7.8  135.0  444.0  444.0
2024 264  9 20 0900  -22.1  986.4    7.8  132.0  444.0  444.0
2024 264  9 20 1000  -22.6  986.5    8.3  143.0  444.0  444.0
2024 264  9 20 1100  -22.4  986.9    7.6  141.0  444.0  444.0
2024 264  9 20 1200  -22.1  987.4    6.9  138.0  444.0  444.0
2024 264  9 20 1300  -22.4  988.1    6.4  148.0  444.0  444.0
2024 264  9 20 1400  -22.6  988.3    8.3  143.0  444.0  444.0
2024 264  9 20 1500  -21.4  989.0    9.6  172.0  444.0  444.0
2024 264  9 20 1600  -21.9  989.4    8.6  155.0  444.0  444.0
2024 264  9 20 1700  -23.2  990.0    4.7  135.0  444.0  444.0
2024 264  9 20 1800  -23.6  990.6    0.5  115.0  444.0  444.0
2024 264  9 20 1900  -23.1  991.3    1.2  190.0  444.0  444.0
2024 264  9 20 2000  -21.4  991.9    3.4  187.0  444.0  444.0
2024 264  9 20 2100  -21.5  992.8    3.2  153.0  444.0  444.0
2024 264  9 20 2200  -21.4  993.3    3.7  152.0  444.0  444.0
2024 264  9 20 2300  -20.9  993.8    2.2  162.0  444.0  444.0
2024 265  9 21 0000  -20.9  994.4    5.1  139.0  444.0  444.0
2024 265  9 21 0100  -20.0  995.0    2.0  184.0  444.0  444.0
2024 265  9 21 0200  -19.1  995.3    3.2  165.0  444.0  444.0
2024 265  9 21 0300  -20.6  995.2    1.5  107.0  444.0  444.0
2024 265  9 21 0400  -22.0  995.5    0.7  291.0  444.0  444.0
2024 265  9 21 0500  -22.5  996.3    0.0    0.0  444.0  444.0
2024 265  9 21 0600  -22.5  996.6    1.0  231.0  444.0  444.0
2024 265  9 21 0700  -22.8  996.8    1.0  278.0  444.0  444.0
2024 265  9 21 0800  -22.4  996.9    0.0    0.0  444.0  444.0
2024 265  9 21 0900  -21.9  997.1    1.2  319.0  444.0  444.0
2024 265  9 21 1000  -22.8  997.1    2.5  304.0  444.0  444.0
2024 265  9 21 1100  -22.8  997.4    2.5  274.0  444.0  444.0
2024 265  9 21 1200  -22.8  997.2    3.7  269.0  444.0  444.0
2024 265  9 21 1300  -22.4  997.3    3.4  273.0  444.0  444.0
2024 265  9 21 1400  -22.4  997.2    2.5  264.0  444.0  444.0
2024 265  9 21 1500  -23.1  996.9    3.2  257.0  444.0  444.0
2024 265  9 21 1600  -23.0  996.9    3.7  255.0  444.0  444.0
2024 265  9 21 1700  -22.1  997.0    3.7  316.0  444.0  444.0
2024 265  9 21 1800  -22.4  996.9    3.2  297.0  444.0  444.0
2024 265  9 21 1900  -22.5  996.8    1.7  250.0  444.0  444.0
2024 265  9 21 2000  -22.5  996.7    2.2  253.0  444.0  444.0
2024 265  9 21 2100  -22.1  996.2    2.5  271.0  444.0  444.0
2024 265  9 21 2200  -21.9  996.1    0.2  357.0  444.0  444.0
2024 265  9 21 2300  -21.9  995.9    1.0  160.0  444.0  444.0
2024 266  9 22 0000  -21.5  995.4    1.5  246.0  444.0  444.0
2024 266  9 22 0100  -21.4  994.6    0.0    0.0  444.0  444.0
2024 266  9 22 0200  -20.9  994.1    0.2  314.0  444.0  444.0
2024 266  9 22 0300  -20.6  993.6    0.7    4.0  444.0  444.0
2024 266  9 22 0400  -20.6  993.3    1.0  271.0  444.0  444.0
2024 266  9 22 0500  -21.9  992.9    0.7  162.0  444.0  444.0
2024 266  9 22 0600  -22.5  992.5    1.0  135.0  444.0  444.0
2024 266  9 22 0700  -22.9  992.1    0.0    0.0  444.0  444.0
2024 266  9 22 0800  -23.1  991.7    0.0    0.0  444.0  444.0
2024 266  9 22 0900  -24.0  991.1    1.2  143.0  444.0  444.0
2024 266  9 22 1000  -24.0  990.4    0.0    0.0  444.0  444.0
2024 266  9 22 1100  -23.8  989.4    0.0    0.0  444.0  444.0
2024 266  9 22 1200  -23.9  989.4    0.7  128.0  444.0  444.0
2024 266  9 22 1300  -24.0  988.8    1.2   24.0  444.0  444.0
2024 266  9 22 1400  -24.0  988.3    1.5  156.0  444.0  444.0
2024 266  9 22 1500  -23.1  987.7    0.5  165.0  444.0  444.0
2024 266  9 22 1600  -24.1  987.2    1.7  145.0  444.0  444.0
2024 266  9 22 1700  -25.2  986.8    7.4  135.0  444.0  444.0
2024 266  9 22 1800  -23.2  986.6    7.1  148.0  444.0  444.0
2024 266  9 22 1900  -23.6  986.9    3.2  125.0  444.0  444.0
2024 266  9 22 2000  -24.4  986.9    2.9  156.0  444.0  444.0
2024 266  9 22 2100  -23.0  987.0    5.1  150.0  444.0  444.0
2024 266  9 22 2200  -22.4  986.7    7.4  138.0  444.0  444.0
2024 266  9 22 2300  -22.5  986.3    7.8  138.0  444.0  444.0
2024 267  9 23 0000  -23.0  986.3    7.6  134.0  444.0  444.0
2024 267  9 23 0100  -26.0  986.3    7.8  128.0  444.0  444.0
2024 267  9 23 0200  -25.0  986.4    9.8  138.0  444.0  444.0
2024 267  9 23 0300  -23.1  986.2   10.3  153.0  444.0  444.0
2024 267  9 23 0400  -24.1  986.2    8.6  139.0  444.0  444.0
2024 267  9 23 0500  -25.4  986.3    5.9  131.0  444.0  444.0
2024 267  9 23 0600  -25.0  986.5    2.2  121.0  444.0  444.0
2024 267  9 23 0700  -24.5  986.6    1.2  246.0  444.0  444.0
2024 267  9 23 0800  -25.2  986.5    2.0  259.0  444.0  444.0
2024 267  9 23 0900  -27.6  986.7    0.2  135.0  444.0  444.0
2024 267  9 23 1000  -27.8  985.9    1.0    6.0  444.0  444.0
2024 267  9 23 1100  -27.1  985.8    1.2  326.0  444.0  444.0
2024 267  9 23 1200  -27.2  985.4    0.7  267.0  444.0  444.0
2024 267  9 23 1300  -27.4  984.9    1.7  304.0  444.0  444.0
2024 267  9 23 1400  -27.2  984.3    2.2  276.0  444.0  444.0
2024 267  9 23 1500  -27.1  984.0    0.0    0.0  444.0  444.0
2024 267  9 23 1600  -28.4  984.0    0.5  170.0  444.0  444.0
2024 267  9 23 1700  -29.9  983.2    1.2  143.0  444.0  444.0
2024 267  9 23 1800  -29.8  983.1    3.2  143.0  444.0  444.0
2024 267  9 23 1900  -30.2  983.0    4.2  134.0  444.0  444.0
2024 267  9 23 2000  -31.1  983.0    4.4  139.0  444.0  444.0
2024 267  9 23 2100  -30.2  982.8    3.7  153.0  444.0  444.0
2024 267  9 23 2200  -30.1  982.4    5.4  125.0  444.0  444.0
2024 267  9 23 2300  -30.1  982.6    4.4  131.0  444.0  444.0
2024 268  9 24 0000  -30.1  982.2    5.6  132.0  444.0  444.0
2024 268  9 24 0100  -29.5  981.8    6.9  129.0  444.0  444.0
2024 268  9 24 0200  -28.9  981.6    7.6  139.0  444.0  444.0
2024 268  9 24 0300  -28.5  981.4    6.6  149.0  444.0  444.0
2024 268  9 24 0400  -28.5  981.3    5.6  134.0  444.0  444.0
2024 268  9 24 0500  -29.5  981.6    3.2  148.0  444.0  444.0
2024 268  9 24 0600  -29.0  981.8    4.2  138.0  444.0  444.0
2024 268  9 24 0700  -28.8  982.2    4.7  141.0  444.0  444.0
2024 268  9 24 0800  -28.4  982.8    4.2  156.0  444.0  444.0
2024 268  9 24 0900  -30.8  983.7    4.7  135.0  444.0  444.0
2024 268  9 24 1000  -29.5  984.3    8.1  149.0  444.0  444.0
2024 268  9 24 1100  -28.4  984.9    9.1  150.0  444.0  444.0
2024 268  9 24 1200  -29.2  985.7    5.4  141.0  444.0  444.0
2024 268  9 24 1300  -28.0  986.3    9.1  153.0  444.0  444.0
2024 268  9 24 1400  -27.4  987.4    7.1  155.0  444.0  444.0
2024 268  9 24 1500  -27.4  988.3    3.2  149.0  444.0  444.0
2024 268  9 24 1600  -28.1  989.7    4.2  149.0  444.0  444.0
2024 268  9 24 1700  -24.2  990.8    5.9  163.0  444.0  444.0
2024 268  9 24 1800  -22.1  992.3    5.6  172.0  444.0  444.0
2024 268  9 24 1900  -22.4  993.7    3.2  180.0  444.0  444.0
2024 268  9 24 2000  -22.5  994.4    4.7  165.0  444.0  444.0
2024 268  9 24 2100  -21.8  995.2    2.7  142.0  444.0  444.0
2024 268  9 24 2200  -21.0  996.0    0.0    0.0  444.0  444.0
2024 268  9 24 2300  -20.1  996.5    1.2  148.0  444.0  444.0
2024 269  9 25 0000  -18.6  997.1    2.5  174.0  444.0  444.0
2024 269  9 25 0100  -19.1  997.5    2.9  155.0  444.0  444.0
2024 269  9 25 0200  -17.4  997.8    2.2  179.0  444.0  444.0
2024 269  9 25 0300  -15.5  998.0    0.7   97.0  444.0  444.0
2024 269  9 25 0400  -19.1  997.9    2.7  194.0  444.0  444.0
2024 269  9 25 0500  -19.4  998.0    2.7  226.0  444.0  444.0
2024 269  9 25 0600  -19.5  998.2    0.0    0.0  444.0  444.0
2024 269  9 25 0700  -20.2  997.9    2.2  152.0  444.0  444.0
2024 269  9 25 0800  -24.8  998.1    3.2  141.0  444.0  444.0
2024 269  9 25 0900  -23.8  998.2    3.7  162.0  444.0  444.0
2024 269  9 25 1000  -19.5  997.8    4.4  204.0  444.0  444.0
2024 269  9 25 1100  -23.2  997.6    2.9  120.0  444.0  444.0
2024 269  9 25 1200  -27.8  997.1    3.9  141.0  444.0  444.0
2024 269  9 25 1300  -24.9  996.5    2.0  145.0  444.0  444.0
2024 269  9 25 1400  -28.4  995.8    1.5  124.0  444.0  444.0
2024 269  9 25 1500  -30.9  994.9    2.9  143.0  444.0  444.0
2024 269  9 25 1600  -31.2  994.9    2.7  131.0  444.0  444.0
2024 269  9 25 1700  -27.1  994.7    4.4  148.0  444.0  444.0
2024 269  9 25 1800  -22.4  994.2   10.8  149.0  444.0  444.0
2024 269  9 25 1900  -23.1  994.1   11.3  143.0  444.0  444.0
2024 269  9 25 2000  -23.0  994.3    8.6  159.0  444.0  444.0
2024 269  9 25 2100  -22.6  993.7    8.8  169.0  444.0  444.0
2024 269  9 25 2200  -22.4  992.6   11.3  163.0  444.0  444.0
2024 269  9 25 2300  -21.4  991.8   11.8  160.0  444.0  444.0
2024 270  9 26 0000  -21.1  991.0   12.5  139.0  444.0  444.0
2024 270  9 26 0100  -23.2  990.9    7.1  134.0  444.0  444.0
2024 270  9 26 0200  -23.1  989.8    8.8  148.0  444.0  444.0
2024 270  9 26 0300  -22.8  989.9    6.1  145.0  444.0  444.0
2024 270  9 26 0400  -21.5  989.0    9.1  158.0  444.0  444.0
2024 270  9 26 0500  -24.2  986.9   10.0  134.0  444.0  444.0
2024 270  9 26 0600  -25.6  987.1    6.9  139.0  444.0  444.0
2024 270  9 26 0700  -28.5  986.4    8.6  142.0  444.0  444.0
2024 270  9 26 0800  -21.8  986.0   11.3  129.0  444.0  444.0
2024 270  9 26 0900  -23.1  986.2    8.8  159.0  444.0  444.0
2024 270  9 26 1000  -22.5  985.8   10.0  150.0  444.0  444.0
2024 270  9 26 1100  -22.9  985.3   10.0  159.0  444.0  444.0
2024 270  9 26 1200  -20.9  984.7    7.1  166.0  444.0  444.0
2024 270  9 26 1300  -21.9  984.3    8.1  152.0  444.0  444.0
2024 270  9 26 1400  -23.2  984.5    8.1  163.0  444.0  444.0
2024 270  9 26 1500  -22.8  983.8    9.8  173.0  444.0  444.0
2024 270  9 26 1600  -23.6  983.5    7.8  165.0  444.0  444.0
2024 270  9 26 1700  -23.8  983.1    9.8  162.0  444.0  444.0
2024 270  9 26 1800  -23.6  982.2   10.8  153.0  444.0  444.0
2024 270  9 26 1900  -23.8  981.6    8.6  155.0  444.0  444.0
2024 270  9 26 2000  -23.1  981.7    8.6  153.0  444.0  444.0
2024 270  9 26 2100  -23.1  980.4    9.6  128.0  444.0  444.0
2024 270  9 26 2200  -21.9  980.1    5.6  121.0  444.0  444.0
2024 270  9 26 2300  -22.8  980.0    6.1  153.0  444.0  444.0
2024 271  9 27 0000  -21.4  979.1   10.5  153.0  444.0  444.0
2024 271  9 27 0100  -21.4  977.9   13.0  148.0  444.0  444.0
2024 271  9 27 0200  -21.5  977.6    9.8  145.0  444.0  444.0
2024 271  9 27 0300  -20.6  977.0   13.5  152.0  444.0  444.0
2024 271  9 27 0400  -23.2  977.1   12.2  143.0  444.0  444.0
2024 271  9 27 0500  -23.6  976.9   14.2  143.0  444.0  444.0
2024 271  9 27 0600  -25.1  977.1    9.6  142.0  444.0  444.0
2024 271  9 27 0700  -25.2  977.3   13.0  143.0  444.0  444.0
2024 271  9 27 0800  -24.8  977.0   10.3  159.0  444.0  444.0
2024 271  9 27 0900  -23.9  977.3    6.6  172.0  444.0  444.0
2024 271  9 27 1000  -24.4  976.6   11.8  148.0  444.0  444.0
2024 271  9 27 1100  -25.2  976.5   13.2  152.0  444.0  444.0
2024 271  9 27 1200  -25.8  976.6   13.2  152.0  444.0  444.0
2024 271  9 27 1300  -24.5  976.4    9.6  159.0  444.0  444.0
2024 271  9 27 1400  -24.8  976.1    9.8  128.0  444.0  444.0
2024 271  9 27 1500  -26.2  976.3    4.9  143.0  444.0  444.0
2024 271  9 27 1600  -26.8  977.0    5.9  150.0  444.0  444.0
2024 271  9 27 1700  -27.0  977.1    5.9  127.0  444.0  444.0
2024 271  9 27 1800  -25.0  977.1    8.6  150.0  444.0  444.0
2024 271  9 27 1900  -24.1  976.9   12.0  138.0  444.0  444.0
2024 271  9 27 2000  -25.5  977.6   10.0  148.0  444.0  444.0
2024 271  9 27 2100  -25.6  977.6    7.4  158.0  444.0  444.0
2024 271  9 27 2200  -24.9  977.3   11.3  162.0  444.0  444.0
2024 271  9 27 2300  -24.2  977.4    7.4  163.0  444.0  444.0
2024 272  9 28 0000  -23.6  977.0    8.3  149.0  444.0  444.0
2024 272  9 28 0100  -22.5  976.6    8.3  145.0  444.0  444.0
2024 272  9 28 0200  -22.0  976.6    5.4  148.0  444.0  444.0
2024 272  9 28 0300  -24.2  976.7    4.4  128.0  444.0  444.0
2024 272  9 28 0400  -26.4  977.0    5.4  136.0  444.0  444.0
2024 272  9 28 0500  -25.8  977.2    3.7  136.0  444.0  444.0
2024 272  9 28 0600  -25.6  977.0    2.5  135.0  444.0  444.0
2024 272  9 28 0700  -25.8  976.9    2.9  122.0  444.0  444.0
2024 272  9 28 0800  -26.4  976.8    3.4  167.0  444.0  444.0
2024 272  9 28 0900  -25.4  976.6    3.2  179.0  444.0  444.0
2024 272  9 28 1000  -25.0  976.4    2.5  211.0  444.0  444.0
2024 272  9 28 1100  -24.1  976.4    2.5  150.0  444.0  444.0
2024 272  9 28 1200  -28.8  976.3    4.2  139.0  444.0  444.0
2024 272  9 28 1300  -27.4  976.1    3.7  159.0  444.0  444.0
2024 272  9 28 1400  -26.8  975.7    4.4  146.0  444.0  444.0
2024 272  9 28 1500  -27.5  975.6    0.0    0.0  444.0  444.0
2024 272  9 28 1600  -27.9  975.5    0.0    0.0  444.0  444.0
2024 272  9 28 1700  -28.4  975.7    0.7  153.0  444.0  444.0
2024 272  9 28 1800  -28.0  975.7    1.0  166.0  444.0  444.0
2024 272  9 28 1900  -26.6  975.4    0.7  308.0  444.0  444.0
2024 272  9 28 2000  -26.6  975.5    2.2  207.0  444.0  444.0
2024 272  9 28 2100  -25.0  975.1    0.0    0.0  444.0  444.0
2024 272  9 28 2200  -24.9  974.7    1.2  231.0  444.0  444.0
2024 272  9 28 2300  -26.2  974.4    1.0  269.0  444.0  444.0
2024 273  9 29 0000  -26.0  973.9    2.5  287.0  444.0  444.0
2024 273  9 29 0100  -27.0  973.5    2.7  311.0  444.0  444.0
2024 273  9 29 0200  -22.1  972.8    2.9  323.0  444.0  444.0
2024 273  9 29 0300  -22.4  972.4    0.0    0.0  444.0  444.0
2024 273  9 29 0400  -23.6  972.1    1.0  271.0  444.0  444.0
2024 273  9 29 0500  -26.0  971.8    0.0    0.0  444.0  444.0
2024 273  9 29 0600  -23.1  971.1    2.2  302.0  444.0  444.0
2024 273  9 29 0700  -22.9  970.4    2.9  212.0  444.0  444.0
2024 273  9 29 0800  -23.4  970.0    1.7  236.0  444.0  444.0
2024 273  9 29 0900  -23.2  969.6    3.7  233.0  444.0  444.0
2024 273  9 29 1000  -21.8  969.4    2.7  210.0  444.0  444.0
2024 273  9 29 1100  -22.4  969.0    3.2  238.0  444.0  444.0
2024 273  9 29 1200  -23.6  968.5    4.4  204.0  444.0  444.0
2024 273  9 29 1300  -21.2  968.0    3.7  225.0  444.0  444.0
2024 273  9 29 1400  -22.6  967.6    0.0    0.0  444.0  444.0
2024 273  9 29 1500  -23.2  967.1    0.0    0.0  444.0  444.0
2024 273  9 29 1600  -21.9  967.0    1.2  228.0  444.0  444.0
2024 273  9 29 1700  -23.6  966.7    1.0  328.0  444.0  444.0
2024 273  9 29 1800  -25.8  966.9    0.0    0.0  444.0  444.0
2024 273  9 29 1900  -24.1  967.1    1.2   73.0  444.0  444.0
2024 273  9 29 2000  -26.0  967.3    0.5   90.0  444.0  444.0
2024 273  9 29 2100  -24.8  967.5    0.2  302.0  444.0  444.0
2024 273  9 29 2200  -23.8  967.6    0.0    0.0  444.0  444.0
2024 273  9 29 2300  -24.0  967.4    1.7  169.0  444.0  444.0
2024 274  9 30 0000  -22.6  967.6    1.5   86.0  444.0  444.0
2024 274  9 30 0100  -23.8  966.9    2.0  349.0  444.0  444.0
2024 274  9 30 0200  -23.9  966.6    2.5  318.0  444.0  444.0
2024 274  9 30 0300  -22.8  966.7    1.5  111.0  444.0  444.0
2024 274  9 30 0400  -22.5  967.0    0.0    0.0  444.0  444.0
2024 274  9 30 0500  -23.2  966.6    2.7  311.0  444.0  444.0
2024 274  9 30 0600  -23.2  966.9    4.4  312.0  444.0  444.0
2024 274  9 30 0700  -22.8  966.6    5.4  308.0  444.0  444.0
2024 274  9 30 0800  -23.0  966.3    3.2  329.0  444.0  444.0
2024 274  9 30 0900  -23.0  965.8    3.7  326.0  444.0  444.0
2024 274  9 30 1000  -23.1  965.1    5.1  323.0  444.0  444.0
2024 274  9 30 1100  -23.2  964.9    3.9  316.0  444.0  444.0
2024 274  9 30 1200  -23.4  964.7    4.4  325.0  444.0  444.0
2024 274  9 30 1300  -23.1  965.0    2.0  323.0  444.0  444.0
2024 274  9 30 1400  -23.6  965.2    0.0    0.0  444.0  444.0
2024 274  9 30 1500  -23.2  965.1    1.0  264.0  444.0  444.0
2024 274  9 30 1600  -23.6  964.4    2.7  353.0  444.0  444.0
2024 274  9 30 1700  -23.2  964.5    4.4  314.0  444.0  444.0
2024 274  9 30 1800  -23.8  965.0    5.1  314.0  444.0  444.0
2024 274  9 30 1900  -23.2  965.7    5.1  315.0  444.0  444.0
2024 274  9 30 2000  -22.8  965.7    4.2  319.0  444.0  444.0
2024 274  9 30 2100  -22.6  966.3    2.2  312.0  444.0  444.0
2024 274  9 30 2200  -21.1  967.0    0.0    0.0  444.0  444.0
2024 274  9 30 2300  -20.2  967.7    0.0    0.0  444.0  444.0
