Year: 2024  Month: 10  ID: FER  ARGOS:  8947  Name: Ferrell             
Lat: 77.79S  Lon: 170.82E  Elev:   43m
2024 275 10  1 0000  -21.9  975.4    3.8  326.0   82.0  444.0
2024 275 10  1 0100  -21.9  975.7    5.4  329.0   81.0  444.0
2024 275 10  1 0200  -22.6  975.8    5.5  338.0   82.0  444.0
2024 275 10  1 0300  -21.1  975.8    8.6  327.0   83.0  444.0
2024 275 10  1 0400  -20.7  976.0    9.4  331.0   84.0  444.0
2024 275 10  1 0500  -20.4  976.5    9.1  325.0   84.0  444.0
2024 275 10  1 0600  -21.4  977.2   10.3  323.0   83.0  444.0
2024 275 10  1 0700  -22.1  977.9    8.0  305.0   82.0  444.0
2024 275 10  1 0800  -22.4  978.3    5.3  301.0   82.0  444.0
2024 275 10  1 0900  -22.4  979.0    4.5  308.0   81.0  444.0
2024 275 10  1 1000  -22.3  979.7    4.3  329.0   82.0  444.0
2024 275 10  1 1100  -22.2  980.2    4.9  307.0   81.0  444.0
2024 275 10  1 1200  -22.7  980.7    3.3  311.0   80.0  444.0
2024 275 10  1 1300  -22.6  980.7    4.5  314.0   80.0  444.0
2024 275 10  1 1400  -21.8  981.3    2.1  239.0   81.0  444.0
2024 275 10  1 1500  -22.6  981.7    4.3  257.0   79.0  444.0
2024 275 10  1 1600  -24.6  982.1    3.6  288.0   79.0  444.0
2024 275 10  1 1700  -25.4  982.5    2.1  274.0   79.0  444.0
2024 275 10  1 1800  -24.3  982.2    0.0    0.0   80.0  444.0
2024 275 10  1 1900  -24.7  982.5    0.0    0.0   80.0  444.0
2024 275 10  1 2000  -24.2  982.8    1.8  187.0   81.0  444.0
2024 275 10  1 2100  -22.8  983.0    2.8  188.0   81.0  444.0
2024 275 10  1 2200  -24.2  983.5    3.3  198.0   81.0  444.0
2024 275 10  1 2300  -24.8  983.8    0.0    0.0   79.0  444.0
2024 276 10  2 0000  -24.8  983.7    1.8  186.0   79.0  444.0
2024 276 10  2 0100  -23.8  983.5    0.1  175.0   80.0  444.0
2024 276 10  2 0200  -23.3  983.5    0.0    0.0   81.0  444.0
2024 276 10  2 0300  -24.8  983.4    0.3  184.0   80.0  444.0
2024 276 10  2 0400  -25.6  983.7    4.9  184.0   79.0  444.0
2024 276 10  2 0500  -27.1  983.7    5.9  176.0   78.0  444.0
2024 276 10  2 0600  -27.8  984.2    6.1  183.0   78.0  444.0
2024 276 10  2 0700  -28.1  984.2    6.2  182.0   77.0  444.0
2024 276 10  2 0800  -28.4  983.9    6.8  184.0   77.0  444.0
2024 276 10  2 0900  -27.2  983.9    6.1  191.0   78.0  444.0
2024 276 10  2 1000  -26.7  983.8    6.9  196.0   79.0  444.0
2024 276 10  2 1100  -25.9  983.7    7.5  202.0   79.0  444.0
2024 276 10  2 1200  -25.7  983.9    8.4  195.0   79.0  444.0
2024 276 10  2 1300  -25.2  983.7    9.9  198.0   80.0  444.0
2024 276 10  2 1400  -25.7  983.9    1.1  190.0   80.0  444.0
2024 276 10  2 1500  -26.3  984.1   13.0  196.0   79.0  444.0
2024 276 10  2 1600  -27.5  983.8   14.2  179.0   78.0  444.0
2024 276 10  2 1700  -26.9  983.9   12.6  192.0   78.0  444.0
2024 276 10  2 1800  -26.5  983.0   12.7  194.0   79.0  444.0
2024 276 10  2 1900  -25.8  983.2   13.6  187.0   80.0  444.0
2024 276 10  2 2000  -25.7  982.8   12.4  190.0   79.0  444.0
2024 276 10  2 2100  -24.9  982.6   12.1  199.0   80.0  444.0
2024 276 10  2 2200  -24.2  982.0   11.9  201.0   81.0  444.0
2024 276 10  2 2300  -23.8  981.3   10.8  193.0   81.0  444.0
2024 277 10  3 0000  -23.8  980.5   11.7  186.0   81.0  444.0
2024 277 10  3 0100  -24.0  980.1   10.0  194.0   81.0  444.0
2024 277 10  3 0200  -24.3  979.6    8.6  207.0   81.0  444.0
2024 277 10  3 0300  -24.1  979.0    8.2  205.0   81.0  444.0
2024 277 10  3 0400  -24.4  978.5    9.7  219.0   80.5  444.0
2024 277 10  3 0500  -24.2  978.1    8.9  224.0   80.8  444.0
2024 277 10  3 0600  -23.9  977.1    7.5  221.0   81.0  444.0
2024 277 10  3 0700  -24.0  976.6    7.3  221.0   81.0  444.0
2024 277 10  3 0800  -23.9  975.9    2.2  208.0   81.0  444.0
2024 277 10  3 0900  -23.9  975.6    6.6  208.0   81.0  444.0
2024 277 10  3 1000  -24.3  975.1    5.9  207.0   81.0  444.0
2024 277 10  3 1100  -25.1  974.5    0.1  223.0   80.0  444.0
2024 277 10  3 1200  -25.4  974.0    9.8  202.0   80.0  444.0
2024 277 10  3 1300  -27.1  973.9    0.1  199.0   78.0  444.0
2024 277 10  3 1400  -28.1  973.4    0.2  190.0   77.0  444.0
2024 277 10  3 1500  -29.5  973.9    0.0    0.0   76.0  444.0
2024 277 10  3 1600  -29.6  973.4    0.0    0.0   76.0  444.0
2024 277 10  3 1700  -29.4  972.9    0.0    0.0   76.0  444.0
2024 277 10  3 1800  -28.5  972.4    0.0    0.0   76.0  444.0
2024 277 10  3 1900  -28.1  972.2    0.0    0.0   76.0  444.0
2024 277 10  3 2000  -27.6  971.9    1.1  222.0   77.0  444.0
2024 277 10  3 2100  -26.2  971.9    4.0  214.0   79.0  444.0
2024 277 10  3 2200  -25.0  971.8    9.1  215.0   79.0  444.0
2024 277 10  3 2300  -25.7  971.8    8.0  215.0   79.0  444.0
2024 278 10  4 0000  -25.3  971.8   10.9  206.0   79.0  444.0
2024 278 10  4 0100  -25.1  972.0   10.9  205.0   79.0  444.0
2024 278 10  4 0200  -24.8  972.1   11.2  209.0   79.0  444.0
2024 278 10  4 0300  -24.9  972.0    8.8  208.0   79.0  444.0
2024 278 10  4 0400  -25.7  972.3    7.9  214.0   78.0  444.0
2024 278 10  4 0500  -26.0  972.5    7.7  217.0   78.0  444.0
2024 278 10  4 0600  -26.1  972.6    8.7  207.0   78.0  444.0
2024 278 10  4 0700  -26.3  973.1    7.4  195.0   78.0  444.0
2024 278 10  4 0800  -26.4  973.4    8.2  182.0   79.0  444.0
2024 278 10  4 0900  -28.4  973.9    4.6  190.0   77.0  444.0
2024 278 10  4 1000  -29.5  974.1    0.4  230.0   75.0  444.0
2024 278 10  4 1100  -30.7  974.4    4.7  246.0   76.0  444.0
2024 278 10  4 1200  -31.0  974.8    5.8  227.0   75.0  444.0
2024 278 10  4 1300  -31.0  975.0    0.3  240.0   74.0  444.0
2024 278 10  4 1400  -31.6  974.9    0.5  244.0   73.0  444.0
2024 278 10  4 1500  -31.6  975.1    1.5  242.0   74.0  444.0
2024 278 10  4 1600  -31.2  975.5    1.1  234.0   74.0  444.0
2024 278 10  4 1700  -32.0  975.9    1.4  214.0   73.0  444.0
2024 278 10  4 1800  -31.8  975.9    0.9  182.0   73.0  444.0
2024 278 10  4 1900  -32.8  976.0    0.1  184.0   72.0  444.0
2024 278 10  4 2000  -31.8  976.1    0.2  183.0   73.0  444.0
2024 278 10  4 2100  -32.7  976.6    1.2  232.0   71.0  444.0
2024 278 10  4 2200  -32.5  977.1    0.4  223.0   71.0  444.0
2024 278 10  4 2300  -32.4  977.3    0.4  210.0   71.0  444.0
2024 279 10  5 0000  -31.9  977.3    0.7  227.0   72.0  444.0
2024 279 10  5 0100  -30.7  977.2    0.1  231.0   72.5  444.0
2024 279 10  5 0200  -30.7  977.7    1.2  286.0   73.0  444.0
2024 279 10  5 0300  -30.1  977.9    3.2  296.0   74.0  444.0
2024 279 10  5 0400  -28.3  978.0    2.9  291.0   75.0  444.0
2024 279 10  5 0500  -26.9  978.3    0.6  271.0   77.0  444.0
2024 279 10  5 0600  -29.0  978.6    0.9  254.0   75.0  444.0
2024 279 10  5 0700  -27.1  979.3    1.5  259.0   78.0  444.0
2024 279 10  5 0800  -27.6  979.5    0.1  281.0   77.0  444.0
2024 279 10  5 0900  -29.4  979.9  444.0  444.0   76.0  444.0
2024 279 10  5 1000  -25.9  980.0  444.0  444.0   80.0  444.0
2024 279 10  5 1100  -29.5  980.0  444.0  444.0   76.0  444.0
2024 279 10  5 1200  -30.1  980.2  444.0  444.0   76.0  444.0
2024 279 10  5 1300  -31.4  980.6  444.0  444.0   75.0  444.0
2024 279 10  5 1400  -30.5  981.2  444.0  444.0   75.0  444.0
2024 279 10  5 1500  -27.5  981.8  444.0  444.0   77.0  444.0
2024 279 10  5 1600  -27.1  982.4  444.0  444.0   79.0  444.0
2024 279 10  5 1700  -33.4  983.3  444.0  444.0   73.0  444.0
2024 279 10  5 1800  -30.9  984.0  444.0  444.0   73.0  444.0
2024 279 10  5 1900  -32.3  984.5  444.0  444.0   74.0  444.0
2024 279 10  5 2000  -33.1  985.3  444.0  444.0   73.0  444.0
2024 279 10  5 2100  -30.2  985.9  444.0  444.0   77.0  444.0
2024 279 10  5 2200  -29.3  986.5  444.0  444.0   77.0  444.0
2024 279 10  5 2300  -27.3  986.9  444.0  444.0   79.0  444.0
2024 280 10  6 0000  -27.4  987.7  444.0  444.0   79.1  444.0
2024 280 10  6 0100  -24.2  988.2  444.0  444.0   82.0  444.0
2024 280 10  6 0200  -24.1  988.5  444.0  444.0   82.0  444.0
2024 280 10  6 0300  -24.4  988.9  444.0  444.0   82.0  444.0
2024 280 10  6 0400  -26.0  987.9  444.0  444.0   81.0  444.0
2024 280 10  6 0500  -27.1  988.4  444.0  444.0   78.7  444.0
2024 280 10  6 0600  -27.3  988.0  444.0  444.0   79.0  444.0
2024 280 10  6 0700  -26.1  987.9  444.0  444.0   80.0  444.0
2024 280 10  6 0800  -26.9  987.2  444.0  444.0   79.0  444.0
2024 280 10  6 0900  -25.5  986.2  444.0  444.0   80.0  444.0
2024 280 10  6 1000  -25.0  986.1  444.0  444.0   80.0  444.0
2024 280 10  6 1100  -24.3  985.7  444.0  444.0   81.0  444.0
2024 280 10  6 1200  -23.1  984.7  444.0  444.0   82.0  444.0
2024 280 10  6 1300  -22.1  984.1  444.0  444.0   83.0  444.0
2024 280 10  6 1400  -21.6  983.8  444.0  444.0   83.0  444.0
2024 280 10  6 1500  -20.8  983.6  444.0  444.0   84.5  444.0
2024 280 10  6 1600  -20.7  982.8  444.0  444.0   85.0  444.0
2024 280 10  6 1700  -20.3  982.8  444.0  444.0   85.0  444.0
2024 280 10  6 1800  -20.1  982.7  444.0  444.0   85.0  444.0
2024 280 10  6 1900  -19.7  982.4  444.0  444.0   85.0  444.0
2024 280 10  6 2000  -19.4  982.4    0.6  191.0   85.0  444.0
2024 280 10  6 2100  -18.7  982.2    1.7  190.0   86.0  444.0
2024 280 10  6 2200  -17.8  982.2   10.8  205.0   87.0  444.0
2024 280 10  6 2300  -19.0  982.8    8.5  186.0   85.0  444.0
2024 281 10  7 0000  -19.6  982.8    9.5  197.0   85.0  444.0
2024 281 10  7 0100  -19.8  983.0   10.5  200.0   84.0  444.0
2024 281 10  7 0200  -20.3  983.3   12.2  203.0   84.0  444.0
2024 281 10  7 0300  -20.9  983.7   14.0  203.0   83.4  444.0
2024 281 10  7 0400  -21.9  984.4   11.8  197.0   83.0  444.0
2024 281 10  7 0500  -21.9  985.0    7.3  202.0   83.0  444.0
2024 281 10  7 0600  -22.5  985.4   11.0  198.0   82.0  444.0
2024 281 10  7 0700  -23.8  985.7   11.3  195.0   81.0  444.0
2024 281 10  7 0800  -24.5  985.6   11.5  204.0   81.0  444.0
2024 281 10  7 0900  -25.6  986.0   11.1  204.0   80.0  444.0
2024 281 10  7 1000  -26.2  986.1    0.3  206.0   79.0  444.0
2024 281 10  7 1100  -26.6  986.2    0.2  215.0   78.0  444.0
2024 281 10  7 1200  -26.8  986.2    0.9  218.0   79.0  444.0
2024 281 10  7 1300  -27.8  986.1    8.8  223.0   77.0  444.0
2024 281 10  7 1400  -28.3  985.9    8.4  208.0   77.0  444.0
2024 281 10  7 1500  -29.0  985.5    8.5  203.0   76.0  444.0
2024 281 10  7 1600  -28.8  985.5    5.7  219.0   77.0  444.0
2024 281 10  7 1700  -28.7  985.1    2.8  208.0   76.0  444.0
2024 281 10  7 1800  -29.1  985.1    4.1  200.0   76.0  444.0
2024 281 10  7 1900  -29.3  984.3    4.1  243.0   75.0  444.0
2024 281 10  7 2000  -28.1  984.0    0.0    0.0   77.0  444.0
2024 281 10  7 2100  -24.5  983.3    0.0    0.0   80.0  444.0
2024 281 10  7 2200  -23.6  982.9    2.8  159.0   78.0  444.0
2024 281 10  7 2300  -22.5  982.0  444.0  444.0   78.0  444.0
2024 282 10  8 0000  -20.5  981.0  444.0  444.0   83.0  444.0
2024 282 10  8 0100  -22.1  980.2  444.0  444.0   81.0  444.0
2024 282 10  8 0200  -20.4  979.4  444.0  444.0   83.0  444.0
2024 282 10  8 0300  -20.7  978.7  444.0  444.0   83.0  444.0
2024 282 10  8 0400  -20.2  977.7  444.0  444.0   84.0  444.0
2024 282 10  8 0500  -21.0  976.8  444.0  444.0   83.0  444.0
2024 282 10  8 0600  -20.8  976.1  444.0  444.0   84.0  444.0
2024 282 10  8 0700  -20.7  975.3  444.0  444.0   84.0  444.0
2024 282 10  8 0800  -21.6  974.6  444.0  444.0   84.0  444.0
2024 282 10  8 0900  -25.9  974.3  444.0  444.0   80.0  444.0
2024 282 10  8 1000  -27.6  973.8  444.0  444.0   78.0  444.0
2024 282 10  8 1100  -26.2  973.4  444.0  444.0   79.0  444.0
2024 282 10  8 1200  -29.0  973.2  444.0  444.0   76.0  444.0
2024 282 10  8 1300  -27.9  972.6  444.0  444.0   79.0  444.0
2024 282 10  8 1400  -28.3  972.3  444.0  444.0   76.0  444.0
2024 282 10  8 1500  -32.5  972.3  444.0  444.0   74.0  444.0
2024 282 10  8 1600  -34.8  972.2  444.0  444.0   71.0  444.0
2024 282 10  8 1700  -34.7  972.0  444.0  444.0   71.0  444.0
2024 282 10  8 1800  -33.1  971.6  444.0  444.0   72.0  444.0
2024 282 10  8 1900  -33.8  971.5  444.0  444.0   72.9  444.0
2024 282 10  8 2000  -35.0  971.3  444.0  444.0   70.0  444.0
2024 282 10  8 2100  -34.6  971.2  444.0  444.0   70.0  444.0
2024 282 10  8 2200  -33.0  971.2  444.0  444.0   73.0  444.0
2024 282 10  8 2300  -32.0  971.1  444.0  444.0   75.0  444.0
2024 283 10  9 0000  -31.1  971.0  444.0  444.0   74.0  444.0
2024 283 10  9 0100  444.0  971.0  444.0  444.0   79.0  444.0
2024 283 10  9 0200  444.0  970.9  444.0  444.0   80.0  444.0
2024 283 10  9 0300  -26.0  970.6  444.0  444.0   81.0  444.0
2024 283 10  9 0400  -29.7  970.7  444.0  444.0   75.0  444.0
2024 283 10  9 0500  -30.3  970.8  444.0  444.0   75.0  444.0
2024 283 10  9 0600  -30.7  970.6    8.3  226.0   75.0  444.0
2024 283 10  9 0700  -30.1  970.6    9.2  218.0   75.0  444.0
2024 283 10  9 0800  -31.4  971.0    8.1  218.0   74.0  444.0
2024 283 10  9 0900  -31.8  971.1    8.5  220.0   74.0  444.0
2024 283 10  9 1000  -30.0  971.2    9.4  203.0   76.0  444.0
2024 283 10  9 1100  -27.4  971.4    9.9  206.0   78.0  444.0
2024 283 10  9 1200  -26.9  971.5   10.4  201.0   78.0  444.0
2024 283 10  9 1300  -25.7  971.9   11.1  205.0   80.0  444.0
2024 283 10  9 1400  -24.8  972.0   13.3  197.0   80.0  444.0
2024 283 10  9 1500  -25.3  972.4   10.3  206.0   80.0  444.0
2024 283 10  9 1600  -25.2  972.4   12.3  204.0   80.0  444.0
2024 283 10  9 1700  -24.5  972.4   12.0  206.0   81.0  444.0
2024 283 10  9 1800  -23.6  972.5   13.7  200.0   82.0  444.0
2024 283 10  9 1900  -22.9  972.1   14.3  200.0   83.0  444.0
2024 283 10  9 2000  -22.8  972.7    8.2  208.0   82.0  444.0
2024 283 10  9 2100  -22.7  973.1    1.1  202.0   82.0  444.0
2024 283 10  9 2200  -23.4  973.5    9.1  224.0   81.0  444.0
2024 283 10  9 2300  -21.7  973.3   11.6  211.0   83.0  444.0
2024 284 10 10 0000  -21.6  973.9    8.2  216.0   82.8  444.0
2024 284 10 10 0100  -20.7  973.6   14.0  211.0   83.0  444.0
2024 284 10 10 0200  -20.8  973.4   14.3  210.0   83.0  444.0
2024 284 10 10 0300  -20.6  973.5   14.6  206.0   83.0  444.0
2024 284 10 10 0400  -20.8  973.8   14.6  210.0   83.0  444.0
2024 284 10 10 0500  -20.4  973.6   14.1  211.0   84.0  444.0
2024 284 10 10 0600  -20.6  974.0   14.2  218.0   83.9  444.0
2024 284 10 10 0700  -20.2  974.1   14.0  220.0   84.0  444.0
2024 284 10 10 0800  -20.2  974.3   13.7  219.0   85.0  444.0
2024 284 10 10 0900  -20.1  974.8   14.2  208.0   84.0  444.0
2024 284 10 10 1000  -19.8  975.3   11.7  217.0   85.0  444.0
2024 284 10 10 1100  -19.6  975.1    9.7  224.0   83.1  444.0
2024 284 10 10 1200  -20.2  975.0    7.3  216.0   82.5  444.0
2024 284 10 10 1300  -23.3  974.5   12.3  202.0   81.0  444.0
2024 284 10 10 1400  -21.9  975.3   14.2  212.0   82.0  444.0
2024 284 10 10 1500  -21.0  975.5   13.6  221.0   82.0  444.0
2024 284 10 10 1600  -22.3  975.0   13.4  223.0   81.0  444.0
2024 284 10 10 1700  -21.8  975.0    6.7  219.0   80.0  444.0
2024 284 10 10 1800  -21.3  974.8   14.5  205.0   80.0  444.0
2024 284 10 10 1900  -21.8  974.5   14.6  213.0   77.0  444.0
2024 284 10 10 2000  -22.1  975.0   12.7  220.0   76.0  444.0
2024 284 10 10 2100  -20.1  974.9   14.6  232.0   78.0  444.0
2024 284 10 10 2200  -18.5  975.1   13.6  227.0   82.0  444.0
2024 284 10 10 2300  -18.3  975.2   15.5  220.0   79.0  444.0
2024 285 10 11 0000  -17.6  975.2   15.1  230.0   82.0  444.0
2024 285 10 11 0100  -17.9  975.1   15.2  228.0   83.0  444.0
2024 285 10 11 0200  -16.9  974.6   15.2  226.0   81.0  444.0
2024 285 10 11 0300  -16.7  974.4   14.3  232.0   83.0  444.0
2024 285 10 11 0400  -16.8  973.8   15.3  223.0   77.0  444.0
2024 285 10 11 0500  -17.0  973.8   15.4  233.0   73.0  444.0
2024 285 10 11 0600  -17.1  973.4   14.5  233.0   70.0  444.0
2024 285 10 11 0700  -17.2  973.4   16.9  242.0   73.0  444.0
2024 285 10 11 0800  -17.9  973.1   17.1  234.0   85.0  444.0
2024 285 10 11 0900  -17.7  972.5   19.6  220.0   86.0  444.0
2024 285 10 11 1000  -17.7  972.8   19.0  224.0   86.0  444.0
2024 285 10 11 1100  -17.8  972.2   19.9  214.0   86.2  444.0
2024 285 10 11 1200  -18.8  973.0   17.2  203.0   85.0  444.0
2024 285 10 11 1300  -19.1  973.7   15.9  204.0   85.0  444.0
2024 285 10 11 1400  -19.5  974.1   14.1  201.0   85.0  444.0
2024 285 10 11 1500  -20.0  974.8    6.3  218.0   85.0  444.0
2024 285 10 11 1600  -19.5  974.9   12.2  210.0   84.6  444.0
2024 285 10 11 1700  -18.9  974.6   10.2  216.0   86.0  444.0
2024 285 10 11 1800  -18.8  974.6   13.4  205.0   86.0  444.0
2024 285 10 11 1900  -18.0  974.1   10.9  201.0   86.0  444.0
2024 285 10 11 2000  -18.0  973.9   15.7  200.0   86.0  444.0
2024 285 10 11 2100  -17.2  973.4   18.1  202.0   86.0  444.0
2024 285 10 11 2200  -16.2  974.0   13.6  227.0   87.0  444.0
2024 285 10 11 2300  -15.7  973.0   13.7  231.0   88.0  444.0
2024 286 10 12 0000  -15.5  971.8   14.0  231.0   88.0  444.0
2024 286 10 12 0100  -15.0  971.3   17.0  217.0   87.0  444.0
2024 286 10 12 0200  -15.8  972.2   11.9  219.0   87.0  444.0
2024 286 10 12 0300  -16.5  971.9   11.4  213.0   86.0  444.0
2024 286 10 12 0400  -15.7  970.7    6.7  216.0   89.0  444.0
2024 286 10 12 0500  -15.5  970.8   14.2  211.0   88.0  444.0
2024 286 10 12 0600  -16.0  971.0    9.9  204.0   88.0  444.0
2024 286 10 12 0700  -15.3  970.7    1.1  204.0   89.2  444.0
2024 286 10 12 0800  -14.7  970.4   12.8  216.0   89.0  444.0
2024 286 10 12 0900  -15.6  970.4   12.6  200.0   88.5  444.0
2024 286 10 12 1000  -16.1  971.5    0.7  192.0   88.0  444.0
2024 286 10 12 1100  -17.0  971.7  444.0  444.0   87.0  444.0
2024 286 10 12 1200  -17.4  972.1  444.0  444.0   87.0  444.0
2024 286 10 12 1300  -18.1  972.6  444.0  444.0   87.0  444.0
2024 286 10 12 1400  -18.2  972.9  444.0  444.0   86.2  444.0
2024 286 10 12 1500  -18.5  973.3  444.0  444.0   86.0  444.0
2024 286 10 12 1600  -19.1  973.5  444.0  444.0   85.0  444.0
2024 286 10 12 1700  -19.7  973.8  444.0  444.0   85.0  444.0
2024 286 10 12 1800  -20.5  974.1  444.0  444.0   84.0  444.0
2024 286 10 12 1900  -21.4  974.0  444.0  444.0   83.0  444.0
2024 286 10 12 2000  -21.9  974.2  444.0  444.0   82.0  444.0
2024 286 10 12 2100  -22.0  974.5  444.0  444.0   82.0  444.0
2024 286 10 12 2200  -23.7  974.6  444.0  444.0   80.0  444.0
2024 286 10 12 2300  -23.8  974.9  444.0  444.0   79.0  444.0
2024 287 10 13 0000  -23.6  975.1  444.0  444.0   78.4  444.0
2024 287 10 13 0100  -23.1  975.3  444.0  444.0   79.0  444.0
2024 287 10 13 0200  -21.9  975.3  444.0  444.0   79.0  444.0
2024 287 10 13 0300  -21.9  975.4  444.0  444.0   80.0  444.0
2024 287 10 13 0400  -21.5  975.6  444.0  444.0   81.0  444.0
2024 287 10 13 0500  -21.6  975.9  444.0  444.0   81.0  444.0
2024 287 10 13 0600  -21.4  976.5  444.0  444.0   82.0  444.0
2024 287 10 13 0700  -21.8  976.7  444.0  444.0   82.0  444.0
2024 287 10 13 0800  -21.9  977.4  444.0  444.0   83.0  444.0
2024 287 10 13 0900  -22.3  977.9  444.0  444.0   83.0  444.0
2024 287 10 13 1000  -22.7  978.5  444.0  444.0   82.7  444.0
2024 287 10 13 1100  -22.8  978.9  444.0  444.0   82.0  444.0
2024 287 10 13 1200  -22.9  979.5  444.0  444.0   82.2  444.0
2024 287 10 13 1300  -23.0  980.1  444.0  444.0   82.0  444.0
2024 287 10 13 1400  -23.8  980.4  444.0  444.0   82.0  444.0
2024 287 10 13 1500  -25.7  981.0  444.0  444.0   79.0  444.0
2024 287 10 13 1600  -28.3  981.6  444.0  444.0   77.0  444.0
2024 287 10 13 1700  -26.4  981.8  444.0  444.0   79.2  444.0
2024 287 10 13 1800  -26.8  982.2  444.0  444.0   77.0  444.0
2024 287 10 13 1900  -26.4  982.4  444.0  444.0   78.0  444.0
2024 287 10 13 2000  -29.2  983.1  444.0  444.0   75.0  444.0
2024 287 10 13 2100  -25.9  983.3  444.0  444.0   76.0  444.0
2024 287 10 13 2200  -24.9  983.2  444.0  444.0   81.0  444.0
2024 287 10 13 2300  -22.0  983.4  444.0  444.0   82.0  444.0
2024 288 10 14 0000  -21.0  983.3  444.0  444.0   83.0  444.0
2024 288 10 14 0100  -18.5  983.0  444.0  444.0   85.0  444.0
2024 288 10 14 0200  -17.3  982.8  444.0  444.0   85.0  444.0
2024 288 10 14 0300  -16.7  982.4  444.0  444.0   87.0  444.0
2024 288 10 14 0400  -17.0  982.5  444.0  444.0   88.0  444.0
2024 288 10 14 0500  -17.0  982.4    9.8  203.0   82.0  444.0
2024 288 10 14 0600  -17.1  982.6    8.3  216.0   80.7  444.0
2024 288 10 14 0700  -18.8  983.1    7.9  218.0   79.0  444.0
2024 288 10 14 0800  -19.6  982.5    9.1  214.0   78.0  444.0
2024 288 10 14 0900  -21.3  982.6    7.0  220.0   77.0  444.0
2024 288 10 14 1000  -23.3  982.1    6.3  197.0   78.0  444.0
2024 288 10 14 1100  -24.4  982.3    5.4  206.0   80.0  444.0
2024 288 10 14 1200  -25.5  982.3    5.9  192.0   80.0  444.0
2024 288 10 14 1300  -27.7  982.4    5.0  210.0   78.0  444.0
2024 288 10 14 1400  -28.4  982.3    0.4  198.0   77.0  444.0
2024 288 10 14 1500  -28.2  982.2    0.0    0.0   78.0  444.0
2024 288 10 14 1600  -29.5  982.1    1.8  196.0   76.0  444.0
2024 288 10 14 1700  -30.4  982.1    0.1  200.0   74.0  444.0
2024 288 10 14 1800  -30.1  981.8    0.1  187.0   74.0  444.0
2024 288 10 14 1900  -30.1  981.7    0.4  180.0   74.0  444.0
2024 288 10 14 2000  -30.2  981.7    0.8  173.0   74.0  444.0
2024 288 10 14 2100  -30.4  981.7  444.0  444.0   73.0  444.0
2024 288 10 14 2200  -30.2  981.7  444.0  444.0   73.0  444.0
2024 288 10 14 2300  -29.5  981.4  444.0  444.0   74.0  444.0
2024 289 10 15 0000  -28.5  981.2  444.0  444.0   74.0  444.0
2024 289 10 15 0100  -27.0  980.8  444.0  444.0   76.0  444.0
2024 289 10 15 0200  -27.1  980.8  444.0  444.0   76.6  444.0
2024 289 10 15 0300  -27.3  980.8  444.0  444.0   76.0  444.0
2024 289 10 15 0400  -28.1  980.7  444.0  444.0   76.0  444.0
2024 289 10 15 0500  -28.7  980.6  444.0  444.0   75.0  444.0
2024 289 10 15 0600  -29.4  980.7  444.0  444.0   74.0  444.0
2024 289 10 15 0700  -30.3  980.7  444.0  444.0   74.0  444.0
2024 289 10 15 0800  -31.5  981.3  444.0  444.0   73.0  444.0
2024 289 10 15 0900  -32.3  981.3  444.0  444.0   73.0  444.0
2024 289 10 15 1000  -33.7  981.3  444.0  444.0   71.0  444.0
2024 289 10 15 1100  -34.0  981.4  444.0  444.0   72.0  444.0
2024 289 10 15 1200  -34.3  981.4  444.0  444.0   71.0  444.0
2024 289 10 15 1300  -34.4  981.6  444.0  444.0   71.0  444.0
2024 289 10 15 1400  -34.9  981.6  444.0  444.0   70.0  444.0
2024 289 10 15 1500  -35.5  981.5  444.0  444.0   69.0  444.0
2024 289 10 15 1600  -34.9  981.5  444.0  444.0   70.0  444.0
2024 289 10 15 1700  -30.1  981.4  444.0  444.0   76.0  444.0
2024 289 10 15 1800  -29.8  981.4  444.0  444.0   76.0  444.0
2024 289 10 15 1900  -30.7  981.3  444.0  444.0   75.0  444.0
2024 289 10 15 2000  -30.3  981.5  444.0  444.0   76.0  444.0
2024 289 10 15 2100  -29.6  981.5    4.9  225.0   76.0  444.0
2024 289 10 15 2200  -28.4  981.6    5.7  228.0   77.0  444.0
2024 289 10 15 2300  -27.8  981.8    4.6  229.0   77.0  444.0
2024 290 10 16 0000  -26.4  981.6    0.1  215.0   78.0  444.0
2024 290 10 16 0100  -26.7  981.3    0.2  224.0   77.0  444.0
2024 290 10 16 0200  -26.4  981.0    0.1  217.0   76.7  444.0
2024 290 10 16 0300  -27.0  981.0    0.3  241.0   75.9  444.0
2024 290 10 16 0400  -26.9  980.5    0.3  228.0   76.0  444.0
2024 290 10 16 0500  -26.7  980.5    0.3  234.0   76.0  444.0
2024 290 10 16 0600  -27.6  980.1    0.1  214.0   76.0  444.0
2024 290 10 16 0700  -27.3  980.1    1.2  231.0   78.6  444.0
2024 290 10 16 0800  -29.6  980.4    1.0  237.0   74.0  444.0
2024 290 10 16 0900  -31.6  980.2    0.1  220.0   71.0  444.0
2024 290 10 16 1000  -32.5  980.3    0.8  227.0   74.0  444.0
2024 290 10 16 1100  -30.7  980.2  444.0  444.0   74.0  444.0
2024 290 10 16 1200  -33.8  979.9  444.0  444.0   72.0  444.0
2024 290 10 16 1300  -35.5  979.8  444.0  444.0   70.0  444.0
2024 290 10 16 1400  -36.6  980.0  444.0  444.0   68.6  444.0
2024 290 10 16 1500  -35.4  979.8  444.0  444.0   70.0  444.0
2024 290 10 16 1600  -36.0  980.0  444.0  444.0   70.0  444.0
2024 290 10 16 1700  -36.4  980.0  444.0  444.0   70.0  444.0
2024 290 10 16 1800  -36.7  980.2  444.0  444.0   69.0  444.0
2024 290 10 16 1900  -33.4  980.2  444.0  444.0   72.0  444.0
2024 290 10 16 2000  -31.3  980.2    4.9  204.0   75.0  444.0
2024 290 10 16 2100  -28.8  980.1    7.1  198.0   76.0  444.0
2024 290 10 16 2200  -28.6  980.2    4.6  209.0   76.0  444.0
2024 290 10 16 2300  -29.0  980.3    7.7  198.0   75.0  444.0
2024 291 10 17 0000  -28.4  980.2    7.6  202.0   75.4  444.0
2024 291 10 17 0100  -29.1  980.3    8.4  189.0   73.5  444.0
2024 291 10 17 0200  -29.0  980.3    7.8  196.0   75.0  444.0
2024 291 10 17 0300  -29.9  980.6    7.6  180.0   74.0  444.0
2024 291 10 17 0400  -29.2  980.8    7.4  196.0   75.0  444.0
2024 291 10 17 0500  -28.3  981.3    6.9  192.0   76.0  444.0
2024 291 10 17 0600  -28.0  981.7    6.6  194.0   76.0  444.0
2024 291 10 17 0700  -27.9  981.9    8.3  191.0   76.0  444.0
2024 291 10 17 0800  -28.0  982.3    8.4  190.0   77.0  444.0
2024 291 10 17 0900  -28.8  982.6    6.5  195.0   76.0  444.0
2024 291 10 17 1000  -28.3  982.8    4.7  182.0   77.0  444.0
2024 291 10 17 1100  -28.1  983.3    0.5  179.0   77.0  444.0
2024 291 10 17 1200  -28.2  983.8    0.0    0.0   77.0  444.0
2024 291 10 17 1300  -28.2  984.0    0.0    0.0   77.0  444.0
2024 291 10 17 1400  -28.7  984.2    0.0    0.0   77.0  444.0
2024 291 10 17 1500  -29.2  984.6    0.0    0.0   76.0  444.0
2024 291 10 17 1600  -29.4  984.7    0.0    0.0   76.0  444.0
2024 291 10 17 1700  -29.8  984.8    0.6  208.0   76.0  444.0
2024 291 10 17 1800  -28.4  985.2    6.2  205.0   77.0  444.0
2024 291 10 17 1900  -27.5  985.4    5.9  190.0   78.0  444.0
2024 291 10 17 2000  -26.8  985.9    5.8  195.0   77.0  444.0
2024 291 10 17 2100  -25.4  986.2    7.7  183.0   78.0  444.0
2024 291 10 17 2200  -24.9  986.7    8.8  196.0   78.0  444.0
2024 291 10 17 2300  -24.4  987.1    7.4  196.0   78.0  444.0
2024 292 10 18 0000  -23.3  987.5    7.0  204.0   79.0  444.0
2024 292 10 18 0100  -23.2  987.7    8.1  205.0   80.0  444.0
2024 292 10 18 0200  -22.5  988.0   10.8  198.0   80.0  444.0
2024 292 10 18 0300  -23.3  988.6   10.9  197.0   79.0  444.0
2024 292 10 18 0400  -23.7  988.5   10.8  206.0   79.0  444.0
2024 292 10 18 0500  -23.6  988.9    8.6  206.0   78.0  444.0
2024 292 10 18 0600  -23.9  989.1    6.8  212.0   78.0  444.0
2024 292 10 18 0700  -24.4  989.2    9.3  220.0   78.0  444.0
2024 292 10 18 0800  -23.2  989.1    9.1  213.0   78.0  444.0
2024 292 10 18 0900  -23.4  989.7    7.7  194.0   78.0  444.0
2024 292 10 18 1000  -22.2  989.5    9.1  214.0   76.0  444.0
2024 292 10 18 1100  -21.4  989.6    9.2  214.0   72.0  444.0
2024 292 10 18 1200  -25.8  989.7    0.6  194.0   69.0  444.0
2024 292 10 18 1300  -26.0  989.3    6.1  223.0   71.0  444.0
2024 292 10 18 1400  -26.9  989.3    5.9  239.0   73.0  444.0
2024 292 10 18 1500  -25.7  989.1    6.6  242.0   69.0  444.0
2024 292 10 18 1600  -26.3  989.1    4.5  206.0   70.7  444.0
2024 292 10 18 1700  -27.9  988.7    0.6  221.0   71.0  444.0
2024 292 10 18 1800  -28.5  988.2    0.5  241.0   71.0  444.0
2024 292 10 18 1900  -25.9  987.5    2.8  248.0   67.0  444.0
2024 292 10 18 2000  -23.8  986.9    6.9  252.0   66.0  444.0
2024 292 10 18 2100  -22.2  986.7    8.5  238.0   67.4  444.0
2024 292 10 18 2200  -19.5  987.1   12.8  215.0   70.0  444.0
2024 292 10 18 2300  -20.2  986.8    7.5  212.0   72.0  444.0
2024 293 10 19 0000  -18.9  986.5   14.5  206.0   79.0  444.0
2024 293 10 19 0100  -17.3  985.8   10.6  202.0   79.0  444.0
2024 293 10 19 0200  -18.8  985.8    6.9  186.0   81.3  444.0
2024 293 10 19 0300  -17.9  985.6   13.0  214.0   80.4  444.0
2024 293 10 19 0400  -18.4  985.2   13.6  206.0   81.0  444.0
2024 293 10 19 0500  -19.1  985.1   12.7  203.0   80.0  444.0
2024 293 10 19 0600  -21.2  985.5   12.7  205.0   80.0  444.0
2024 293 10 19 0700  -23.1  985.6   10.6  207.0   79.0  444.0
2024 293 10 19 0800  -23.6  985.8   10.2  216.0   78.0  444.0
2024 293 10 19 0900  -24.7  985.4    9.2  222.0   80.0  444.0
2024 293 10 19 1000  -25.6  985.4   10.7  225.0   79.0  444.0
2024 293 10 19 1100  -25.5  985.1   10.8  223.0   78.0  444.0
2024 293 10 19 1200  -25.5  985.0    8.8  229.0   78.0  444.0
2024 293 10 19 1300  -24.3  984.3   10.8  222.0   77.0  444.0
2024 293 10 19 1400  -23.0  984.1   11.1  219.0   77.0  444.0
2024 293 10 19 1500  -22.3  983.8   10.2  219.0   74.0  444.0
2024 293 10 19 1600  -22.1  983.9   13.0  222.0   77.0  444.0
2024 293 10 19 1700  -23.2  983.8   13.0  220.0   78.0  444.0
2024 293 10 19 1800  -24.1  984.5   11.9  217.0   76.0  444.0
2024 293 10 19 1900  -24.5  984.5   11.2  220.0   75.7  444.0
2024 293 10 19 2000  -24.0  984.2   11.1  227.0   78.0  444.0
2024 293 10 19 2100  -22.2  983.9   13.5  215.0   77.0  444.0
2024 293 10 19 2200  -22.2  983.7   11.5  216.0   76.0  444.0
2024 293 10 19 2300  -20.8  983.7   13.3  205.0   77.0  444.0
2024 294 10 20 0000  -20.8  983.5   12.8  214.0   76.0  444.0
2024 294 10 20 0100  -20.0  982.2   15.2  218.0   77.0  444.0
2024 294 10 20 0200  -18.9  982.9   11.3  214.0   79.0  444.0
2024 294 10 20 0300  -17.9  982.9    8.6  189.0   71.0  444.0
2024 294 10 20 0400  -18.7  982.8    8.8  195.0   72.5  444.0
2024 294 10 20 0500  -17.9  982.5   13.2  202.0   75.0  444.0
2024 294 10 20 0600  -18.4  982.6   12.2  198.0   75.0  444.0
2024 294 10 20 0700  -18.8  982.2   11.9  200.0   75.0  444.0
2024 294 10 20 0800  -19.5  981.7   11.8  191.0   75.0  444.0
2024 294 10 20 0900  -20.0  981.5   12.8  199.0   74.0  444.0
2024 294 10 20 1000  -20.1  981.5   10.9  190.0   74.0  444.0
2024 294 10 20 1100  -20.4  981.7   11.1  183.0   75.0  444.0
2024 294 10 20 1200  -21.2  981.8   11.4  184.0   74.0  444.0
2024 294 10 20 1300  -20.8  982.1    9.1  182.0   71.0  444.0
2024 294 10 20 1400  -20.8  981.9    9.5  190.0   68.0  444.0
2024 294 10 20 1500  -21.8  981.9   10.7  196.0   62.0  444.0
2024 294 10 20 1600  -23.9  982.1    8.7  212.0   69.0  444.0
2024 294 10 20 1700  -23.5  981.8   12.1  212.0   65.0  444.0
2024 294 10 20 1800  -22.2  981.6   12.1  204.0   62.0  444.0
2024 294 10 20 1900  -21.9  981.5   12.7  203.0   59.0  444.0
2024 294 10 20 2000  -21.1  981.6   14.0  200.0   58.0  444.0
2024 294 10 20 2100  -22.7  981.2   12.7  210.0   63.0  444.0
2024 294 10 20 2200  -21.8  980.9   12.2  210.0   62.0  444.0
2024 294 10 20 2300  -20.8  981.0   12.8  205.0   63.0  444.0
2024 295 10 21 0000  -19.8  980.7   15.0  188.0   69.0  444.0
2024 295 10 21 0100  -19.5  980.5   13.0  189.0   68.0  444.0
2024 295 10 21 0200  -18.6  981.2   10.5  197.0   69.0  444.0
2024 295 10 21 0300  -19.1  981.0   13.2  187.0   69.0  444.0
2024 295 10 21 0400  -19.2  980.7   14.2  186.0   65.0  444.0
2024 295 10 21 0500  -19.9  980.5   12.6  210.0   69.5  444.0
2024 295 10 21 0600  -19.2  980.0   14.2  192.0   66.0  444.0
2024 295 10 21 0700  -20.8  980.0    9.3  217.0   68.0  444.0
2024 295 10 21 0800  -21.5  979.3    8.7  226.0   61.0  444.0
2024 295 10 21 0900  -22.2  979.0    6.4  226.0   59.0  444.0
2024 295 10 21 1000  -23.2  978.7    5.2  224.0   61.0  444.0
2024 295 10 21 1100  -21.2  978.6    6.8  226.0   52.0  444.0
2024 295 10 21 1200  -25.0  978.9    6.5  179.0   64.0  444.0
2024 295 10 21 1300  -22.0  978.5    9.5  210.0   59.9  444.0
2024 295 10 21 1400  -25.1  978.4    6.7  202.0   69.0  444.0
2024 295 10 21 1500  -25.5  978.4    7.2  202.0   69.0  444.0
2024 295 10 21 1600  -25.5  978.1    5.5  221.0   72.0  444.0
2024 295 10 21 1700  -21.0  977.6   11.8  226.0   71.0  444.0
2024 295 10 21 1800  -17.6  978.1   13.3  213.0   67.1  444.0
2024 295 10 21 1900  -18.4  978.5    9.8  193.0   67.0  444.0
2024 295 10 21 2000  -19.0  978.5    7.0  186.0   67.0  444.0
2024 295 10 21 2100  -18.8  978.1    5.1  234.0   70.0  444.0
2024 295 10 21 2200  -19.2  978.1    4.1  229.0   71.0  444.0
2024 295 10 21 2300  -19.4  978.5    3.6  185.0   72.0  444.0
2024 296 10 22 0000  -19.8  978.2    3.9  268.0   73.0  444.0
2024 296 10 22 0100  -19.5  978.0    4.3  248.0   74.0  444.0
2024 296 10 22 0200  -18.3  978.1    7.6  215.0   67.0  444.0
2024 296 10 22 0300  -16.4  977.7   10.1  198.0   68.0  444.0
2024 296 10 22 0400  -17.8  977.9    6.0  202.0   72.0  444.0
2024 296 10 22 0500  -18.0  978.0    7.4  201.0   73.4  444.0
2024 296 10 22 0600  -19.0  978.0    9.0  219.0   76.0  444.0
2024 296 10 22 0700  -19.8  978.4   14.4  214.0   75.0  444.0
2024 296 10 22 0800  -21.7  978.7    9.2  230.0   76.0  444.0
2024 296 10 22 0900  -21.2  978.3   10.5  218.0   77.0  444.0
2024 296 10 22 1000  -22.3  978.8   11.5  210.0   79.0  444.0
2024 296 10 22 1100  -24.5  979.0   11.8  212.0   77.0  444.0
2024 296 10 22 1200  -24.1  979.6    9.6  216.0   78.0  444.0
2024 296 10 22 1300  -22.9  979.7    9.3  211.0   77.0  444.0
2024 296 10 22 1400  -22.8  980.0   12.5  204.0   80.0  444.0
2024 296 10 22 1500  -24.9  980.2    8.4  209.0   79.0  444.0
2024 296 10 22 1600  -23.3  980.3   13.1  204.0   77.0  444.0
2024 296 10 22 1700  -25.2  980.6    9.2  195.0   77.0  444.0
2024 296 10 22 1800  -23.6  980.7   11.5  216.0   79.0  444.0
2024 296 10 22 1900  -23.1  981.0    7.6  204.0   77.0  444.0
2024 296 10 22 2000  -22.2  981.4   10.9  212.0   77.0  444.0
2024 296 10 22 2100  -22.1  981.6   10.4  207.0   76.0  444.0
2024 296 10 22 2200  -21.4  982.0   12.4  218.0   76.0  444.0
2024 296 10 22 2300  -21.0  982.1   11.7  209.0   77.0  444.0
2024 297 10 23 0000  -20.8  982.6   12.5  199.0   77.0  444.0
2024 297 10 23 0100  -21.1  983.0   10.9  205.0   78.0  444.0
2024 297 10 23 0200  -20.3  983.5    9.4  210.0   77.0  444.0
2024 297 10 23 0300  -20.3  983.5   11.9  216.0   75.0  444.0
2024 297 10 23 0400  -20.5  984.0    9.4  209.0   77.0  444.0
2024 297 10 23 0500  -21.2  984.7    9.3  207.0   78.0  444.0
2024 297 10 23 0600  -21.2  985.1   10.0  197.0   79.0  444.0
2024 297 10 23 0700  -21.8  985.5    8.8  204.0   78.0  444.0
2024 297 10 23 0800  -22.5  985.9    8.0  220.0   78.0  444.0
2024 297 10 23 0900  -23.6  986.6    7.8  221.0   79.0  444.0
2024 297 10 23 1000  -23.2  987.0    8.6  222.0   79.0  444.0
2024 297 10 23 1100  -23.5  987.3    8.9  216.0   79.0  444.0
2024 297 10 23 1200  -23.3  987.7    8.6  212.0   80.0  444.0
2024 297 10 23 1300  -23.7  987.9    8.1  206.0   80.0  444.0
2024 297 10 23 1400  -24.9  987.7    8.5  195.0   78.0  444.0
2024 297 10 23 1500  -25.0  988.0    6.1  217.0   76.0  444.0
2024 297 10 23 1600  -25.2  988.2    5.2  226.0   77.0  444.0
2024 297 10 23 1700  -24.7  988.5    6.2  217.0   75.0  444.0
2024 297 10 23 1800  -23.7  988.5    7.2  199.0   72.0  444.0
2024 297 10 23 1900  -25.0  988.9    6.1  223.0   72.0  444.0
2024 297 10 23 2000  -23.4  989.1    6.6  208.0   70.0  444.0
2024 297 10 23 2100  -21.3  989.1    9.7  204.0   68.9  444.0
2024 297 10 23 2200  -20.9  989.6    8.2  202.0   68.0  444.0
2024 297 10 23 2300  -20.0  989.8   10.0  201.0   65.0  444.0
2024 298 10 24 0000  -19.5  990.0   10.6  209.0   63.0  444.0
2024 298 10 24 0100  -19.4  990.4    9.8  214.0   64.0  444.0
2024 298 10 24 0200  -19.6  990.6   11.4  213.0   69.0  444.0
2024 298 10 24 0300  -19.7  990.8   11.0  211.0   70.0  444.0
2024 298 10 24 0400  -19.7  991.1   10.6  215.0   68.0  444.0
2024 298 10 24 0500  -20.4  991.3   11.3  210.0   69.0  444.0
2024 298 10 24 0600  -20.7  991.4   11.6  209.0   68.7  444.0
2024 298 10 24 0700  -21.2  991.9   10.7  261.0   67.7  444.0
2024 298 10 24 0800  -21.1  992.1   10.7  198.0   70.0  444.0
2024 298 10 24 0900  -20.3  992.0   12.4  190.0   63.0  444.0
2024 298 10 24 1000  -19.9  992.2   12.9  188.0   60.0  444.0
2024 298 10 24 1100  -19.0  992.3   14.1  192.0   60.0  444.0
2024 298 10 24 1200  -19.6  992.8   12.3  197.0   63.0  444.0
2024 298 10 24 1300  -22.2  992.9    8.4  213.0   71.0  444.0
2024 298 10 24 1400  -22.7  993.2    9.8  218.0   71.0  444.0
2024 298 10 24 1500  -23.7  993.7    6.2  236.0   72.0  444.0
2024 298 10 24 1600  -24.4  993.9    6.5  232.0   72.0  444.0
2024 298 10 24 1700  -23.9  993.8    8.2  231.0   70.0  444.0
2024 298 10 24 1800  -21.0  993.5    8.4  228.0   68.5  444.0
2024 298 10 24 1900  -18.5  993.4   10.9  223.0   63.0  444.0
2024 298 10 24 2000  -17.3  993.3   10.7  226.0   66.0  444.0
2024 298 10 24 2100  -15.0  993.2   10.2  219.0   65.0  444.0
2024 298 10 24 2200  -14.9  993.2    9.7  226.0   66.0  444.0
2024 298 10 24 2300  -15.0  993.1   11.5  237.0   71.5  444.0
2024 299 10 25 0000  -14.7  992.8   10.4  238.0   74.0  444.0
2024 299 10 25 0100  -13.3  992.2   11.3  225.0   68.0  444.0
2024 299 10 25 0200  -13.4  992.0    9.7  238.0   72.0  444.0
2024 299 10 25 0300  -13.2  991.1   12.9  230.0   66.0  444.0
2024 299 10 25 0400  -13.8  991.5   12.3  210.0   78.0  444.0
2024 299 10 25 0500  -15.9  990.8    6.6  239.0   79.0  444.0
2024 299 10 25 0600  -15.0  989.9    6.0  246.0   72.0  444.0
2024 299 10 25 0700  -12.3  989.9   14.2  231.0   63.0  444.0
2024 299 10 25 0800  -15.5  989.9    9.2  235.0   79.0  444.0
2024 299 10 25 0900  -12.2  988.8   14.6  219.0   72.0  444.0
2024 299 10 25 1000  -13.8  989.0   13.5  218.0   77.0  444.0
2024 299 10 25 1100  -15.1  988.8   14.3  203.0   81.0  444.0
2024 299 10 25 1200  -15.6  988.7   11.3  210.0   82.0  444.0
2024 299 10 25 1300  -14.7  988.5   11.3  214.0   83.0  444.0
2024 299 10 25 1400  -14.2  988.7   14.0  213.0   78.0  444.0
2024 299 10 25 1500  -15.3  988.8   13.5  213.0   77.0  444.0
2024 299 10 25 1600  -15.7  988.7   12.8  218.0   76.0  444.0
2024 299 10 25 1700  -15.1  988.3   14.4  215.0   75.8  444.0
2024 299 10 25 1800  -16.1  988.7   14.4  220.0   75.0  444.0
2024 299 10 25 1900  -16.5  989.2   15.1  215.0   77.0  444.0
2024 299 10 25 2000  -17.1  989.3   12.5  221.0   76.0  444.0
2024 299 10 25 2100  -17.0  989.4   15.0  223.0   75.0  444.0
2024 299 10 25 2200  -15.2  988.9   13.6  226.0   71.0  444.0
2024 299 10 25 2300  -14.5  988.6   14.2  208.0   69.0  444.0
2024 300 10 26 0000  -13.6  988.3   15.1  215.0   68.0  444.0
2024 300 10 26 0100  -13.3  987.8   13.2  224.0   70.0  444.0
2024 300 10 26 0200  -12.5  987.2   15.0  211.0   75.0  444.0
2024 300 10 26 0300  -12.5  987.1   15.1  211.0   69.0  444.0
2024 300 10 26 0400  -12.5  986.6   15.4  204.0   65.0  444.0
2024 300 10 26 0500  -13.1  986.7   13.2  213.0   68.6  444.0
2024 300 10 26 0600  -13.9  986.7   12.6  205.0   71.0  444.0
2024 300 10 26 0700  -14.9  987.1   12.0  202.0   71.0  444.0
2024 300 10 26 0800  -16.4  987.0   11.4  215.0   76.0  444.0
2024 300 10 26 0900  -17.9  987.2   11.1  215.0   76.0  444.0
2024 300 10 26 1000  -17.3  987.1   11.0  208.0   69.0  444.0
2024 300 10 26 1100  -19.2  986.9   10.8  228.0   72.0  444.0
2024 300 10 26 1200  -18.8  986.8   10.8  218.0   68.0  444.0
2024 300 10 26 1300  -19.6  986.8    8.7  230.0   70.0  444.0
2024 300 10 26 1400  -19.6  986.8    8.6  214.0   68.0  444.0
2024 300 10 26 1500  -22.1  986.6    3.5  223.0   73.0  444.0
2024 300 10 26 1600  -20.6  986.3    8.1  218.0   71.0  444.0
2024 300 10 26 1700  -19.4  986.0    8.2  214.0   70.0  444.0
2024 300 10 26 1800  -17.9  985.3    9.2  194.0   67.0  444.0
2024 300 10 26 1900  -17.3  985.5    8.9  205.0   66.0  444.0
2024 300 10 26 2000  -17.5  985.8   10.3  185.0   69.0  444.0
2024 300 10 26 2100  -16.1  985.2   13.7  190.0   66.0  444.0
2024 300 10 26 2200  -16.0  985.4   12.3  206.0   67.0  444.0
2024 300 10 26 2300  -15.8  985.1   12.1  210.0   67.0  444.0
2024 301 10 27 0000  -14.5  985.1   12.7  193.0   64.0  444.0
2024 301 10 27 0100  -14.9  985.2   13.1  187.0   66.0  444.0
2024 301 10 27 0200  -15.1  985.2   10.9  200.0   68.0  444.0
2024 301 10 27 0300  -14.4  985.0   10.7  193.0   64.0  444.0
2024 301 10 27 0400  -15.1  985.5    8.0  195.0   68.0  444.0
2024 301 10 27 0500  -15.8  985.6    6.7  200.0   69.0  444.0
2024 301 10 27 0600  -16.3  985.8    6.9  186.0   70.0  444.0
2024 301 10 27 0700  -17.7  985.6    4.1  164.0   71.6  444.0
2024 301 10 27 0800  -19.1  985.5    4.1  153.0   71.0  444.0
2024 301 10 27 0900  -19.2  985.4    0.0    0.0   70.0  444.0
2024 301 10 27 1000  -19.2  985.8    0.3  244.0   63.0  444.0
2024 301 10 27 1100  -21.4  986.0    0.2  249.0   71.7  444.0
2024 301 10 27 1200  -20.1  986.1    0.4  245.0   70.0  444.0
2024 301 10 27 1300  -17.3  985.9    3.5  242.0   61.0  444.0
2024 301 10 27 1400  -20.8  986.0    4.3  238.0   66.0  444.0
2024 301 10 27 1500  -24.0  986.2    0.5  228.0   70.0  444.0
2024 301 10 27 1600  -24.6  986.4    4.5  186.0   70.0  444.0
2024 301 10 27 1700  -20.9  986.3    5.3  229.0   62.0  444.0
2024 301 10 27 1800  -20.4  986.2    6.3  206.0   59.0  444.0
2024 301 10 27 1900  -20.5  986.6    7.3  200.0   61.0  444.0
2024 301 10 27 2000  -16.8  986.6    9.0  216.0   59.0  444.0
2024 301 10 27 2100  -15.0  986.9   10.2  208.0   61.0  444.0
2024 301 10 27 2200  -14.7  987.3    7.8  221.0   65.0  444.0
2024 301 10 27 2300  -14.2  987.4    6.0  237.0   69.0  444.0
2024 302 10 28 0000  -13.0  987.2    7.0  238.0   64.0  444.0
2024 302 10 28 0100  -12.2  987.0    3.8  234.0   64.0  444.0
2024 302 10 28 0200  -12.4  986.7    4.4  189.0   67.0  444.0
2024 302 10 28 0300  -12.5  986.7    5.0  248.0   74.0  444.0
2024 302 10 28 0400  -12.1  986.7    7.2  225.0   70.0  444.0
2024 302 10 28 0500  -10.6  986.1   16.4  214.0   68.0  444.0
2024 302 10 28 0600  -11.3  986.8   13.0  205.0   79.0  444.0
2024 302 10 28 0700  -11.4  986.3    9.6  221.0   77.0  444.0
2024 302 10 28 0800  -12.5  986.6   10.9  188.0   71.6  444.0
2024 302 10 28 0900  -13.3  986.9   12.0  210.0   75.0  444.0
2024 302 10 28 1000  -14.3  986.9   11.8  206.0   76.0  444.0
2024 302 10 28 1100  -17.9  987.4    5.9  203.0   82.0  444.0
2024 302 10 28 1200  -20.7  987.4    6.4  204.0   83.0  444.0
2024 302 10 28 1300  -22.2  988.1    4.1  236.0   81.2  444.0
2024 302 10 28 1400  -23.2  988.1    5.2  220.0   84.0  444.0
2024 302 10 28 1500  -22.7  987.3    5.9  216.0   84.0  444.0
2024 302 10 28 1600  -18.9  987.1    6.7  204.0   78.0  444.0
2024 302 10 28 1700  -18.6  986.6    5.3  191.0   79.0  444.0
2024 302 10 28 1800  -18.0  986.7    3.1  212.0   76.0  444.0
2024 302 10 28 1900  -12.8  986.7    8.4  224.0   77.0  444.0
2024 302 10 28 2000  -12.1  986.3   10.1  213.0   78.0  444.0
2024 302 10 28 2100  -11.0  986.2    5.3  253.0   84.0  444.0
2024 302 10 28 2200  -10.3  985.9    7.3  220.0   76.0  444.0
2024 302 10 28 2300  -10.5  985.8   10.8  198.0   78.0  444.0
2024 303 10 29 0000  -10.8  985.3   11.9  197.0   75.0  444.0
2024 303 10 29 0100  -10.7  984.8   13.7  197.0   76.0  444.0
2024 303 10 29 0200  -10.8  985.1   12.4  202.0   76.0  444.0
2024 303 10 29 0300  -11.1  985.0   11.7  205.0   81.0  444.0
2024 303 10 29 0400  -12.4  985.0   11.9  202.0   83.0  444.0
2024 303 10 29 0500  -13.3  985.2   13.7  208.0   83.0  444.0
2024 303 10 29 0600  -13.3  985.3   12.1  217.0   84.3  444.0
2024 303 10 29 0700  -14.4  985.5   10.1  212.0   83.0  444.0
2024 303 10 29 0800  -16.8  985.9    6.0  205.0   83.0  444.0
2024 303 10 29 0900  -17.7  986.1    6.2  275.0   83.0  444.0
2024 303 10 29 1000  -19.3  986.0    6.3  231.0   83.0  444.0
2024 303 10 29 1100  -19.3  985.9    5.9  223.0   80.0  444.0
2024 303 10 29 1200  -20.2  985.6    6.1  220.0   79.7  444.0
2024 303 10 29 1300  -19.6  985.7    1.9  220.0   79.0  444.0
2024 303 10 29 1400  -18.8  985.8    2.9  205.0   72.0  444.0
2024 303 10 29 1500  -19.6  985.4    0.1  176.0   74.0  444.0
2024 303 10 29 1600  -19.3  985.0    0.2  199.0   69.0  444.0
2024 303 10 29 1700  -19.1  984.6    0.0    0.0   69.0  444.0
2024 303 10 29 1800  -20.0  984.6    0.0    0.0   71.0  444.0
2024 303 10 29 1900  -18.3  984.5    0.0    0.0   67.0  444.0
2024 303 10 29 2000  -17.7  984.1    0.0    0.0   71.0  444.0
2024 303 10 29 2100  -17.2  984.0    0.0    0.0   78.0  444.0
2024 303 10 29 2200  -16.4  984.1    0.0    0.0   72.5  444.0
2024 303 10 29 2300  -15.3  984.2    0.0    0.0   73.0  444.0
2024 304 10 30 0000  -12.7  984.2    3.0  308.0   79.0  444.0
2024 304 10 30 0100  -11.4  984.2    0.1  306.0   80.0  444.0
2024 304 10 30 0200  -11.9  983.8    0.0    0.0   81.0  444.0
2024 304 10 30 0300  -11.2  983.8    0.0    0.0   83.5  444.0
2024 304 10 30 0400  -11.3  983.8    0.3  329.0   85.8  444.0
2024 304 10 30 0500  -10.9  983.9    0.8  337.0   86.0  444.0
2024 304 10 30 0600  -12.5  984.4    0.2  335.0   86.0  444.0
2024 304 10 30 0700  -13.6  984.7    0.2  352.0   87.0  444.0
2024 304 10 30 0800  -14.7  985.0    1.0  344.0   91.0  444.0
2024 304 10 30 0900  -15.2  985.4    0.6  348.0   89.0  444.0
2024 304 10 30 1000  -15.0  985.7    0.4  354.0   87.0  444.0
2024 304 10 30 1100  -16.6  986.5    3.1  343.0   84.0  444.0
2024 304 10 30 1200  -18.2  987.2    0.0    0.0   87.0  444.0
2024 304 10 30 1300  -20.6  988.1    1.3  254.0   84.0  444.0
2024 304 10 30 1400  -23.4  988.7    0.0    0.0   82.0  444.0
2024 304 10 30 1500  -20.7  989.1    3.9  313.0   85.0  444.0
2024 304 10 30 1600  -19.0  989.7    4.3  278.0   83.0  444.0
2024 304 10 30 1700  -20.2  990.1    0.2  264.0   80.0  444.0
2024 304 10 30 1800  -19.8  990.5    0.0    0.0   80.0  444.0
2024 304 10 30 1900  -18.1  991.4    0.0    0.0   72.0  444.0
2024 304 10 30 2000  -16.3  992.0    0.0    0.0   69.0  444.0
2024 304 10 30 2100  -17.0  992.2    0.0    0.0   70.0  444.0
2024 304 10 30 2200  -18.6  993.3    0.0    0.0   71.0  444.0
2024 304 10 30 2300  -15.4  994.0    0.0    0.0   75.0  444.0
2024 305 10 31 0000  -15.1  994.3    7.9  198.0   79.0  444.0
2024 305 10 31 0100  -14.7  994.5   10.1  205.0   80.0  444.0
2024 305 10 31 0200  -14.8  995.1    7.0  214.0   79.4  444.0
2024 305 10 31 0300  -14.3  995.1    8.5  198.0   79.0  444.0
2024 305 10 31 0400  -14.2  995.2    8.6  210.0   79.2  444.0
2024 305 10 31 0500  -14.2  995.6    7.6  216.0   80.0  444.0
2024 305 10 31 0600  -13.9  995.6    7.3  205.0   77.0  444.0
2024 305 10 31 0700  -14.7  995.6    6.3  224.0   72.0  444.0
2024 305 10 31 0800  -13.9  995.6    6.9  231.0   64.0  444.0
2024 305 10 31 0900  -14.1  995.6    8.3  205.0   66.6  444.0
2024 305 10 31 1000  -14.5  995.7    8.8  212.0   69.0  444.0
2024 305 10 31 1100  -14.6  995.6    9.5  214.0   67.0  444.0
2024 305 10 31 1200  -19.4  996.1    4.7  181.0   76.0  444.0
2024 305 10 31 1300  -19.5  996.1    5.6  204.0   74.0  444.0
2024 305 10 31 1400  -20.7  996.0    4.8  199.0   75.9  444.0
2024 305 10 31 1500  -22.5  996.0    4.5  218.0   77.0  444.0
2024 305 10 31 1600  -22.6  996.0    4.7  198.0   78.0  444.0
2024 305 10 31 1700  -22.8  996.0    4.4  212.0   78.0  444.0
2024 305 10 31 1800  -21.6  995.9    4.8  184.0   76.0  444.0
2024 305 10 31 1900  -22.3  996.1    3.9  184.0   76.0  444.0
2024 305 10 31 2000  -21.1  996.2    3.8  202.0   76.0  444.0
2024 305 10 31 2100  -20.3  996.1    4.0  205.0   76.0  444.0
2024 305 10 31 2200  -19.4  996.1    4.5  190.0   74.5  444.0
2024 305 10 31 2300  -18.8  996.1    3.8  187.0   75.0  444.0
