Year: 2017  Month: 11  ID: FER  ARGOS:  8947  Name: Ferrell             
Lat: 77.84S  Lon: 170.82E  Elev:   45m
2017 305 11  1 0000  -19.0  993.3    1.4  247.0   79.9  444.0
2017 305 11  1 0100  -19.1  993.2    3.3  205.0   79.0  444.0
2017 305 11  1 0200  -17.6  993.0    2.7  222.0   77.0  444.0
2017 305 11  1 0300  -17.8  992.9    2.9  180.0   74.0  444.0
2017 305 11  1 0400  -18.1  992.6    1.9  189.0   72.0  444.0
2017 305 11  1 0500  -18.6  992.6    1.6  213.0   72.0  444.0
2017 305 11  1 0600  -18.8  992.5    1.2  220.0   69.0  444.0
2017 305 11  1 0700  -18.9  992.1    2.1  174.0   74.0  444.0
2017 305 11  1 0800  -20.8  992.1    1.9  277.0   74.0  444.0
2017 305 11  1 0900  -20.0  991.7    1.6  247.0   78.0  444.0
2017 305 11  1 1000  -20.7  991.3    2.1  234.0   82.0  444.0
2017 305 11  1 1100  -22.1  991.2    1.3  203.0   86.0  444.0
2017 305 11  1 1200  -21.8  990.9    1.1  143.0   85.8  444.0
2017 305 11  1 1300  -22.4  990.3    3.3   84.0   88.0  444.0
2017 305 11  1 1400  -21.3  989.8    3.3   60.0   87.0  444.0
2017 305 11  1 1500  -25.4  989.3    2.8   49.0   82.0  444.0
2017 305 11  1 1600  -26.9  988.8    2.8   21.0   80.0  444.0
2017 305 11  1 1700  -26.6  988.2    3.4   40.0   77.9  444.0
2017 305 11  1 1800  -23.9  987.7    3.6   28.0   82.0  444.0
2017 305 11  1 1900  -21.8  987.3    3.5   25.0   83.0  444.0
2017 305 11  1 2000  -21.4  987.2    2.3   30.0   84.0  444.0
2017 305 11  1 2100  -19.8  986.8    1.6   33.0   85.0  444.0
2017 305 11  1 2200  -17.9  986.5    1.5    1.0   86.4  444.0
2017 305 11  1 2300  -16.3  986.3    1.6   63.0   85.0  444.0
2017 306 11  2 0000  -14.7  986.1    1.7   57.0   83.0  444.0
2017 306 11  2 0100  -14.3  985.9    1.3   72.0   82.0  444.0
2017 306 11  2 0200  -13.9  985.7    0.6  107.0   81.0  444.0
2017 306 11  2 0300  -13.7  985.4    1.5  183.0   85.0  444.0
2017 306 11  2 0400  -13.6  985.3    1.9  103.0   84.7  444.0
2017 306 11  2 0500  -13.7  985.7    1.7   92.0   85.0  444.0
2017 306 11  2 0600  -13.9  985.9    1.9  196.0   86.0  444.0
2017 306 11  2 0700  -14.0  986.3    1.7  193.0   86.0  444.0
2017 306 11  2 0800  -14.8  986.6    2.7  194.0   87.0  444.0
2017 306 11  2 0900  -15.0  986.8    2.8  169.0   87.0  444.0
2017 306 11  2 1000  -15.3  986.8    1.3   95.0   85.8  444.0
2017 306 11  2 1100  -16.7  987.1    2.4  147.0   92.0  444.0
2017 306 11  2 1200  -19.5  987.3    4.0  150.0   83.0  444.0
2017 306 11  2 1300  -22.1  987.4    2.8  133.0   79.0  444.0
2017 306 11  2 1400  -23.5  987.4    3.3  125.0   78.4  444.0
2017 306 11  2 1500  -23.7  987.5    2.4   93.0   79.5  444.0
2017 306 11  2 1600  -23.9  987.9    2.3  147.0   77.0  444.0
2017 306 11  2 1700  -23.9  987.9    1.4  146.0   79.0  444.0
2017 306 11  2 1800  -21.6  988.1    1.4  164.0   78.0  444.0
2017 306 11  2 1900  -21.2  988.4    4.2  180.0   76.0  444.0
2017 306 11  2 2000  -23.7  988.8    2.7  205.0   74.9  444.0
2017 306 11  2 2100  -23.4  988.9    3.2  203.0   76.0  444.0
2017 306 11  2 2200  -23.1  989.2    4.3  204.0   78.0  444.0
2017 306 11  2 2300  -24.2  989.5    5.7  181.0   76.0  444.0
2017 307 11  3 0000  -24.3  989.9    5.7  188.0   77.0  444.0
2017 307 11  3 0100  -23.9  989.8    6.7  176.0   75.0  444.0
2017 307 11  3 0200  -23.8  990.3    5.2  185.0   73.4  444.0
2017 307 11  3 0300  -23.7  990.4    5.7  190.0   73.0  444.0
2017 307 11  3 0400  -23.7  990.5    6.3  179.0   74.0  444.0
2017 307 11  3 0500  -23.9  990.6    5.7  187.0   74.0  444.0
2017 307 11  3 0600  -24.0  990.9    5.5  191.0   74.0  444.0
2017 307 11  3 0700  -24.6  991.1    5.6  188.0   74.5  444.0
2017 307 11  3 0800  -25.3  991.2    4.9  197.0   74.0  444.0
2017 307 11  3 0900  -26.3  991.4    5.1  206.0   75.0  444.0
2017 307 11  3 1000  -26.7  991.5    4.8  207.0   76.0  444.0
2017 307 11  3 1100  -26.9  991.9    4.6  197.0   76.0  444.0
2017 307 11  3 1200  -27.4  992.0    4.8  178.0   76.4  444.0
2017 307 11  3 1300  -27.6  992.1    4.8  205.0   77.0  444.0
2017 307 11  3 1400  -27.0  992.3    4.8  214.0   77.5  444.0
2017 307 11  3 1500  -26.1  992.4    5.4  208.0   78.0  444.0
2017 307 11  3 1600  -25.9  992.5    5.5  206.0   79.0  444.0
2017 307 11  3 1700  -25.5  992.8    5.0  198.0   78.8  444.0
2017 307 11  3 1800  -25.5  992.8    5.0  208.0   78.0  444.0
2017 307 11  3 1900  -24.9  993.0    4.9  197.0   78.7  444.0
2017 307 11  3 2000  -23.5  993.1    4.6  196.0   79.0  444.0
2017 307 11  3 2100  -23.4  993.2    4.4  205.0   78.0  444.0
2017 307 11  3 2200  -23.4  993.2    3.6  205.0   78.1  444.0
2017 307 11  3 2300  -23.7  993.0    4.6  209.0   78.0  444.0
2017 308 11  4 0000  -23.0  992.8    3.6  190.0   78.9  444.0
2017 308 11  4 0100  -22.4  992.5    2.8  181.0   78.0  444.0
2017 308 11  4 0200  -21.1  992.1    1.5  160.0   75.0  444.0
2017 308 11  4 0300  -21.2  991.8    2.2  198.0   77.0  444.0
2017 308 11  4 0400  -21.7  991.2    2.1  195.0   77.0  444.0
2017 308 11  4 0500  -21.7  990.8    2.0  187.0   76.5  444.0
2017 308 11  4 0600  -21.5  990.3    0.9  133.0   74.0  444.0
2017 308 11  4 0700  -22.6  989.9    2.0  199.0   76.9  444.0
2017 308 11  4 0800  -22.1  989.3    1.3  113.0   80.0  444.0
2017 308 11  4 0900  -22.6  989.0    1.9  121.0   82.0  444.0
2017 308 11  4 1000  -22.6  988.5    0.9  123.0   82.0  444.0
2017 308 11  4 1100  -22.9  987.9    2.1   70.0   84.0  444.0
2017 308 11  4 1200  -23.7  987.2    2.3   54.0   83.8  444.0
2017 308 11  4 1300  -22.8  986.7    1.8    9.0   83.0  444.0
2017 308 11  4 1400  -23.7  986.2    1.4    1.0   79.0  444.0
2017 308 11  4 1500  -25.0  985.5    2.4   16.0   81.2  444.0
2017 308 11  4 1600  -23.2  984.8    2.6   20.0   79.0  444.0
2017 308 11  4 1700  -23.9  984.4    2.5   28.0   81.4  444.0
2017 308 11  4 1800  -26.7  983.9    2.3   29.0   79.0  444.0
2017 308 11  4 1900  -26.7  983.6    2.7   10.0   79.0  444.0
2017 308 11  4 2000  -25.8  983.2    2.6  324.0   80.3  444.0
2017 308 11  4 2100  -25.2  982.8    1.6  220.0   79.0  444.0
2017 308 11  4 2200  -24.9  982.3    1.7  208.0   79.4  444.0
2017 308 11  4 2300  -24.1  982.1    1.0  246.0   83.0  444.0
2017 309 11  5 0000  -22.8  981.6    1.4  195.0   79.9  444.0
2017 309 11  5 0100  -23.8  981.1    4.5  187.0   77.6  444.0
2017 309 11  5 0200  -23.8  980.6    4.2  190.0   77.0  444.0
2017 309 11  5 0300  -24.0  979.7    3.0  204.0   77.3  444.0
2017 309 11  5 0400  -24.0  979.3    2.9  197.0   76.0  444.0
2017 309 11  5 0500  -24.5  978.8    2.4  202.0   76.2  444.0
2017 309 11  5 0600  -24.9  978.6    2.0  194.0   76.0  444.0
2017 309 11  5 0700  -25.2  978.2    1.2  220.0   74.0  444.0
2017 309 11  5 0800  -26.0  978.0    1.9  211.0   76.5  444.0
2017 309 11  5 0900  -26.5  977.9    1.8  170.0   78.0  444.0
2017 309 11  5 1000  -27.1  977.8    0.7  130.0   76.6  444.0
2017 309 11  5 1100  -28.0  977.7    1.9  160.0   78.0  444.0
2017 309 11  5 1200  -28.5  977.7    0.7  135.0   77.0  444.0
2017 309 11  5 1300  -29.3  977.6    2.5  135.0   77.4  444.0
2017 309 11  5 1400  -32.1  977.7    2.7  148.0   74.0  444.0
2017 309 11  5 1500  -32.3  977.9    2.0  160.0   73.3  444.0
2017 309 11  5 1600  -31.6  978.1    2.1  175.0   73.0  444.0
2017 309 11  5 1700  -32.7  978.5    2.5  208.0   74.0  444.0
2017 309 11  5 1800  -32.7  978.7    2.0  193.0   73.0  444.0
2017 309 11  5 1900  -31.7  979.1    2.0  179.0   73.0  444.0
2017 309 11  5 2000  -30.3  979.6    1.6  190.0   73.6  444.0
2017 309 11  5 2100  -28.7  979.8    1.3  192.0   74.0  444.0
2017 309 11  5 2200  -27.6  980.2    2.5  174.0   76.0  444.0
2017 309 11  5 2300  -26.8  980.6    2.7  190.0   76.6  444.0
2017 310 11  6 0000  -26.5  980.8    2.7  205.0   77.0  444.0
2017 310 11  6 0100  -25.7  980.9    2.7  205.0   76.7  444.0
2017 310 11  6 0200  -25.5  981.1    3.4  208.0   77.0  444.0
2017 310 11  6 0300  -25.0  981.1    3.8  203.0   78.0  444.0
2017 310 11  6 0400  -24.1  981.3    3.1  183.0   77.0  444.0
2017 310 11  6 0500  -23.6  981.6    2.2  221.0   77.0  444.0
2017 310 11  6 0600  -23.7  981.8    2.0  232.0   76.0  444.0
2017 310 11  6 0700  -23.9  982.0    1.8  224.0   74.0  444.0
2017 310 11  6 0800  444.0  982.1    0.9  282.0   77.0  444.0
2017 310 11  6 0900  444.0  982.3    1.2   17.0   77.0  444.0
2017 310 11  6 1000  -25.1  982.5    2.9  311.0   78.3  444.0
2017 310 11  6 1100  -23.2  982.5    3.5  326.0   73.2  444.0
2017 310 11  6 1200  -25.7  982.7    3.1  346.0   74.0  444.0
2017 310 11  6 1300  -25.6  982.7    2.9  353.0   70.5  444.0
2017 310 11  6 1400  -25.4  982.7    3.6  327.0   70.0  444.0
2017 310 11  6 1500  -26.2  983.0    2.8  293.0   80.0  444.0
2017 310 11  6 1600  -24.7  983.2    2.4  261.0   72.6  444.0
2017 310 11  6 1700  -23.8  983.4    2.2  266.0   74.0  444.0
2017 310 11  6 1800  -22.5  983.5    3.1  256.0   79.2  444.0
2017 310 11  6 1900  -23.4  983.6    3.8  293.0   78.0  444.0
2017 310 11  6 2000  -22.5  984.1    2.7  311.0   85.0  444.0
2017 310 11  6 2100  -20.1  984.4    2.6  328.0   84.8  444.0
2017 310 11  6 2200  -19.7  984.7    2.3  307.0   83.0  444.0
2017 310 11  6 2300  -19.9  985.1    2.3  241.0   82.2  444.0
2017 311 11  7 0000  444.0  985.2    0.7  228.0   75.0  444.0
2017 311 11  7 0100  -17.3  985.2    3.1  177.0   63.0  444.0
2017 311 11  7 0200  -21.2  985.7    5.4  152.0   74.0  444.0
2017 311 11  7 0300  -22.1  986.0    6.6  145.0   74.7  444.0
2017 311 11  7 0400  -22.8  985.9    5.4  148.0   74.5  444.0
2017 311 11  7 0500  -22.8  986.1    5.5  156.0   75.0  444.0
2017 311 11  7 0600  -23.7  986.2    4.9  159.0   75.1  444.0
2017 311 11  7 0700  -25.0  986.3    4.1  155.0   74.0  444.0
2017 311 11  7 0800  -25.4  986.2    3.8  166.0   74.7  444.0
2017 311 11  7 0900  -26.3  986.3    2.0  192.0   76.4  444.0
2017 311 11  7 1000  -27.7  986.1    2.2  194.0   76.0  444.0
2017 311 11  7 1100  -27.4  985.8    2.6  179.0   75.0  444.0
2017 311 11  7 1200  -28.7  985.5    1.7  156.0   77.0  444.0
2017 311 11  7 1300  -29.3  984.8    2.0  110.0   78.0  444.0
2017 311 11  7 1400  -29.7  984.5    1.9   80.0   77.6  444.0
2017 311 11  7 1500  -29.8  984.0    1.6   76.0   76.0  444.0
2017 311 11  7 1600  -30.8  983.2    2.3   75.0   74.0  444.0
2017 311 11  7 1700  -29.4  982.5    3.0   47.0   75.0  444.0
2017 311 11  7 1800  -29.5  981.9    3.3   27.0   74.0  444.0
2017 311 11  7 1900  -28.7  981.6    1.9   30.0   70.0  444.0
2017 311 11  7 2000  -27.6  981.2    2.8   46.0   70.0  444.0
2017 311 11  7 2100  -25.9  980.6    2.9   30.0   70.0  444.0
2017 311 11  7 2200  -23.6  980.1    2.7   47.0   74.0  444.0
2017 311 11  7 2300  -21.9  979.5    2.5   27.0   77.8  444.0
2017 312 11  8 0000  -21.1  978.9    2.6   32.0   79.0  444.0
2017 312 11  8 0100  -22.6  978.3    2.6   41.0   80.8  444.0
2017 312 11  8 0200  -21.9  977.7    2.7   36.0   79.0  444.0
2017 312 11  8 0300  -20.4  976.9    1.9   36.0   80.0  444.0
2017 312 11  8 0400  -19.5  976.3    2.4   55.0   79.3  444.0
2017 312 11  8 0500  -19.9  975.6    2.4   52.0   78.0  444.0
2017 312 11  8 0600  -20.0  975.1    2.0   47.0   80.2  444.0
2017 312 11  8 0700  -20.3  974.3    2.4   39.0   84.0  444.0
2017 312 11  8 0800  -19.8  973.6    2.8   22.0   88.0  444.0
2017 312 11  8 0900  -19.9  973.0    2.4    3.0   89.0  444.0
2017 312 11  8 1000  -21.3  972.1    2.3   20.0   88.0  444.0
2017 312 11  8 1100  -23.0  971.2    3.7  359.0   86.0  444.0
2017 312 11  8 1200  -24.9  970.4    1.5   18.0   81.0  444.0
2017 312 11  8 1300  -23.9  969.5    1.9   38.0   82.0  444.0
2017 312 11  8 1400  -23.2  968.7    4.3   10.0   82.6  444.0
2017 312 11  8 1500  -23.0  968.2    3.9  346.0   83.0  444.0
2017 312 11  8 1600  -21.6  967.5    3.1  346.0   85.0  444.0
2017 312 11  8 1700  -24.3  967.1    3.1   33.0   81.0  444.0
2017 312 11  8 1800  -22.1  966.9    3.4  357.0   83.0  444.0
2017 312 11  8 1900  -21.2  966.6    2.7    3.0   83.0  444.0
2017 312 11  8 2000  -19.8  966.5    2.9   22.0   84.0  444.0
2017 312 11  8 2100  -19.0  966.4    2.6  358.0   83.0  444.0
2017 312 11  8 2200  -17.3  966.4    2.7   16.0   80.0  444.0
2017 312 11  8 2300  -16.3  966.4    3.0   11.0   80.7  444.0
2017 313 11  9 0000  -15.3  966.5    2.5  359.0   80.0  444.0
2017 313 11  9 0100  -13.9  966.9    1.6  338.0   78.0  444.0
2017 313 11  9 0200  -16.1  967.0    1.9    2.0   74.0  444.0
2017 313 11  9 0300  -16.0  967.4    2.2  316.0   78.0  444.0
2017 313 11  9 0400  -18.3  967.9    2.6  245.0   79.9  444.0
2017 313 11  9 0500  -18.0  968.0    1.9  264.0   79.0  444.0
2017 313 11  9 0600  -18.2  968.7    2.4  234.0   81.0  444.0
2017 313 11  9 0700  -19.3  969.5    8.8  193.0   85.0  444.0
2017 313 11  9 0800  -18.3  969.7   12.4  188.0   85.0  444.0
2017 313 11  9 0900  -18.2  969.6   15.1  198.0   85.5  444.0
2017 313 11  9 1000  -19.0  970.2   13.1  202.0   84.0  444.0
2017 313 11  9 1100  -20.9  970.5   13.3  210.0   83.0  444.0
2017 313 11  9 1200  -21.7  971.0   13.0  212.0   82.7  444.0
2017 313 11  9 1300  -22.0  971.1   13.5  211.0   83.0  444.0
2017 313 11  9 1400  -22.8  971.3   12.6  203.0   82.0  444.0
2017 313 11  9 1500  -22.9  971.7   10.6  205.0   82.0  444.0
2017 313 11  9 1600  -23.6  972.4    7.6  213.0   80.0  444.0
2017 313 11  9 1700  -23.9  972.7    7.2  211.0   79.7  444.0
2017 313 11  9 1800  -23.8  972.9    8.1  197.0   79.0  444.0
2017 313 11  9 1900  -23.6  973.0    6.1  209.0   78.3  444.0
2017 313 11  9 2000  -23.3  973.1    6.3  195.0   78.0  444.0
2017 313 11  9 2100  -23.3  972.9    5.8  191.0   76.0  444.0
2017 313 11  9 2200  -22.6  972.6    5.4  173.0   75.0  444.0
2017 313 11  9 2300  -21.9  972.6    3.4  158.0   74.0  444.0
2017 314 11 10 0000  444.0  972.4    0.3  204.0   66.0  444.0
2017 314 11 10 0100  444.0  972.4    1.4  311.0   65.0  444.0
2017 314 11 10 0200  -20.5  972.2    2.2  289.0   68.0  444.0
2017 314 11 10 0300  -19.7  971.1    2.8  323.0   69.0  444.0
2017 314 11 10 0400  -18.9  970.7    3.4  335.0   67.0  444.0
2017 314 11 10 0500  -19.0  970.8    2.6  324.0   71.4  444.0
2017 314 11 10 0600  -17.8  970.4    4.2  305.0   80.0  444.0
2017 314 11 10 0700  -19.1  970.6    3.1  224.0   80.0  444.0
2017 314 11 10 0800  -19.6  970.4    1.2  286.0   75.0  444.0
2017 314 11 10 0900  -19.8  970.2    1.6  279.0   73.0  444.0
2017 314 11 10 1000  -20.2  970.3    0.8  268.0   75.0  444.0
2017 314 11 10 1100  -19.1  970.0    2.4  312.0   78.0  444.0
2017 314 11 10 1200  -20.6  969.9    2.3  298.0   78.0  444.0
2017 314 11 10 1300  -19.1  969.6    2.4  313.0   77.0  444.0
2017 314 11 10 1400  -19.0  969.2    3.3  320.0   81.0  444.0
2017 314 11 10 1500  -18.7  968.5    4.5  326.0   82.0  444.0
2017 314 11 10 1600  -17.5  968.1    5.6  312.0   87.0  444.0
2017 314 11 10 1700  -17.2  968.1    5.4  306.0   86.0  444.0
2017 314 11 10 1800  -16.9  968.0    5.2  295.0   86.0  444.0
2017 314 11 10 1900  -16.5  967.6    5.5  315.0   84.0  444.0
2017 314 11 10 2000  -16.1  967.6    4.9  294.0   76.0  444.0
2017 314 11 10 2100  -15.7  967.2    7.2  308.0   78.0  444.0
2017 314 11 10 2200  -15.6  967.3    5.2  302.0   82.4  444.0
2017 314 11 10 2300  -15.0  967.3    5.7  307.0   84.0  444.0
2017 315 11 11 0000  -13.3  967.2    4.1  297.0   76.0  444.0
2017 315 11 11 0100  -13.1  967.1    4.3  272.0   78.1  444.0
2017 315 11 11 0200  -12.6  967.0    8.0  206.0   81.0  444.0
2017 315 11 11 0300  -15.5  967.8    7.7  201.0   77.0  444.0
2017 315 11 11 0400  -18.0  968.2    7.4  188.0   76.0  444.0
2017 315 11 11 0500  -19.9  968.3    5.6  187.0   69.0  444.0
2017 315 11 11 0600  -20.4  968.5    3.1  172.0   70.0  444.0
2017 315 11 11 0700  -19.9  968.7    0.3  154.0   68.0  444.0
2017 315 11 11 0800  -20.0  968.5    0.2   87.0   67.0  444.0
2017 315 11 11 0900  -20.8  968.3    2.6  104.0   75.0  444.0
2017 315 11 11 1000  -21.0  967.8    3.7   80.0   79.0  444.0
2017 315 11 11 1100  -20.9  967.9    4.3   32.0   81.0  444.0
2017 315 11 11 1200  -20.9  967.7    4.7   42.0   79.9  444.0
2017 315 11 11 1300  -20.8  967.3    5.0   50.0   81.0  444.0
2017 315 11 11 1400  -20.5  967.8    3.5   89.0   82.0  444.0
2017 315 11 11 1500  -21.7  967.4    4.0   93.0   82.0  444.0
2017 315 11 11 1600  -22.8  967.3    2.9   60.0   81.0  444.0
2017 315 11 11 1700  -22.7  967.4    4.0   77.0   80.7  444.0
2017 315 11 11 1800  -23.0  968.2    3.7  149.0   80.0  444.0
2017 315 11 11 1900  -22.0  968.7    4.5  132.0   78.0  444.0
2017 315 11 11 2000  -21.7  969.6    4.7  149.0   78.0  444.0
2017 315 11 11 2100  -21.6  969.9    4.5  159.0   77.0  444.0
2017 315 11 11 2200  -21.3  970.2    4.7  167.0   76.1  444.0
2017 315 11 11 2300  -21.8  970.1    6.0  167.0   76.5  444.0
2017 316 11 12 0000  -21.8  970.1    5.1  151.0   76.0  444.0
2017 316 11 12 0100  -20.8  970.0    2.4  127.0   72.0  444.0
2017 316 11 12 0200  -20.3  970.0    1.3  104.0   67.9  444.0
2017 316 11 12 0300  -20.2  970.0    1.7  157.0   70.0  444.0
2017 316 11 12 0400  -20.3  969.4    2.0   70.0   68.0  444.0
2017 316 11 12 0500  -20.7  969.0    2.4   80.0   73.0  444.0
2017 316 11 12 0600  -20.8  968.3    4.6   58.0   76.0  444.0
2017 316 11 12 0700  -21.2  968.6    3.1  356.0   76.5  444.0
2017 316 11 12 0800  -22.1  968.8    2.0   35.0   78.0  444.0
2017 316 11 12 0900  -22.9  968.6    2.6    9.0   80.0  444.0
2017 316 11 12 1000  -23.7  968.5    2.9   28.0   80.0  444.0
2017 316 11 12 1100  -23.3  968.5    2.6   18.0   80.0  444.0
2017 316 11 12 1200  -21.8  968.5    2.8    3.0   83.0  444.0
2017 316 11 12 1300  -21.0  968.7    2.2   11.0   83.0  444.0
2017 316 11 12 1400  -20.6  969.0    2.1   16.0   83.0  444.0
2017 316 11 12 1500  -20.4  969.2    2.5   11.0   83.0  444.0
2017 316 11 12 1600  -20.3  969.7    1.7   30.0   82.3  444.0
2017 316 11 12 1700  -19.9  970.1    1.2   61.0   79.0  444.0
2017 316 11 12 1800  -21.1  970.7    2.5   72.0   79.0  444.0
2017 316 11 12 1900  -20.6  971.7    3.6  179.0   81.0  444.0
2017 316 11 12 2000  -20.9  972.6    7.4  148.0   75.0  444.0
2017 316 11 12 2100  -21.6  973.3    9.2  168.0   74.0  444.0
2017 316 11 12 2200  -22.5  973.7    8.8  154.0   74.0  444.0
2017 316 11 12 2300  -22.7  974.1    5.3  145.0   74.0  444.0
2017 317 11 13 0000  -21.9  974.1    5.8  154.0   72.3  444.0
2017 317 11 13 0100  -21.7  973.9    6.7  155.0   73.0  444.0
2017 317 11 13 0200  -21.8  973.9    5.4  149.0   73.0  444.0
2017 317 11 13 0300  -22.1  973.7    5.7  147.0   76.0  444.0
2017 317 11 13 0400  -21.7  973.6    5.1  134.0   74.0  444.0
2017 317 11 13 0500  -21.8  973.3    4.5  133.0   73.4  444.0
2017 317 11 13 0600  -22.0  973.2    2.6  124.0   72.0  444.0
2017 317 11 13 0700  -22.7  973.1    2.3  112.0   72.0  444.0
2017 317 11 13 0800  -23.5  972.9    1.7   64.0   72.0  444.0
2017 317 11 13 0900  -24.3  972.8    1.9   84.0   73.0  444.0
2017 317 11 13 1000  -24.9  972.7    1.9   47.0   75.0  444.0
2017 317 11 13 1100  -25.8  972.5    2.1   46.0   77.0  444.0
2017 317 11 13 1200  -25.5  972.4    2.4   56.0   78.0  444.0
2017 317 11 13 1300  -27.8  972.2    2.1  122.0   77.5  444.0
2017 317 11 13 1400  -27.8  972.0    3.4  113.0   78.0  444.0
2017 317 11 13 1500  -27.9  971.6    3.8   90.0   79.0  444.0
2017 317 11 13 1600  -27.8  971.6    3.4   81.0   76.0  444.0
2017 317 11 13 1700  -27.5  971.3    3.3   37.0   75.0  444.0
2017 317 11 13 1800  -26.8  971.2    2.8  350.0   73.0  444.0
2017 317 11 13 1900  -24.3  971.1    2.8  331.0   76.0  444.0
2017 317 11 13 2000  -22.3  971.0    3.0  309.0   82.0  444.0
2017 317 11 13 2100  -18.9  970.8    3.0  291.0   78.0  444.0
2017 317 11 13 2200  -19.7  970.6    1.6  317.0   75.0  444.0
2017 317 11 13 2300  -18.6  970.4    1.9  321.0   73.0  444.0
2017 318 11 14 0000  -16.9  970.1    2.5  311.0   74.8  444.0
2017 318 11 14 0100  -15.7  970.0    2.3  292.0   72.0  444.0
2017 318 11 14 0200  -16.2  969.9    3.0  276.0   76.0  444.0
2017 318 11 14 0300  -16.3  969.6    4.1  268.0   77.2  444.0
2017 318 11 14 0400  -16.4  969.2    4.8  264.0   79.0  444.0
2017 318 11 14 0500  -16.2  968.8    5.6  264.0   80.0  444.0
2017 318 11 14 0600  -16.5  968.5    5.6  269.0   81.0  444.0
2017 318 11 14 0700  -16.0  968.1    8.3  250.0   80.0  444.0
2017 318 11 14 0800  -16.9  968.0    6.8  247.0   79.5  444.0
2017 318 11 14 0900  -17.0  967.8    7.7  240.0   75.0  444.0
2017 318 11 14 1000  -17.2  967.9    7.1  231.0   78.1  444.0
2017 318 11 14 1100  -17.2  967.7    8.4  235.0   78.0  444.0
2017 318 11 14 1200  -17.0  967.4    9.4  246.0   78.0  444.0
2017 318 11 14 1300  -15.3  967.5   10.6  240.0   76.0  444.0
2017 318 11 14 1400  -13.5  967.4   11.3  232.0   76.0  444.0
2017 318 11 14 1500  -14.5  967.5    9.8  226.0   84.8  444.0
2017 318 11 14 1600  -13.6  968.0   11.9  223.0   85.6  444.0
2017 318 11 14 1700  -14.3  968.1    7.9  193.0   83.0  444.0
2017 318 11 14 1800  -14.0  967.4    7.6  226.0   83.0  444.0
2017 318 11 14 1900  -13.0  967.0    7.4  188.0   80.0  444.0
2017 318 11 14 2000  -11.2  966.8   12.7  225.0   74.4  444.0
2017 318 11 14 2100  -11.6  966.9   10.3  220.0   83.0  444.0
2017 318 11 14 2200  -11.8  966.7   12.8  218.0   85.8  444.0
2017 318 11 14 2300  -13.2  967.7   12.6  215.0   88.0  444.0
2017 319 11 15 0000  -15.7  968.8    9.7  198.0   82.0  444.0
2017 319 11 15 0100  -16.7  969.1   10.4  200.0   79.4  444.0
2017 319 11 15 0200  -16.5  969.5    9.6  208.0   83.0  444.0
2017 319 11 15 0300  -17.0  968.9   10.1  210.0   82.9  444.0
2017 319 11 15 0400  -16.1  967.9    8.8  227.0   86.0  444.0
2017 319 11 15 0500  -13.7  966.4    7.9  230.0   89.0  444.0
2017 319 11 15 0600  -10.1  965.4   12.4  229.0   91.6  444.0
2017 319 11 15 0700   -9.9  965.6    7.9  206.0   92.0  444.0
2017 319 11 15 0800  -14.6  966.2    4.9  120.0   87.3  444.0
2017 319 11 15 0900  -15.6  966.9    3.5  141.0   86.0  444.0
2017 319 11 15 1000  -16.2  967.1    2.5  147.0   84.0  444.0
2017 319 11 15 1100  -16.4  967.6    2.1  155.0   85.0  444.0
2017 319 11 15 1200  -16.3  968.2    2.6  175.0   85.0  444.0
2017 319 11 15 1300  -17.0  968.9    5.2  169.0   87.8  444.0
2017 319 11 15 1400  -17.2  969.3    6.6  187.0   85.0  444.0
2017 319 11 15 1500  -17.4  969.3    7.0  193.0   83.0  444.0
2017 319 11 15 1600  -17.9  969.2    6.0  200.0   85.0  444.0
2017 319 11 15 1700  -18.1  968.9    4.2  212.0   85.0  444.0
2017 319 11 15 1800  -17.5  968.6    3.6  211.0   83.7  444.0
2017 319 11 15 1900  -16.4  968.3    3.2  218.0   83.0  444.0
2017 319 11 15 2000  -15.0  967.6    2.8  166.0   81.0  444.0
2017 319 11 15 2100  -13.7  967.2    2.7  210.0   84.0  444.0
2017 319 11 15 2200  -11.7  967.1    7.6  212.0   88.0  444.0
2017 319 11 15 2300  -11.5  966.7    9.7  205.0   88.0  444.0
2017 320 11 16 0000  -11.6  967.2    7.8  202.0   86.8  444.0
2017 320 11 16 0100  -11.5  967.1    7.9  204.0   86.4  444.0
2017 320 11 16 0200  -11.8  967.1    8.5  202.0   87.0  444.0
2017 320 11 16 0300  -11.8  967.3    8.1  201.0   85.0  444.0
2017 320 11 16 0400  -12.1  967.4    8.3  201.0   86.9  444.0
2017 320 11 16 0500  -12.5  967.6    8.5  189.0   87.0  444.0
2017 320 11 16 0600  -12.9  968.2    7.3  186.0   88.0  444.0
2017 320 11 16 0700  -13.1  968.5    6.9  193.0   87.0  444.0
2017 320 11 16 0800  -13.4  968.7    6.4  202.0   90.0  444.0
2017 320 11 16 0900  -14.0  969.1    4.8  189.0   88.0  444.0
2017 320 11 16 1000  -14.9  969.5    5.0  182.0   90.0  444.0
2017 320 11 16 1100  -15.2  969.5    4.4  209.0   89.4  444.0
2017 320 11 16 1200  -15.2  969.4    4.3  208.0   90.0  444.0
2017 320 11 16 1300  -15.0  969.3    3.6  212.0   89.0  444.0
2017 320 11 16 1400  -14.9  969.2    4.2  210.0   89.0  444.0
2017 320 11 16 1500  -15.3  969.2    3.2  184.0   88.0  444.0
2017 320 11 16 1600  -16.1  969.4    2.7  153.0   84.7  444.0
2017 320 11 16 1700  -17.0  969.8    2.8  167.0   83.0  444.0
2017 320 11 16 1800  -17.9  970.2    3.1  151.0   85.0  444.0
2017 320 11 16 1900  -17.8  970.4    2.8  138.0   86.0  444.0
2017 320 11 16 2000  -15.5  970.9    2.9  214.0   86.0  444.0
2017 320 11 16 2100  -13.7  971.2    3.0  218.0   86.0  444.0
2017 320 11 16 2200  -13.9  971.6    6.5  215.0   84.1  444.0
2017 320 11 16 2300  -15.1  972.1    6.7  217.0   84.0  444.0
2017 321 11 17 0000  -14.9  972.7    6.3  218.0   85.0  444.0
2017 321 11 17 0100  -13.8  973.1    6.5  215.0   84.0  444.0
2017 321 11 17 0200  -13.6  973.5    5.8  210.0   82.9  444.0
2017 321 11 17 0300  -13.3  973.6    6.4  188.0   84.0  444.0
2017 321 11 17 0400  -13.1  973.8    7.0  195.0   85.0  444.0
2017 321 11 17 0500  -13.2  973.9    7.1  192.0   87.0  444.0
2017 321 11 17 0600  -12.8  973.9    3.7  186.0   86.0  444.0
2017 321 11 17 0700  -13.3  974.1    3.8  259.0   88.0  444.0
2017 321 11 17 0800  -14.5  974.2    5.3  235.0   87.0  444.0
2017 321 11 17 0900  -13.5  973.8    3.2  232.0   88.0  444.0
2017 321 11 17 1000  -12.6  973.5    3.7  243.0   85.0  444.0
2017 321 11 17 1100  -14.2  973.4    3.2  240.0   82.0  444.0
2017 321 11 17 1200  -16.0  973.1    4.5  245.0   81.0  444.0
2017 321 11 17 1300  -15.6  972.9    4.8  228.0   80.0  444.0
2017 321 11 17 1400  -17.2  972.7    4.9  232.0   82.0  444.0
2017 321 11 17 1500  -16.3  972.4    6.0  234.0   82.0  444.0
2017 321 11 17 1600  -15.2  972.7    7.9  223.0   85.0  444.0
2017 321 11 17 1700  -16.1  972.7    6.6  232.0   85.0  444.0
2017 321 11 17 1800  -14.0  972.8    6.4  228.0   84.9  444.0
2017 321 11 17 1900  -12.3  972.4    5.1  227.0   83.5  444.0
2017 321 11 17 2000  -10.1  972.1   11.4  218.0   82.0  444.0
2017 321 11 17 2100  -10.0  972.0   11.0  216.0   86.0  444.0
2017 321 11 17 2200  -10.0  972.1   10.3  217.0   83.0  444.0
2017 321 11 17 2300  -10.0  972.4    9.2  209.0   84.1  444.0
2017 322 11 18 0000  -10.4  972.4    7.3  210.0   84.0  444.0
2017 322 11 18 0100   -9.4  972.1    7.5  224.0   83.0  444.0
2017 322 11 18 0200   -8.8  971.7    7.0  239.0   80.0  444.0
2017 322 11 18 0300   -9.0  971.2    6.1  239.0   79.0  444.0
2017 322 11 18 0400   -7.2  970.5    9.5  253.0   70.0  444.0
2017 322 11 18 0500   -7.4  970.3    8.4  243.0   73.0  444.0
2017 322 11 18 0600   -8.0  970.3    8.4  218.0   76.3  444.0
2017 322 11 18 0700   -8.0  970.1    8.8  230.0   76.0  444.0
2017 322 11 18 0800   -8.0  969.8   10.0  227.0   76.0  444.0
2017 322 11 18 0900   -8.3  969.7    9.9  227.0   82.0  444.0
2017 322 11 18 1000   -9.0  970.0    8.1  226.0   87.0  444.0
2017 322 11 18 1100   -8.7  969.8    7.4  220.0   86.5  444.0
2017 322 11 18 1200   -9.1  969.5    6.7  251.0   89.0  444.0
2017 322 11 18 1300   -8.2  969.2    9.1  252.0   90.0  444.0
2017 322 11 18 1400   -7.7  968.8    9.6  253.0   87.0  444.0
2017 322 11 18 1500   -7.5  968.5    8.8  252.0   84.0  444.0
2017 322 11 18 1600   -7.2  968.4    9.7  250.0   82.7  444.0
2017 322 11 18 1700   -7.3  968.5   10.6  227.0   79.0  444.0
2017 322 11 18 1800   -7.7  968.2   12.7  219.0   83.0  444.0
2017 322 11 18 1900   -7.9  968.5   12.5  225.0   83.0  444.0
2017 322 11 18 2000   -7.7  968.1   12.3  228.0   87.0  444.0
2017 322 11 18 2100   -7.3  968.8   11.6  227.0   87.5  444.0
2017 322 11 18 2200   -7.3  969.4    8.6  237.0   89.0  444.0
2017 322 11 18 2300   -7.2  969.6   11.2  220.0   87.0  444.0
2017 323 11 19 0000   -7.1  969.7   11.3  221.0   86.0  444.0
2017 323 11 19 0100   -6.5  969.7   12.4  223.0   85.8  444.0
2017 323 11 19 0200   -6.3  969.7   10.7  227.0   83.6  444.0
2017 323 11 19 0300   -7.6  969.0   13.5  219.0   90.0  444.0
2017 323 11 19 0400   -7.5  969.5   13.0  220.0   91.1  444.0
2017 323 11 19 0500   -7.8  969.6    9.9  214.0   91.0  444.0
2017 323 11 19 0600   -8.3  969.9   12.4  220.0   91.0  444.0
2017 323 11 19 0700   -9.8  970.8    9.4  211.0   90.0  444.0
2017 323 11 19 0800  -11.6  971.3    9.7  207.0   86.0  444.0
2017 323 11 19 0900  -11.9  971.7    7.8  244.0   89.6  444.0
2017 323 11 19 1000  -10.5  971.3   10.1  247.0   92.0  444.0
2017 323 11 19 1100   -9.0  971.4   10.2  226.0   92.0  444.0
2017 323 11 19 1200   -8.8  971.2   10.6  223.0   92.0  444.0
2017 323 11 19 1300   -9.2  971.2   10.6  219.0   92.0  444.0
2017 323 11 19 1400   -9.6  971.4   10.9  223.0   92.1  444.0
2017 323 11 19 1500   -9.3  971.5    9.3  230.0   91.0  444.0
2017 323 11 19 1600   -9.4  971.5   10.6  217.0   92.0  444.0
2017 323 11 19 1700   -9.8  971.5   12.0  220.0   91.0  444.0
2017 323 11 19 1800  -10.1  972.2   11.0  217.0   90.0  444.0
2017 323 11 19 1900  -10.8  973.0    9.7  199.0   87.0  444.0
2017 323 11 19 2000  -11.0  973.4    8.6  202.0   86.0  444.0
2017 323 11 19 2100  -11.2  973.2    9.3  201.0   87.0  444.0
2017 323 11 19 2200  -11.3  973.4    9.5  204.0   87.0  444.0
2017 323 11 19 2300  -10.8  973.2   10.3  211.0   86.0  444.0
2017 324 11 20 0000  -10.6  973.4   11.0  208.0   88.5  444.0
2017 324 11 20 0100  -10.5  973.4   11.5  203.0   88.0  444.0
2017 324 11 20 0200  -10.7  973.4   11.0  207.0   89.4  444.0
2017 324 11 20 0300  -10.4  973.5   10.6  201.0   90.0  444.0
2017 324 11 20 0400  -10.1  974.2    9.4  192.0   90.0  444.0
2017 324 11 20 0500  -10.3  974.7    9.0  194.0   91.0  444.0
2017 324 11 20 0600  -10.4  975.0    9.1  189.0   91.5  444.0
2017 324 11 20 0700  -10.4  975.5    9.0  193.0   91.3  444.0
2017 324 11 20 0800  -10.8  975.7    8.5  194.0   91.0  444.0
2017 324 11 20 0900  -11.1  976.0    8.2  195.0   91.0  444.0
2017 324 11 20 1000  -11.8  976.2    8.2  197.0   90.0  444.0
2017 324 11 20 1100  -12.1  976.6    7.9  196.0   91.0  444.0
2017 324 11 20 1200  -12.3  976.7    7.5  198.0   90.4  444.0
2017 324 11 20 1300  -12.4  976.8    6.7  206.0   91.0  444.0
2017 324 11 20 1400  -12.5  976.6    7.1  207.0   90.0  444.0
2017 324 11 20 1500  -12.9  976.8    5.9  204.0   88.0  444.0
2017 324 11 20 1600  -13.6  976.6    5.4  206.0   89.0  444.0
2017 324 11 20 1700  -12.7  976.9    6.6  195.0   88.2  444.0
2017 324 11 20 1800  -12.5  977.0    6.7  207.0   88.0  444.0
2017 324 11 20 1900  -12.5  976.7    6.5  214.0   88.0  444.0
2017 324 11 20 2000  -12.2  976.5    6.5  221.0   88.0  444.0
2017 324 11 20 2100  -11.2  976.2    6.9  230.0   88.0  444.0
2017 324 11 20 2200  -10.9  976.0    7.6  213.0   87.9  444.0
2017 324 11 20 2300  -10.7  975.9    7.9  210.0   88.0  444.0
2017 325 11 21 0000  -10.2  975.5    7.2  214.0   86.1  444.0
2017 325 11 21 0100  -10.1  974.7    7.5  215.0   85.0  444.0
2017 325 11 21 0200   -9.9  974.4    7.4  227.0   85.0  444.0
2017 325 11 21 0300   -9.6  973.9    7.0  222.0   85.0  444.0
2017 325 11 21 0400   -9.5  973.6    6.4  219.0   84.0  444.0
2017 325 11 21 0500  -10.1  973.5    4.7  199.0   85.2  444.0
2017 325 11 21 0600  -10.9  973.0    4.1  212.0   86.0  444.0
2017 325 11 21 0700  -10.3  972.7    3.8  214.0   85.0  444.0
2017 325 11 21 0800  -10.7  972.1    3.5  215.0   87.0  444.0
2017 325 11 21 0900  -11.0  971.6    2.6  236.0   87.0  444.0
2017 325 11 21 1000  -12.0  971.1    2.0  238.0   87.6  444.0
2017 325 11 21 1100  -12.6  970.8    1.4  220.0   88.0  444.0
2017 325 11 21 1200  -12.8  970.5    2.0  248.0   86.0  444.0
2017 325 11 21 1300  -13.4  970.1    3.2  260.0   92.0  444.0
2017 325 11 21 1400  -15.8  969.8    3.3  238.0   89.0  444.0
2017 325 11 21 1500  -18.2  969.5    2.7  243.0   83.1  444.0
2017 325 11 21 1600  -18.9  969.1    2.7  232.0   80.0  444.0
2017 325 11 21 1700  -18.7  969.0    2.3  242.0   79.0  444.0
2017 325 11 21 1800  -18.7  968.9    2.4  244.0   81.0  444.0
2017 325 11 21 1900  -18.6  968.9    2.1  218.0   78.0  444.0
2017 325 11 21 2000  -16.3  968.8    2.1  200.0   81.3  444.0
2017 325 11 21 2100  -15.8  968.7    2.1  224.0   79.0  444.0
2017 325 11 21 2200  -14.8  968.8    3.1  215.0   82.0  444.0
2017 325 11 21 2300  -13.6  968.7    3.2  210.0   81.0  444.0
2017 326 11 22 0000  -12.1  968.7    2.8  193.0   81.0  444.0
2017 326 11 22 0100  -11.6  968.6    3.2  213.0   80.7  444.0
2017 326 11 22 0200  -11.2  968.6    3.9  216.0   78.0  444.0
2017 326 11 22 0300  -11.3  968.6    4.0  207.0   79.0  444.0
2017 326 11 22 0400  -11.6  968.5    3.7  212.0   80.0  444.0
2017 326 11 22 0500  -11.3  968.3    4.1  214.0   79.0  444.0
2017 326 11 22 0600  -12.0  968.4    3.7  213.0   79.0  444.0
2017 326 11 22 0700  -12.3  968.3    3.7  221.0   82.0  444.0
2017 326 11 22 0800  -12.2  968.2    4.6  236.0   80.0  444.0
2017 326 11 22 0900  -13.4  967.9    3.7  242.0   79.0  444.0
2017 326 11 22 1000  -14.6  967.4    3.2  256.0   77.0  444.0
2017 326 11 22 1100  -15.6  967.1    3.5  254.0   75.0  444.0
2017 326 11 22 1200  -17.9  966.8    3.7  257.0   77.0  444.0
2017 326 11 22 1300  -19.0  966.4    3.2  254.0   78.0  444.0
2017 326 11 22 1400  -18.7  966.0    2.6  253.0   81.0  444.0
2017 326 11 22 1500  -18.8  965.5    3.4  240.0   77.0  444.0
2017 326 11 22 1600  -17.9  965.2    5.2  247.0   73.0  444.0
2017 326 11 22 1700  -17.3  964.9    4.9  241.0   73.0  444.0
2017 326 11 22 1800  -16.0  964.4    4.6  243.0   76.8  444.0
2017 326 11 22 1900  -12.8  963.9    5.9  252.0   72.0  444.0
2017 326 11 22 2000  -10.6  963.7    6.9  243.0   71.0  444.0
2017 326 11 22 2100   -9.7  963.2    7.9  253.0   81.0  444.0
2017 326 11 22 2200   -8.8  962.7    9.0  265.0   87.1  444.0
2017 326 11 22 2300   -7.9  962.4    9.4  250.0   81.9  444.0
2017 327 11 23 0000   -7.7  962.1   10.5  253.0   90.0  444.0
2017 327 11 23 0100   -7.6  962.0    9.9  255.0   93.0  444.0
2017 327 11 23 0200   -7.3  961.7   10.0  254.0   93.0  444.0
2017 327 11 23 0300   -7.0  961.5   10.2  254.0   93.0  444.0
2017 327 11 23 0400   -6.9  961.6   10.6  243.0   93.0  444.0
2017 327 11 23 0500   -7.1  961.4   10.2  238.0   93.0  444.0
2017 327 11 23 0600   -7.0  961.1   10.0  229.0   93.4  444.0
2017 327 11 23 0700   -7.0  961.5    9.8  229.0   94.0  444.0
2017 327 11 23 0800   -6.8  961.6    9.3  219.0   94.0  444.0
2017 327 11 23 0900   -6.6  961.9    8.6  222.0   95.0  444.0
2017 327 11 23 1000   -6.6  962.2    6.5  236.0   94.0  444.0
2017 327 11 23 1100   -6.6  962.1    6.3  262.0   95.0  444.0
2017 327 11 23 1200   -6.8  961.9    4.7  269.0   91.0  444.0
2017 327 11 23 1300   -7.1  961.6    4.7  285.0   88.0  444.0
2017 327 11 23 1400   -8.7  961.6    9.9  244.0   92.0  444.0
2017 327 11 23 1500   -8.1  961.8    9.3  240.0   94.0  444.0
2017 327 11 23 1600   -6.8  961.7    8.2  250.0   94.0  444.0
2017 327 11 23 1700   -6.6  961.8    7.7  255.0   94.0  444.0
2017 327 11 23 1800   -6.0  961.8   11.3  226.0   95.0  444.0
2017 327 11 23 1900   -8.1  962.6    8.6  211.0   90.0  444.0
2017 327 11 23 2000   -9.5  962.8    7.1  220.0   90.0  444.0
2017 327 11 23 2100   -9.9  963.7    9.6  220.0   90.0  444.0
2017 327 11 23 2200  -10.9  964.8    8.7  213.0   88.0  444.0
2017 327 11 23 2300  -11.8  965.5    9.8  213.0   88.0  444.0
2017 328 11 24 0000  -12.4  966.3    8.8  198.0   87.0  444.0
2017 328 11 24 0100  -12.1  967.0    9.1  202.0   88.1  444.0
2017 328 11 24 0200  -12.3  967.5   10.7  191.0   88.0  444.0
2017 328 11 24 0300  -12.1  968.3   11.2  191.0   89.0  444.0
2017 328 11 24 0400  -12.0  969.0    9.6  189.0   88.1  444.0
2017 328 11 24 0500  -11.8  969.9   10.8  202.0   89.0  444.0
2017 328 11 24 0600  -11.9  971.0    8.6  201.0   85.0  444.0
2017 328 11 24 0700  -12.0  971.5    7.0  214.0   88.0  444.0
2017 328 11 24 0800  -12.3  971.9    9.8  210.0   87.0  444.0
2017 328 11 24 0900  -12.3  972.5    9.6  217.0   88.8  444.0
2017 328 11 24 1000  -12.1  973.4    9.5  217.0   89.0  444.0
2017 328 11 24 1100  -12.3  974.3    9.7  214.0   89.0  444.0
2017 328 11 24 1200  -12.3  974.9    9.6  215.0   90.0  444.0
2017 328 11 24 1300  -12.4  975.2   10.0  204.0   89.0  444.0
2017 328 11 24 1400  -12.4  975.7   10.1  201.0   89.0  444.0
2017 328 11 24 1500  -12.6  976.2    9.2  214.0   89.0  444.0
2017 328 11 24 1600  -12.4  977.0    8.0  217.0   90.0  444.0
2017 328 11 24 1700  -12.1  977.3    7.8  200.0   89.0  444.0
2017 328 11 24 1800  -12.8  978.0    4.5  218.0   86.0  444.0
2017 328 11 24 1900  -12.1  978.2    4.8  190.0   84.0  444.0
2017 328 11 24 2000  -10.7  978.4    4.5  209.0   85.4  444.0
2017 328 11 24 2100  -10.1  978.7    3.7  231.0   85.0  444.0
2017 328 11 24 2200   -9.2  978.9    4.2  253.0   86.0  444.0
2017 328 11 24 2300   -8.2  979.2    3.6  227.0   83.0  444.0
2017 329 11 25 0000   -7.2  978.8    1.2  176.0   75.0  444.0
2017 329 11 25 0100   -7.9  978.8    3.0  309.0   83.5  444.0
2017 329 11 25 0200   -7.5  978.4    2.4  332.0   77.0  444.0
2017 329 11 25 0300   -7.1  978.0    3.8  312.0   84.0  444.0
2017 329 11 25 0400   -7.5  977.5    6.1  320.0   87.0  444.0
2017 329 11 25 0500   -7.6  977.1    5.3  329.0   89.0  444.0
2017 329 11 25 0600   -7.7  976.5    6.0  346.0   91.0  444.0
2017 329 11 25 0700   -7.6  976.0    4.0   16.0   89.0  444.0
2017 329 11 25 0800   -7.7  975.4    3.8   23.0   88.5  444.0
2017 329 11 25 0900   -9.7  974.5    4.2   38.0   90.0  444.0
2017 329 11 25 1000  -10.8  973.9    5.2   40.0   91.0  444.0
2017 329 11 25 1100  -11.9  973.6    4.3   45.0   92.0  444.0
2017 329 11 25 1200  -13.1  973.2    3.2   76.0   92.0  444.0
2017 329 11 25 1300  -14.0  972.8    3.7  102.0   91.1  444.0
2017 329 11 25 1400  -13.7  972.6    3.6  115.0   94.0  444.0
2017 329 11 25 1500  -11.2  972.5    5.0  126.0   92.0  444.0
2017 329 11 25 1600  -11.1  972.2    6.2  142.0   92.5  444.0
2017 329 11 25 1700   -8.1  972.2    8.2  144.0   94.0  444.0
2017 329 11 25 1800   -8.6  972.6    7.2  138.0   90.6  444.0
2017 329 11 25 1900   -9.0  972.7    5.3  127.0   85.0  444.0
2017 329 11 25 2000   -9.6  972.8    5.6  133.0   77.0  444.0
2017 329 11 25 2100   -9.9  972.9    5.4  144.0   75.0  444.0
2017 329 11 25 2200  -10.5  972.8    5.4  170.0   74.2  444.0
2017 329 11 25 2300  -10.6  972.9    5.7  174.0   76.9  444.0
2017 330 11 26 0000  -10.4  972.7    6.5  170.0   77.0  444.0
2017 330 11 26 0100  -10.3  972.6    6.9  176.0   77.0  444.0
2017 330 11 26 0200  -10.7  972.5    4.8  201.0   81.0  444.0
2017 330 11 26 0300  -11.0  972.3    4.9  213.0   80.0  444.0
2017 330 11 26 0400  -11.4  972.0    4.8  221.0   80.3  444.0
2017 330 11 26 0500  -11.4  971.8    5.1  227.0   81.0  444.0
2017 330 11 26 0600  -11.6  971.6    4.8  225.0   80.0  444.0
2017 330 11 26 0700  -11.9  971.6    4.8  211.0   80.0  444.0
2017 330 11 26 0800  -12.5  971.5    6.0  212.0   82.0  444.0
2017 330 11 26 0900  -14.2  971.6    5.1  213.0   85.0  444.0
2017 330 11 26 1000  -14.9  971.4    5.5  210.0   87.0  444.0
2017 330 11 26 1100  -15.0  971.1    7.1  204.0   89.0  444.0
2017 330 11 26 1200  -15.6  971.3    8.9  204.0   88.0  444.0
2017 330 11 26 1300  -16.8  971.7    5.3  203.0   86.0  444.0
2017 330 11 26 1400  -13.9  971.9    6.6  186.0   90.2  444.0
2017 330 11 26 1500  -12.8  972.2    4.5  193.0   89.0  444.0
2017 330 11 26 1600  -14.1  972.2    5.5  225.0   89.0  444.0
2017 330 11 26 1700  -13.4  972.3    4.9  221.0   89.0  444.0
2017 330 11 26 1800  -13.0  972.3    4.8  215.0   88.0  444.0
2017 330 11 26 1900  -13.5  972.3    4.4  206.0   86.0  444.0
2017 330 11 26 2000  -14.2  972.3    3.7  214.0   84.7  444.0
2017 330 11 26 2100  -14.2  972.2    4.0  218.0   85.0  444.0
2017 330 11 26 2200  -13.5  972.3    3.6  222.0   85.0  444.0
2017 330 11 26 2300  -12.6  972.3    2.3  236.0   81.0  444.0
2017 331 11 27 0000  -11.0  971.8    1.5  291.0   76.0  444.0
2017 331 11 27 0100  -10.5  971.4    4.9  315.0   81.0  444.0
2017 331 11 27 0200   -8.9  970.9    2.5  293.0   79.0  444.0
2017 331 11 27 0300   -8.5  970.7    3.9  237.0   75.0  444.0
2017 331 11 27 0400   -7.5  970.6    7.3  232.0   71.7  444.0
2017 331 11 27 0500   -7.8  970.4    7.3  231.0   75.0  444.0
2017 331 11 27 0600   -7.9  970.6    6.8  227.0   79.0  444.0
2017 331 11 27 0700   -7.6  970.2    8.1  225.0   72.0  444.0
2017 331 11 27 0800   -8.1  970.2    9.0  224.0   78.0  444.0
2017 331 11 27 0900  -10.7  970.4    7.9  215.0   85.2  444.0
2017 331 11 27 1000  -12.6  970.7    8.1  216.0   87.0  444.0
2017 331 11 27 1100  -13.9  970.8    5.7  212.0   87.0  444.0
2017 331 11 27 1200  -15.1  971.1    6.9  214.0   87.0  444.0
2017 331 11 27 1300  -16.2  971.3    6.9  206.0   87.0  444.0
2017 331 11 27 1400  -16.8  971.6    7.6  209.0   86.0  444.0
2017 331 11 27 1500  -18.7  972.0    8.1  210.0   84.0  444.0
2017 331 11 27 1600  -17.7  972.3   10.6  205.0   87.0  444.0
2017 331 11 27 1700  -18.3  972.3    6.5  190.0   83.7  444.0
2017 331 11 27 1800  -18.5  972.7    5.2  219.0   83.0  444.0
2017 331 11 27 1900  -17.5  972.6    6.4  204.0   85.0  444.0
2017 331 11 27 2000  -16.6  972.7    6.9  205.0   84.0  444.0
2017 331 11 27 2100  -16.3  972.8    8.4  199.0   84.0  444.0
2017 331 11 27 2200  -16.1  973.1    9.7  196.0   80.9  444.0
2017 331 11 27 2300  -15.8  973.5    9.9  205.0   85.0  444.0
2017 332 11 28 0000  -14.9  973.2   10.3  212.0   83.0  444.0
2017 332 11 28 0100  -15.1  973.2    9.5  213.0   82.0  444.0
2017 332 11 28 0200  -14.5  972.5    9.1  216.0   84.0  444.0
2017 332 11 28 0300  -13.2  972.5    9.6  205.0   83.0  444.0
2017 332 11 28 0400  -12.8  972.6    9.1  201.0   83.1  444.0
2017 332 11 28 0500  -12.6  972.6    7.9  199.0   84.0  444.0
2017 332 11 28 0600  -12.6  972.6    7.9  193.0   84.0  444.0
2017 332 11 28 0700  -13.1  973.1    6.4  195.0   84.3  444.0
2017 332 11 28 0800  -13.8  973.5    6.2  212.0   85.0  444.0
2017 332 11 28 0900  -14.4  973.9    5.8  211.0   85.0  444.0
2017 332 11 28 1000  -15.8  974.3    4.5  205.0   85.0  444.0
2017 332 11 28 1100  -16.4  974.4    4.6  205.0   85.0  444.0
2017 332 11 28 1200  -17.1  974.4    4.0  197.0   84.7  444.0
2017 332 11 28 1300  -17.6  974.7    5.3  199.0   86.0  444.0
2017 332 11 28 1400  -18.2  974.5    3.7  187.0   84.0  444.0
2017 332 11 28 1500  -18.6  974.4    3.9  190.0   85.0  444.0
2017 332 11 28 1600  -18.2  974.2    3.4  161.0   84.0  444.0
2017 332 11 28 1700  -18.4  974.3    3.0  183.0   82.3  444.0
2017 332 11 28 1800  -17.6  974.3    2.6  187.0   82.0  444.0
2017 332 11 28 1900  -16.8  974.1    2.3  188.0   81.0  444.0
2017 332 11 28 2000  -16.8  974.3    3.1  254.0   83.0  444.0
2017 332 11 28 2100  -15.6  974.1    3.6  243.0   84.0  444.0
2017 332 11 28 2200  -14.4  973.9    3.5  225.0   82.4  444.0
2017 332 11 28 2300  -12.6  973.5    5.7  206.0   79.0  444.0
2017 333 11 29 0000  -11.2  973.3    6.5  209.0   76.0  444.0
2017 333 11 29 0100  -10.2  973.0    6.7  204.0   76.0  444.0
2017 333 11 29 0200  -10.2  972.8    7.1  214.0   77.6  444.0
2017 333 11 29 0300   -9.9  973.0    6.2  208.0   81.2  444.0
2017 333 11 29 0400  -10.4  973.2    7.1  203.0   83.0  444.0
2017 333 11 29 0500  -10.6  973.5    6.6  201.0   83.7  444.0
2017 333 11 29 0600  -10.8  973.7    5.6  202.0   84.0  444.0
2017 333 11 29 0700  -11.2  973.9    5.0  207.0   83.3  444.0
2017 333 11 29 0800  -11.8  974.2    4.5  222.0   83.0  444.0
2017 333 11 29 0900  -12.1  974.3    4.7  212.0   81.0  444.0
2017 333 11 29 1000  -14.4  974.2    3.9  219.0   82.4  444.0
2017 333 11 29 1100  -14.5  974.4    4.2  209.0   80.0  444.0
2017 333 11 29 1200  -15.6  974.8    4.2  221.0   80.0  444.0
2017 333 11 29 1300  -14.9  974.9    6.1  211.0   81.0  444.0
2017 333 11 29 1400  -15.7  975.3    4.9  216.0   81.0  444.0
2017 333 11 29 1500  -15.9  975.4    5.1  210.0   80.9  444.0
2017 333 11 29 1600  -16.4  975.7    4.6  219.0   81.0  444.0
2017 333 11 29 1700  -15.3  976.0    5.4  210.0   79.0  444.0
2017 333 11 29 1800  -14.9  976.2    5.7  204.0   79.0  444.0
2017 333 11 29 1900  -14.0  976.5    6.1  197.0   80.3  444.0
2017 333 11 29 2000  -13.7  977.1    4.7  227.0   79.7  444.0
2017 333 11 29 2100  -11.9  977.4    6.8  205.0   81.0  444.0
2017 333 11 29 2200  -11.2  977.9    5.9  215.0   80.0  444.0
2017 333 11 29 2300  -10.6  978.3    6.8  202.0   81.0  444.0
2017 334 11 30 0000   -9.0  978.5    6.9  205.0   77.4  444.0
2017 334 11 30 0100   -8.0  978.6    9.8  207.0   71.0  444.0
2017 334 11 30 0200   -7.6  978.9    9.3  204.0   72.0  444.0
2017 334 11 30 0300   -7.9  979.0   10.2  206.0   76.1  444.0
2017 334 11 30 0400   -7.7  979.4    9.6  207.0   73.0  444.0
2017 334 11 30 0500   -7.8  979.9    7.4  217.0   76.8  444.0
2017 334 11 30 0600   -7.9  980.3    8.0  203.0   75.0  444.0
2017 334 11 30 0700   -8.7  980.7    7.3  202.0   79.0  444.0
2017 334 11 30 0800   -9.6  981.0    7.4  198.0   81.6  444.0
2017 334 11 30 0900  -10.7  981.2    6.6  213.0   83.0  444.0
2017 334 11 30 1000  -12.0  981.4    5.8  222.0   84.7  444.0
2017 334 11 30 1100  -13.0  981.8    5.5  213.0   85.0  444.0
2017 334 11 30 1200  -12.9  982.1    6.7  200.0   85.0  444.0
2017 334 11 30 1300  -13.5  982.2    6.0  218.0   85.0  444.0
2017 334 11 30 1400  -15.1  982.1    5.6  209.0   85.0  444.0
2017 334 11 30 1500  -15.6  982.5    4.1  227.0   84.0  444.0
2017 334 11 30 1600  -15.7  982.5    4.6  224.0   85.0  444.0
2017 334 11 30 1700  -15.2  982.6    4.4  215.0   83.0  444.0
2017 334 11 30 1800  -13.4  982.6    5.7  204.0   81.9  444.0
2017 334 11 30 1900  -11.8  982.6    7.1  190.0   79.0  444.0
2017 334 11 30 2000  -11.3  982.8    6.5  189.0   77.0  444.0
2017 334 11 30 2100  -10.5  983.0    5.9  205.0   77.8  444.0
2017 334 11 30 2200  -10.6  982.9    4.9  211.0   78.2  444.0
2017 334 11 30 2300  -10.4  982.8    7.2  205.0   80.0  444.0
