Year: 2020  Month: 06  ID: FER  ARGOS:  8947  Name: Ferrell             
Lat: 77.83S  Lon: 170.83E  Elev:   45m
2020 153  6  1 0000  -18.7  958.7  444.0  444.0   87.0  444.0
2020 153  6  1 0100  -18.3  958.0  444.0  444.0   86.9  444.0
2020 153  6  1 0200  -16.6  957.5  444.0  444.0   88.0  444.0
2020 153  6  1 0300  -17.9  957.0  444.0  444.0   88.0  444.0
2020 153  6  1 0400  -17.8  957.3  444.0  444.0   87.5  444.0
2020 153  6  1 0500  -17.1  957.3  444.0  444.0   88.0  444.0
2020 153  6  1 0600  -17.5  957.9  444.0  444.0   88.5  444.0
2020 153  6  1 0700  -14.9  958.0    8.3  240.0   90.0  444.0
2020 153  6  1 0800  -15.6  958.8    6.1  207.0   89.0  444.0
2020 153  6  1 0900  -17.0  959.6    9.9  208.0   88.0  444.0
2020 153  6  1 1000  -16.9  960.6   12.2  200.0   88.0  444.0
2020 153  6  1 1100  -17.4  962.7    9.9  216.0   88.3  444.0
2020 153  6  1 1200  -18.3  964.0   15.0  204.0   87.0  444.0
2020 153  6  1 1300  -19.6  965.4   18.1  203.0   86.0  444.0
2020 153  6  1 1400  -21.6  967.8   14.6  211.0   84.0  444.0
2020 153  6  1 1500  -24.0  970.9   15.5  206.0   82.0  444.0
2020 153  6  1 1600  -23.1  972.5   16.0  205.0   81.9  444.0
2020 153  6  1 1700  -21.4  973.3   14.3  207.0   84.0  444.0
2020 153  6  1 1800  -21.6  972.8   16.0  206.0   84.0  444.0
2020 153  6  1 1900  -21.9  974.1   15.2  194.0   84.0  444.0
2020 153  6  1 2000  -21.3  974.7   13.7  205.0   84.0  444.0
2020 153  6  1 2100  -21.2  975.5   13.3  212.0   84.4  444.0
2020 153  6  1 2200  -21.1  976.1   12.1  215.0   84.0  444.0
2020 153  6  1 2300  -20.8  976.9    7.5  242.0   84.8  444.0
2020 154  6  2 0000  -20.4  977.0    9.0  226.0   85.0  444.0
2020 154  6  2 0100  -20.6  977.3    8.3  238.0   85.0  444.0
2020 154  6  2 0200  -21.2  977.4    8.8  255.0   83.8  444.0
2020 154  6  2 0300  -21.2  977.2   10.9  224.0   84.0  444.0
2020 154  6  2 0400  -21.4  977.4   11.1  232.0   84.1  444.0
2020 154  6  2 0500  -22.0  977.2   11.4  216.0   83.2  444.0
2020 154  6  2 0600  -22.9  977.4    9.9  209.0   83.0  444.0
2020 154  6  2 0700  -23.6  978.1    9.6  210.0   82.0  444.0
2020 154  6  2 0800  -23.5  978.5    9.3  205.0   82.0  444.0
2020 154  6  2 0900  -22.9  979.0    6.1  212.0   82.9  444.0
2020 154  6  2 1000  -22.6  979.1    6.1  206.0   83.0  444.0
2020 154  6  2 1100  -22.8  979.1    6.5  202.0   83.0  444.0
2020 154  6  2 1200  -23.5  979.2    5.9  203.0   82.0  444.0
2020 154  6  2 1300  -23.9  979.0    0.8  212.0   82.0  444.0
2020 154  6  2 1400  -26.2  978.9  444.0  444.0   79.6  444.0
2020 154  6  2 1500  -26.4  978.9  444.0  444.0   79.0  444.0
2020 154  6  2 1600  -28.6  978.6  444.0  444.0   77.0  444.0
2020 154  6  2 1700  -27.6  978.2  444.0  444.0   78.0  444.0
2020 154  6  2 1800  -30.8  978.2  444.0  444.0   75.0  444.0
2020 154  6  2 1900  -29.0  977.9  444.0  444.0   76.8  444.0
2020 154  6  2 2000  -30.6  977.7  444.0  444.0   75.0  444.0
2020 154  6  2 2100  -28.9  977.8  444.0  444.0   77.0  444.0
2020 154  6  2 2200  -27.0  977.4  444.0  444.0   79.0  444.0
2020 154  6  2 2300  -26.0  977.5  444.0  444.0   79.5  444.0
2020 155  6  3 0000  -27.5  977.5  444.0  444.0   78.3  444.0
2020 155  6  3 0100  -26.9  977.6  444.0  444.0   79.0  444.0
2020 155  6  3 0200  -28.3  977.5  444.0  444.0   77.6  444.0
2020 155  6  3 0300  -28.7  977.6  444.0  444.0   77.0  444.0
2020 155  6  3 0400  -26.0  977.5  444.0  444.0   80.0  444.0
2020 155  6  3 0500  -23.9  977.6  444.0  444.0   81.6  444.0
2020 155  6  3 0600  -25.7  977.9  444.0  444.0   80.0  444.0
2020 155  6  3 0700  -26.7  978.0  444.0  444.0   78.9  444.0
2020 155  6  3 0800  -27.1  977.9  444.0  444.0   79.0  444.0
2020 155  6  3 0900  -26.7  978.3  444.0  444.0   79.0  444.0
2020 155  6  3 1000  -25.3  978.8  444.0  444.0   80.0  444.0
2020 155  6  3 1100  -26.7  979.2  444.0  444.0   79.0  444.0
2020 155  6  3 1200  -25.3  979.3  444.0  444.0   80.5  444.0
2020 155  6  3 1300  -23.4  979.5  444.0  444.0   82.0  444.0
2020 155  6  3 1400  -24.4  979.9  444.0  444.0   81.0  444.0
2020 155  6  3 1500  -24.3  980.5  444.0  444.0   81.0  444.0
2020 155  6  3 1600  -23.6  980.6  444.0  444.0   82.0  444.0
2020 155  6  3 1700  -23.0  981.3  444.0  444.0   82.0  444.0
2020 155  6  3 1800  -25.1  982.1  444.0  444.0   81.0  444.0
2020 155  6  3 1900  -25.4  982.4  444.0  444.0   80.0  444.0
2020 155  6  3 2000  -24.9  982.8  444.0  444.0   80.0  444.0
2020 155  6  3 2100  -26.5  983.1  444.0  444.0   79.0  444.0
2020 155  6  3 2200  -27.1  983.4  444.0  444.0   78.7  444.0
2020 155  6  3 2300  -29.1  983.7  444.0  444.0   76.0  444.0
2020 156  6  4 0000  -30.0  983.8  444.0  444.0   76.0  444.0
2020 156  6  4 0100  -30.1  984.1  444.0  444.0   76.0  444.0
2020 156  6  4 0200  -30.8  984.1  444.0  444.0   75.0  444.0
2020 156  6  4 0300  -29.0  984.5  444.0  444.0   76.6  444.0
2020 156  6  4 0400  -29.3  984.4  444.0  444.0   76.0  444.0
2020 156  6  4 0500  -30.5  984.6  444.0  444.0   75.1  444.0
2020 156  6  4 0600  -31.8  984.7  444.0  444.0   74.0  444.0
2020 156  6  4 0700  -29.1  984.5  444.0  444.0   77.0  444.0
2020 156  6  4 0800  -30.3  984.2  444.0  444.0   75.0  444.0
2020 156  6  4 0900  -31.3  984.4  444.0  444.0   74.0  444.0
2020 156  6  4 1000  -31.2  984.5  444.0  444.0   74.3  444.0
2020 156  6  4 1100  -30.3  984.3  444.0  444.0   75.0  444.0
2020 156  6  4 1200  -29.9  984.1  444.0  444.0   76.0  444.0
2020 156  6  4 1300  -31.4  983.7  444.0  444.0   74.0  444.0
2020 156  6  4 1400  -32.6  983.8  444.0  444.0   72.0  444.0
2020 156  6  4 1500  -32.6  983.3  444.0  444.0   72.8  444.0
2020 156  6  4 1600  -32.5  982.8  444.0  444.0   73.0  444.0
2020 156  6  4 1700  -32.4  982.3  444.0  444.0   73.0  444.0
2020 156  6  4 1800  -32.8  981.6  444.0  444.0   73.0  444.0
2020 156  6  4 1900  -33.7  980.7  444.0  444.0   72.0  444.0
2020 156  6  4 2000  -33.8  980.2  444.0  444.0   71.7  444.0
2020 156  6  4 2100  -34.8  979.8  444.0  444.0   71.0  444.0
2020 156  6  4 2200  -34.8  979.4  444.0  444.0   70.0  444.0
2020 156  6  4 2300  -33.4  978.8  444.0  444.0   72.0  444.0
2020 157  6  5 0000  -32.7  977.9  444.0  444.0   73.0  444.0
2020 157  6  5 0100  -31.0  977.3  444.0  444.0   74.2  444.0
2020 157  6  5 0200  -32.3  976.7  444.0  444.0   73.0  444.0
2020 157  6  5 0300  -33.5  975.7  444.0  444.0   71.8  444.0
2020 157  6  5 0400  -32.5  975.1  444.0  444.0   73.0  444.0
2020 157  6  5 0500  -31.1  974.2  444.0  444.0   74.0  444.0
2020 157  6  5 0600  -32.5  973.6  444.0  444.0   73.0  444.0
2020 157  6  5 0700  -29.0  973.2  444.0  444.0   76.0  444.0
2020 157  6  5 0800  -27.5  972.8  444.0  444.0   77.8  444.0
2020 157  6  5 0900  -27.1  972.3  444.0  444.0   78.2  444.0
2020 157  6  5 1000  -26.4  971.6  444.0  444.0   79.0  444.0
2020 157  6  5 1100  -27.6  971.1  444.0  444.0   78.0  444.0
2020 157  6  5 1200  -28.8  970.4  444.0  444.0   77.0  444.0
2020 157  6  5 1300  -29.2  969.7  444.0  444.0   76.3  444.0
2020 157  6  5 1400  -27.2  969.0  444.0  444.0   78.0  444.0
2020 157  6  5 1500  -26.6  968.6  444.0  444.0   79.0  444.0
2020 157  6  5 1600  -26.3  968.2  444.0  444.0   79.0  444.0
2020 157  6  5 1700  -28.2  967.7  444.0  444.0   77.0  444.0
2020 157  6  5 1800  -28.7  966.9  444.0  444.0   77.0  444.0
2020 157  6  5 1900  -29.5  966.5  444.0  444.0   76.0  444.0
2020 157  6  5 2000  -29.5  966.2  444.0  444.0   76.0  444.0
2020 157  6  5 2100  -28.0  965.2  444.0  444.0   77.0  444.0
2020 157  6  5 2200  -26.7  965.5  444.0  444.0   78.8  444.0
2020 157  6  5 2300  -26.9  965.5  444.0  444.0   78.7  444.0
2020 158  6  6 0000  -27.0  965.4  444.0  444.0   79.0  444.0
2020 158  6  6 0100  -27.7  965.6  444.0  444.0   78.0  444.0
2020 158  6  6 0200  -33.0  966.4    8.9  190.0   72.0  444.0
2020 158  6  6 0300  -34.8  967.6    9.6  189.0   71.0  444.0
2020 158  6  6 0400  -34.2  967.7    9.5  192.0   71.0  444.0
2020 158  6  6 0500  -34.8  967.7    9.2  189.0   71.0  444.0
2020 158  6  6 0600  -34.3  967.6   11.0  196.0   71.0  444.0
2020 158  6  6 0700  -34.6  967.5   12.0  189.0   70.7  444.0
2020 158  6  6 0800  -35.3  967.9   11.9  193.0   70.0  444.0
2020 158  6  6 0900  -34.8  968.5   10.1  198.0   71.0  444.0
2020 158  6  6 1000  -33.3  968.5    9.6  210.0   72.0  444.0
2020 158  6  6 1100  -33.7  968.0    5.4  208.0   72.0  444.0
2020 158  6  6 1200  -31.8  967.0    4.1  207.0   74.0  444.0
2020 158  6  6 1300  -32.9  967.2    5.0  205.0   72.0  444.0
2020 158  6  6 1400  -33.2  966.8    8.1  215.0   72.0  444.0
2020 158  6  6 1500  -33.8  966.8    9.0  218.0   72.0  444.0
2020 158  6  6 1600  -33.7  966.6    7.9  204.0   72.0  444.0
2020 158  6  6 1700  -34.0  966.8    7.5  221.0   72.0  444.0
2020 158  6  6 1800  -31.0  966.8   10.5  217.0   75.0  444.0
2020 158  6  6 1900  -29.3  965.7    8.6  209.0   76.0  444.0
2020 158  6  6 2000  -28.7  965.6    7.0  201.0   76.0  444.0
2020 158  6  6 2100  -28.4  965.9    7.5  210.0   77.0  444.0
2020 158  6  6 2200  -34.1  968.2   10.8  196.0   71.0  444.0
2020 158  6  6 2300  -37.2  969.7   10.8  203.0   68.0  444.0
2020 159  6  7 0000  -39.8  971.1   11.2  203.0   65.0  444.0
2020 159  6  7 0100  -42.7  971.3   12.5  210.0   62.7  444.0
2020 159  6  7 0200  -40.8  971.6   13.5  189.0   64.0  444.0
2020 159  6  7 0300  -39.2  971.7   13.3  194.0   66.0  444.0
2020 159  6  7 0400  -37.4  971.8   15.2  197.0   68.0  444.0
2020 159  6  7 0500  -36.1  972.8   11.9  193.0   69.5  444.0
2020 159  6  7 0600  -35.2  973.4   14.4  186.0   70.0  444.0
2020 159  6  7 0700  -35.5  974.1   13.3  190.0   70.0  444.0
2020 159  6  7 0800  -34.7  974.2   13.1  179.0   70.0  444.0
2020 159  6  7 0900  -35.4  974.3   12.9  172.0   70.0  444.0
2020 159  6  7 1000  -35.2  975.5    9.5  180.0   70.0  444.0
2020 159  6  7 1100  -35.4  976.7    7.9  196.0   70.0  444.0
2020 159  6  7 1200  -36.3  976.8    9.9  198.0   69.0  444.0
2020 159  6  7 1300  -36.8  976.8   11.5  177.0   68.0  444.0
2020 159  6  7 1400  -36.1  977.2   11.0  182.0   69.0  444.0
2020 159  6  7 1500  -36.1  977.2   11.4  185.0   69.0  444.0
2020 159  6  7 1600  -35.7  977.6   11.1  185.0   69.0  444.0
2020 159  6  7 1700  -35.3  977.5   11.6  184.0   69.0  444.0
2020 159  6  7 1800  -35.8  978.1   11.6  183.0   69.0  444.0
2020 159  6  7 1900  -34.8  977.9   10.1  179.0   70.0  444.0
2020 159  6  7 2000  -35.1  978.3    8.8  179.0   70.0  444.0
2020 159  6  7 2100  -35.0  978.5    8.0  180.0   70.0  444.0
2020 159  6  7 2200  -36.3  978.5    7.3  172.0   68.0  444.0
2020 159  6  7 2300  -37.6  978.6    6.4  165.0   67.4  444.0
2020 160  6  8 0000  -37.9  978.1    6.3  169.0   67.0  444.0
2020 160  6  8 0100  -38.2  977.9    5.5  175.0   67.0  444.0
2020 160  6  8 0200  -39.7  977.8    3.9  192.0   65.0  444.0
2020 160  6  8 0300  -41.4  977.4    3.2  190.0   63.0  444.0
2020 160  6  8 0400  -42.9  977.0    3.4  177.0   62.0  444.0
2020 160  6  8 0500  -43.5  976.7    4.4  168.0   61.0  444.0
2020 160  6  8 0600  -43.8  976.8  444.0  444.0   61.0  444.0
2020 160  6  8 0700  -44.1  976.4  444.0  444.0   60.0  444.0
2020 160  6  8 0800  -44.5  976.2  444.0  444.0   59.9  444.0
2020 160  6  8 0900  -44.8  975.8  444.0  444.0   60.0  444.0
2020 160  6  8 1000  -43.1  975.4  444.0  444.0   61.0  444.0
2020 160  6  8 1100  -42.9  975.2  444.0  444.0   61.0  444.0
2020 160  6  8 1200  -45.6  974.7  444.0  444.0   59.0  444.0
2020 160  6  8 1300  -46.1  974.4  444.0  444.0   58.2  444.0
2020 160  6  8 1400  -46.0  974.4  444.0  444.0   58.0  444.0
2020 160  6  8 1500  -46.3  974.2  444.0  444.0   58.0  444.0
2020 160  6  8 1600  -46.2  973.8  444.0  444.0   58.0  444.0
2020 160  6  8 1700  -45.7  974.0  444.0  444.0   58.0  444.0
2020 160  6  8 1800  -46.0  974.1  444.0  444.0   57.8  444.0
2020 160  6  8 1900  -46.4  974.0  444.0  444.0   58.0  444.0
2020 160  6  8 2000  -46.3  974.4  444.0  444.0   58.0  444.0
2020 160  6  8 2100  -46.1  974.7  444.0  444.0   57.8  444.0
2020 160  6  8 2200  -46.2  974.7  444.0  444.0   58.0  444.0
2020 160  6  8 2300  -46.3  975.4  444.0  444.0   58.0  444.0
2020 161  6  9 0000  -46.2  975.1  444.0  444.0   58.0  444.0
2020 161  6  9 0100  -46.8  975.5  444.0  444.0   57.0  444.0
2020 161  6  9 0200  -45.3  975.5  444.0  444.0   58.8  444.0
2020 161  6  9 0300  -44.6  976.3  444.0  444.0   59.1  444.0
2020 161  6  9 0400  -42.1  976.5    6.9  214.0   63.0  444.0
2020 161  6  9 0500  -40.5  977.0    8.2  203.0   63.0  444.0
2020 161  6  9 0600  -38.5  976.7    9.3  197.0   66.0  444.0
2020 161  6  9 0700  -36.5  976.8    7.7  191.0   68.0  444.0
2020 161  6  9 0800  -35.5  976.4   10.5  196.0   69.0  444.0
2020 161  6  9 0900  -35.9  976.4   10.0  202.0   68.0  444.0
2020 161  6  9 1000  -35.9  976.6    9.6  211.0   69.0  444.0
2020 161  6  9 1100  -36.4  976.6   12.7  201.0   68.0  444.0
2020 161  6  9 1200  -36.7  977.0    9.4  199.0   68.0  444.0
2020 161  6  9 1300  -35.5  975.9    6.4  218.0   69.0  444.0
2020 161  6  9 1400  -31.2  975.4    8.7  209.0   74.0  444.0
2020 161  6  9 1500  -28.7  974.7    9.0  219.0   76.0  444.0
2020 161  6  9 1600  -28.1  974.4    8.0  217.0   77.0  444.0
2020 161  6  9 1700  -26.6  973.6    8.5  220.0   80.0  444.0
2020 161  6  9 1800  -24.5  972.8    9.8  226.0   81.0  444.0
2020 161  6  9 1900  -23.5  972.1   15.1  211.0   81.0  444.0
2020 161  6  9 2000  -24.7  971.8   14.0  213.0   81.0  444.0
2020 161  6  9 2100  -24.8  972.1   13.4  210.0   80.6  444.0
2020 161  6  9 2200  -24.9  971.5   12.6  216.0   81.0  444.0
2020 161  6  9 2300  -24.3  971.4   12.4  208.0   81.0  444.0
2020 162  6 10 0000  -24.4  971.2   10.8  217.0   81.2  444.0
2020 162  6 10 0100  -24.0  970.7   12.0  207.0   82.0  444.0
2020 162  6 10 0200  -24.3  970.3   12.3  206.0   81.0  444.0
2020 162  6 10 0300  -24.5  970.4   10.2  216.0   81.0  444.0
2020 162  6 10 0400  -24.4  970.2   11.7  219.0   81.0  444.0
2020 162  6 10 0500  -25.5  970.8   11.3  211.0   80.0  444.0
2020 162  6 10 0600  -26.1  970.6   11.6  219.0   79.0  444.0
2020 162  6 10 0700  -27.6  970.6    9.9  214.0   78.0  444.0
2020 162  6 10 0800  -29.1  970.6    8.3  221.0   76.3  444.0
2020 162  6 10 0900  -29.8  970.8    9.0  219.0   76.0  444.0
2020 162  6 10 1000  -30.3  971.1    9.7  220.0   76.0  444.0
2020 162  6 10 1100  -30.6  970.9   10.7  221.0   75.0  444.0
2020 162  6 10 1200  -29.7  971.5   11.2  218.0   76.0  444.0
2020 162  6 10 1300  -29.0  972.0    9.6  223.0   77.0  444.0
2020 162  6 10 1400  -28.8  971.9    8.7  221.0   76.0  444.0
2020 162  6 10 1500  -27.7  971.6    9.6  221.0   78.0  444.0
2020 162  6 10 1600  -29.0  971.7   10.0  203.0   76.0  444.0
2020 162  6 10 1700  -31.1  972.0    6.2  218.0   74.0  444.0
2020 162  6 10 1800  -31.0  972.1    7.9  210.0   75.0  444.0
2020 162  6 10 1900  -31.9  971.5    8.0  213.0   74.0  444.0
2020 162  6 10 2000  -33.8  971.4    6.7  218.0   71.0  444.0
2020 162  6 10 2100  -34.3  971.5    7.3  203.0   71.0  444.0
2020 162  6 10 2200  -34.5  971.4    7.5  202.0   71.0  444.0
2020 162  6 10 2300  -32.1  971.2   10.2  189.0   73.0  444.0
2020 163  6 11 0000  -33.0  971.7    9.5  189.0   72.0  444.0
2020 163  6 11 0100  -32.8  971.5   11.5  189.0   73.0  444.0
2020 163  6 11 0200  -31.8  971.4   10.7  187.0   74.0  444.0
2020 163  6 11 0300  -32.3  970.9   10.3  200.0   73.0  444.0
2020 163  6 11 0400  -33.5  971.0    3.0  208.0   72.0  444.0
2020 163  6 11 0500  -34.2  970.8    7.6  224.0   71.0  444.0
2020 163  6 11 0600  -35.3  970.9    5.7  224.0   69.6  444.0
2020 163  6 11 0700  -32.9  970.5    8.7  205.0   72.0  444.0
2020 163  6 11 0800  -34.0  970.2    6.4  210.0   71.0  444.0
2020 163  6 11 0900  -35.5  970.0    6.4  206.0   70.0  444.0
2020 163  6 11 1000  -35.7  969.8    5.6  214.0   70.0  444.0
2020 163  6 11 1100  -36.2  969.6    5.1  214.0   69.1  444.0
2020 163  6 11 1200  -36.7  969.6    4.9  210.0   68.0  444.0
2020 163  6 11 1300  -37.7  969.2    4.2  244.0   67.0  444.0
2020 163  6 11 1400  -35.5  969.1    5.6  213.0   70.0  444.0
2020 163  6 11 1500  -35.4  969.3    4.7  206.0   70.0  444.0
2020 163  6 11 1600  -37.5  969.3  444.0  444.0   67.9  444.0
2020 163  6 11 1700  -37.2  969.4  444.0  444.0   68.0  444.0
2020 163  6 11 1800  -35.5  969.1  444.0  444.0   70.0  444.0
2020 163  6 11 1900  -34.9  969.2  444.0  444.0   70.0  444.0
2020 163  6 11 2000  -35.2  969.5  444.0  444.0   70.0  444.0
2020 163  6 11 2100  -36.0  969.5  444.0  444.0   69.0  444.0
2020 163  6 11 2200  -37.5  969.7  444.0  444.0   68.0  444.0
2020 163  6 11 2300  -37.5  970.1  444.0  444.0   67.0  444.0
2020 164  6 12 0000  -37.5  970.4  444.0  444.0   68.0  444.0
2020 164  6 12 0100  -41.0  971.0  444.0  444.0   64.0  444.0
2020 164  6 12 0200  -42.1  971.3  444.0  444.0   63.0  444.0
2020 164  6 12 0300  -42.6  971.8  444.0  444.0   62.0  444.0
2020 164  6 12 0400  -42.5  972.2  444.0  444.0   62.2  444.0
2020 164  6 12 0500  -41.1  972.7  444.0  444.0   63.5  444.0
2020 164  6 12 0600  -42.0  973.2  444.0  444.0   63.0  444.0
2020 164  6 12 0700  -41.7  973.6  444.0  444.0   63.0  444.0
2020 164  6 12 0800  -41.4  973.8  444.0  444.0   63.0  444.0
2020 164  6 12 0900  -43.1  974.6  444.0  444.0   61.4  444.0
2020 164  6 12 1000  -41.4  975.0  444.0  444.0   63.1  444.0
2020 164  6 12 1100  -38.5  975.2  444.0  444.0   66.0  444.0
2020 164  6 12 1200  -35.8  975.3  444.0  444.0   69.0  444.0
2020 164  6 12 1300  -35.4  976.4  444.0  444.0   69.0  444.0
2020 164  6 12 1400  -37.4  976.7  444.0  444.0   67.3  444.0
2020 164  6 12 1500  -37.9  977.2  444.0  444.0   66.7  444.0
2020 164  6 12 1600  -38.6  977.7  444.0  444.0   66.0  444.0
2020 164  6 12 1700  -38.2  978.1  444.0  444.0   67.0  444.0
2020 164  6 12 1800  -35.8  978.8  444.0  444.0   69.0  444.0
2020 164  6 12 1900  -38.8  979.5  444.0  444.0   66.1  444.0
2020 164  6 12 2000  -36.4  980.1  444.0  444.0   68.6  444.0
2020 164  6 12 2100  -35.5  980.5  444.0  444.0   70.0  444.0
2020 164  6 12 2200  -35.2  981.4  444.0  444.0   70.0  444.0
2020 164  6 12 2300  -33.9  982.1  444.0  444.0   71.0  444.0
2020 165  6 13 0000  -33.6  982.7  444.0  444.0   71.0  444.0
2020 165  6 13 0100  -35.6  983.3  444.0  444.0   69.0  444.0
2020 165  6 13 0200  -34.8  983.7  444.0  444.0   70.0  444.0
2020 165  6 13 0300  -35.6  984.3  444.0  444.0   70.0  444.0
2020 165  6 13 0400  -34.2  984.7  444.0  444.0   70.0  444.0
2020 165  6 13 0500  -31.8  985.3  444.0  444.0   73.0  444.0
2020 165  6 13 0600  -33.6  986.0  444.0  444.0   71.0  444.0
2020 165  6 13 0700  -33.3  986.5  444.0  444.0   71.7  444.0
2020 165  6 13 0800  -32.7  986.9  444.0  444.0   72.0  444.0
2020 165  6 13 0900  -32.0  987.3  444.0  444.0   73.0  444.0
2020 165  6 13 1000  -32.3  988.0  444.0  444.0   73.0  444.0
2020 165  6 13 1100  -33.9  988.2  444.0  444.0   71.0  444.0
2020 165  6 13 1200  -35.5  988.5  444.0  444.0   69.4  444.0
2020 165  6 13 1300  -37.6  988.7  444.0  444.0   67.6  444.0
2020 165  6 13 1400  -37.7  988.7  444.0  444.0   67.0  444.0
2020 165  6 13 1500  -37.3  988.9  444.0  444.0   68.0  444.0
2020 165  6 13 1600  -35.1  988.9  444.0  444.0   69.0  444.0
2020 165  6 13 1700  -34.0  989.2  444.0  444.0   70.8  444.0
2020 165  6 13 1800  -33.2  989.2  444.0  444.0   71.5  444.0
2020 165  6 13 1900  -32.8  989.5  444.0  444.0   73.0  444.0
2020 165  6 13 2000  -30.0  989.6  444.0  444.0   75.0  444.0
2020 165  6 13 2100  -30.6  989.4  444.0  444.0   74.0  444.0
2020 165  6 13 2200  -29.8  989.3  444.0  444.0   74.9  444.0
2020 165  6 13 2300  -29.4  989.2  444.0  444.0   76.0  444.0
2020 166  6 14 0000  -29.8  988.7  444.0  444.0   75.4  444.0
2020 166  6 14 0100  -33.1  988.7  444.0  444.0   72.0  444.0
2020 166  6 14 0200  -34.3  988.6  444.0  444.0   71.0  444.0
2020 166  6 14 0300  -33.9  988.4  444.0  444.0   71.2  444.0
2020 166  6 14 0400  -33.2  988.1  444.0  444.0   72.0  444.0
2020 166  6 14 0500  -36.6  987.7  444.0  444.0   69.0  444.0
2020 166  6 14 0600  -38.2  987.4  444.0  444.0   67.0  444.0
2020 166  6 14 0700  -38.5  987.2  444.0  444.0   67.0  444.0
2020 166  6 14 0800  -38.8  987.1  444.0  444.0   66.2  444.0
2020 166  6 14 0900  -39.3  987.0  444.0  444.0   66.0  444.0
2020 166  6 14 1000  -40.0  987.0  444.0  444.0   65.0  444.0
2020 166  6 14 1100  -39.9  987.0  444.0  444.0   65.0  444.0
2020 166  6 14 1200  -40.2  986.9  444.0  444.0   64.0  444.0
2020 166  6 14 1300  -42.1  987.0  444.0  444.0   63.0  444.0
2020 166  6 14 1400  -42.8  986.9  444.0  444.0   62.0  444.0
2020 166  6 14 1500  -42.5  986.7  444.0  444.0   62.1  444.0
2020 166  6 14 1600  -42.5  986.7  444.0  444.0   62.0  444.0
2020 166  6 14 1700  -40.6  987.5  444.0  444.0   64.0  444.0
2020 166  6 14 1800  -40.0  987.4  444.0  444.0   64.4  444.0
2020 166  6 14 1900  -39.1  987.3  444.0  444.0   65.0  444.0
2020 166  6 14 2000  -39.1  987.4  444.0  444.0   65.5  444.0
2020 166  6 14 2100  -39.8  987.3  444.0  444.0   65.0  444.0
2020 166  6 14 2200  -39.6  987.7    3.6  215.0   65.0  444.0
2020 166  6 14 2300  -39.3  987.4    6.0  208.0   65.0  444.0
2020 167  6 15 0000  -38.2  987.3    6.7  202.0   66.0  444.0
2020 167  6 15 0100  -37.7  987.2    7.4  201.0   66.7  444.0
2020 167  6 15 0200  -37.2  987.5    6.3  191.0   67.0  444.0
2020 167  6 15 0300  -38.1  987.4    6.3  203.0   66.0  444.0
2020 167  6 15 0400  -38.6  987.4    4.8  202.0   66.0  444.0
2020 167  6 15 0500  -38.7  987.6    3.9  222.0   65.7  444.0
2020 167  6 15 0600  -38.3  987.6    4.7  216.0   66.1  444.0
2020 167  6 15 0700  -38.5  987.7    4.0  217.0   66.0  444.0
2020 167  6 15 0800  -38.7  987.5    4.6  218.0   66.0  444.0
2020 167  6 15 0900  -39.0  987.6    4.2  211.0   65.0  444.0
2020 167  6 15 1000  -39.9  987.7    3.7  206.0   65.0  444.0
2020 167  6 15 1100  -41.1  987.3    3.9  208.0   63.0  444.0
2020 167  6 15 1200  -42.7  987.4    4.1  222.0   62.0  444.0
2020 167  6 15 1300  -43.1  987.5    4.0  225.0   61.2  444.0
2020 167  6 15 1400  -43.7  987.1    4.0  229.0   61.0  444.0
2020 167  6 15 1500  -44.5  987.3    3.9  229.0   60.0  444.0
2020 167  6 15 1600  -45.0  987.1    3.0  231.0   59.0  444.0
2020 167  6 15 1700  -45.1  986.5    2.8  192.0   59.0  444.0
2020 167  6 15 1800  -45.2  986.3    1.6  192.0   58.7  444.0
2020 167  6 15 1900  -41.4  986.0    2.3  192.0   62.0  444.0
2020 167  6 15 2000  -39.4  985.5    1.2  192.0   65.0  444.0
2020 167  6 15 2100  -42.5  985.4  444.0  444.0   62.0  444.0
2020 167  6 15 2200  -41.6  984.8  444.0  444.0   63.0  444.0
2020 167  6 15 2300  -40.8  984.4  444.0  444.0   63.1  444.0
2020 168  6 16 0000  -41.8  984.1  444.0  444.0   62.0  444.0
2020 168  6 16 0100  -38.9  983.5  444.0  444.0   63.9  444.0
2020 168  6 16 0200  -36.1  983.1  444.0  444.0   68.0  444.0
2020 168  6 16 0300  -34.9  982.5  444.0  444.0   68.8  444.0
2020 168  6 16 0400  -36.5  981.7  444.0  444.0   68.0  444.0
2020 168  6 16 0500  -39.1  981.4  444.0  444.0   65.0  444.0
2020 168  6 16 0600  -38.5  981.0  444.0  444.0   66.0  444.0
2020 168  6 16 0700  -38.4  980.4  444.0  444.0   66.0  444.0
2020 168  6 16 0800  -38.3  979.9  444.0  444.0   66.0  444.0
2020 168  6 16 0900  -38.1  979.8  444.0  444.0   66.2  444.0
2020 168  6 16 1000  -38.4  979.3  444.0  444.0   66.0  444.0
2020 168  6 16 1100  -38.7  979.2  444.0  444.0   65.6  444.0
2020 168  6 16 1200  -37.4  978.8  444.0  444.0   67.0  444.0
2020 168  6 16 1300  -38.7  978.6  444.0  444.0   66.0  444.0
2020 168  6 16 1400  -40.4  978.5  444.0  444.0   64.0  444.0
2020 168  6 16 1500  -41.8  978.4  444.0  444.0   63.0  444.0
2020 168  6 16 1600  -44.0  978.3  444.0  444.0   60.0  444.0
2020 168  6 16 1700  -44.9  978.3  444.0  444.0   59.0  444.0
2020 168  6 16 1800  -44.7  978.1  444.0  444.0   60.0  444.0
2020 168  6 16 1900  -43.0  978.3  444.0  444.0   61.0  444.0
2020 168  6 16 2000  -43.9  978.2  444.0  444.0   60.0  444.0
2020 168  6 16 2100  -44.2  978.1  444.0  444.0   60.0  444.0
2020 168  6 16 2200  -44.9  978.5  444.0  444.0   59.0  444.0
2020 168  6 16 2300  -44.6  978.5  444.0  444.0   59.0  444.0
2020 169  6 17 0000  -46.6  978.6  444.0  444.0   57.0  444.0
2020 169  6 17 0100  -47.5  978.4  444.0  444.0   56.0  444.0
2020 169  6 17 0200  -46.8  978.0  444.0  444.0   57.0  444.0
2020 169  6 17 0300  -46.6  977.8  444.0  444.0   57.0  444.0
2020 169  6 17 0400  -46.3  977.9  444.0  444.0   57.4  444.0
2020 169  6 17 0500  -46.0  977.2  444.0  444.0   58.0  444.0
2020 169  6 17 0600  -47.2  977.4  444.0  444.0   56.6  444.0
2020 169  6 17 0700  -47.8  977.0  444.0  444.0   56.0  444.0
2020 169  6 17 0800  -47.4  977.0  444.0  444.0   56.0  444.0
2020 169  6 17 0900  -47.9  976.7  444.0  444.0   55.8  444.0
2020 169  6 17 1000  -46.7  976.6  444.0  444.0   57.0  444.0
2020 169  6 17 1100  -46.1  976.6  444.0  444.0   57.0  444.0
2020 169  6 17 1200  -45.8  976.7  444.0  444.0   58.0  444.0
2020 169  6 17 1300  -46.4  976.6  444.0  444.0   57.0  444.0
2020 169  6 17 1400  -46.1  976.6  444.0  444.0   57.6  444.0
2020 169  6 17 1500  -45.5  976.6  444.0  444.0   58.0  444.0
2020 169  6 17 1600  -43.8  976.6  444.0  444.0   60.0  444.0
2020 169  6 17 1700  -45.1  976.5  444.0  444.0   58.0  444.0
2020 169  6 17 1800  -45.9  976.6  444.0  444.0   58.0  444.0
2020 169  6 17 1900  -46.5  976.6  444.0  444.0   57.0  444.0
2020 169  6 17 2000  -46.5  976.5  444.0  444.0   57.0  444.0
2020 169  6 17 2100  -45.0  976.5  444.0  444.0   59.0  444.0
2020 169  6 17 2200  -45.5  976.6  444.0  444.0   58.0  444.0
2020 169  6 17 2300  -45.7  976.6  444.0  444.0   58.0  444.0
2020 170  6 18 0000  -46.7  976.4  444.0  444.0   57.0  444.0
2020 170  6 18 0100  -47.1  976.7  444.0  444.0   56.0  444.0
2020 170  6 18 0200  -47.5  976.8  444.0  444.0   56.0  444.0
2020 170  6 18 0300  -45.7  976.4  444.0  444.0   57.0  444.0
2020 170  6 18 0400  -45.9  976.0  444.0  444.0   57.4  444.0
2020 170  6 18 0500  -46.5  975.7  444.0  444.0   57.0  444.0
2020 170  6 18 0600  -47.0  975.4  444.0  444.0   56.0  444.0
2020 170  6 18 0700  -48.2  975.4  444.0  444.0   55.2  444.0
2020 170  6 18 0800  -45.0  975.7  444.0  444.0   58.0  444.0
2020 170  6 18 0900  -42.9  975.6  444.0  444.0   60.1  444.0
2020 170  6 18 1000  -43.1  975.4  444.0  444.0   60.0  444.0
2020 170  6 18 1100  -43.5  975.2    3.2  212.0   60.0  444.0
2020 170  6 18 1200  -46.0  975.5    3.8  176.0   56.8  444.0
2020 170  6 18 1300  -45.9  976.0    2.3  246.0   57.0  444.0
2020 170  6 18 1400  -48.5  976.1    2.7  246.0   55.0  444.0
2020 170  6 18 1500  -47.2  975.5    2.3  240.0   56.0  444.0
2020 170  6 18 1600  -43.3  975.2    3.8  216.0   60.0  444.0
2020 170  6 18 1700  -42.9  975.1    4.1  188.0   59.9  444.0
2020 170  6 18 1800  -45.1  975.1    4.0  188.0   58.0  444.0
2020 170  6 18 1900  -46.5  975.2    2.8  209.0   57.0  444.0
2020 170  6 18 2000  -47.9  975.1    1.9  191.0   55.0  444.0
2020 170  6 18 2100  -49.0  975.0    3.3  185.0   54.0  444.0
2020 170  6 18 2200  -50.2  975.2    3.7  170.0   53.0  444.0
2020 170  6 18 2300  -50.7  975.3    4.8  174.0   52.0  444.0
2020 171  6 19 0000  -51.0  974.3    4.0  175.0   52.1  444.0
2020 171  6 19 0100  -51.7  974.8    2.5  201.0   51.0  444.0
2020 171  6 19 0200  -52.5  974.6    0.1  169.0   50.6  444.0
2020 171  6 19 0300  -52.6  974.2    2.0  175.0   50.0  444.0
2020 171  6 19 0400  -52.2  973.7    2.3  207.0   51.0  444.0
2020 171  6 19 0500  -52.7  973.2    1.7  201.0   50.3  444.0
2020 171  6 19 0600  -51.3  972.6    2.6  197.0   51.0  444.0
2020 171  6 19 0700  -51.5  972.5    2.2  209.0   51.2  444.0
2020 171  6 19 0800  -50.9  972.6    2.4  194.0   52.0  444.0
2020 171  6 19 0900  -50.2  972.5    1.5  184.0   52.0  444.0
2020 171  6 19 1000  -50.9  972.2    1.8  200.0   52.0  444.0
2020 171  6 19 1100  -50.7  971.6    0.2  184.0   52.0  444.0
2020 171  6 19 1200  -50.2  971.4    1.6  184.0   52.0  444.0
2020 171  6 19 1300  -51.9  971.3    3.4  263.0   50.8  444.0
2020 171  6 19 1400  -49.0  970.7    3.3  264.0   55.0  444.0
2020 171  6 19 1500  -46.6  970.1    3.1  264.0   56.0  444.0
2020 171  6 19 1600  -45.8  969.5    3.1  264.0   57.0  444.0
2020 171  6 19 1700  -40.7  969.0    6.1  272.0   63.1  444.0
2020 171  6 19 1800  -40.8  968.1    5.1  283.0   61.8  444.0
2020 171  6 19 1900  -42.2  966.9    4.8  283.0   61.0  444.0
2020 171  6 19 2000  -39.0  966.2    5.9  305.0   66.0  444.0
2020 171  6 19 2100  -35.1  965.5    4.6  278.0   69.0  444.0
2020 171  6 19 2200  -30.7  966.0   10.8  229.0   73.0  444.0
2020 171  6 19 2300  -31.9  966.7   12.3  211.0   72.0  444.0
2020 172  6 20 0000  -32.2  966.3   13.0  208.0   72.0  444.0
2020 172  6 20 0100  -34.9  966.0   12.9  208.0   69.0  444.0
2020 172  6 20 0200  -36.5  967.4   13.6  213.0   68.0  444.0
2020 172  6 20 0300  -37.7  967.6   13.3  204.0   66.0  444.0
2020 172  6 20 0400  -39.0  968.0   11.5  204.0   65.0  444.0
2020 172  6 20 0500  -40.3  968.8   11.4  210.0   64.0  444.0
2020 172  6 20 0600  -40.9  968.7   10.9  200.0   63.4  444.0
2020 172  6 20 0700  -40.3  969.5    7.3  230.0   64.0  444.0
2020 172  6 20 0800  -39.1  969.0    6.8  224.0   65.0  444.0
2020 172  6 20 0900  -39.6  968.4    6.7  227.0   65.0  444.0
2020 172  6 20 1000  -36.5  967.4    9.9  225.0   69.0  444.0
2020 172  6 20 1100  -32.0  967.0   11.7  207.0   72.3  444.0
2020 172  6 20 1200  -32.5  967.0   10.6  207.0   72.0  444.0
2020 172  6 20 1300  -31.2  966.2   13.2  205.0   74.0  444.0
2020 172  6 20 1400  -30.6  966.3   12.3  209.0   74.0  444.0
2020 172  6 20 1500  -29.7  966.5   13.1  214.0   75.4  444.0
2020 172  6 20 1600  -29.8  966.5   11.1  220.0   75.1  444.0
2020 172  6 20 1700  -27.5  965.6   12.6  207.0   77.0  444.0
2020 172  6 20 1800  -27.0  965.4   11.7  208.0   78.0  444.0
2020 172  6 20 1900  -25.7  965.3    9.8  222.0   79.0  444.0
2020 172  6 20 2000  -23.5  965.0   13.3  202.0   82.0  444.0
2020 172  6 20 2100  -23.2  964.3   12.1  222.0   81.9  444.0
2020 172  6 20 2200  -23.9  963.8   13.3  218.0   81.0  444.0
2020 172  6 20 2300  -22.9  962.9   12.2  222.0   83.0  444.0
2020 173  6 21 0000  -21.2  962.3   12.7  222.0   84.0  444.0
2020 173  6 21 0100  -21.6  961.5   14.8  208.0   83.0  444.0
2020 173  6 21 0200  -21.4  961.6   13.9  213.0   84.0  444.0
2020 173  6 21 0300  -21.6  960.4   13.3  221.0   84.0  444.0
2020 173  6 21 0400  -21.1  960.1   11.9  206.0   84.0  444.0
2020 173  6 21 0500  -20.2  959.1   19.6  210.0   85.0  444.0
2020 173  6 21 0600  -19.7  959.2   17.9  209.0   85.0  444.0
2020 173  6 21 0700  -20.2  960.3   14.2  207.0   85.0  444.0
2020 173  6 21 0800  -20.5  959.1   15.7  190.0   84.6  444.0
2020 173  6 21 0900  -19.7  959.5   17.2  191.0   85.8  444.0
2020 173  6 21 1000  -19.8  958.5   18.8  194.0   86.0  444.0
2020 173  6 21 1100  -18.5  958.8   20.3  190.0   87.0  444.0
2020 173  6 21 1200  -18.7  959.2   16.6  200.0   86.0  444.0
2020 173  6 21 1300  -18.8  961.1   11.0  255.0   86.0  444.0
2020 173  6 21 1400  -18.8  961.1   13.8  222.0   86.4  444.0
2020 173  6 21 1500  -19.2  961.6   12.6  234.0   86.0  444.0
2020 173  6 21 1600  -20.0  960.6   18.0  211.0   86.0  444.0
2020 173  6 21 1700  -20.1  960.5   14.6  208.0   85.0  444.0
2020 173  6 21 1800  -20.8  960.8   15.0  206.0   85.0  444.0
2020 173  6 21 1900  -20.8  960.8   14.1  216.0   85.0  444.0
2020 173  6 21 2000  -20.9  959.3   17.8  199.0   85.0  444.0
2020 173  6 21 2100  -20.5  959.5   19.4  200.0   85.2  444.0
2020 173  6 21 2200  -21.0  959.4   16.2  205.0   85.0  444.0
2020 173  6 21 2300  -20.1  960.0   14.7  216.0   85.0  444.0
2020 174  6 22 0000  -19.4  959.7   13.4  216.0   85.0  444.0
2020 174  6 22 0100  -18.0  959.5   17.2  209.0   87.0  444.0
2020 174  6 22 0200  -17.8  960.0   16.0  210.0   87.3  444.0
2020 174  6 22 0300  -17.7  959.4   17.6  201.0   87.3  444.0
2020 174  6 22 0400  -18.4  960.8   15.1  201.0   87.0  444.0
2020 174  6 22 0500  -19.0  961.4   14.9  200.0   86.0  444.0
2020 174  6 22 0600  -19.4  962.1   13.6  196.0   86.0  444.0
2020 174  6 22 0700  -20.2  962.1    8.5  215.0   84.9  444.0
2020 174  6 22 0800  -21.0  962.0   10.0  206.0   84.0  444.0
2020 174  6 22 0900  -21.7  962.0   12.2  201.0   83.7  444.0
2020 174  6 22 1000  -22.4  962.1   11.5  206.0   83.0  444.0
2020 174  6 22 1100  -20.6  962.8   13.1  211.0   85.0  444.0
2020 174  6 22 1200  -19.9  962.8   14.8  210.0   85.4  444.0
2020 174  6 22 1300  -18.3  963.2   16.2  206.0   87.0  444.0
2020 174  6 22 1400  -17.6  963.8   13.9  217.0   87.7  444.0
2020 174  6 22 1500  -17.2  963.7   12.6  225.0   88.0  444.0
2020 174  6 22 1600  -16.7  963.6   13.0  229.0   88.0  444.0
2020 174  6 22 1700  -15.7  963.8   16.1  220.0   88.9  444.0
2020 174  6 22 1800  -16.8  963.8   18.9  213.0   88.0  444.0
2020 174  6 22 1900  -18.1  964.1   17.6  216.0   87.1  444.0
2020 174  6 22 2000  -19.9  964.9   19.9  204.0   85.0  444.0
2020 174  6 22 2100  -25.7  967.3   18.4  206.0   80.0  444.0
2020 174  6 22 2200  -25.1  967.4   14.3  225.0   81.2  444.0
2020 174  6 22 2300  -22.3  966.3   13.1  250.0   84.0  444.0
2020 175  6 23 0000  -17.8  964.4   18.3  232.0   87.5  444.0
2020 175  6 23 0100  -15.6  963.5   13.9  238.0   89.5  444.0
2020 175  6 23 0200  -13.7  960.6   17.5  218.0   91.0  444.0
2020 175  6 23 0300  -13.8  958.6   19.1  208.0   91.0  444.0
2020 175  6 23 0400  -14.0  958.1   21.0  189.0   90.0  444.0
2020 175  6 23 0500  -13.9  958.6   19.5  193.0   90.6  444.0
2020 175  6 23 0600  -15.7  959.3   16.7  187.0   89.0  444.0
2020 175  6 23 0700  -17.1  960.5   12.6  181.0   88.0  444.0
2020 175  6 23 0800  -18.6  961.8   10.7  186.0   87.0  444.0
2020 175  6 23 0900  -18.7  963.5   10.1  191.0   87.0  444.0
2020 175  6 23 1000  -18.6  963.9   12.5  185.0   86.8  444.0
2020 175  6 23 1100  -18.2  965.3   12.7  189.0   87.0  444.0
2020 175  6 23 1200  -17.9  965.8   10.4  187.0   87.3  444.0
2020 175  6 23 1300  -15.9  965.8   10.8  206.0   89.0  444.0
2020 175  6 23 1400  -16.6  964.9   12.1  206.0   88.0  444.0
2020 175  6 23 1500  -17.6  966.2    9.3  217.0   87.5  444.0
2020 175  6 23 1600  -17.2  965.5   16.0  202.0   88.0  444.0
2020 175  6 23 1700  -15.5  966.6   20.0  202.0   89.2  444.0
2020 175  6 23 1800  -17.7  967.7   20.8  204.0   88.0  444.0
2020 175  6 23 1900  -16.4  969.5   21.1  206.0   89.0  444.0
2020 175  6 23 2000  -17.0  969.7   20.3  207.0   88.0  444.0
2020 175  6 23 2100  -19.1  971.2   19.8  201.0   86.0  444.0
2020 175  6 23 2200  -22.1  973.0   20.7  205.0   83.2  444.0
2020 175  6 23 2300  -23.5  974.9   14.3  211.0   83.0  444.0
2020 176  6 24 0000  -27.1  978.8   15.4  192.0   79.0  444.0
2020 176  6 24 0100  -27.5  979.7   14.0  196.0   78.4  444.0
2020 176  6 24 0200  -27.8  979.9   16.4  188.0   78.0  444.0
2020 176  6 24 0300  -27.3  980.2   13.9  186.0   78.7  444.0
2020 176  6 24 0400  -27.2  981.0   10.1  180.0   78.7  444.0
2020 176  6 24 0500  -27.0  981.6    7.1  211.0   79.0  444.0
2020 176  6 24 0600  -26.9  981.7    4.3  220.0   79.0  444.0
2020 176  6 24 0700  -26.4  981.6    7.8  211.0   79.0  444.0
2020 176  6 24 0800  -28.5  982.3   10.1  202.0   77.3  444.0
2020 176  6 24 0900  -28.9  983.0    9.5  202.0   77.0  444.0
2020 176  6 24 1000  -29.7  984.0    7.2  208.0   76.0  444.0
2020 176  6 24 1100  -30.3  984.6    9.0  219.0   76.0  444.0
2020 176  6 24 1200  -31.6  985.2    7.5  217.0   74.0  444.0
2020 176  6 24 1300  -32.0  986.2    6.9  236.0   74.0  444.0
2020 176  6 24 1400  -30.3  986.5    7.3  221.0   76.0  444.0
2020 176  6 24 1500  -31.1  986.9    4.4  192.0   74.4  444.0
2020 176  6 24 1600  -31.7  987.7    5.2  224.0   74.0  444.0
2020 176  6 24 1700  -31.8  988.0    3.8  226.0   74.0  444.0
2020 176  6 24 1800  -29.5  988.3    6.4  226.0   76.8  444.0
2020 176  6 24 1900  -28.4  988.6    6.7  203.0   78.0  444.0
2020 176  6 24 2000  -28.1  988.4    4.2  187.0   77.0  444.0
2020 176  6 24 2100  -28.7  988.1    2.8  175.0   77.0  444.0
2020 176  6 24 2200  -30.1  988.0    2.2  175.0   76.0  444.0
2020 176  6 24 2300  -30.4  988.1    2.8  200.0   77.0  444.0
2020 177  6 25 0000  -28.6  988.7   12.9  209.0   77.0  444.0
2020 177  6 25 0100  -30.0  988.7    7.4  217.0   75.0  444.0
2020 177  6 25 0200  -29.4  988.8   12.4  215.0   76.0  444.0
2020 177  6 25 0300  -32.2  989.8   12.8  202.0   73.0  444.0
2020 177  6 25 0400  -35.7  990.6   10.2  210.0   70.0  444.0
2020 177  6 25 0500  -36.4  990.1   10.6  208.0   69.2  444.0
2020 177  6 25 0600  -36.8  989.5    8.9  208.0   69.0  444.0
2020 177  6 25 0700  -36.3  989.4    9.8  217.0   69.0  444.0
2020 177  6 25 0800  -36.8  988.7    6.2  219.0   68.0  444.0
2020 177  6 25 0900  -35.7  988.1    6.0  231.0   70.0  444.0
2020 177  6 25 1000  -30.8  987.6    9.5  213.0   75.0  444.0
2020 177  6 25 1100  -29.6  987.4   12.1  217.0   76.0  444.0
2020 177  6 25 1200  -31.5  987.1   11.6  211.0   74.0  444.0
2020 177  6 25 1300  -32.9  987.4   10.0  213.0   72.0  444.0
2020 177  6 25 1400  -32.6  987.0    8.6  216.0   73.0  444.0
2020 177  6 25 1500  -32.8  986.7    6.3  231.0   72.0  444.0
2020 177  6 25 1600  -30.6  985.9    8.0  231.0   76.0  444.0
2020 177  6 25 1700  -30.4  985.7    8.1  228.0   75.0  444.0
2020 177  6 25 1800  -30.8  984.3    9.4  204.0   75.0  444.0
2020 177  6 25 1900  -28.2  984.1   10.4  228.0   77.0  444.0
2020 177  6 25 2000  -22.8  984.0   11.8  224.0   82.0  444.0
2020 177  6 25 2100  -21.7  983.6   13.8  232.0   83.5  444.0
2020 177  6 25 2200  -20.7  983.1   13.5  224.0   84.0  444.0
2020 177  6 25 2300  -21.8  983.0   14.5  218.0   83.0  444.0
2020 178  6 26 0000  -21.2  982.2   18.8  209.0   84.0  444.0
2020 178  6 26 0100  -20.2  982.2   19.8  204.0   85.0  444.0
2020 178  6 26 0200  -20.1  981.7   21.0  205.0   85.2  444.0
2020 178  6 26 0300  -19.8  982.1   22.1  201.0   86.0  444.0
2020 178  6 26 0400  -20.9  981.6   21.1  203.0   85.0  444.0
2020 178  6 26 0500  -21.9  983.4   19.0  190.0   83.0  444.0
2020 178  6 26 0600  -22.8  984.9   14.3  198.0   83.0  444.0
2020 178  6 26 0700  -23.1  984.7   17.4  199.0   82.0  444.0
2020 178  6 26 0800  -22.8  985.8   15.3  192.0   82.9  444.0
2020 178  6 26 0900  -22.0  986.2   13.3  185.0   83.0  444.0
2020 178  6 26 1000  -22.0  985.0   15.2  203.0   84.0  444.0
2020 178  6 26 1100  -21.4  984.3   14.9  213.0   84.0  444.0
2020 178  6 26 1200  -21.2  983.8   14.5  216.0   84.0  444.0
2020 178  6 26 1300  -19.3  982.2   16.4  220.0   87.0  444.0
2020 178  6 26 1400  -17.9  980.8   16.7  219.0   87.0  444.0
2020 178  6 26 1500  -16.1  980.5   15.4  221.0   89.0  444.0
2020 178  6 26 1600  -14.7  979.0   13.8  232.0   90.0  444.0
2020 178  6 26 1700  -13.3  978.3   13.7  216.0   91.0  444.0
2020 178  6 26 1800  -13.3  978.1   18.5  209.0   91.0  444.0
2020 178  6 26 1900  -14.8  978.0   15.8  216.0   90.0  444.0
2020 178  6 26 2000  -14.6  978.4   15.6  220.0   90.0  444.0
2020 178  6 26 2100  -13.4  978.0   17.6  218.0   91.0  444.0
2020 178  6 26 2200  -12.9  979.0   15.4  212.0   92.0  444.0
2020 178  6 26 2300  -12.2  978.3   19.2  205.0   92.0  444.0
2020 179  6 27 0000  -11.2  977.3   22.0  205.0   93.0  444.0
2020 179  6 27 0100  -11.1  978.8   20.8  208.0   93.0  444.0
2020 179  6 27 0200  -11.4  979.1   20.6  210.0   92.5  444.0
2020 179  6 27 0300  -11.2  980.8   19.8  214.0   93.0  444.0
2020 179  6 27 0400  -10.9  981.1   19.0  214.0   93.0  444.0
2020 179  6 27 0500  -11.4  981.6   21.1  214.0   92.0  444.0
2020 179  6 27 0600  -11.7  982.8   22.9  208.0   92.3  444.0
2020 179  6 27 0700  -11.7  985.3   20.4  206.0   92.3  444.0
2020 179  6 27 0800  -11.8  985.5   20.6  204.0   92.0  444.0
2020 179  6 27 0900  -13.0  987.7   18.5  195.0   91.0  444.0
2020 179  6 27 1000  -17.5  990.0   17.6  190.0   87.0  444.0
2020 179  6 27 1100  -19.7  992.1   16.4  206.0   85.8  444.0
2020 179  6 27 1200  -21.1  994.5   17.2  200.0   84.0  444.0
2020 179  6 27 1300  -22.1  995.2   16.0  204.0   84.0  444.0
2020 179  6 27 1400  -22.2  996.4   16.5  203.0   84.0  444.0
2020 179  6 27 1500  -22.2  996.5   15.4  201.0   84.0  444.0
2020 179  6 27 1600  -23.0  996.8   11.8  209.0   83.0  444.0
2020 179  6 27 1700  -23.4  997.0   12.8  201.0   83.0  444.0
2020 179  6 27 1800  -23.9  996.8   11.8  208.0   82.0  444.0
2020 179  6 27 1900  -24.9  997.1   11.4  220.0   81.0  444.0
2020 179  6 27 2000  -25.7  996.2    7.4  212.0   80.0  444.0
2020 179  6 27 2100  -25.4  995.1    7.5  205.0   80.5  444.0
2020 179  6 27 2200  -25.4  993.7    8.6  186.0   80.0  444.0
2020 179  6 27 2300  -27.2  993.0    2.2  207.0   79.0  444.0
2020 180  6 28 0000  -27.7  991.7  444.0  444.0   78.0  444.0
2020 180  6 28 0100  -28.1  990.6  444.0  444.0   78.0  444.0
2020 180  6 28 0200  -29.9  989.6  444.0  444.0   76.0  444.0
2020 180  6 28 0300  -26.7  988.6  444.0  444.0   80.0  444.0
2020 180  6 28 0400  -25.1  987.1  444.0  444.0   81.0  444.0
2020 180  6 28 0500  -28.0  985.8  444.0  444.0   77.7  444.0
2020 180  6 28 0600  -28.7  985.4  444.0  444.0   77.0  444.0
2020 180  6 28 0700  -27.9  984.0  444.0  444.0   78.0  444.0
2020 180  6 28 0800  -28.4  983.6  444.0  444.0   77.0  444.0
2020 180  6 28 0900  -29.0  983.5  444.0  444.0   76.8  444.0
2020 180  6 28 1000  -28.4  983.0  444.0  444.0   77.3  444.0
2020 180  6 28 1100  -29.1  982.9  444.0  444.0   77.0  444.0
2020 180  6 28 1200  -30.4  983.2  444.0  444.0   75.0  444.0
2020 180  6 28 1300  -31.0  983.2  444.0  444.0   75.0  444.0
2020 180  6 28 1400  -32.2  983.8  444.0  444.0   73.6  444.0
2020 180  6 28 1500  -32.2  983.8  444.0  444.0   74.0  444.0
2020 180  6 28 1600  -32.1  984.8  444.0  444.0   74.0  444.0
2020 180  6 28 1700  -33.2  985.0  444.0  444.0   72.0  444.0
2020 180  6 28 1800  -34.9  985.2  444.0  444.0   71.0  444.0
2020 180  6 28 1900  -35.1  985.3  444.0  444.0   71.2  444.0
2020 180  6 28 2000  -33.9  985.6  444.0  444.0   73.0  444.0
2020 180  6 28 2100  -22.7  986.6   10.8  226.0   83.0  444.0
2020 180  6 28 2200  -19.1  987.1   14.5  219.0   86.0  444.0
2020 180  6 28 2300  -17.8  987.9   17.9  212.0   87.0  444.0
2020 181  6 29 0000  -18.2  989.1   20.3  208.0   87.0  444.0
2020 181  6 29 0100  -18.8  989.7   23.7  208.0   87.0  444.0
2020 181  6 29 0200  -19.2  992.5   20.0  203.0   86.0  444.0
2020 181  6 29 0300  -18.8  995.6   18.3  197.0   86.0  444.0
2020 181  6 29 0400  -19.9  998.2   16.4  189.0   85.0  444.0
2020 181  6 29 0500  -21.5 1000.9   17.3  188.0   84.0  444.0
2020 181  6 29 0600  -24.5 1002.2   16.0  188.0   81.0  444.0
2020 181  6 29 0700  -25.9 1004.1   13.8  196.0   80.1  444.0
2020 181  6 29 0800  -27.1 1005.4   10.3  204.0   79.0  444.0
2020 181  6 29 0900  -26.9 1006.0    9.5  211.0   79.0  444.0
2020 181  6 29 1000  -26.3 1006.6   10.9  201.0   79.0  444.0
2020 181  6 29 1100  -25.8 1006.9    9.1  212.0   80.0  444.0
2020 181  6 29 1200  -25.0 1006.7    7.1  210.0   81.0  444.0
2020 181  6 29 1300  -24.7 1006.5    6.3  200.0   81.0  444.0
2020 181  6 29 1400  -25.2 1006.5    5.1  229.0   81.0  444.0
2020 181  6 29 1500  -25.4 1006.0  444.0  444.0   80.0  444.0
2020 181  6 29 1600  -27.1 1005.9  444.0  444.0   79.0  444.0
2020 181  6 29 1700  -25.1 1005.6  444.0  444.0   80.6  444.0
2020 181  6 29 1800  -25.1 1004.8  444.0  444.0   81.0  444.0
2020 181  6 29 1900  -24.9 1004.3  444.0  444.0   81.0  444.0
2020 181  6 29 2000  -24.8 1004.6  444.0  444.0   81.1  444.0
2020 181  6 29 2100  -23.7 1004.2  444.0  444.0   82.0  444.0
2020 181  6 29 2200  -23.0 1004.7  444.0  444.0   83.0  444.0
2020 181  6 29 2300  -23.5 1005.0  444.0  444.0   82.0  444.0
2020 182  6 30 0000  -24.1 1004.7  444.0  444.0   82.0  444.0
2020 182  6 30 0100  -25.9 1004.8  444.0  444.0   80.0  444.0
2020 182  6 30 0200  -28.7 1004.5  444.0  444.0   77.0  444.0
2020 182  6 30 0300  -28.7 1004.1  444.0  444.0   77.0  444.0
2020 182  6 30 0400  -29.5 1003.7  444.0  444.0   76.2  444.0
2020 182  6 30 0500  -29.4 1003.8  444.0  444.0   76.0  444.0
2020 182  6 30 0600  -29.7 1003.5  444.0  444.0   76.0  444.0
2020 182  6 30 0700  -30.0 1002.5  444.0  444.0   76.0  444.0
2020 182  6 30 0800  -29.7 1002.4  444.0  444.0   76.0  444.0
2020 182  6 30 0900  -29.3 1002.6  444.0  444.0   76.0  444.0
2020 182  6 30 1000  -29.3 1001.5  444.0  444.0   76.3  444.0
2020 182  6 30 1100  -29.9 1000.9    9.7  197.0   76.0  444.0
2020 182  6 30 1200  -30.0 1000.7    9.9  184.0   75.0  444.0
2020 182  6 30 1300  -30.9 1000.5    8.2  191.0   75.0  444.0
2020 182  6 30 1400  -30.6 1000.0    9.2  189.0   75.0  444.0
2020 182  6 30 1500  -32.2  999.5    5.8  216.0   73.6  444.0
2020 182  6 30 1600  -29.3  998.5    7.9  212.0   76.0  444.0
2020 182  6 30 1700  -28.1  997.6    7.1  220.0   77.0  444.0
2020 182  6 30 1800  -25.5  997.0    7.0  231.0   81.0  444.0
2020 182  6 30 1900  -25.1  996.1    6.5  205.0   80.0  444.0
2020 182  6 30 2000  -27.2  995.3    4.5  219.0   78.5  444.0
2020 182  6 30 2100  -27.1  994.7    5.4  230.0   79.0  444.0
2020 182  6 30 2200  -24.9  993.7    6.0  251.0   81.0  444.0
2020 182  6 30 2300  -22.0  992.9    8.2  251.0   83.0  444.0
