Year: 2020  Month: 03  ID: FER  ARGOS:  8947  Name: Ferrell             
Lat: 77.84S  Lon: 170.82E  Elev:   45m
2020  61  3  1 0000  -20.7  979.8   10.5  192.0   72.0  444.0
2020  61  3  1 0100  -20.7  979.4   10.0  196.0   73.0  444.0
2020  61  3  1 0200  -20.7  978.8    9.4  194.0   73.6  444.0
2020  61  3  1 0300  -21.0  978.3   10.9  192.0   76.0  444.0
2020  61  3  1 0400  -21.4  978.0    8.7  191.0   76.0  444.0
2020  61  3  1 0500  -21.6  978.3    5.8  202.0   74.0  444.0
2020  61  3  1 0600  -21.8  978.2    5.0  219.0   70.7  444.0
2020  61  3  1 0700  -21.7  978.1    5.4  204.0   73.0  444.0
2020  61  3  1 0800  -22.4  978.1    5.5  211.0   73.0  444.0
2020  61  3  1 0900  -23.3  978.0    4.9  213.0   70.0  444.0
2020  61  3  1 1000  -26.0  977.6    4.1  213.0   72.0  444.0
2020  61  3  1 1100  -26.9  977.5    4.9  199.0   74.5  444.0
2020  61  3  1 1200  -27.6  977.4    4.5  220.0   75.0  444.0
2020  61  3  1 1300  -29.9  977.4    3.1  236.0   74.0  444.0
2020  61  3  1 1400  -31.3  977.3    2.6  274.0   74.0  444.0
2020  61  3  1 1500  -31.0  977.0    4.2  212.0   74.0  444.0
2020  61  3  1 1600  -31.6  976.7    3.4  186.0   71.4  444.0
2020  61  3  1 1700  -31.8  976.3    4.1  182.0   70.0  444.0
2020  61  3  1 1800  -31.6  976.1    2.7  167.0   68.0  444.0
2020  61  3  1 1900  -30.7  976.4    1.0  303.0   66.0  444.0
2020  61  3  1 2000  444.0  975.8    0.7  177.0   64.0  444.0
2020  61  3  1 2100  -29.8  975.5    2.6  114.0   67.9  444.0
2020  61  3  1 2200  -26.3  975.3    4.3   85.0   66.0  444.0
2020  61  3  1 2300  -24.6  975.2    3.5   94.0   66.0  444.0
2020  62  3  2 0000  -23.1  975.0    4.6   97.0   64.0  444.0
2020  62  3  2 0100  -22.1  974.4    7.1   97.0   64.0  444.0
2020  62  3  2 0200  -21.7  973.7    8.8   95.0   65.3  444.0
2020  62  3  2 0300  -21.5  973.4    8.6  101.0   69.0  444.0
2020  62  3  2 0400  -21.2  973.1    8.2  107.0   72.0  444.0
2020  62  3  2 0500  -21.9  972.7    8.6  108.0   77.6  444.0
2020  62  3  2 0600  -21.7  972.7    7.6  111.0   77.0  444.0
2020  62  3  2 0700  -21.9  972.8    7.9  120.0   82.0  444.0
2020  62  3  2 0800  -21.4  972.9    6.7  127.0   83.0  444.0
2020  62  3  2 0900  -21.2  973.2    7.8  128.0   83.9  444.0
2020  62  3  2 1000  -21.1  973.5    7.9  129.0   84.0  444.0
2020  62  3  2 1100  -20.8  973.9    7.1  139.0   84.0  444.0
2020  62  3  2 1200  -20.7  974.2    7.7  148.0   84.0  444.0
2020  62  3  2 1300  -20.6  974.7    7.0  162.0   84.0  444.0
2020  62  3  2 1400  -20.5  974.9    7.9  156.0   84.7  444.0
2020  62  3  2 1500  -20.5  975.2    9.7  156.0   85.0  444.0
2020  62  3  2 1600  -20.8  975.8   10.1  163.0   84.0  444.0
2020  62  3  2 1700  -21.0  976.4    9.8  171.0   84.0  444.0
2020  62  3  2 1800  -20.8  977.0   10.0  173.0   84.0  444.0
2020  62  3  2 1900  -21.4  977.8    8.9  187.0   83.1  444.0
2020  62  3  2 2000  -21.7  978.1    6.8  200.0   81.0  444.0
2020  62  3  2 2100  -21.6  978.5    8.5  201.0   81.0  444.0
2020  62  3  2 2200  -21.9  979.2    7.5  210.0   80.0  444.0
2020  62  3  2 2300  -21.5  979.6    7.5  203.0   80.0  444.0
2020  63  3  3 0000  -21.0  979.6    9.0  202.0   80.7  444.0
2020  63  3  3 0100  -20.0  979.8   10.4  203.0   84.0  444.0
2020  63  3  3 0200  -20.6  979.1   11.2  212.0   84.0  444.0
2020  63  3  3 0300  -20.9  979.5   11.0  214.0   83.6  444.0
2020  63  3  3 0400  -21.1  979.2   11.3  208.0   84.0  444.0
2020  63  3  3 0500  -20.3  979.4   10.6  210.0   84.0  444.0
2020  63  3  3 0600  -18.1  978.9   12.9  208.0   86.0  444.0
2020  63  3  3 0700  -18.4  979.2   12.6  219.0   87.0  444.0
2020  63  3  3 0800  -17.9  979.0   12.1  225.0   87.0  444.0
2020  63  3  3 0900  -16.9  979.6   13.2  238.0   88.0  444.0
2020  63  3  3 1000  -16.8  979.6   10.7  241.0   88.0  444.0
2020  63  3  3 1100  -16.8  980.0   12.1  248.0   88.0  444.0
2020  63  3  3 1200  -16.6  980.4   10.1  264.0   88.0  444.0
2020  63  3  3 1300  -17.1  980.6   10.0  277.0   88.0  444.0
2020  63  3  3 1400  -16.9  980.4    9.4  272.0   88.0  444.0
2020  63  3  3 1500  -16.5  980.3   14.7  252.0   88.0  444.0
2020  63  3  3 1600  -16.3  980.6   14.2  257.0   89.0  444.0
2020  63  3  3 1700  -16.2  981.1   14.0  258.0   88.5  444.0
2020  63  3  3 1800  -16.1  981.9   11.4  268.0   89.0  444.0
2020  63  3  3 1900  -16.4  981.7   13.0  237.0   88.0  444.0
2020  63  3  3 2000  -16.6  982.3   12.0  241.0   88.0  444.0
2020  63  3  3 2100  -16.0  981.9   14.3  224.0   88.0  444.0
2020  63  3  3 2200  -15.6  982.9   13.6  224.0   88.5  444.0
2020  63  3  3 2300  -15.2  984.0   13.0  218.0   89.0  444.0
2020  64  3  4 0000  -15.4  984.9   12.9  220.0   88.0  444.0
2020  64  3  4 0100  -14.6  986.1   11.7  226.0   89.0  444.0
2020  64  3  4 0200  -14.5  986.2    7.1  225.0   89.0  444.0
2020  64  3  4 0300  -13.7  986.4    7.7  223.0   89.3  444.0
2020  64  3  4 0400  -13.4  986.3    7.8  213.0   89.0  444.0
2020  64  3  4 0500  -14.3  986.5    6.0  220.0   88.0  444.0
2020  64  3  4 0600  -15.5  986.8    5.3  221.0   87.6  444.0
2020  64  3  4 0700  -16.9  986.8    4.2  190.0   87.0  444.0
2020  64  3  4 0800  -19.0  986.9    2.3  244.0   85.0  444.0
2020  64  3  4 0900  -17.2  986.8    1.7  270.0   89.0  444.0
2020  64  3  4 1000  -17.5  986.5    0.1  314.0   88.0  444.0
2020  64  3  4 1100  -19.5  986.5    3.2  350.0   87.0  444.0
2020  64  3  4 1200  -25.1  986.3    2.9  352.0   81.0  444.0
2020  64  3  4 1300  -25.8  985.9    2.7   29.0   80.0  444.0
2020  64  3  4 1400  -23.2  985.3    3.7   23.0   82.0  444.0
2020  64  3  4 1500  -22.9  985.0    3.4   32.0   83.0  444.0
2020  64  3  4 1600  -24.1  984.6    3.5   30.0   83.0  444.0
2020  64  3  4 1700  -22.1  984.0    3.1   56.0   84.0  444.0
2020  64  3  4 1800  -17.1  983.6    3.3   42.0   89.0  444.0
2020  64  3  4 1900  -16.9  983.3    2.6   40.0   88.0  444.0
2020  64  3  4 2000  -17.1  983.0    2.9   48.0   89.0  444.0
2020  64  3  4 2100  -17.2  982.7    2.8   56.0   84.0  444.0
2020  64  3  4 2200  -14.4  982.7    2.9   59.0   89.5  444.0
2020  64  3  4 2300  -19.2  982.6    3.4   68.0   86.0  444.0
2020  65  3  5 0000  -15.9  982.4    3.3   51.0   86.0  444.0
2020  65  3  5 0100  -14.2  981.9    3.4   55.0   88.0  444.0
2020  65  3  5 0200  -15.2  981.8    2.9   69.0   88.0  444.0
2020  65  3  5 0300  -17.7  981.7    2.8  167.0   84.1  444.0
2020  65  3  5 0400  -19.2  981.6    4.7  167.0   83.6  444.0
2020  65  3  5 0500  -19.0  981.4    3.7  149.0   86.0  444.0
2020  65  3  5 0600  -16.9  981.3    5.5  124.0   86.0  444.0
2020  65  3  5 0700  -17.6  981.1    5.5  126.0   86.0  444.0
2020  65  3  5 0800  -17.2  981.0    6.7  122.0   84.5  444.0
2020  65  3  5 0900  -18.8  980.9    8.2  113.0   84.0  444.0
2020  65  3  5 1000  -20.8  980.6    6.6  125.0   78.0  444.0
2020  65  3  5 1100  -20.5  980.7    6.1  118.0   74.0  444.0
2020  65  3  5 1200  -21.0  980.6    6.8  144.0   75.0  444.0
2020  65  3  5 1300  -20.8  980.6    5.2  167.0   75.7  444.0
2020  65  3  5 1400  -20.7  980.1    5.3  157.0   76.0  444.0
2020  65  3  5 1500  -20.8  979.9    4.6  154.0   77.0  444.0
2020  65  3  5 1600  -20.5  979.6    5.3  156.0   79.0  444.0
2020  65  3  5 1700  -20.5  979.4    5.2  167.0   79.0  444.0
2020  65  3  5 1800  -19.9  979.0    5.9  164.0   81.0  444.0
2020  65  3  5 1900  -19.9  979.0    5.1  159.0   82.0  444.0
2020  65  3  5 2000  -19.8  978.9    5.0  169.0   82.2  444.0
2020  65  3  5 2100  -19.6  978.8    5.2  179.0   82.0  444.0
2020  65  3  5 2200  -19.1  978.8    5.9  162.0   82.0  444.0
2020  65  3  5 2300  -18.6  979.0    5.7  152.0   85.0  444.0
2020  66  3  6 0000  -17.6  979.0    5.7  152.0   86.0  444.0
2020  66  3  6 0100  -16.5  979.0    6.5  144.0   84.2  444.0
2020  66  3  6 0200  -16.8  979.2    6.1  140.0   83.0  444.0
2020  66  3  6 0300  -16.9  979.4    6.2  148.0   79.0  444.0
2020  66  3  6 0400  -17.3  979.8    4.8  165.0   76.0  444.0
2020  66  3  6 0500  -19.8  980.0    6.8  170.0   78.0  444.0
2020  66  3  6 0600  -19.2  980.2    5.8  152.0   75.8  444.0
2020  66  3  6 0700  -18.5  980.4    3.6  148.0   72.0  444.0
2020  66  3  6 0800  -18.2  980.5    4.7  182.0   75.0  444.0
2020  66  3  6 0900  -18.2  980.5    2.9  195.0   74.0  444.0
2020  66  3  6 1000  -18.6  980.5    8.9  182.0   72.1  444.0
2020  66  3  6 1100  -20.1  980.7    8.2  178.0   79.1  444.0
2020  66  3  6 1200  -20.5  981.1    4.9  155.0   79.0  444.0
2020  66  3  6 1300  -21.1  981.1    4.6  162.0   79.0  444.0
2020  66  3  6 1400  -21.6  981.0    4.5  172.0   73.0  444.0
2020  66  3  6 1500  -24.4  981.1    4.0  135.0   90.0  444.0
2020  66  3  6 1600  -24.9  981.1    4.1  143.0   82.9  444.0
2020  66  3  6 1700  -22.9  981.1    4.0  136.0   84.0  444.0
2020  66  3  6 1800  -24.0  981.4    2.3  135.0   82.0  444.0
2020  66  3  6 1900  -26.0  981.5    2.1  206.0   79.0  444.0
2020  66  3  6 2000  -27.1  981.5    1.6  197.0   79.1  444.0
2020  66  3  6 2100  -27.3  981.4    2.1  205.0   79.5  444.0
2020  66  3  6 2200  -26.8  981.3    1.6  215.0   81.0  444.0
2020  66  3  6 2300  -26.1  981.4    1.4  234.0   81.0  444.0
2020  67  3  7 0000  -24.2  981.0    0.8  237.0   83.0  444.0
2020  67  3  7 0100  -24.9  980.5    1.4  282.0   80.0  444.0
2020  67  3  7 0200  -23.5  980.4    2.0  190.0   81.6  444.0
2020  67  3  7 0300  -23.5  980.1    2.9  187.0   82.0  444.0
2020  67  3  7 0400  -22.4  979.4    3.5  181.0   82.6  444.0
2020  67  3  7 0500  -22.3  979.0    3.2  198.0   82.0  444.0
2020  67  3  7 0600  -22.6  979.0    5.5  240.0   73.0  444.0
2020  67  3  7 0700  -25.9  978.4    5.0  239.0   76.0  444.0
2020  67  3  7 0800  -24.6  977.9    5.0  221.0   76.0  444.0
2020  67  3  7 0900  -21.0  977.4    6.4  207.0   77.0  444.0
2020  67  3  7 1000  -19.9  977.2    5.1  222.0   76.0  444.0
2020  67  3  7 1100  -19.4  976.5    5.9  199.0   70.0  444.0
2020  67  3  7 1200  -21.2  975.7    3.9  170.0   72.0  444.0
2020  67  3  7 1300  -25.1  975.5    3.0  253.0   74.0  444.0
2020  67  3  7 1400  -26.1  974.8    2.8  261.0   73.9  444.0
2020  67  3  7 1500  -23.3  974.2    2.9  256.0   75.0  444.0
2020  67  3  7 1600  -21.2  973.6    3.0  193.0   75.0  444.0
2020  67  3  7 1700  -22.9  973.1    2.8  194.0   75.0  444.0
2020  67  3  7 1800  -23.9  972.5    3.2  192.0   75.5  444.0
2020  67  3  7 1900  -24.1  972.0    2.8  196.0   78.8  444.0
2020  67  3  7 2000  -22.6  971.2    2.0  179.0   75.0  444.0
2020  67  3  7 2100  -23.0  970.6    1.7  144.0   75.0  444.0
2020  67  3  7 2200  -23.7  969.9    2.4  111.0   72.0  444.0
2020  67  3  7 2300  -22.5  969.2    4.0  128.0   74.7  444.0
2020  68  3  8 0000  -21.9  968.5    3.8  116.0   73.3  444.0
2020  68  3  8 0100  -20.3  968.2    1.7  105.0   67.0  444.0
2020  68  3  8 0200  -20.0  967.8    1.9   92.0   66.8  444.0
2020  68  3  8 0300  -22.5  967.6    3.2  121.0   71.0  444.0
2020  68  3  8 0400  -21.5  967.5    5.1  111.0   72.0  444.0
2020  68  3  8 0500  -23.1  967.4    3.6  107.0   73.6  444.0
2020  68  3  8 0600  -24.8  967.1    3.6  107.0   79.0  444.0
2020  68  3  8 0700  -24.9  967.0    3.3  106.0   80.0  444.0
2020  68  3  8 0800  -25.4  966.9    3.6  101.0   82.0  444.0
2020  68  3  8 0900  -27.4  966.9    4.3  108.0   84.0  444.0
2020  68  3  8 1000  -26.8  967.0    4.7  137.0   75.0  444.0
2020  68  3  8 1100  -27.0  967.1    3.5  118.0   80.1  444.0
2020  68  3  8 1200  -29.2  967.0    3.7  140.0   78.8  444.0
2020  68  3  8 1300  -29.5  966.9    3.0  164.0   77.0  444.0
2020  68  3  8 1400  -32.2  966.6    4.0  182.0   78.0  444.0
2020  68  3  8 1500  -33.2  966.5    3.7  187.0   76.0  444.0
2020  68  3  8 1600  -32.8  966.9    3.7  180.0   76.2  444.0
2020  68  3  8 1700  -33.1  966.9    3.7  164.0   75.6  444.0
2020  68  3  8 1800  -29.6  967.5    5.2  174.0   77.0  444.0
2020  68  3  8 1900  -31.8  967.6    4.8  208.0   75.0  444.0
2020  68  3  8 2000  -28.6  967.4    8.8  203.0   76.0  444.0
2020  68  3  8 2100  -28.9  967.9    8.3  210.0   75.0  444.0
2020  68  3  8 2200  -30.4  968.5    6.6  212.0   73.9  444.0
2020  68  3  8 2300  -29.8  968.9    6.2  214.0   74.0  444.0
2020  69  3  9 0000  -26.9  969.2    6.3  220.0   75.0  444.0
2020  69  3  9 0100  -25.4  969.6    5.8  233.0   74.0  444.0
2020  69  3  9 0200  -24.9  969.8    5.8  236.0   74.0  444.0
2020  69  3  9 0300  -24.1  969.9    6.6  233.0   75.0  444.0
2020  69  3  9 0400  -24.9  970.4    5.3  227.0   74.0  444.0
2020  69  3  9 0500  -25.4  970.7    5.1  246.0   73.0  444.0
2020  69  3  9 0600  -25.4  970.9    4.4  255.0   74.9  444.0
2020  69  3  9 0700  -23.5  970.7    4.8  240.0   75.0  444.0
2020  69  3  9 0800  -20.0  970.1   12.2  188.0   78.0  444.0
2020  69  3  9 0900  -20.6  970.8   11.1  188.0   76.0  444.0
2020  69  3  9 1000  -22.0  971.1    9.4  193.0   75.0  444.0
2020  69  3  9 1100  -23.3  971.5    7.8  192.0   75.0  444.0
2020  69  3  9 1200  -24.3  971.6    7.2  195.0   71.0  444.0
2020  69  3  9 1300  -23.3  971.4    8.9  195.0   70.0  444.0
2020  69  3  9 1400  -22.8  971.6    9.1  200.0   71.0  444.0
2020  69  3  9 1500  -21.1  971.5    9.6  198.0   70.0  444.0
2020  69  3  9 1600  -20.2  971.3   10.8  203.0   72.0  444.0
2020  69  3  9 1700  -22.7  972.2    7.2  193.0   76.0  444.0
2020  69  3  9 1800  -22.4  972.7    7.7  197.0   74.0  444.0
2020  69  3  9 1900  -22.8  973.0    9.6  181.0   77.0  444.0
2020  69  3  9 2000  -23.1  973.6    7.2  188.0   78.0  444.0
2020  69  3  9 2100  -23.1  974.1    5.5  190.0   78.0  444.0
2020  69  3  9 2200  -23.8  974.4    7.1  190.0   77.0  444.0
2020  69  3  9 2300  -23.0  974.9    7.9  197.0   77.0  444.0
2020  70  3 10 0000  -22.1  974.9    8.4  208.0   78.0  444.0
2020  70  3 10 0100  -21.7  975.3    9.8  202.0   78.0  444.0
2020  70  3 10 0200  -21.8  975.6    9.3  203.0   77.0  444.0
2020  70  3 10 0300  -22.3  975.9    8.8  210.0   78.0  444.0
2020  70  3 10 0400  -22.3  976.7    7.9  203.0   78.1  444.0
2020  70  3 10 0500  -21.9  977.3    9.0  196.0   78.0  444.0
2020  70  3 10 0600  -23.4  978.2    8.4  196.0   79.0  444.0
2020  70  3 10 0700  -24.7  978.9    7.4  232.0   79.0  444.0
2020  70  3 10 0800  -25.4  979.2    7.7  229.0   80.0  444.0
2020  70  3 10 0900  -26.6  979.4    6.2  223.0   78.8  444.0
2020  70  3 10 1000  -27.7  979.7    5.0  222.0   78.0  444.0
2020  70  3 10 1100  -26.9  979.8    4.8  212.0   78.0  444.0
2020  70  3 10 1200  -27.1  980.2    4.4  204.0   78.0  444.0
2020  70  3 10 1300  -26.7  979.6    4.9  182.0   78.0  444.0
2020  70  3 10 1400  -28.9  979.4    3.7  175.0   77.0  444.0
2020  70  3 10 1500  -29.4  978.9    5.3  129.0   77.0  444.0
2020  70  3 10 1600  -28.9  979.0    3.4  131.0   77.0  444.0
2020  70  3 10 1700  -29.8  979.4    2.2  208.0   76.0  444.0
2020  70  3 10 1800  -28.7  980.2    3.6  218.0   77.0  444.0
2020  70  3 10 1900  -27.1  979.7    5.5  165.0   77.0  444.0
2020  70  3 10 2000  -26.3  979.4    4.6  150.0   71.0  444.0
2020  70  3 10 2100  -25.7  979.7    3.6  148.0   68.0  444.0
2020  70  3 10 2200  -25.7  979.4    3.5  108.0   67.0  444.0
2020  70  3 10 2300  -25.5  979.1    2.5  146.0   62.0  444.0
2020  71  3 11 0000  -26.3  978.5    1.5   95.0   65.0  444.0
2020  71  3 11 0100  -27.2  977.8    1.9  130.0   68.8  444.0
2020  71  3 11 0200  -26.2  977.3    0.9  274.0   66.0  444.0
2020  71  3 11 0300  -25.8  976.7    1.4  275.0   66.0  444.0
2020  71  3 11 0400  -26.4  975.5    1.2   90.0   69.0  444.0
2020  71  3 11 0500  -26.1  974.6    1.6  116.0   75.0  444.0
2020  71  3 11 0600  -24.9  974.4    1.9   62.0   77.0  444.0
2020  71  3 11 0700  -24.8  973.2    4.9   80.0   77.7  444.0
2020  71  3 11 0800  -24.9  971.7    6.1   90.0   78.0  444.0
2020  71  3 11 0900  -25.7  971.3    3.7  197.0   79.0  444.0
2020  71  3 11 1000  -25.5  970.8    4.6  163.0   78.7  444.0
2020  71  3 11 1100  -25.5  970.0    5.5  138.0   79.0  444.0
2020  71  3 11 1200  -25.1  969.1    4.9   95.0   80.0  444.0
2020  71  3 11 1300  -25.8  968.4    5.1   82.0   80.0  444.0
2020  71  3 11 1400  -24.3  967.9    5.1   80.0   82.0  444.0
2020  71  3 11 1500  -22.6  967.8    0.5  287.0   83.0  444.0
2020  71  3 11 1600  -24.5  967.6    4.7  233.0   80.0  444.0
2020  71  3 11 1700  -25.6  967.8    4.7  216.0   79.7  444.0
2020  71  3 11 1800  -24.4  967.6    4.2  211.0   80.0  444.0
2020  71  3 11 1900  -24.2  968.0    4.3  204.0   80.0  444.0
2020  71  3 11 2000  -23.4  968.3    3.6  205.0   80.0  444.0
2020  71  3 11 2100  -24.1  968.6    3.9  243.0   81.0  444.0
2020  71  3 11 2200  -22.3  968.9    6.3  230.0   81.0  444.0
2020  71  3 11 2300  -22.5  969.9    6.9  204.0   81.0  444.0
2020  72  3 12 0000  -22.1  970.7    6.9  207.0   82.0  444.0
2020  72  3 12 0100  -21.3  971.5    6.7  216.0   82.5  444.0
2020  72  3 12 0200  -19.7  972.0    7.0  181.0   84.0  444.0
2020  72  3 12 0300  -20.3  972.9    7.0  206.0   81.0  444.0
2020  72  3 12 0400  -21.5  973.4    5.5  209.0   82.0  444.0
2020  72  3 12 0500  -21.3  973.7    6.4  191.0   80.4  444.0
2020  72  3 12 0600  -21.5  974.4    5.9  190.0   81.0  444.0
2020  72  3 12 0700  -21.5  974.7    5.1  196.0   80.0  444.0
2020  72  3 12 0800  -21.6  975.2    4.8  209.0   80.0  444.0
2020  72  3 12 0900  -22.4  975.6    5.6  204.0   81.0  444.0
2020  72  3 12 1000  -23.1  976.4    4.9  202.0   80.2  444.0
2020  72  3 12 1100  -22.5  976.8    6.0  181.0   79.0  444.0
2020  72  3 12 1200  -21.9  977.1    7.2  178.0   80.0  444.0
2020  72  3 12 1300  -22.4  977.8   10.0  186.0   82.0  444.0
2020  72  3 12 1400  -23.2  978.1    8.1  196.0   82.0  444.0
2020  72  3 12 1500  -21.4  978.4   10.4  186.0   83.3  444.0
2020  72  3 12 1600  -21.2  978.8   11.9  191.0   84.0  444.0
2020  72  3 12 1700  -21.6  979.0   10.1  199.0   84.0  444.0
2020  72  3 12 1800  -21.1  979.3   12.2  191.0   84.0  444.0
2020  72  3 12 1900  -19.9  979.7   13.3  197.0   85.0  444.0
2020  72  3 12 2000  -20.4  980.2   14.3  197.0   84.4  444.0
2020  72  3 12 2100  -20.6  980.7   13.4  205.0   84.0  444.0
2020  72  3 12 2200  -20.7  981.3   12.9  208.0   84.0  444.0
2020  72  3 12 2300  -21.1  982.2   13.3  201.0   83.5  444.0
2020  73  3 13 0000  -21.6  982.8   14.6  194.0   83.0  444.0
2020  73  3 13 0100  -21.7  983.1   14.4  190.0   83.0  444.0
2020  73  3 13 0200  -21.4  983.5   13.7  189.0   83.0  444.0
2020  73  3 13 0300  -21.6  983.7   12.2  190.0   83.0  444.0
2020  73  3 13 0400  -21.7  984.0   11.3  189.0   83.0  444.0
2020  73  3 13 0500  -21.5  983.9   10.6  181.0   84.0  444.0
2020  73  3 13 0600  -21.1  984.2    9.7  179.0   84.0  444.0
2020  73  3 13 0700  -21.2  984.8    8.9  183.0   84.0  444.0
2020  73  3 13 0800  -21.4  984.9    8.8  179.0   84.1  444.0
2020  73  3 13 0900  -21.5  985.0    8.2  182.0   84.0  444.0
2020  73  3 13 1000  -21.6  985.1    8.0  180.0   84.0  444.0
2020  73  3 13 1100  -21.3  985.1    7.3  175.0   84.0  444.0
2020  73  3 13 1200  -21.2  984.8    6.5  177.0   84.0  444.0
2020  73  3 13 1300  -21.1  984.7    5.8  190.0   84.1  444.0
2020  73  3 13 1400  -21.3  984.4    4.4  188.0   84.0  444.0
2020  73  3 13 1500  -21.2  984.0    3.9  211.0   84.0  444.0
2020  73  3 13 1600  -21.5  983.9    2.8  206.0   84.0  444.0
2020  73  3 13 1700  -21.0  983.8    3.4  180.0   84.0  444.0
2020  73  3 13 1800  -21.8  983.4    2.1  223.0   83.7  444.0
2020  73  3 13 1900  -22.3  983.0    2.2  193.0   83.0  444.0
2020  73  3 13 2000  -23.2  982.7    2.5  253.0   81.0  444.0
2020  73  3 13 2100  -25.2  982.5    2.8  250.0   79.0  444.0
2020  73  3 13 2200  -26.0  982.3    2.6  216.0   80.0  444.0
2020  73  3 13 2300  -25.2  982.2    0.8  200.0   82.0  444.0
2020  74  3 14 0000  -26.7  981.9    2.4  188.0   77.0  444.0
2020  74  3 14 0100  -26.7  981.8    2.6  168.0   79.0  444.0
2020  74  3 14 0200  444.0  981.6    0.5  178.0   80.0  444.0
2020  74  3 14 0300  444.0  981.4    0.2  123.0   81.0  444.0
2020  74  3 14 0400  -29.9  981.4    2.5    5.0   73.0  444.0
2020  74  3 14 0500  -28.1  981.4    1.0  328.0   81.4  444.0
2020  74  3 14 0600  -27.2  981.1    1.1  123.0   79.3  444.0
2020  74  3 14 0700  -31.4  980.8    2.8  148.0   73.0  444.0
2020  74  3 14 0800  -33.5  980.9    1.3  116.0   72.0  444.0
2020  74  3 14 0900  -33.1  981.1    2.6   82.0   73.0  444.0
2020  74  3 14 1000  -33.4  981.3    3.5  133.0   72.7  444.0
2020  74  3 14 1100  -34.5  981.4    1.9  163.0   70.7  444.0
2020  74  3 14 1200  -34.0  981.6    3.1  151.0   73.0  444.0
2020  74  3 14 1300  -28.2  981.7    3.1  138.0   78.0  444.0
2020  74  3 14 1400  -27.4  981.9    3.3  143.0   78.0  444.0
2020  74  3 14 1500  -26.1  981.8    3.7  135.0   79.0  444.0
2020  74  3 14 1600  -26.0  981.8    4.9  137.0   79.8  444.0
2020  74  3 14 1700  -25.5  981.6    5.6  162.0   80.0  444.0
2020  74  3 14 1800  -25.7  981.4    6.5  172.0   80.0  444.0
2020  74  3 14 1900  -25.5  981.1    7.6  166.0   80.0  444.0
2020  74  3 14 2000  -25.2  981.1    8.3  169.0   81.0  444.0
2020  74  3 14 2100  -24.7  981.0    8.7  172.0   81.3  444.0
2020  74  3 14 2200  -24.4  980.9    9.3  169.0   81.0  444.0
2020  74  3 14 2300  -24.2  981.0    9.0  163.0   82.0  444.0
2020  75  3 15 0000  -23.6  980.9    7.8  176.0   83.0  444.0
2020  75  3 15 0100  -23.1  980.9    7.9  187.0   83.0  444.0
2020  75  3 15 0200  -23.3  980.8    9.1  196.0   82.0  444.0
2020  75  3 15 0300  -23.7  980.6    9.8  198.0   81.9  444.0
2020  75  3 15 0400  -23.6  980.8   10.0  199.0   82.0  444.0
2020  75  3 15 0500  -23.4  980.9    9.8  202.0   82.0  444.0
2020  75  3 15 0600  -23.7  980.9   11.0  205.0   82.0  444.0
2020  75  3 15 0700  -23.9  980.9    9.6  216.0   82.0  444.0
2020  75  3 15 0800  -24.4  980.8    9.1  217.0   81.5  444.0
2020  75  3 15 0900  -24.4  981.3    8.3  220.0   81.4  444.0
2020  75  3 15 1000  -24.2  981.4    8.0  227.0   81.0  444.0
2020  75  3 15 1100  -23.9  981.4    7.3  230.0   82.0  444.0
2020  75  3 15 1200  -23.2  981.7    7.4  225.0   82.0  444.0
2020  75  3 15 1300  -23.5  981.3    7.2  226.0   81.9  444.0
2020  75  3 15 1400  -23.8  981.1    7.2  202.0   81.8  444.0
2020  75  3 15 1500  -24.8  980.6    8.6  191.0   81.0  444.0
2020  75  3 15 1600  -26.1  981.4    7.8  218.0   79.0  444.0
2020  75  3 15 1700  -28.8  981.5    5.9  218.0   76.0  444.0
2020  75  3 15 1800  -30.4  981.6    7.5  208.0   75.7  444.0
2020  75  3 15 1900  -32.0  982.0    5.0  219.0   73.5  444.0
2020  75  3 15 2000  -32.2  982.3    4.3  195.0   74.0  444.0
2020  75  3 15 2100  -31.9  982.6    4.0  201.0   73.0  444.0
2020  75  3 15 2200  -32.1  982.7    4.3  218.0   74.0  444.0
2020  75  3 15 2300  -31.5  982.8    2.8  216.0   74.0  444.0
2020  76  3 16 0000  -30.4  982.8    4.9  182.0   76.0  444.0
2020  76  3 16 0100  -28.7  982.5    6.0  168.0   78.8  444.0
2020  76  3 16 0200  -28.6  982.4    4.8  163.0   78.0  444.0
2020  76  3 16 0300  -28.4  982.0    4.7  155.0   77.9  444.0
2020  76  3 16 0400  -28.6  981.8    5.8  158.0   77.2  444.0
2020  76  3 16 0500  -29.3  981.8    3.4  166.0   77.0  444.0
2020  76  3 16 0600  -29.2  981.8    3.4  176.0   76.2  444.0
2020  76  3 16 0700  -28.6  981.7    4.4  193.0   76.0  444.0
2020  76  3 16 0800  -29.0  981.6    3.1  185.0   77.0  444.0
2020  76  3 16 0900  -27.9  981.5    4.0  163.0   77.0  444.0
2020  76  3 16 1000  -28.5  981.3    3.2  150.0   77.0  444.0
2020  76  3 16 1100  -28.2  981.0    4.6  160.0   77.2  444.0
2020  76  3 16 1200  -28.4  980.5    4.0  168.0   77.0  444.0
2020  76  3 16 1300  -28.6  980.6    3.8  180.0   77.0  444.0
2020  76  3 16 1400  -27.8  980.3    5.6  168.0   78.0  444.0
2020  76  3 16 1500  -28.5  979.9    4.9  179.0   77.0  444.0
2020  76  3 16 1600  -29.3  979.9    4.5  184.0   75.6  444.0
2020  76  3 16 1700  -29.4  979.6    5.5  174.0   76.7  444.0
2020  76  3 16 1800  -27.4  979.3    8.4  173.0   78.0  444.0
2020  76  3 16 1900  -27.3  979.4    9.4  188.0   77.0  444.0
2020  76  3 16 2000  -27.7  979.3   10.3  184.0   78.0  444.0
2020  76  3 16 2100  -28.1  979.2    9.9  182.0   77.4  444.0
2020  76  3 16 2200  -27.8  979.2   10.1  187.0   77.0  444.0
2020  76  3 16 2300  -27.6  979.3    9.4  183.0   78.0  444.0
2020  77  3 17 0000  -27.0  979.1   10.8  181.0   78.0  444.0
2020  77  3 17 0100  -26.8  979.0   10.2  183.0   78.1  444.0
2020  77  3 17 0200  -26.9  978.8    9.8  184.0   78.2  444.0
2020  77  3 17 0300  -26.6  978.3   11.6  187.0   78.0  444.0
2020  77  3 17 0400  -26.8  978.7   11.5  181.0   78.2  444.0
2020  77  3 17 0500  -26.8  978.4   11.6  180.0   79.0  444.0
2020  77  3 17 0600  -26.8  978.3   11.9  181.0   78.6  444.0
2020  77  3 17 0700  -26.8  978.2   11.2  183.0   78.6  444.0
2020  77  3 17 0800  -26.8  978.1   11.1  187.0   79.0  444.0
2020  77  3 17 0900  -26.7  978.1   12.0  186.0   78.9  444.0
2020  77  3 17 1000  -26.0  978.0   12.0  187.0   80.0  444.0
2020  77  3 17 1100  -26.1  978.0   10.9  185.0   79.0  444.0
2020  77  3 17 1200  -26.7  978.1   11.4  186.0   79.0  444.0
2020  77  3 17 1300  -26.8  978.0   10.7  189.0   79.0  444.0
2020  77  3 17 1400  -26.4  977.9   11.2  185.0   79.3  444.0
2020  77  3 17 1500  -25.9  977.8   11.7  187.0   80.0  444.0
2020  77  3 17 1600  -25.8  977.9   11.4  184.0   80.0  444.0
2020  77  3 17 1700  -25.6  977.7   11.1  188.0   80.0  444.0
2020  77  3 17 1800  -25.4  977.6   10.5  195.0   80.0  444.0
2020  77  3 17 1900  -25.6  977.5   10.5  194.0   79.8  444.0
2020  77  3 17 2000  -25.5  977.2   11.0  192.0   80.0  444.0
2020  77  3 17 2100  -25.4  977.0   12.1  193.0   80.0  444.0
2020  77  3 17 2200  -25.4  977.2   12.7  192.0   80.0  444.0
2020  77  3 17 2300  -25.2  976.8   12.4  189.0   80.0  444.0
2020  78  3 18 0000  -25.0  976.5   13.3  190.0   80.1  444.0
2020  78  3 18 0100  -24.7  976.3   13.2  190.0   80.0  444.0
2020  78  3 18 0200  -24.3  976.2   14.0  190.0   81.0  444.0
2020  78  3 18 0300  -24.1  975.6   14.4  188.0   81.0  444.0
2020  78  3 18 0400  -24.3  975.7   14.7  193.0   81.0  444.0
2020  78  3 18 0500  -23.9  975.8   14.0  189.0   81.3  444.0
2020  78  3 18 0600  -23.9  975.8   14.1  194.0   81.0  444.0
2020  78  3 18 0700  -24.5  975.3   16.6  192.0   80.8  444.0
2020  78  3 18 0800  -25.0  975.8   15.5  192.0   81.0  444.0
2020  78  3 18 0900  -25.0  976.1   15.8  190.0   80.0  444.0
2020  78  3 18 1000  -24.9  976.3   16.2  190.0   81.0  444.0
2020  78  3 18 1100  -24.5  976.7   15.7  186.0   81.0  444.0
2020  78  3 18 1200  -24.0  976.8   15.9  185.0   81.3  444.0
2020  78  3 18 1300  -24.3  976.9   17.2  185.0   81.0  444.0
2020  78  3 18 1400  -24.2  977.3   15.3  183.0   81.0  444.0
2020  78  3 18 1500  -24.0  977.6   14.3  182.0   81.0  444.0
2020  78  3 18 1600  -24.1  978.6   12.3  187.0   81.0  444.0
2020  78  3 18 1700  -23.9  978.6   12.0  192.0   81.6  444.0
2020  78  3 18 1800  -23.9  978.8   13.2  192.0   82.0  444.0
2020  78  3 18 1900  -23.7  979.1   12.5  190.0   82.0  444.0
2020  78  3 18 2000  -24.0  979.4   10.9  190.0   81.6  444.0
2020  78  3 18 2100  -23.9  979.8   11.8  193.0   82.0  444.0
2020  78  3 18 2200  -24.3  980.0   12.2  188.0   81.0  444.0
2020  78  3 18 2300  -24.2  980.2   11.4  186.0   81.0  444.0
2020  79  3 19 0000  -23.8  980.2   11.7  180.0   81.0  444.0
2020  79  3 19 0100  -23.4  980.2   12.2  180.0   82.0  444.0
2020  79  3 19 0200  -23.5  980.2   12.0  177.0   81.0  444.0
2020  79  3 19 0300  -23.8  980.2   11.3  175.0   80.9  444.0
2020  79  3 19 0400  -24.3  980.9    9.5  182.0   81.0  444.0
2020  79  3 19 0500  -24.9  981.1    8.3  181.0   79.9  444.0
2020  79  3 19 0600  -25.7  981.4    6.8  196.0   79.0  444.0
2020  79  3 19 0700  -26.6  981.9    5.3  200.0   79.0  444.0
2020  79  3 19 0800  -27.6  982.1    4.6  201.0   77.4  444.0
2020  79  3 19 0900  -28.7  982.3    4.7  218.0   76.0  444.0
2020  79  3 19 1000  -30.2  982.3    4.1  237.0   75.4  444.0
2020  79  3 19 1100  -31.8  982.3    3.3  213.0   74.0  444.0
2020  79  3 19 1200  -33.2  982.4    2.7  236.0   72.0  444.0
2020  79  3 19 1300  -31.6  981.9    3.6  184.0   74.0  444.0
2020  79  3 19 1400  -32.0  981.6    2.8  212.0   74.0  444.0
2020  79  3 19 1500  -33.0  981.6    2.3  222.0   73.2  444.0
2020  79  3 19 1600  -32.9  981.7    0.9  176.0   72.0  444.0
2020  79  3 19 1700  -30.9  981.6    1.1  166.0   75.0  444.0
2020  79  3 19 1800  -29.8  981.7    1.1  154.0   76.0  444.0
2020  79  3 19 1900  -29.0  981.6    0.1  154.0   77.0  444.0
2020  79  3 19 2000  -28.1  981.6    1.6   64.0   77.5  444.0
2020  79  3 19 2100  -27.3  981.4    2.8   81.0   78.0  444.0
2020  79  3 19 2200  -27.0  981.3    3.7   84.0   78.0  444.0
2020  79  3 19 2300  -26.4  981.4    3.8   88.0   79.0  444.0
2020  80  3 20 0000  -25.9  981.1    4.1   85.0   79.0  444.0
2020  80  3 20 0100  -25.2  980.8    4.8   76.0   79.8  444.0
2020  80  3 20 0200  -23.8  980.5    4.6   92.0   81.0  444.0
2020  80  3 20 0300  -21.9  980.4    5.8   89.0   82.4  444.0
2020  80  3 20 0400  -21.9  980.4    4.8   92.0   83.0  444.0
2020  80  3 20 0500  -20.8  980.6    4.8  118.0   84.0  444.0
2020  80  3 20 0600  -22.2  980.6    3.8  128.0   82.8  444.0
2020  80  3 20 0700  -22.7  980.6    4.0  149.0   83.0  444.0
2020  80  3 20 0800  -23.0  980.9    1.8  220.0   83.1  444.0
2020  80  3 20 0900  -23.3  981.3    2.9  203.0   82.0  444.0
2020  80  3 20 1000  -23.8  981.6    2.7  212.0   82.0  444.0
2020  80  3 20 1100  -25.3  982.2    2.0  225.0   80.0  444.0
2020  80  3 20 1200  -26.1  982.6    1.4  202.0   81.0  444.0
2020  80  3 20 1300  -25.2  982.7    3.0  168.0   80.8  444.0
2020  80  3 20 1400  -28.5  982.8    1.9  137.0   79.0  444.0
2020  80  3 20 1500  -29.6  982.9    1.3  131.0   75.0  444.0
2020  80  3 20 1600  -27.0  982.9    2.9   93.0   80.0  444.0
2020  80  3 20 1700  -24.9  982.9    2.9   83.0   81.0  444.0
2020  80  3 20 1800  -23.2  983.1    2.5   64.0   82.3  444.0
2020  80  3 20 1900  444.0  983.4    0.5  193.0   84.0  444.0
2020  80  3 20 2000  -23.6  983.8    1.0  220.0   82.0  444.0
2020  80  3 20 2100  -22.1  983.6    0.9  216.0   83.0  444.0
2020  80  3 20 2200  -21.8  983.9    2.2  212.0   83.0  444.0
2020  80  3 20 2300  -22.9  983.8    4.5  188.0   82.6  444.0
2020  81  3 21 0000  -23.9  984.0    5.4  209.0   81.0  444.0
2020  81  3 21 0100  -24.6  983.8    6.8  185.0   81.0  444.0
2020  81  3 21 0200  -24.4  984.0    5.9  189.0   81.0  444.0
2020  81  3 21 0300  -24.7  984.3    6.2  211.0   80.4  444.0
2020  81  3 21 0400  -24.5  984.4    6.4  190.0   81.0  444.0
2020  81  3 21 0500  -24.9  984.8    8.6  178.0   80.0  444.0
2020  81  3 21 0600  -24.7  984.5   13.6  170.0   81.0  444.0
2020  81  3 21 0700  -24.8  985.1   13.4  170.0   81.0  444.0
2020  81  3 21 0800  -24.5  985.6   12.8  176.0   81.0  444.0
2020  81  3 21 0900  -24.7  986.8   10.4  194.0   81.0  444.0
2020  81  3 21 1000  -25.1  987.0   10.1  190.0   80.0  444.0
2020  81  3 21 1100  -24.8  986.6   13.0  181.0   80.9  444.0
2020  81  3 21 1200  -25.5  986.7   13.8  183.0   80.0  444.0
2020  81  3 21 1300  -26.1  987.2   13.6  186.0   79.0  444.0
2020  81  3 21 1400  -26.1  987.7   13.2  187.0   79.0  444.0
2020  81  3 21 1500  -25.9  987.8   13.9  187.0   79.0  444.0
2020  81  3 21 1600  -26.1  988.7   13.1  185.0   79.4  444.0
2020  81  3 21 1700  -26.3  988.8   12.0  180.0   79.0  444.0
2020  81  3 21 1800  -26.2  989.6   11.5  183.0   79.0  444.0
2020  81  3 21 1900  -26.6  990.0   12.4  184.0   78.0  444.0
2020  81  3 21 2000  -27.1  990.3   11.4  183.0   77.0  444.0
2020  81  3 21 2100  -28.1  990.7   11.2  186.0   77.0  444.0
2020  81  3 21 2200  -28.0  991.5   11.1  188.0   76.3  444.0
2020  81  3 21 2300  -28.2  992.5   11.0  200.0   76.0  444.0
2020  82  3 22 0000  -27.2  992.8    9.7  202.0   77.0  444.0
2020  82  3 22 0100  -27.6  993.3    7.6  196.0   76.0  444.0
2020  82  3 22 0200  -27.5  993.6    7.4  195.0   75.0  444.0
2020  82  3 22 0300  -28.1  993.9    6.1  216.0   74.0  444.0
2020  82  3 22 0400  -28.9  994.0    6.9  199.0   74.0  444.0
2020  82  3 22 0500  -30.2  993.8    6.5  181.0   74.0  444.0
2020  82  3 22 0600  -31.2  994.2    4.7  186.0   73.3  444.0
2020  82  3 22 0700  -31.4  994.2    4.6  175.0   73.0  444.0
2020  82  3 22 0800  -32.5  994.0    3.6  177.0   71.0  444.0
2020  82  3 22 0900  -33.6  993.7    2.8  156.0   70.0  444.0
2020  82  3 22 1000  -33.3  993.6    2.9  148.0   70.0  444.0
2020  82  3 22 1100  -32.4  993.2    3.3  129.0   70.0  444.0
2020  82  3 22 1200  -32.6  993.3    2.0  331.0   72.0  444.0
2020  82  3 22 1300  -31.7  992.8    0.6  222.0   73.0  444.0
2020  82  3 22 1400  -31.4  992.2    2.5  168.0   72.0  444.0
2020  82  3 22 1500  -31.7  991.2    3.6  145.0   72.0  444.0
2020  82  3 22 1600  -32.5  990.6    4.0  131.0   73.0  444.0
2020  82  3 22 1700  -31.4  989.9    6.1  143.0   74.0  444.0
2020  82  3 22 1800  -30.0  989.2    7.5  137.0   73.0  444.0
2020  82  3 22 1900  -29.9  988.8    9.0  150.0   75.0  444.0
2020  82  3 22 2000  -30.6  988.7    8.0  153.0   74.0  444.0
2020  82  3 22 2100  -30.4  988.7    5.8  155.0   74.0  444.0
2020  82  3 22 2200  -30.1  988.5    6.4  162.0   75.0  444.0
2020  82  3 22 2300  -29.9  988.3    6.2  165.0   75.0  444.0
2020  83  3 23 0000  -30.0  988.1    7.5  160.0   75.0  444.0
2020  83  3 23 0100  -29.9  987.9    8.0  154.0   74.8  444.0
2020  83  3 23 0200  -29.7  987.7    7.7  183.0   75.0  444.0
2020  83  3 23 0300  -29.8  987.6    8.7  156.0   75.0  444.0
2020  83  3 23 0400  -29.8  987.6    7.6  158.0   74.4  444.0
2020  83  3 23 0500  -29.9  987.5    7.7  164.0   75.0  444.0
2020  83  3 23 0600  -30.3  987.7    6.7  162.0   74.0  444.0
2020  83  3 23 0700  -30.5  987.5    7.4  167.0   72.0  444.0
2020  83  3 23 0800  -31.3  987.2    8.7  183.0   73.0  444.0
2020  83  3 23 0900  -31.4  986.8    7.3  191.0   72.3  444.0
2020  83  3 23 1000  -31.6  986.9    6.8  198.0   72.0  444.0
2020  83  3 23 1100  -31.8  986.7    6.7  201.0   72.0  444.0
2020  83  3 23 1200  -32.6  986.5    7.4  199.0   72.0  444.0
2020  83  3 23 1300  -33.5  986.4    6.8  193.0   71.0  444.0
2020  83  3 23 1400  -34.0  986.4    8.0  189.0   71.0  444.0
2020  83  3 23 1500  -34.6  986.5    8.3  181.0   70.2  444.0
2020  83  3 23 1600  -34.9  986.7    8.9  178.0   70.0  444.0
2020  83  3 23 1700  -34.5  986.8    8.6  188.0   71.0  444.0
2020  83  3 23 1800  -34.4  986.9    9.1  186.0   70.0  444.0
2020  83  3 23 1900  -34.4  987.2    9.0  190.0   70.0  444.0
2020  83  3 23 2000  -34.7  986.6    9.3  179.0   70.3  444.0
2020  83  3 23 2100  -33.8  986.2   11.9  179.0   71.0  444.0
2020  83  3 23 2200  -33.2  986.3   13.4  177.0   72.0  444.0
2020  83  3 23 2300  -32.6  986.6   12.3  178.0   72.1  444.0
2020  84  3 24 0000  -32.6  986.5   13.4  179.0   72.0  444.0
2020  84  3 24 0100  -32.3  986.7   12.8  180.0   72.0  444.0
2020  84  3 24 0200  -32.3  986.3   13.8  178.0   72.3  444.0
2020  84  3 24 0300  -32.2  986.2   12.9  182.0   72.0  444.0
2020  84  3 24 0400  -32.3  985.9   13.2  185.0   73.0  444.0
2020  84  3 24 0500  -31.8  985.3   13.3  189.0   73.0  444.0
2020  84  3 24 0600  -31.2  985.3   15.6  190.0   74.0  444.0
2020  84  3 24 0700  -31.2  985.2   15.9  192.0   74.0  444.0
2020  84  3 24 0800  -32.1  984.9   16.9  187.0   73.0  444.0
2020  84  3 24 0900  -32.0  985.1   16.3  195.0   73.0  444.0
2020  84  3 24 1000  -31.3  984.6   16.8  202.0   74.0  444.0
2020  84  3 24 1100  -30.6  983.8   17.3  205.0   75.0  444.0
2020  84  3 24 1200  -30.1  983.4   16.9  201.0   75.0  444.0
2020  84  3 24 1300  -28.6  982.3   18.5  197.0   76.0  444.0
2020  84  3 24 1400  -27.4  980.7   19.0  200.0   78.0  444.0
2020  84  3 24 1500  -26.3  979.8   20.9  203.0   79.0  444.0
2020  84  3 24 1600  -26.0  979.0   21.1  204.0   79.0  444.0
2020  84  3 24 1700  -26.0  978.4   20.4  200.0   79.0  444.0
2020  84  3 24 1800  -26.4  978.2   20.9  204.0   79.0  444.0
2020  84  3 24 1900  -27.9  977.2   21.5  201.0   78.0  444.0
2020  84  3 24 2000  -28.6  977.8   22.7  202.0   77.0  444.0
2020  84  3 24 2100  -28.2  976.6   21.7  204.0   77.0  444.0
2020  84  3 24 2200  -27.7  976.1   23.4  204.0   78.0  444.0
2020  84  3 24 2300  -27.1  975.6   25.1  208.0   78.0  444.0
2020  85  3 25 0000  -27.0  975.3   23.8  211.0   78.0  444.0
2020  85  3 25 0100  -27.0  974.5   23.4  210.0   78.4  444.0
2020  85  3 25 0200  -26.0  974.6   21.3  210.0   79.4  444.0
2020  85  3 25 0300  -25.4  973.4   22.8  213.0   80.0  444.0
2020  85  3 25 0400  -25.1  972.8   23.1  213.0   80.0  444.0
2020  85  3 25 0500  -24.7  972.1   21.4  210.0   81.0  444.0
2020  85  3 25 0600  -24.1  972.5   21.2  210.0   81.2  444.0
2020  85  3 25 0700  -23.7  971.8   20.4  209.0   82.0  444.0
2020  85  3 25 0800  -23.8  971.1   21.0  207.0   81.5  444.0
2020  85  3 25 0900  -23.7  970.2   21.5  208.0   82.0  444.0
2020  85  3 25 1000  -23.4  970.9   19.9  209.0   82.0  444.0
2020  85  3 25 1100  -23.3  970.0   20.2  209.0   82.0  444.0
2020  85  3 25 1200  -23.0  969.2   21.1  212.0   82.0  444.0
2020  85  3 25 1300  -23.2  967.7   22.2  216.0   82.3  444.0
2020  85  3 25 1400  -23.2  967.6   21.9  213.0   82.0  444.0
2020  85  3 25 1500  -23.0  967.0   21.0  212.0   82.0  444.0
2020  85  3 25 1600  -23.1  967.3   20.0  207.0   82.0  444.0
2020  85  3 25 1700  -23.2  967.4   20.6  205.0   82.0  444.0
2020  85  3 25 1800  -22.2  967.3   19.8  206.0   83.1  444.0
2020  85  3 25 1900  -22.3  966.9   20.7  204.0   83.0  444.0
2020  85  3 25 2000  -22.6  967.0   19.4  206.0   83.0  444.0
2020  85  3 25 2100  -22.7  966.5   19.5  209.0   83.0  444.0
2020  85  3 25 2200  -22.3  966.5   18.6  208.0   83.0  444.0
2020  85  3 25 2300  -22.3  966.5   19.0  206.0   82.9  444.0
2020  86  3 26 0000  -22.1  966.5   17.9  204.0   83.0  444.0
2020  86  3 26 0100  -22.4  966.4   17.0  206.0   83.0  444.0
2020  86  3 26 0200  -22.7  965.9   17.4  202.0   83.0  444.0
2020  86  3 26 0300  -22.4  966.1   17.4  203.0   83.0  444.0
2020  86  3 26 0400  -22.2  965.5   16.3  206.0   83.1  444.0
2020  86  3 26 0500  -22.0  965.6   15.2  204.0   83.0  444.0
2020  86  3 26 0600  -22.1  965.8   13.3  207.0   83.0  444.0
2020  86  3 26 0700  -22.1  965.1   15.0  209.0   83.0  444.0
2020  86  3 26 0800  -21.2  965.3   14.4  206.0   83.0  444.0
2020  86  3 26 0900  -21.5  965.7   15.4  202.0   83.4  444.0
2020  86  3 26 1000  -20.7  965.5   13.9  209.0   84.0  444.0
2020  86  3 26 1100  -20.6  965.3   11.9  216.0   83.6  444.0
2020  86  3 26 1200  -20.6  965.1   13.8  208.0   85.0  444.0
2020  86  3 26 1300  -20.3  965.1   13.6  208.0   85.0  444.0
2020  86  3 26 1400  -20.4  964.3   16.4  203.0   84.8  444.0
2020  86  3 26 1500  -20.4  964.2   15.0  204.0   85.0  444.0
2020  86  3 26 1600  -20.6  964.8   14.9  209.0   84.7  444.0
2020  86  3 26 1700  -20.4  964.9   14.4  204.0   84.0  444.0
2020  86  3 26 1800  -20.5  964.2   14.8  202.0   84.0  444.0
2020  86  3 26 1900  -20.4  963.9   14.8  202.0   84.2  444.0
2020  86  3 26 2000  -21.3  964.1   14.5  201.0   84.0  444.0
2020  86  3 26 2100  -21.5  964.1   12.4  206.0   83.1  444.0
2020  86  3 26 2200  -21.3  964.6   11.4  211.0   83.0  444.0
2020  86  3 26 2300  -21.4  964.3   11.7  213.0   83.0  444.0
2020  87  3 27 0000  -21.0  964.6   16.6  214.0   83.0  444.0
2020  87  3 27 0100  -21.1  964.4   11.5  209.0   82.0  444.0
2020  87  3 27 0200  -21.2  964.4    9.5  219.0   82.5  444.0
2020  87  3 27 0300  -21.8  964.2   10.4  210.0   82.0  444.0
2020  87  3 27 0400  -21.7  964.0    9.2  210.0   81.0  444.0
2020  87  3 27 0500  -21.7  963.8   10.4  209.0   82.0  444.0
2020  87  3 27 0600  -21.8  963.9   10.3  203.0   81.0  444.0
2020  87  3 27 0700  -22.1  963.7    9.4  210.0   79.5  444.0
2020  87  3 27 0800  -22.5  963.7    8.8  210.0   79.0  444.0
2020  87  3 27 0900  -22.4  963.7    9.2  203.0   77.0  444.0
2020  87  3 27 1000  -22.2  963.7    8.4  198.0   78.0  444.0
2020  87  3 27 1100  -22.7  964.0    6.3  206.0   78.0  444.0
2020  87  3 27 1200  -23.1  964.1    5.4  200.0   77.5  444.0
2020  87  3 27 1300  -24.2  964.2    3.3  219.0   78.0  444.0
2020  87  3 27 1400  -26.1  964.5  444.0  444.0   78.2  444.0
2020  87  3 27 1500  -27.6  964.5  444.0  444.0   77.0  444.0
2020  87  3 27 1600  -28.4  964.9  444.0  444.0   76.0  444.0
2020  87  3 27 1700  -27.9  964.8  444.0  444.0   75.6  444.0
2020  87  3 27 1800  -28.1  964.7  444.0  444.0   76.0  444.0
2020  87  3 27 1900  -27.4  965.0  444.0  444.0   76.2  444.0
2020  87  3 27 2000  -29.0  965.2  444.0  444.0   75.0  444.0
2020  87  3 27 2100  -29.1  965.5  444.0  444.0   75.0  444.0
2020  87  3 27 2200  -29.3  966.3  444.0  444.0   74.2  444.0
2020  87  3 27 2300  -29.1  966.4  444.0  444.0   74.0  444.0
2020  88  3 28 0000  -27.8  966.8  444.0  444.0   74.4  444.0
2020  88  3 28 0100  -24.8  967.0  444.0  444.0   76.1  444.0
2020  88  3 28 0200  -23.3  967.6    5.7  189.0   77.0  444.0
2020  88  3 28 0300  -22.5  967.9    9.8  195.0   79.0  444.0
2020  88  3 28 0400  -24.2  968.3    8.2  185.0   77.0  444.0
2020  88  3 28 0500  -24.2  968.8    5.8  200.0   76.3  444.0
2020  88  3 28 0600  -23.6  969.1    6.8  192.0   74.0  444.0
2020  88  3 28 0700  -23.9  969.3    5.6  204.0   73.0  444.0
2020  88  3 28 0800  -26.6  969.5    2.9  232.0   74.0  444.0
2020  88  3 28 0900  -28.4  969.7    4.1  217.0   73.0  444.0
2020  88  3 28 1000  -30.4  969.7    2.5  238.0   73.3  444.0
2020  88  3 28 1100  -30.8  969.6    4.0  220.0   72.0  444.0
2020  88  3 28 1200  -31.8  969.5    3.0  222.0   71.9  444.0
2020  88  3 28 1300  -32.2  969.4    3.1  242.0   73.0  444.0
2020  88  3 28 1400  -30.3  969.4    3.7  204.0   74.0  444.0
2020  88  3 28 1500  -27.8  969.0    2.5  242.0   74.7  444.0
2020  88  3 28 1600  -26.0  968.8    2.9  224.0   76.0  444.0
2020  88  3 28 1700  -25.9  968.9    4.1  187.0   75.4  444.0
2020  88  3 28 1800  -26.2  968.9    3.8  211.0   78.0  444.0
2020  88  3 28 1900  -22.2  968.5    6.6  225.0   80.0  444.0
2020  88  3 28 2000  -20.9  968.2    8.4  210.0   83.5  444.0
2020  88  3 28 2100  -19.9  968.0    9.8  214.0   85.0  444.0
2020  88  3 28 2200  -18.8  967.3   11.7  208.0   85.6  444.0
2020  88  3 28 2300  -19.1  967.8   10.3  205.0   86.0  444.0
2020  89  3 29 0000  -18.6  968.4   12.9  203.0   86.0  444.0
2020  89  3 29 0100  -19.1  968.5   11.5  218.0   85.8  444.0
2020  89  3 29 0200  -18.4  968.2   11.2  213.0   86.0  444.0
2020  89  3 29 0300  -18.1  968.7   12.5  217.0   86.6  444.0
2020  89  3 29 0400  -17.4  969.1   14.3  211.0   87.0  444.0
2020  89  3 29 0500  -17.2  969.3   14.6  216.0   88.0  444.0
2020  89  3 29 0600  -16.9  970.5   11.9  222.0   88.0  444.0
2020  89  3 29 0700  -16.9  971.4   10.7  214.0   87.0  444.0
2020  89  3 29 0800  -16.6  971.7   12.1  213.0   86.6  444.0
2020  89  3 29 0900  -17.1  972.5   10.2  214.0   85.0  444.0
2020  89  3 29 1000  -17.4  973.1    9.0  204.0   83.0  444.0
2020  89  3 29 1100  -19.1  974.0    7.3  189.0   82.0  444.0
2020  89  3 29 1200  -19.4  974.9    8.4  182.0   81.0  444.0
2020  89  3 29 1300  -20.5  975.6    8.4  187.0   78.8  444.0
2020  89  3 29 1400  -21.4  975.9    6.0  191.0   77.0  444.0
2020  89  3 29 1500  -24.3  976.5    2.8  246.0   80.0  444.0
2020  89  3 29 1600  -23.4  977.1    2.9  208.0   77.0  444.0
2020  89  3 29 1700  -24.1  977.5    1.9  165.0   80.0  444.0
2020  89  3 29 1800  -25.7  977.3    2.9  162.0   79.5  444.0
2020  89  3 29 1900  -26.4  977.6    2.7  119.0   78.0  444.0
2020  89  3 29 2000  -26.5  978.0    1.4  118.0   78.0  444.0
2020  89  3 29 2100  -24.8  978.7    1.5  155.0   78.0  444.0
2020  89  3 29 2200  -24.1  978.7    5.0  140.0   76.0  444.0
2020  89  3 29 2300  -22.7  978.7    7.8  162.0   72.4  444.0
2020  90  3 30 0000  -22.8  979.3    6.9  162.0   72.0  444.0
2020  90  3 30 0100  -23.0  979.6    8.7  165.0   70.1  444.0
2020  90  3 30 0200  -24.7  979.8    7.2  161.0   70.0  444.0
2020  90  3 30 0300  -26.3  980.2    5.1  186.0   71.0  444.0
2020  90  3 30 0400  -25.9  979.6    6.5  181.0   70.0  444.0
2020  90  3 30 0500  -27.9  980.4    5.4  200.0   75.4  444.0
2020  90  3 30 0600  -30.1  980.8    4.9  204.0   78.0  444.0
2020  90  3 30 0700  -24.8  981.0    6.3  227.0   77.0  444.0
2020  90  3 30 0800  -20.5  981.2    9.5  238.0   85.0  444.0
2020  90  3 30 0900  -18.5  982.1   11.1  233.0   87.0  444.0
2020  90  3 30 1000  -17.1  982.9    9.9  233.0   87.4  444.0
2020  90  3 30 1100  -15.5  983.5    9.0  232.0   87.9  444.0
2020  90  3 30 1200  -14.6  984.0   10.0  227.0   88.0  444.0
2020  90  3 30 1300  -14.4  984.4    8.3  238.0   89.0  444.0
2020  90  3 30 1400  -18.2  985.3    6.0  186.0   85.0  444.0
2020  90  3 30 1500  -20.4  985.9    6.2  176.0   81.0  444.0
2020  90  3 30 1600  -21.8  986.8    5.2  174.0   80.5  444.0
2020  90  3 30 1700  -18.9  987.2    8.7  186.0   77.0  444.0
2020  90  3 30 1800  -19.0  988.0    6.4  188.0   75.0  444.0
2020  90  3 30 1900  -21.1  988.7    5.5  244.0   75.0  444.0
2020  90  3 30 2000  -22.4  989.3    3.6  216.0   74.0  444.0
2020  90  3 30 2100  -25.4  989.7    4.1  226.0   76.8  444.0
2020  90  3 30 2200  -24.9  990.3    5.3  230.0   78.0  444.0
2020  90  3 30 2300  -24.2  991.0    5.9  220.0   77.0  444.0
2020  91  3 31 0000  -24.4  991.4    4.9  212.0   75.0  444.0
2020  91  3 31 0100  -23.9  991.8    4.5  207.0   73.0  444.0
2020  91  3 31 0200  -23.8  992.6    2.0  210.0   71.0  444.0
2020  91  3 31 0300  -25.3  992.9    3.4  238.0   70.0  444.0
2020  91  3 31 0400  -26.4  992.8    3.0  257.0   74.7  444.0
2020  91  3 31 0500  -27.7  992.7    4.0  259.0   76.0  444.0
2020  91  3 31 0600  -28.1  993.1    3.6  260.0   76.0  444.0
2020  91  3 31 0700  -27.6  993.1    4.5  260.0   78.0  444.0
2020  91  3 31 0800  -28.0  993.3    3.2  258.0   74.2  444.0
2020  91  3 31 0900  -27.9  992.9    4.8  236.0   73.9  444.0
2020  91  3 31 1000  -29.1  992.6    4.1  238.0   77.0  444.0
2020  91  3 31 1100  -29.1  992.9    2.7  254.0   74.0  444.0
2020  91  3 31 1200  -29.5  992.8    3.9  224.0   78.0  444.0
2020  91  3 31 1300  -30.2  992.6    3.4  208.0   77.0  444.0
2020  91  3 31 1400  -30.4  992.2    3.6  190.0   77.0  444.0
2020  91  3 31 1500  -30.4  992.1    4.1  162.0   77.0  444.0
2020  91  3 31 1600  -29.0  992.0    4.1  177.0   77.0  444.0
2020  91  3 31 1700  -29.4  991.8    4.1  203.0   76.0  444.0
2020  91  3 31 1800  -32.0  991.5    3.5  213.0   76.0  444.0
2020  91  3 31 1900  -28.7  991.2    4.8  213.0   78.0  444.0
2020  91  3 31 2000  -28.0  990.5    5.2  209.0   78.0  444.0
2020  91  3 31 2100  -26.5  990.3    3.5  224.0   79.0  444.0
2020  91  3 31 2200  -26.4  990.1    4.1  200.0   78.0  444.0
2020  91  3 31 2300  -28.8  990.0    4.3  202.0   78.0  444.0
