Year: 2017  Month: 05  ID: FER  ARGOS:  8947  Name: Ferrell             
Lat: 77.84S  Lon: 170.82E  Elev:   45m
2017 121  5  1 0000  -28.5  988.6    5.0  201.0   73.0  444.0
2017 121  5  1 0100  -28.6  988.0    5.0  195.0   71.9  444.0
2017 121  5  1 0200  -28.5  987.5    6.5  193.0   71.8  444.0
2017 121  5  1 0300  -28.9  986.8    5.4  198.0   73.0  444.0
2017 121  5  1 0400  -29.0  986.5    5.9  198.0   74.0  444.0
2017 121  5  1 0500  -28.2  986.0    7.6  195.0   71.0  444.0
2017 121  5  1 0600  -29.0  985.9    7.5  189.0   70.0  444.0
2017 121  5  1 0700  -29.7  985.5    5.5  207.0   70.4  444.0
2017 121  5  1 0800  -30.0  985.3    5.4  207.0   71.0  444.0
2017 121  5  1 0900  -30.3  985.0    5.8  198.0   74.3  444.0
2017 121  5  1 1000  -30.7  984.8    5.7  190.0   74.0  444.0
2017 121  5  1 1100  -31.2  984.4    4.2  205.0   74.0  444.0
2017 121  5  1 1200  -31.8  983.9    4.4  194.0   74.3  444.0
2017 121  5  1 1300  -32.8  983.5    4.6  204.0   74.0  444.0
2017 121  5  1 1400  -30.4  983.1    5.7  193.0   76.0  444.0
2017 121  5  1 1500  -32.3  982.4    3.7  196.0   74.0  444.0
2017 121  5  1 1600  -32.8  982.2    2.8  186.0   72.0  444.0
2017 121  5  1 1700  -34.0  981.9    2.3  251.0   70.1  444.0
2017 121  5  1 1800  -35.6  981.9    2.4  248.0   70.0  444.0
2017 121  5  1 1900  -32.3  981.4    2.8  207.0   73.0  444.0
2017 121  5  1 2000  -31.8  981.0    1.9  200.0   73.0  444.0
2017 121  5  1 2100  -32.2  980.9    1.8  251.0   74.0  444.0
2017 121  5  1 2200  -29.8  980.8    2.0  276.0   75.7  444.0
2017 121  5  1 2300  -27.9  980.2    2.5  280.0   77.0  444.0
2017 122  5  2 0000  -27.4  979.7    3.9  287.0   77.8  444.0
2017 122  5  2 0100  -26.5  979.3    3.7  273.0   78.9  444.0
2017 122  5  2 0200  -26.3  978.7    3.8  270.0   79.0  444.0
2017 122  5  2 0300  -24.7  978.3    3.6  251.0   81.0  444.0
2017 122  5  2 0400  -22.1  977.9    5.4  244.0   83.0  444.0
2017 122  5  2 0500  -20.4  977.3    6.3  234.0   84.2  444.0
2017 122  5  2 0600  -19.1  976.9    7.9  227.0   85.9  444.0
2017 122  5  2 0700  -19.2  976.5    7.9  226.0   85.0  444.0
2017 122  5  2 0800  -18.1  976.3   12.0  214.0   86.0  444.0
2017 122  5  2 0900  -18.6  975.6   11.1  209.0   86.0  444.0
2017 122  5  2 1000  -18.0  975.1   13.0  208.0   86.6  444.0
2017 122  5  2 1100  -18.0  974.6   13.3  208.0   86.5  444.0
2017 122  5  2 1200  -18.2  974.1   14.1  200.0   86.0  444.0
2017 122  5  2 1300  -18.5  973.9   10.9  204.0   87.0  444.0
2017 122  5  2 1400  -18.2  972.3   14.4  193.0   86.0  444.0
2017 122  5  2 1500  -18.4  971.7   15.2  200.0   86.0  444.0
2017 122  5  2 1600  -18.2  971.2   13.8  208.0   87.0  444.0
2017 122  5  2 1700  -18.1  970.5   15.2  201.0   87.0  444.0
2017 122  5  2 1800  -18.5  970.4   14.6  208.0   87.0  444.0
2017 122  5  2 1900  -18.6  970.1   15.4  206.0   86.0  444.0
2017 122  5  2 2000  -17.6  969.1   13.9  211.0   88.0  444.0
2017 122  5  2 2100  -17.3  968.3   18.6  209.0   87.0  444.0
2017 122  5  2 2200  -17.3  968.7   16.4  209.0   87.5  444.0
2017 122  5  2 2300  -17.6  968.4   16.4  208.0   87.0  444.0
2017 123  5  3 0000  -17.8  967.8   14.8  210.0   87.0  444.0
2017 123  5  3 0100  -18.2  967.5   14.4  209.0   87.0  444.0
2017 123  5  3 0200  -18.4  967.3   13.5  214.0   87.0  444.0
2017 123  5  3 0300  -18.2  966.6   15.3  203.0   86.6  444.0
2017 123  5  3 0400  -18.6  966.3   13.1  205.0   85.8  444.0
2017 123  5  3 0500  -18.3  966.1   12.6  205.0   85.0  444.0
2017 123  5  3 0600  -17.2  965.7   12.3  198.0   86.0  444.0
2017 123  5  3 0700  -17.5  966.2    9.0  218.0   85.0  444.0
2017 123  5  3 0800  -17.4  965.5    9.9  211.0   85.0  444.0
2017 123  5  3 0900  -17.1  964.7   11.0  206.0   81.4  444.0
2017 123  5  3 1000  -19.2  964.9    9.4  215.0   83.0  444.0
2017 123  5  3 1100  -18.5  964.5   11.4  216.0   83.0  444.0
2017 123  5  3 1200  -17.9  964.0   13.3  206.0   81.0  444.0
2017 123  5  3 1300  -17.8  963.8   12.0  195.0   80.0  444.0
2017 123  5  3 1400  -17.5  963.6   10.9  204.0   76.7  444.0
2017 123  5  3 1500  -18.2  963.2    9.2  199.0   79.0  444.0
2017 123  5  3 1600  -18.6  963.4    7.8  188.0   80.0  444.0
2017 123  5  3 1700  -15.1  963.0   11.9  207.0   66.0  444.0
2017 123  5  3 1800  -15.4  962.8   10.7  204.0   70.0  444.0
2017 123  5  3 1900  -14.9  962.5   14.0  212.0   73.6  444.0
2017 123  5  3 2000  -15.8  963.0   11.0  214.0   88.0  444.0
2017 123  5  3 2100  -14.7  963.2   11.0  220.0   82.0  444.0
2017 123  5  3 2200  -14.0  963.4   12.4  215.0   87.0  444.0
2017 123  5  3 2300  -13.7  963.6   10.4  214.0   86.0  444.0
2017 124  5  4 0000  -13.5  963.2   13.3  213.0   83.9  444.0
2017 124  5  4 0100  -13.4  963.1   17.4  209.0   89.0  444.0
2017 124  5  4 0200  -13.8  962.8   17.5  208.0   89.6  444.0
2017 124  5  4 0300  -14.5  963.2   17.5  205.0   90.0  444.0
2017 124  5  4 0400  -14.3  964.3   16.4  207.0   89.8  444.0
2017 124  5  4 0500  -14.8  965.1   17.9  207.0   89.7  444.0
2017 124  5  4 0600  -15.1  965.1   19.1  201.0   89.0  444.0
2017 124  5  4 0700  -15.0  965.5   17.9  204.0   89.4  444.0
2017 124  5  4 0800  -14.6  966.2   17.6  201.0   90.0  444.0
2017 124  5  4 0900  -14.8  966.5   16.4  199.0   90.0  444.0
2017 124  5  4 1000  -15.1  966.9   17.2  202.0   89.1  444.0
2017 124  5  4 1100  -15.2  967.5   16.3  200.0   89.0  444.0
2017 124  5  4 1200  -15.7  967.7   16.3  204.0   88.9  444.0
2017 124  5  4 1300  -16.2  967.9   16.1  202.0   88.0  444.0
2017 124  5  4 1400  -16.4  967.7   15.9  198.0   89.0  444.0
2017 124  5  4 1500  -16.1  968.3   15.0  200.0   89.0  444.0
2017 124  5  4 1600  -16.0  968.5   15.6  199.0   89.0  444.0
2017 124  5  4 1700  -15.6  968.7   15.1  205.0   89.0  444.0
2017 124  5  4 1800  -15.8  969.1   16.0  203.0   89.0  444.0
2017 124  5  4 1900  -16.1  969.3   15.2  204.0   88.0  444.0
2017 124  5  4 2000  -16.3  969.7   14.5  202.0   88.0  444.0
2017 124  5  4 2100  -16.9  969.9   14.3  217.0   87.9  444.0
2017 124  5  4 2200  -17.3  969.6   14.7  213.0   87.3  444.0
2017 124  5  4 2300  -17.7  970.1   14.2  212.0   87.0  444.0
2017 125  5  5 0000  -18.5  969.3   16.2  198.0   86.0  444.0
2017 125  5  5 0100  -19.0  969.3   16.1  204.0   86.0  444.0
2017 125  5  5 0200  -19.6  970.0   15.1  206.0   85.4  444.0
2017 125  5  5 0300  -19.7  969.5   14.9  198.0   85.1  444.0
2017 125  5  5 0400  -19.7  969.8   14.4  195.0   85.0  444.0
2017 125  5  5 0500  -19.8  969.7   14.8  188.0   85.4  444.0
2017 125  5  5 0600  -19.4  969.5   14.5  190.0   86.0  444.0
2017 125  5  5 0700  -19.8  969.1   16.0  185.0   85.0  444.0
2017 125  5  5 0800  -19.8  970.0   13.7  176.0   84.9  444.0
2017 125  5  5 0900  -20.0  969.5   15.0  185.0   84.0  444.0
2017 125  5  5 1000  -20.6  970.2   14.0  182.0   84.0  444.0
2017 125  5  5 1100  -20.7  970.9   12.7  180.0   84.0  444.0
2017 125  5  5 1200  -21.1  970.9   10.6  179.0   83.0  444.0
2017 125  5  5 1300  -21.4  970.9   10.7  176.0   83.3  444.0
2017 125  5  5 1400  -21.3  970.9   11.2  179.0   83.0  444.0
2017 125  5  5 1500  -21.4  970.9   11.9  180.0   83.2  444.0
2017 125  5  5 1600  -21.4  971.2   10.6  178.0   83.0  444.0
2017 125  5  5 1700  -21.9  971.7   10.5  175.0   83.0  444.0
2017 125  5  5 1800  -22.3  971.9    7.6  177.0   82.9  444.0
2017 125  5  5 1900  -22.3  972.3    6.0  169.0   82.9  444.0
2017 125  5  5 2000  -22.4  972.2    6.8  163.0   82.7  444.0
2017 125  5  5 2100  -22.5  972.8    6.5  167.0   83.0  444.0
2017 125  5  5 2200  -22.6  972.9    5.4  178.0   82.0  444.0
2017 125  5  5 2300  -22.3  973.0    4.5  165.0   83.0  444.0
2017 126  5  6 0000  -22.3  973.3    3.5  179.0   82.4  444.0
2017 126  5  6 0100  -22.3  973.4    3.4  161.0   82.3  444.0
2017 126  5  6 0200  -22.5  973.8    1.0  200.0   83.0  444.0
2017 126  5  6 0300  -22.8  973.5    1.1  200.0   82.6  444.0
2017 126  5  6 0400  -23.0  973.1    0.4  200.0   83.0  444.0
2017 126  5  6 0500  -23.4  972.9    0.0    0.0   82.0  444.0
2017 126  5  6 0600  -23.6  973.2  444.0  444.0   82.1  444.0
2017 126  5  6 0700  -24.3  973.0  444.0  444.0   81.0  444.0
2017 126  5  6 0800  -24.2  973.1  444.0  444.0   81.6  444.0
2017 126  5  6 0900  -24.0  973.2  444.0  444.0   82.0  444.0
2017 126  5  6 1000  -23.3  972.8  444.0  444.0   82.0  444.0
2017 126  5  6 1100  -24.0  972.8  444.0  444.0   82.0  444.0
2017 126  5  6 1200  -24.0  973.2  444.0  444.0   82.0  444.0
2017 126  5  6 1300  -23.7  972.9  444.0  444.0   82.0  444.0
2017 126  5  6 1400  -26.1  972.7  444.0  444.0   80.0  444.0
2017 126  5  6 1500  -25.9  972.7  444.0  444.0   80.0  444.0
2017 126  5  6 1600  -29.0  972.8  444.0  444.0   76.2  444.0
2017 126  5  6 1700  -29.1  973.2  444.0  444.0   77.0  444.0
2017 126  5  6 1800  -27.2  973.3    3.1  157.0   78.9  444.0
2017 126  5  6 1900  -25.4  973.4    6.7  150.0   80.0  444.0
2017 126  5  6 2000  -24.8  973.9    6.1  144.0   80.0  444.0
2017 126  5  6 2100  -24.7  974.2    5.7  156.0   80.0  444.0
2017 126  5  6 2200  -25.1  974.5    6.5  163.0   79.1  444.0
2017 126  5  6 2300  -25.2  974.9    5.6  155.0   78.4  444.0
2017 127  5  7 0000  -25.2  975.1    6.2  159.0   78.0  444.0
2017 127  5  7 0100  -25.6  975.8    5.2  164.0   79.0  444.0
2017 127  5  7 0200  -25.9  976.0    5.9  161.0   78.0  444.0
2017 127  5  7 0300  -26.0  976.3    4.9  176.0   78.0  444.0
2017 127  5  7 0400  -26.1  976.4    6.3  168.0   78.0  444.0
2017 127  5  7 0500  -26.2  976.7    4.8  174.0   78.0  444.0
2017 127  5  7 0600  -26.0  976.7    4.4  201.0   78.4  444.0
2017 127  5  7 0700  -26.2  976.8    6.4  205.0   79.0  444.0
2017 127  5  7 0800  -27.1  976.9    6.4  195.0   78.0  444.0
2017 127  5  7 0900  -28.6  977.3    5.5  184.0   77.0  444.0
2017 127  5  7 1000  -29.9  977.6    3.1  176.0   76.0  444.0
2017 127  5  7 1100  -29.3  977.3    3.4  185.0   76.4  444.0
2017 127  5  7 1200  -28.2  977.4    2.5  206.0   78.0  444.0
2017 127  5  7 1300  -25.9  977.3    7.1  212.0   77.0  444.0
2017 127  5  7 1400  -24.9  977.2    6.1  218.0   78.0  444.0
2017 127  5  7 1500  -23.6  977.1    8.2  221.0   79.0  444.0
2017 127  5  7 1600  -22.6  977.0    7.6  204.0   82.3  444.0
2017 127  5  7 1700  -22.9  977.6    7.9  184.0   82.0  444.0
2017 127  5  7 1800  -22.6  977.7    9.5  193.0   82.0  444.0
2017 127  5  7 1900  -23.6  978.0   10.1  200.0   82.0  444.0
2017 127  5  7 2000  -23.5  977.9   10.3  199.0   82.0  444.0
2017 127  5  7 2100  -23.4  977.9    9.6  209.0   82.2  444.0
2017 127  5  7 2200  -24.0  978.3   10.8  196.0   81.0  444.0
2017 127  5  7 2300  -24.7  978.6    9.2  194.0   81.0  444.0
2017 128  5  8 0000  -25.4  978.4    8.8  195.0   79.0  444.0
2017 128  5  8 0100  -26.0  978.5    8.3  211.0   79.0  444.0
2017 128  5  8 0200  -25.3  978.4    8.7  216.0   80.2  444.0
2017 128  5  8 0300  -25.0  978.2   10.5  197.0   79.0  444.0
2017 128  5  8 0400  -26.5  978.1    7.9  211.0   77.8  444.0
2017 128  5  8 0500  -26.8  977.8    9.4  210.0   79.0  444.0
2017 128  5  8 0600  -26.9  977.4   11.1  208.0   79.0  444.0
2017 128  5  8 0700  -27.3  978.0   11.6  187.0   78.0  444.0
2017 128  5  8 0800  -28.2  978.0   10.3  186.0   77.0  444.0
2017 128  5  8 0900  -29.2  977.8    9.6  191.0   76.4  444.0
2017 128  5  8 1000  -30.0  977.7    8.6  197.0   76.0  444.0
2017 128  5  8 1100  -29.3  977.4    8.3  196.0   76.0  444.0
2017 128  5  8 1200  -29.2  977.2    8.9  181.0   76.0  444.0
2017 128  5  8 1300  -29.5  976.8    8.0  189.0   75.0  444.0
2017 128  5  8 1400  -29.1  976.0   10.9  178.0   74.6  444.0
2017 128  5  8 1500  -29.9  975.9   10.9  185.0   74.0  444.0
2017 128  5  8 1600  -30.4  975.5    8.5  193.0   74.0  444.0
2017 128  5  8 1700  -30.3  974.6   11.4  182.0   74.0  444.0
2017 128  5  8 1800  -31.2  974.1   13.3  188.0   73.0  444.0
2017 128  5  8 1900  -32.1  973.7   12.3  206.0   72.8  444.0
2017 128  5  8 2000  -31.4  973.7   10.9  196.0   74.0  444.0
2017 128  5  8 2100  -31.2  973.4   10.9  198.0   73.0  444.0
2017 128  5  8 2200  -31.6  972.8   11.3  200.0   73.0  444.0
2017 128  5  8 2300  -31.8  972.9    9.6  195.0   72.0  444.0
2017 129  5  9 0000  -31.4  972.8    9.9  194.0   71.0  444.0
2017 129  5  9 0100  -31.9  972.4   11.0  190.0   72.2  444.0
2017 129  5  9 0200  -31.6  972.2   11.8  196.0   72.0  444.0
2017 129  5  9 0300  -30.3  972.2   11.9  194.0   74.0  444.0
2017 129  5  9 0400  -29.8  972.0   10.2  200.0   73.9  444.0
2017 129  5  9 0500  -29.2  971.8   10.7  198.0   75.0  444.0
2017 129  5  9 0600  -28.8  971.5   12.0  199.0   76.0  444.0
2017 129  5  9 0700  -28.6  971.8   11.8  205.0   77.0  444.0
2017 129  5  9 0800  -29.4  971.8   11.8  203.0   76.0  444.0
2017 129  5  9 0900  -28.5  971.7   13.8  196.0   77.0  444.0
2017 129  5  9 1000  -27.8  971.7   15.0  198.0   78.0  444.0
2017 129  5  9 1100  -27.6  972.3   14.8  197.0   78.0  444.0
2017 129  5  9 1200  -28.0  972.0   15.0  197.0   77.2  444.0
2017 129  5  9 1300  -27.8  972.4   15.0  200.0   77.0  444.0
2017 129  5  9 1400  -27.5  972.2   16.1  199.0   78.0  444.0
2017 129  5  9 1500  -27.9  972.7   15.1  197.0   77.0  444.0
2017 129  5  9 1600  -28.2  973.2   15.0  197.0   77.0  444.0
2017 129  5  9 1700  -27.8  973.2   17.5  197.0   77.0  444.0
2017 129  5  9 1800  -27.6  973.7   16.9  192.0   78.0  444.0
2017 129  5  9 1900  -28.0  973.7   16.9  196.0   77.0  444.0
2017 129  5  9 2000  -28.4  974.4   15.8  194.0   76.9  444.0
2017 129  5  9 2100  -28.7  974.3   16.7  200.0   77.0  444.0
2017 129  5  9 2200  -28.8  975.1   15.1  201.0   77.0  444.0
2017 129  5  9 2300  -28.1  975.2   15.4  197.0   77.0  444.0
2017 130  5 10 0000  -28.2  975.0   15.9  198.0   77.0  444.0
2017 130  5 10 0100  -28.0  975.5   15.8  196.0   77.2  444.0
2017 130  5 10 0200  -28.1  976.0   16.0  200.0   77.0  444.0
2017 130  5 10 0300  -28.4  976.1   16.7  199.0   77.0  444.0
2017 130  5 10 0400  -27.9  975.8   15.8  204.0   77.4  444.0
2017 130  5 10 0500  -27.2  975.8   16.1  200.0   78.0  444.0
2017 130  5 10 0600  -26.6  975.5   16.5  201.0   79.0  444.0
2017 130  5 10 0700  -26.7  975.4   16.4  198.0   79.0  444.0
2017 130  5 10 0800  -26.2  974.7   18.9  198.0   79.0  444.0
2017 130  5 10 0900  -25.9  974.4   18.8  199.0   79.0  444.0
2017 130  5 10 1000  -26.0  975.1   18.4  196.0   79.0  444.0
2017 130  5 10 1100  -26.1  974.5   18.8  191.0   79.0  444.0
2017 130  5 10 1200  -25.9  975.1   16.9  187.0   79.0  444.0
2017 130  5 10 1300  -25.4  975.4   16.4  193.0   79.9  444.0
2017 130  5 10 1400  -25.1  975.6   16.0  191.0   80.0  444.0
2017 130  5 10 1500  -24.9  976.0   15.6  191.0   80.0  444.0
2017 130  5 10 1600  -25.2  976.5   14.4  190.0   80.0  444.0
2017 130  5 10 1700  -25.4  977.0   14.1  188.0   80.0  444.0
2017 130  5 10 1800  -25.1  977.3   13.1  185.0   80.1  444.0
2017 130  5 10 1900  -25.1  977.6   10.6  187.0   80.0  444.0
2017 130  5 10 2000  -25.0  977.6   10.9  190.0   80.0  444.0
2017 130  5 10 2100  -24.8  977.5    9.9  188.0   79.0  444.0
2017 130  5 10 2200  -25.1  977.4   10.1  184.0   78.0  444.0
2017 130  5 10 2300  -25.2  977.2    8.7  185.0   77.8  444.0
2017 131  5 11 0000  -26.1  977.1    8.3  178.0   76.0  444.0
2017 131  5 11 0100  -26.5  976.8    8.7  175.0   75.0  444.0
2017 131  5 11 0200  -26.7  977.2    5.9  191.0   75.2  444.0
2017 131  5 11 0300  -26.7  977.0    5.4  192.0   75.0  444.0
2017 131  5 11 0400  -26.7  977.1    4.7  205.0   75.0  444.0
2017 131  5 11 0500  -27.9  976.7    3.7  203.0   75.0  444.0
2017 131  5 11 0600  -28.9  976.4    4.3  193.0   74.0  444.0
2017 131  5 11 0700  -30.1  976.2    3.5  171.0   72.3  444.0
2017 131  5 11 0800  -31.5  975.8    2.9  188.0   72.0  444.0
2017 131  5 11 0900  -31.5  975.6    1.5  208.0   72.0  444.0
2017 131  5 11 1000  -32.6  975.6  444.0  444.0   71.0  444.0
2017 131  5 11 1100  -32.5  975.2  444.0  444.0   70.6  444.0
2017 131  5 11 1200  -30.7  975.1  444.0  444.0   71.0  444.0
2017 131  5 11 1300  -30.7  974.9  444.0  444.0   72.0  444.0
2017 131  5 11 1400  -31.1  974.7  444.0  444.0   73.0  444.0
2017 131  5 11 1500  -30.6  974.3  444.0  444.0   74.0  444.0
2017 131  5 11 1600  -30.8  974.0  444.0  444.0   74.2  444.0
2017 131  5 11 1700  -31.1  973.7  444.0  444.0   74.4  444.0
2017 131  5 11 1800  -31.9  973.4  444.0  444.0   75.0  444.0
2017 131  5 11 1900  -32.5  972.9  444.0  444.0   74.0  444.0
2017 131  5 11 2000  -31.3  972.6    2.3  112.0   74.0  444.0
2017 131  5 11 2100  -30.0  972.5    3.8   98.0   74.4  444.0
2017 131  5 11 2200  -29.6  972.4    4.3  120.0   75.2  444.0
2017 131  5 11 2300  -28.4  972.1    3.8  128.0   75.0  444.0
2017 132  5 12 0000  -27.8  971.5    4.9  118.0   75.0  444.0
2017 132  5 12 0100  -27.6  971.3    2.5  111.0   75.0  444.0
2017 132  5 12 0200  -27.2  970.7    3.8  111.0   75.6  444.0
2017 132  5 12 0300  -27.0  970.1    4.0  126.0   76.0  444.0
2017 132  5 12 0400  -27.3  969.9    3.3  120.0   79.0  444.0
2017 132  5 12 0500  -27.9  969.6    2.5  112.0   77.7  444.0
2017 132  5 12 0600  -27.2  969.2    3.1  110.0   78.0  444.0
2017 132  5 12 0700  -26.1  968.8    3.6   98.0   79.0  444.0
2017 132  5 12 0800  -26.3  968.7  444.0  444.0   79.0  444.0
2017 132  5 12 0900  -27.9  968.6  444.0  444.0   77.0  444.0
2017 132  5 12 1000  -29.6  968.3  444.0  444.0   76.1  444.0
2017 132  5 12 1100  -29.8  968.2  444.0  444.0   75.0  444.0
2017 132  5 12 1200  -31.1  968.2  444.0  444.0   74.0  444.0
2017 132  5 12 1300  -32.1  968.9  444.0  444.0   73.0  444.0
2017 132  5 12 1400  -31.8  969.2  444.0  444.0   74.0  444.0
2017 132  5 12 1500  -31.6  969.9  444.0  444.0   72.0  444.0
2017 132  5 12 1600  -30.7  970.5  444.0  444.0   74.4  444.0
2017 132  5 12 1700  -28.2  971.1  444.0  444.0   77.0  444.0
2017 132  5 12 1800  -29.3  971.7  444.0  444.0   76.0  444.0
2017 132  5 12 1900  -30.0  972.5  444.0  444.0   75.0  444.0
2017 132  5 12 2000  -30.0  972.9  444.0  444.0   75.4  444.0
2017 132  5 12 2100  -30.5  973.2  444.0  444.0   74.9  444.0
2017 132  5 12 2200  -31.2  973.7  444.0  444.0   74.0  444.0
2017 132  5 12 2300  -33.3  973.9  444.0  444.0   72.0  444.0
2017 133  5 13 0000  -34.8  974.3  444.0  444.0   70.0  444.0
2017 133  5 13 0100  -34.9  974.7  444.0  444.0   70.2  444.0
2017 133  5 13 0200  -33.6  974.3  444.0  444.0   71.9  444.0
2017 133  5 13 0300  -34.8  974.9  444.0  444.0   66.4  444.0
2017 133  5 13 0400  -36.4  974.7  444.0  444.0   69.8  444.0
2017 133  5 13 0500  -34.9  974.3  444.0  444.0   72.0  444.0
2017 133  5 13 0600  -33.9  974.2  444.0  444.0   71.0  444.0
2017 133  5 13 0700  -31.6  973.6  444.0  444.0   73.2  444.0
2017 133  5 13 0800  -31.1  973.0  444.0  444.0   74.1  444.0
2017 133  5 13 0900  -33.7  972.9  444.0  444.0   71.0  444.0
2017 133  5 13 1000  -33.1  972.7  444.0  444.0   72.0  444.0
2017 133  5 13 1100  -31.7  971.7  444.0  444.0   73.0  444.0
2017 133  5 13 1200  -34.8  971.3  444.0  444.0   70.7  444.0
2017 133  5 13 1300  -35.1  970.5  444.0  444.0   70.0  444.0
2017 133  5 13 1400  -33.6  969.7  444.0  444.0   72.0  444.0
2017 133  5 13 1500  -31.2  969.0    2.8  268.0   74.0  444.0
2017 133  5 13 1600  -32.2  968.2    2.6  268.0   73.0  444.0
2017 133  5 13 1700  -32.4  967.4    2.3  268.0   73.0  444.0
2017 133  5 13 1800  -31.3  967.0    3.1  291.0   74.0  444.0
2017 133  5 13 1900  -30.2  966.0    3.7  302.0   75.1  444.0
2017 133  5 13 2000  -30.2  964.9    3.4  302.0   75.0  444.0
2017 133  5 13 2100  -30.2  964.3    3.3  252.0   75.0  444.0
2017 133  5 13 2200  -25.5  963.4    5.6  304.0   80.0  444.0
2017 133  5 13 2300  -24.9  962.7    4.9  292.0   81.0  444.0
2017 134  5 14 0000  -24.2  961.8    4.4  312.0   80.6  444.0
2017 134  5 14 0100  -24.9  961.1    4.9  313.0   80.5  444.0
2017 134  5 14 0200  -24.3  960.7    3.8  313.0   81.0  444.0
2017 134  5 14 0300  -23.4  960.8    5.1  306.0   82.0  444.0
2017 134  5 14 0400  -22.9  959.7    6.7  321.0   83.0  444.0
2017 134  5 14 0500  -21.6  959.8    5.2  307.0   83.7  444.0
2017 134  5 14 0600  -21.2  959.9    6.4  312.0   84.2  444.0
2017 134  5 14 0700  -16.4  959.9    9.0  219.0   88.1  444.0
2017 134  5 14 0800  -17.8  960.5    4.3  261.0   87.0  444.0
2017 134  5 14 0900  -17.6  961.2    5.6  239.0   87.0  444.0
2017 134  5 14 1000  -20.1  962.2    8.3  214.0   84.2  444.0
2017 134  5 14 1100  -23.6  963.0    7.3  213.0   82.0  444.0
2017 134  5 14 1200  -24.7  964.0    5.1  235.0   81.0  444.0
2017 134  5 14 1300  -23.6  964.4    5.2  253.0   82.0  444.0
2017 134  5 14 1400  -24.0  965.4    5.6  227.0   82.0  444.0
2017 134  5 14 1500  -26.2  966.8    9.1  216.0   79.1  444.0
2017 134  5 14 1600  -28.5  968.4    6.3  212.0   77.0  444.0
2017 134  5 14 1700  -28.8  969.5    8.7  223.0   77.0  444.0
2017 134  5 14 1800  -29.0  971.0    8.4  216.0   77.0  444.0
2017 134  5 14 1900  -28.7  971.9    8.7  210.0   77.0  444.0
2017 134  5 14 2000  -28.8  972.5    9.6  196.0   76.9  444.0
2017 134  5 14 2100  -28.7  972.8   10.6  186.0   77.0  444.0
2017 134  5 14 2200  -28.3  973.5   10.8  180.0   77.2  444.0
2017 134  5 14 2300  -28.1  974.4    9.3  197.0   78.0  444.0
2017 135  5 15 0000  -27.8  974.8   11.4  193.0   78.0  444.0
2017 135  5 15 0100  -27.0  975.1   11.9  204.0   78.8  444.0
2017 135  5 15 0200  -26.1  974.4   11.5  187.0   80.0  444.0
2017 135  5 15 0300  -25.1  975.0    8.0  184.0   80.8  444.0
2017 135  5 15 0400  -24.9  974.7    2.5  221.0   81.0  444.0
2017 135  5 15 0500  -20.5  973.9    5.9  246.0   86.0  444.0
2017 135  5 15 0600  -17.2  973.4    7.5  236.0   87.0  444.0
2017 135  5 15 0700  -17.6  972.7    6.9  231.0   88.4  444.0
2017 135  5 15 0800  -17.7  972.5    6.9  221.0   87.1  444.0
2017 135  5 15 0900  -19.2  972.0    4.2  236.0   86.0  444.0
2017 135  5 15 1000  -19.8  971.5    4.6  224.0   85.0  444.0
2017 135  5 15 1100  -19.3  970.6    4.6  249.0   86.0  444.0
2017 135  5 15 1200  -18.4  969.9    4.8  251.0   87.0  444.0
2017 135  5 15 1300  -16.2  969.1    4.8  257.0   89.2  444.0
2017 135  5 15 1400  -12.9  968.5    8.8  238.0   92.0  444.0
2017 135  5 15 1500  -11.3  967.6    9.5  244.0   93.0  444.0
2017 135  5 15 1600  -10.5  967.0   10.4  229.0   93.0  444.0
2017 135  5 15 1700  -11.0  966.5    9.0  228.0   92.7  444.0
2017 135  5 15 1800  -10.6  966.1    9.8  224.0   92.7  444.0
2017 135  5 15 1900  -10.8  965.9   12.3  219.0   92.0  444.0
2017 135  5 15 2000  -12.2  965.7   11.8  219.0   91.0  444.0
2017 135  5 15 2100  -15.1  965.9    9.7  214.0   90.0  444.0
2017 135  5 15 2200  -15.0  966.0    7.3  214.0   89.0  444.0
2017 135  5 15 2300  -14.1  965.8    5.3  222.0   90.8  444.0
2017 136  5 16 0000  -11.1  964.9    8.2  215.0   93.0  444.0
2017 136  5 16 0100  -11.0  964.9    8.5  225.0   92.7  444.0
2017 136  5 16 0200  -13.0  964.9    9.2  212.0   91.0  444.0
2017 136  5 16 0300  -13.6  964.7    7.3  218.0   91.0  444.0
2017 136  5 16 0400  -11.7  963.5   11.9  208.0   91.7  444.0
2017 136  5 16 0500  -11.5  963.3   11.6  213.0   92.7  444.0
2017 136  5 16 0600  -10.9  962.9   12.2  212.0   92.5  444.0
2017 136  5 16 0700  -11.6  962.7   12.4  210.0   92.0  444.0
2017 136  5 16 0800  -11.2  961.7   15.0  208.0   93.0  444.0
2017 136  5 16 0900  -11.4  962.7   13.9  216.0   92.0  444.0
2017 136  5 16 1000  -12.5  962.9   14.3  206.0   91.0  444.0
2017 136  5 16 1100  -12.8  963.8   12.2  210.0   91.5  444.0
2017 136  5 16 1200  -12.5  964.0   13.9  211.0   92.0  444.0
2017 136  5 16 1300  -12.6  964.1   12.2  209.0   91.0  444.0
2017 136  5 16 1400  -12.4  964.7   12.9  221.0   92.0  444.0
2017 136  5 16 1500  -12.3  965.3   11.6  218.0   92.0  444.0
2017 136  5 16 1600  -11.8  965.5   12.4  221.0   92.2  444.0
2017 136  5 16 1700  -12.1  966.2   11.4  208.0   92.0  444.0
2017 136  5 16 1800  -12.5  967.0   12.1  205.0   92.0  444.0
2017 136  5 16 1900  -12.7  967.9   12.8  207.0   92.0  444.0
2017 136  5 16 2000  -12.9  969.0   12.7  198.0   92.0  444.0
2017 136  5 16 2100  -13.1  970.0   12.3  195.0   91.3  444.0
2017 136  5 16 2200  -13.2  970.7   12.4  198.0   91.0  444.0
2017 136  5 16 2300  -13.8  971.6   14.2  188.0   90.0  444.0
2017 137  5 17 0000  -14.4  972.9   14.6  187.0   90.0  444.0
2017 137  5 17 0100  -15.0  974.1   13.2  192.0   89.5  444.0
2017 137  5 17 0200  -15.6  974.5   14.0  200.0   88.9  444.0
2017 137  5 17 0300  -16.7  975.5   12.8  197.0   88.0  444.0
2017 137  5 17 0400  -17.0  976.8   13.2  188.0   88.1  444.0
2017 137  5 17 0500  -16.7  977.3   11.8  191.0   88.0  444.0
2017 137  5 17 0600  -15.9  977.8   13.0  194.0   89.0  444.0
2017 137  5 17 0700  -16.4  978.5   12.1  196.0   89.0  444.0
2017 137  5 17 0800  -16.4  979.2   11.4  196.0   88.0  444.0
2017 137  5 17 0900  -16.0  979.8   11.5  204.0   88.8  444.0
2017 137  5 17 1000  -16.0  980.4   11.7  209.0   89.0  444.0
2017 137  5 17 1100  -15.9  980.2   12.4  210.0   88.0  444.0
2017 137  5 17 1200  -16.3  980.2   12.7  213.0   88.0  444.0
2017 137  5 17 1300  -16.5  980.4   12.0  210.0   88.0  444.0
2017 137  5 17 1400  -16.8  981.0    9.6  210.0   86.9  444.0
2017 137  5 17 1500  -16.8  981.2   11.0  205.0   87.7  444.0
2017 137  5 17 1600  -17.2  982.1    9.9  204.0   87.0  444.0
2017 137  5 17 1700  -17.9  982.6    9.5  209.0   87.0  444.0
2017 137  5 17 1800  -18.2  983.0    8.2  207.0   85.0  444.0
2017 137  5 17 1900  -18.7  983.7    7.3  202.0   84.1  444.0
2017 137  5 17 2000  -17.6  983.6    8.0  199.0   87.0  444.0
2017 137  5 17 2100  -18.2  984.2    8.5  196.0   86.0  444.0
2017 137  5 17 2200  -17.2  984.4   10.5  196.0   86.0  444.0
2017 137  5 17 2300  -18.4  985.2    8.8  192.0   85.0  444.0
2017 138  5 18 0000  -18.6  985.0    9.7  203.0   83.7  444.0
2017 138  5 18 0100  -20.0  985.5   10.0  193.0   84.3  444.0
2017 138  5 18 0200  -19.4  985.6   13.0  191.0   85.0  444.0
2017 138  5 18 0300  -19.4  986.3   11.4  212.0   85.0  444.0
2017 138  5 18 0400  -19.0  986.3   14.1  200.0   85.0  444.0
2017 138  5 18 0500  -19.8  987.3   14.1  191.0   85.0  444.0
2017 138  5 18 0600  -19.8  987.9   10.4  191.0   84.6  444.0
2017 138  5 18 0700  -19.7  988.8    8.7  205.0   84.0  444.0
2017 138  5 18 0800  -21.3  989.1    7.7  196.0   83.1  444.0
2017 138  5 18 0900  -22.7  988.9    9.4  206.0   83.0  444.0
2017 138  5 18 1000  -23.5  989.6    8.7  210.0   82.0  444.0
2017 138  5 18 1100  -23.6  989.7    9.6  216.0   82.0  444.0
2017 138  5 18 1200  -23.9  990.1    9.6  193.0   82.0  444.0
2017 138  5 18 1300  -24.1  989.7    8.1  192.0   81.0  444.0
2017 138  5 18 1400  -23.0  989.7    9.5  187.0   83.0  444.0
2017 138  5 18 1500  -24.7  991.0    5.1  257.0   81.0  444.0
2017 138  5 18 1600  -24.4  990.7    7.5  229.0   82.0  444.0
2017 138  5 18 1700  -22.7  990.4   10.4  198.0   81.0  444.0
2017 138  5 18 1800  -21.2  989.4   14.9  198.0   83.9  444.0
2017 138  5 18 1900  -21.3  990.0   15.4  202.0   83.0  444.0
2017 138  5 18 2000  -22.4  990.2   11.9  211.0   82.0  444.0
2017 138  5 18 2100  -23.2  989.6    9.9  216.0   82.0  444.0
2017 138  5 18 2200  -24.0  989.6    9.7  204.0   82.0  444.0
2017 138  5 18 2300  -23.9  989.7    7.3  214.0   80.8  444.0
2017 139  5 19 0000  -25.0  989.5    6.5  221.0   79.0  444.0
2017 139  5 19 0100  -23.1  989.7    8.1  218.0   82.0  444.0
2017 139  5 19 0200  -25.3  989.3    6.6  238.0   81.0  444.0
2017 139  5 19 0300  -23.6  989.1    8.5  232.0   82.0  444.0
2017 139  5 19 0400  -23.6  989.2    8.2  212.0   80.1  444.0
2017 139  5 19 0500  -24.2  988.8    7.2  216.0   81.0  444.0
2017 139  5 19 0600  -22.6  988.0    7.4  215.0   81.0  444.0
2017 139  5 19 0700  -23.6  987.7    4.5  223.0   81.0  444.0
2017 139  5 19 0800  -26.4  987.2    2.8  296.0   80.0  444.0
2017 139  5 19 0900  -24.4  987.0    2.1  296.0   81.2  444.0
2017 139  5 19 1000  -22.6  986.4    2.0  296.0   82.0  444.0
2017 139  5 19 1100  -23.1  985.3    2.8  296.0   81.0  444.0
2017 139  5 19 1200  -22.1  984.0    0.5  296.0   80.0  444.0
2017 139  5 19 1300  -19.4  982.9    7.0  203.0   82.0  444.0
2017 139  5 19 1400  -18.7  982.3    7.1  199.0   81.0  444.0
2017 139  5 19 1500  -18.8  981.1    8.0  193.0   81.0  444.0
2017 139  5 19 1600  -20.3  980.7    5.1  239.0   81.2  444.0
2017 139  5 19 1700  -18.1  979.8    9.6  209.0   80.0  444.0
2017 139  5 19 1800  -18.0  979.2   11.0  208.0   81.0  444.0
2017 139  5 19 1900  -18.0  979.0   10.6  216.0   79.0  444.0
2017 139  5 19 2000  -17.8  978.7   10.9  215.0   85.0  444.0
2017 139  5 19 2100  -17.3  978.5    7.5  236.0   80.0  444.0
2017 139  5 19 2200  -19.1  977.9   10.3  224.0   81.0  444.0
2017 139  5 19 2300  -19.8  976.5   12.2  206.0   84.0  444.0
2017 140  5 20 0000  -17.9  976.1   14.1  213.0   78.2  444.0
2017 140  5 20 0100  -18.0  975.5   13.2  207.0   78.0  444.0
2017 140  5 20 0200  -18.8  974.7   14.8  219.0   81.4  444.0
2017 140  5 20 0300  -19.9  974.5   14.1  209.0   78.0  444.0
2017 140  5 20 0400  -19.6  974.1   12.8  222.0   79.3  444.0
2017 140  5 20 0500  -19.8  974.8   11.8  210.0   80.0  444.0
2017 140  5 20 0600  -20.3  974.3   14.6  202.0   79.0  444.0
2017 140  5 20 0700  -21.1  973.7   16.5  204.0   82.3  444.0
2017 140  5 20 0800  -21.7  973.3   14.6  204.0   82.0  444.0
2017 140  5 20 0900  -26.1  974.6    7.8  175.0   78.7  444.0
2017 140  5 20 1000  -27.7  974.6    8.5  192.0   76.3  444.0
2017 140  5 20 1100  -28.8  975.0    8.3  195.0   76.0  444.0
2017 140  5 20 1200  -28.9  975.2    8.0  209.0   75.0  444.0
2017 140  5 20 1300  -28.5  975.2    8.7  214.0   76.0  444.0
2017 140  5 20 1400  -27.4  975.6    8.9  214.0   77.2  444.0
2017 140  5 20 1500  -26.5  975.7    9.2  215.0   78.0  444.0
2017 140  5 20 1600  -26.0  975.8   10.8  200.0   78.0  444.0
2017 140  5 20 1700  -26.4  976.3   10.7  201.0   78.2  444.0
2017 140  5 20 1800  -26.9  975.8   13.6  197.0   78.0  444.0
2017 140  5 20 1900  -27.7  976.4   12.5  201.0   77.6  444.0
2017 140  5 20 2000  -27.3  976.9   12.5  205.0   78.0  444.0
2017 140  5 20 2100  -27.7  977.0   12.5  205.0   78.0  444.0
2017 140  5 20 2200  -27.5  976.9   12.5  206.0   78.0  444.0
2017 140  5 20 2300  -27.4  977.4   15.1  199.0   78.0  444.0
2017 141  5 21 0000  -27.6  977.8   14.6  198.0   77.8  444.0
2017 141  5 21 0100  -26.9  977.6   14.3  197.0   79.0  444.0
2017 141  5 21 0200  -27.9  977.8   15.2  204.0   78.0  444.0
2017 141  5 21 0300  -27.4  977.8   14.2  197.0   78.2  444.0
2017 141  5 21 0400  -27.7  977.5   12.3  201.0   77.8  444.0
2017 141  5 21 0500  -26.6  976.8   12.3  194.0   79.1  444.0
2017 141  5 21 0600  -25.5  976.0   11.7  201.0   82.0  444.0
2017 141  5 21 0700  -24.5  976.0   14.8  196.0   80.7  444.0
2017 141  5 21 0800  -24.3  975.9   14.8  202.0   81.0  444.0
2017 141  5 21 0900  -24.2  975.1   15.8  196.0   81.0  444.0
2017 141  5 21 1000  -24.1  974.7   15.2  198.0   81.4  444.0
2017 141  5 21 1100  -24.3  975.1   14.3  204.0   81.0  444.0
2017 141  5 21 1200  -24.4  974.0   16.1  204.0   81.2  444.0
2017 141  5 21 1300  -24.4  973.7   17.1  197.0   81.0  444.0
2017 141  5 21 1400  -24.0  973.4   15.7  200.0   81.0  444.0
2017 141  5 21 1500  -24.0  973.0   15.6  201.0   81.0  444.0
2017 141  5 21 1600  -24.2  972.9   15.6  202.0   81.0  444.0
2017 141  5 21 1700  -24.0  972.9   15.0  200.0   81.0  444.0
2017 141  5 21 1800  -24.2  972.9   13.5  202.0   81.0  444.0
2017 141  5 21 1900  -24.2  973.2   12.6  195.0   80.0  444.0
2017 141  5 21 2000  -24.2  972.9   14.7  192.0   79.8  444.0
2017 141  5 21 2100  -24.5  972.7   15.0  187.0   80.0  444.0
2017 141  5 21 2200  -24.1  972.7   15.0  188.0   80.1  444.0
2017 141  5 21 2300  -25.2  972.4   14.1  189.0   79.0  444.0
2017 142  5 22 0000  -24.8  972.2   14.5  188.0   80.0  444.0
2017 142  5 22 0100  -25.6  972.2   12.2  188.0   77.8  444.0
2017 142  5 22 0200  -24.4  971.7   14.4  189.0   80.0  444.0
2017 142  5 22 0300  -24.1  971.4   14.4  192.0   79.6  444.0
2017 142  5 22 0400  -24.2  971.1   13.4  197.0   79.0  444.0
2017 142  5 22 0500  -24.3  970.8   12.0  202.0   79.0  444.0
2017 142  5 22 0600  -25.4  970.7   11.9  208.0   78.0  444.0
2017 142  5 22 0700  -25.5  970.7    9.8  209.0   77.0  444.0
2017 142  5 22 0800  -24.9  970.6    8.2  216.0   76.6  444.0
2017 142  5 22 0900  -26.3  970.4    6.5  227.0   73.0  444.0
2017 142  5 22 1000  -25.2  969.9    7.5  231.0   71.7  444.0
2017 142  5 22 1100  -23.3  969.3    8.2  238.0   72.0  444.0
2017 142  5 22 1200  -21.1  968.8    8.9  238.0   72.0  444.0
2017 142  5 22 1300  -20.9  968.2    8.8  244.0   73.4  444.0
2017 142  5 22 1400  -20.0  967.7    9.4  244.0   74.0  444.0
2017 142  5 22 1500  -19.5  967.5    9.8  243.0   74.4  444.0
2017 142  5 22 1600  -18.9  967.5   10.1  225.0   77.0  444.0
2017 142  5 22 1700  -18.5  966.8   13.0  227.0   82.0  444.0
2017 142  5 22 1800  -18.6  966.0   16.1  220.0   84.5  444.0
2017 142  5 22 1900  -17.9  965.9   17.1  223.0   86.0  444.0
2017 142  5 22 2000  -17.4  967.1   16.2  218.0   87.5  444.0
2017 142  5 22 2100  -18.2  967.7   14.9  214.0   87.0  444.0
2017 142  5 22 2200  -17.6  967.4   13.7  217.0   87.0  444.0
2017 142  5 22 2300  -17.1  967.2   14.4  206.0   87.3  444.0
2017 143  5 23 0000  -16.8  967.2   17.9  208.0   88.0  444.0
2017 143  5 23 0100  -16.4  967.8   13.8  213.0   88.3  444.0
2017 143  5 23 0200  -15.7  967.3   16.4  212.0   88.8  444.0
2017 143  5 23 0300  -15.8  968.2   15.2  204.0   89.0  444.0
2017 143  5 23 0400  -15.5  968.8   13.4  210.0   89.0  444.0
2017 143  5 23 0500  -15.3  968.9   14.0  210.0   89.0  444.0
2017 143  5 23 0600  -15.5  969.0   14.8  206.0   88.9  444.0
2017 143  5 23 0700  -15.5  969.6   14.0  209.0   88.8  444.0
2017 143  5 23 0800  -16.3  970.4   13.0  211.0   88.3  444.0
2017 143  5 23 0900  -16.9  971.4   12.2  208.0   88.0  444.0
2017 143  5 23 1000  -17.3  972.1    9.2  207.0   87.0  444.0
2017 143  5 23 1100  -18.0  972.8   10.0  200.0   86.7  444.0
2017 143  5 23 1200  -18.7  973.7    7.6  199.0   86.2  444.0
2017 143  5 23 1300  -17.4  974.2    8.5  206.0   87.5  444.0
2017 143  5 23 1400  -16.8  974.7    8.3  197.0   88.0  444.0
2017 143  5 23 1500  -16.3  975.1    6.4  214.0   89.0  444.0
2017 143  5 23 1600  -16.6  975.5   11.3  199.0   87.0  444.0
2017 143  5 23 1700  -17.3  976.2    9.8  197.0   86.6  444.0
2017 143  5 23 1800  -16.5  976.7    7.9  188.0   84.6  444.0
2017 143  5 23 1900  -16.3  977.2    5.5  222.0   86.9  444.0
2017 143  5 23 2000  -16.3  977.0    9.8  210.0   87.0  444.0
2017 143  5 23 2100  -19.0  977.9    8.4  223.0   84.0  444.0
2017 143  5 23 2200  -20.7  978.6    7.0  217.0   84.5  444.0
2017 143  5 23 2300  -21.3  979.2    8.2  215.0   83.4  444.0
2017 144  5 24 0000  -21.9  979.9    8.8  214.0   83.1  444.0
2017 144  5 24 0100  -22.9  980.6    7.8  224.0   82.0  444.0
2017 144  5 24 0200  -23.2  981.7    7.5  225.0   82.0  444.0
2017 144  5 24 0300  -22.9  982.6    9.4  208.0   82.0  444.0
2017 144  5 24 0400  -22.7  983.6    7.5  216.0   82.5  444.0
2017 144  5 24 0500  -20.8  983.7    9.5  220.0   83.6  444.0
2017 144  5 24 0600  -20.8  984.8    9.4  214.0   83.0  444.0
2017 144  5 24 0700  -22.8  985.7    9.5  211.0   82.0  444.0
2017 144  5 24 0800  -24.0  986.7    5.7  228.0   80.0  444.0
2017 144  5 24 0900  -22.7  987.2    8.5  216.0   83.0  444.0
2017 144  5 24 1000  -23.0  987.7    9.3  206.0   81.8  444.0
2017 144  5 24 1100  -22.9  987.8   11.0  192.0   82.0  444.0
2017 144  5 24 1200  -23.4  987.9   11.6  187.0   81.0  444.0
2017 144  5 24 1300  -23.2  988.7   10.7  193.0   81.0  444.0
2017 144  5 24 1400  -23.0  989.1   11.8  195.0   80.0  444.0
2017 144  5 24 1500  -23.5  989.7    8.8  201.0   79.3  444.0
2017 144  5 24 1600  -24.8  990.5    8.6  198.0   80.0  444.0
2017 144  5 24 1700  -21.3  991.0   10.2  211.0   80.0  444.0
2017 144  5 24 1800  -23.6  991.4    9.8  218.0   80.0  444.0
2017 144  5 24 1900  -23.1  991.7   10.4  206.0   79.0  444.0
2017 144  5 24 2000  -23.2  992.1   11.0  201.0   80.1  444.0
2017 144  5 24 2100  -22.5  992.3   11.3  197.0   79.0  444.0
2017 144  5 24 2200  -23.4  992.9   11.1  194.0   79.0  444.0
2017 144  5 24 2300  -23.1  993.3   11.4  188.0   79.0  444.0
2017 145  5 25 0000  -23.3  993.4   11.4  189.0   80.0  444.0
2017 145  5 25 0100  -23.2  994.1    9.4  200.0   79.5  444.0
2017 145  5 25 0200  -22.6  994.3   10.4  203.0   80.0  444.0
2017 145  5 25 0300  -23.0  994.9   10.3  199.0   80.4  444.0
2017 145  5 25 0400  -23.3  994.9   10.8  193.0   79.0  444.0
2017 145  5 25 0500  -23.3  995.5    9.6  193.0   78.0  444.0
2017 145  5 25 0600  -21.8  995.1   11.5  189.0   78.0  444.0
2017 145  5 25 0700  -22.3  995.2    9.7  193.0   76.0  444.0
2017 145  5 25 0800  -22.8  995.6    7.2  194.0   77.1  444.0
2017 145  5 25 0900  -21.9  995.8    9.5  189.0   78.9  444.0
2017 145  5 25 1000  -22.0  995.8   10.0  197.0   79.0  444.0
2017 145  5 25 1100  -21.0  996.0   10.6  185.0   81.0  444.0
2017 145  5 25 1200  -20.7  996.3    7.9  204.0   81.0  444.0
2017 145  5 25 1300  -20.1  996.2    8.1  208.0   81.3  444.0
2017 145  5 25 1400  -19.8  996.1   10.3  200.0   84.0  444.0
2017 145  5 25 1500  -19.8  995.8   11.1  187.0   84.0  444.0
2017 145  5 25 1600  -20.1  996.4    9.5  196.0   84.0  444.0
2017 145  5 25 1700  -20.1  996.2   11.5  189.0   84.0  444.0
2017 145  5 25 1800  -20.5  996.4   10.4  196.0   82.3  444.0
2017 145  5 25 1900  -21.1  996.3   10.5  190.0   82.0  444.0
2017 145  5 25 2000  -21.6  996.8    8.1  193.0   82.0  444.0
2017 145  5 25 2100  -21.5  996.8    9.4  192.0   83.0  444.0
2017 145  5 25 2200  -21.5  996.9    8.9  187.0   83.3  444.0
2017 145  5 25 2300  -21.2  996.7    7.4  197.0   83.5  444.0
2017 146  5 26 0000  -21.2  996.4    7.5  196.0   83.0  444.0
2017 146  5 26 0100  -21.5  996.1    5.9  203.0   83.0  444.0
2017 146  5 26 0200  -21.7  995.8    6.3  209.0   83.0  444.0
2017 146  5 26 0300  -21.6  995.6    7.7  202.0   82.0  444.0
2017 146  5 26 0400  -22.1  995.0    7.7  206.0   82.0  444.0
2017 146  5 26 0500  -22.4  994.8    7.5  195.0   82.0  444.0
2017 146  5 26 0600  -22.4  994.1    6.7  209.0   81.5  444.0
2017 146  5 26 0700  -22.6  993.7    6.3  230.0   81.0  444.0
2017 146  5 26 0800  -22.9  993.1    7.6  211.0   80.0  444.0
2017 146  5 26 0900  -23.0  992.9    7.6  208.0   79.0  444.0
2017 146  5 26 1000  -22.5  991.9    8.7  198.0   77.0  444.0
2017 146  5 26 1100  -21.9  991.7    9.4  211.0   74.0  444.0
2017 146  5 26 1200  -22.2  990.8   11.1  197.0   73.0  444.0
2017 146  5 26 1300  -23.0  990.2    8.1  210.0   77.0  444.0
2017 146  5 26 1400  -23.1  989.7    6.9  210.0   75.0  444.0
2017 146  5 26 1500  -22.9  989.1    6.0  207.0   73.0  444.0
2017 146  5 26 1600  -23.3  988.4    5.0  213.0   74.2  444.0
2017 146  5 26 1700  -23.5  987.7    4.3  212.0   74.0  444.0
2017 146  5 26 1800  -23.5  986.7    3.4  177.0   73.0  444.0
2017 146  5 26 1900  -23.6  986.0  444.0  444.0   74.0  444.0
2017 146  5 26 2000  -23.7  985.4  444.0  444.0   73.0  444.0
2017 146  5 26 2100  -23.8  984.9  444.0  444.0   75.5  444.0
2017 146  5 26 2200  -23.9  984.4  444.0  444.0   75.0  444.0
2017 146  5 26 2300  -24.0  983.8  444.0  444.0   76.0  444.0
2017 147  5 27 0000  -24.0  982.7  444.0  444.0   76.0  444.0
2017 147  5 27 0100  -23.7  982.2  444.0  444.0   73.0  444.0
2017 147  5 27 0200  -23.0  981.4  444.0  444.0   67.3  444.0
2017 147  5 27 0300  -22.5  981.0  444.0  444.0   66.3  444.0
2017 147  5 27 0400  -22.3  980.2  444.0  444.0   67.8  444.0
2017 147  5 27 0500  -21.4  979.8  444.0  444.0   77.0  444.0
2017 147  5 27 0600  -20.9  979.4  444.0  444.0   80.0  444.0
2017 147  5 27 0700  -21.4  979.2  444.0  444.0   80.7  444.0
2017 147  5 27 0800  -21.5  979.2  444.0  444.0   82.3  444.0
2017 147  5 27 0900  -21.0  978.9  444.0  444.0   87.7  444.0
2017 147  5 27 1000  -20.8  978.9  444.0  444.0   83.0  444.0
2017 147  5 27 1100  -21.7  978.8  444.0  444.0   85.0  444.0
2017 147  5 27 1200  -21.9  979.0  444.0  444.0   84.0  444.0
2017 147  5 27 1300  -22.5  978.9  444.0  444.0   84.0  444.0
2017 147  5 27 1400  -22.4  978.9  444.0  444.0   84.4  444.0
2017 147  5 27 1500  -23.1  979.1  444.0  444.0   83.0  444.0
2017 147  5 27 1600  -23.3  979.1  444.0  444.0   83.0  444.0
2017 147  5 27 1700  -24.2  979.3  444.0  444.0   82.0  444.0
2017 147  5 27 1800  -24.0  979.4  444.0  444.0   84.0  444.0
2017 147  5 27 1900  -23.0  979.7    4.1  154.0   82.3  444.0
2017 147  5 27 2000  -23.0  980.1    4.6  156.0   72.0  444.0
2017 147  5 27 2100  -23.5  980.5    4.0  158.0   70.0  444.0
2017 147  5 27 2200  -24.2  980.5    4.1  168.0   68.0  444.0
2017 147  5 27 2300  -25.6  980.4    6.2  180.0   68.0  444.0
2017 148  5 28 0000  -26.6  980.6    4.6  196.0   69.8  444.0
2017 148  5 28 0100  -27.2  980.4    3.1  194.0   73.4  444.0
2017 148  5 28 0200  -27.7  980.4    1.5  200.0   74.4  444.0
2017 148  5 28 0300  -28.0  980.3    1.1  232.0   77.0  444.0
2017 148  5 28 0400  -28.3  980.0    1.3  232.0   76.0  444.0
2017 148  5 28 0500  -29.5  979.5    1.4  232.0   77.2  444.0
2017 148  5 28 0600  -30.7  979.2    0.7  232.0   78.4  444.0
2017 148  5 28 0700  -30.2  978.7    1.9  257.0   77.6  444.0
2017 148  5 28 0800  -30.2  978.4  444.0  444.0   80.0  444.0
2017 148  5 28 0900  -29.1  978.2  444.0  444.0   79.0  444.0
2017 148  5 28 1000  -29.0  977.8  444.0  444.0   79.0  444.0
2017 148  5 28 1100  -29.8  977.7  444.0  444.0   78.2  444.0
2017 148  5 28 1200  -28.0  977.6  444.0  444.0   79.3  444.0
2017 148  5 28 1300  -28.1  977.1  444.0  444.0   78.0  444.0
2017 148  5 28 1400  -25.2  976.8  444.0  444.0   83.0  444.0
2017 148  5 28 1500  -25.1  976.4  444.0  444.0   79.0  444.0
2017 148  5 28 1600  -28.4  976.3  444.0  444.0   77.3  444.0
2017 148  5 28 1700  -24.4  975.7  444.0  444.0   77.2  444.0
2017 148  5 28 1800  -30.6  975.8  444.0  444.0   74.0  444.0
2017 148  5 28 1900  -29.5  975.9  444.0  444.0   77.0  444.0
2017 148  5 28 2000  -29.4  975.8    3.1  314.0   78.0  444.0
2017 148  5 28 2100  -27.9  976.1    1.9  314.0   77.8  444.0
2017 148  5 28 2200  -26.9  976.3    2.7  314.0   77.8  444.0
2017 148  5 28 2300  -27.6  976.6    4.9  350.0   77.0  444.0
2017 149  5 29 0000  -26.2  976.7    1.8  350.0   79.0  444.0
2017 149  5 29 0100  -28.4  976.8    3.4  351.0   76.0  444.0
2017 149  5 29 0200  -27.4  977.4    4.1  322.0   79.0  444.0
2017 149  5 29 0300  -28.8  976.8    5.4    3.0   77.1  444.0
2017 149  5 29 0400  -28.5  977.2    2.6  320.0   76.3  444.0
2017 149  5 29 0500  -29.1  977.0    3.4  336.0   77.0  444.0
2017 149  5 29 0600  -28.8  977.5    0.8  347.0   79.0  444.0
2017 149  5 29 0700  -27.7  977.7    2.0  349.0   77.0  444.0
2017 149  5 29 0800  -25.4  977.5    6.7  335.0   80.0  444.0
2017 149  5 29 0900  -25.3  977.3    5.2  338.0   81.0  444.0
2017 149  5 29 1000  -24.5  978.1    2.4  311.0   81.0  444.0
2017 149  5 29 1100  -24.2  977.5    7.2  335.0   82.0  444.0
2017 149  5 29 1200  -24.1  977.9    6.5  332.0   82.0  444.0
2017 149  5 29 1300  -22.7  977.9    8.0  342.0   83.0  444.0
2017 149  5 29 1400  -22.3  977.6    7.9  343.0   83.7  444.0
2017 149  5 29 1500  -21.1  977.6   10.1  336.0   84.1  444.0
2017 149  5 29 1600  -20.8  978.8    6.5  311.0   84.0  444.0
2017 149  5 29 1700  -21.3  978.7    9.2  344.0   84.0  444.0
2017 149  5 29 1800  -20.7  979.2    7.4  339.0   84.0  444.0
2017 149  5 29 1900  -20.2  979.5    7.0  333.0   85.0  444.0
2017 149  5 29 2000  -19.9  979.6    8.3  322.0   85.4  444.0
2017 149  5 29 2100  -20.4  980.2    5.5  303.0   85.0  444.0
2017 149  5 29 2200  -19.9  980.5  444.0  444.0   86.0  444.0
2017 149  5 29 2300  -19.7  981.1  444.0  444.0   85.0  444.0
2017 150  5 30 0000  -20.2  981.4  444.0  444.0   84.8  444.0
2017 150  5 30 0100  -21.8  981.6  444.0  444.0   84.0  444.0
2017 150  5 30 0200  -22.0  981.6  444.0  444.0   84.0  444.0
2017 150  5 30 0300  -21.2  981.6  444.0  444.0   85.0  444.0
2017 150  5 30 0400  -20.6  981.6  444.0  444.0   85.0  444.0
2017 150  5 30 0500  -22.6  981.1  444.0  444.0   82.0  444.0
2017 150  5 30 0600  -23.4  981.1  444.0  444.0   83.0  444.0
2017 150  5 30 0700  -23.2  981.1  444.0  444.0   82.0  444.0
2017 150  5 30 0800  -26.3  980.9  444.0  444.0   78.0  444.0
2017 150  5 30 0900  -26.2  980.6  444.0  444.0   79.0  444.0
2017 150  5 30 1000  -25.6  980.1  444.0  444.0   80.0  444.0
2017 150  5 30 1100  -24.9  979.4  444.0  444.0   81.0  444.0
2017 150  5 30 1200  -24.7  978.9  444.0  444.0   81.0  444.0
2017 150  5 30 1300  -24.6  978.4  444.0  444.0   81.0  444.0
2017 150  5 30 1400  -24.2  977.6  444.0  444.0   82.0  444.0
2017 150  5 30 1500  -22.5  976.3  444.0  444.0   83.0  444.0
2017 150  5 30 1600  -20.8  975.2  444.0  444.0   85.0  444.0
2017 150  5 30 1700  -20.2  974.6  444.0  444.0   85.0  444.0
2017 150  5 30 1800  -20.0  974.2  444.0  444.0   87.0  444.0
2017 150  5 30 1900  -16.4  973.5    4.9  228.0   88.0  444.0
2017 150  5 30 2000  -15.6  972.8    6.5  220.0   89.0  444.0
2017 150  5 30 2100  -15.6  972.0    5.1  214.0   89.0  444.0
2017 150  5 30 2200  -15.0  971.4    8.2  212.0   89.2  444.0
2017 150  5 30 2300  -16.0  971.0    8.4  226.0   88.0  444.0
2017 151  5 31 0000  -16.7  970.4    8.6  223.0   88.0  444.0
2017 151  5 31 0100  -17.0  970.0    7.2  218.0   88.2  444.0
2017 151  5 31 0200  -17.1  969.8    7.6  217.0   88.0  444.0
2017 151  5 31 0300  -17.3  969.4    7.0  218.0   87.0  444.0
2017 151  5 31 0400  -17.3  969.1    8.8  220.0   88.0  444.0
2017 151  5 31 0500  -17.8  968.8    8.9  219.0   87.0  444.0
2017 151  5 31 0600  -17.9  969.3    9.3  219.0   87.0  444.0
2017 151  5 31 0700  -18.2  969.3    8.7  201.0   86.0  444.0
2017 151  5 31 0800  -18.1  969.9    7.2  202.0   86.0  444.0
2017 151  5 31 0900  -19.1  970.2    7.3  195.0   83.0  444.0
2017 151  5 31 1000  -20.1  970.3    7.6  204.0   80.0  444.0
2017 151  5 31 1100  -21.4  970.5    6.9  217.0   80.0  444.0
2017 151  5 31 1200  -21.9  970.4    7.8  216.0   79.0  444.0
2017 151  5 31 1300  -20.9  970.5   10.0  203.0   82.0  444.0
2017 151  5 31 1400  -20.9  970.2   10.5  200.0   80.1  444.0
2017 151  5 31 1500  -20.0  970.5   10.8  196.0   81.0  444.0
2017 151  5 31 1600  -21.2  971.0    8.6  215.0   83.0  444.0
2017 151  5 31 1700  -20.2  970.8    7.3  233.0   80.0  444.0
2017 151  5 31 1800  -19.3  970.7    8.1  235.0   78.0  444.0
2017 151  5 31 1900  -18.5  971.1    8.1  235.0   81.0  444.0
2017 151  5 31 2000  -17.4  971.0    8.7  236.0   82.0  444.0
2017 151  5 31 2100  -15.9  970.8    9.6  228.0   82.0  444.0
2017 151  5 31 2200  -15.6  971.0    9.6  229.0   83.9  444.0
2017 151  5 31 2300  -15.6  970.8    9.6  236.0   83.0  444.0
