Year: 2017  Month: 08  ID: FER  ARGOS:  8947  Name: Ferrell             
Lat: 77.83S  Lon: 170.83E  Elev:   45m
2017 213  8  1 0000  -38.3  980.6  444.0  444.0   66.0  444.0
2017 213  8  1 0100  -33.4  980.2  444.0  444.0   71.8  444.0
2017 213  8  1 0200  -34.5  980.1  444.0  444.0   69.0  444.0
2017 213  8  1 0300  -35.5  979.6  444.0  444.0   68.8  444.0
2017 213  8  1 0400  -37.4  979.0  444.0  444.0   68.0  444.0
2017 213  8  1 0500  -37.0  978.6  444.0  444.0   68.0  444.0
2017 213  8  1 0600  -38.6  978.1    1.3  106.0   70.0  444.0
2017 213  8  1 0700  -40.6  977.5    0.5  106.0   64.6  444.0
2017 213  8  1 0800  -41.3  977.2    0.7  106.0   65.4  444.0
2017 213  8  1 0900  -40.6  977.2    1.2  106.0   63.0  444.0
2017 213  8  1 1000  -40.4  976.8    0.2  106.0   66.0  444.0
2017 213  8  1 1100  -36.9  976.4    1.0  106.0   65.0  444.0
2017 213  8  1 1200  -35.3  976.4    1.9  106.0   73.0  444.0
2017 213  8  1 1300  -37.7  975.6    2.0  106.0   65.5  444.0
2017 213  8  1 1400  -42.5  975.7    2.1  106.0   63.0  444.0
2017 213  8  1 1500  -43.8  975.8  444.0  444.0   61.0  444.0
2017 213  8  1 1600  -43.1  975.6  444.0  444.0   61.0  444.0
2017 213  8  1 1700  -41.6  975.6  444.0  444.0   62.0  444.0
2017 213  8  1 1800  -38.5  975.8  444.0  444.0   66.3  444.0
2017 213  8  1 1900  -37.0  975.7  444.0  444.0   68.0  444.0
2017 213  8  1 2000  -36.1  975.9  444.0  444.0   67.0  444.0
2017 213  8  1 2100  -37.2  976.3  444.0  444.0   66.0  444.0
2017 213  8  1 2200  -36.4  976.0  444.0  444.0   68.0  444.0
2017 213  8  1 2300  -37.0  976.3  444.0  444.0   67.6  444.0
2017 214  8  2 0000  -38.7  976.4  444.0  444.0   65.3  444.0
2017 214  8  2 0100  -45.1  976.8  444.0  444.0   60.0  444.0
2017 214  8  2 0200  -41.6  976.7  444.0  444.0   67.0  444.0
2017 214  8  2 0300  -43.7  976.9  444.0  444.0   59.0  444.0
2017 214  8  2 0400  -46.5  976.9  444.0  444.0   56.1  444.0
2017 214  8  2 0500  -43.4  977.2  444.0  444.0   60.2  444.0
2017 214  8  2 0600  -35.5  976.9  444.0  444.0   68.0  444.0
2017 214  8  2 0700  -38.3  977.0  444.0  444.0   66.0  444.0
2017 214  8  2 0800  -35.5  976.9  444.0  444.0   70.0  444.0
2017 214  8  2 0900  -33.6  977.0  444.0  444.0   71.0  444.0
2017 214  8  2 1000  -34.7  977.2  444.0  444.0   70.4  444.0
2017 214  8  2 1100  -32.5  976.9  444.0  444.0   73.1  444.0
2017 214  8  2 1200  -29.8  976.8  444.0  444.0   76.0  444.0
2017 214  8  2 1300  -38.3  977.2  444.0  444.0   69.0  444.0
2017 214  8  2 1400  -37.5  977.2  444.0  444.0   63.0  444.0
2017 214  8  2 1500  -39.7  977.0  444.0  444.0   72.8  444.0
2017 214  8  2 1600  -31.2  976.7  444.0  444.0   73.9  444.0
2017 214  8  2 1700  -32.1  977.0  444.0  444.0   75.0  444.0
2017 214  8  2 1800  -40.1  977.1  444.0  444.0   66.0  444.0
2017 214  8  2 1900  -38.5  977.2  444.0  444.0   66.0  444.0
2017 214  8  2 2000  -33.8  977.5  444.0  444.0   72.3  444.0
2017 214  8  2 2100  -34.7  977.8  444.0  444.0   69.7  444.0
2017 214  8  2 2200  -36.1  978.2  444.0  444.0   68.0  444.0
2017 214  8  2 2300  -39.1  978.4  444.0  444.0   66.0  444.0
2017 215  8  3 0000  -42.0  978.2  444.0  444.0   61.0  444.0
2017 215  8  3 0100  -43.0  978.4  444.0  444.0   61.8  444.0
2017 215  8  3 0200  -39.0  978.4  444.0  444.0   66.0  444.0
2017 215  8  3 0300  -39.3  978.3  444.0  444.0   65.4  444.0
2017 215  8  3 0400  -39.8  978.8  444.0  444.0   66.0  444.0
2017 215  8  3 0500  -36.3  978.5  444.0  444.0   68.0  444.0
2017 215  8  3 0600  -35.2  978.5  444.0  444.0   69.0  444.0
2017 215  8  3 0700  -39.3  978.5  444.0  444.0   66.0  444.0
2017 215  8  3 0800  -41.0  978.6  444.0  444.0   62.9  444.0
2017 215  8  3 0900  -37.1  978.3  444.0  444.0   68.0  444.0
2017 215  8  3 1000  -37.6  978.4  444.0  444.0   67.0  444.0
2017 215  8  3 1100  -36.9  978.1  444.0  444.0   68.0  444.0
2017 215  8  3 1200  -37.9  977.9  444.0  444.0   68.0  444.0
2017 215  8  3 1300  -40.3  977.5  444.0  444.0   62.4  444.0
2017 215  8  3 1400  -38.3  977.7  444.0  444.0   66.1  444.0
2017 215  8  3 1500  -37.6  977.4  444.0  444.0   68.0  444.0
2017 215  8  3 1600  -38.8  977.3  444.0  444.0   66.0  444.0
2017 215  8  3 1700  -45.5  977.4  444.0  444.0   59.0  444.0
2017 215  8  3 1800  -37.7  977.2  444.0  444.0   65.8  444.0
2017 215  8  3 1900  -40.6  976.9  444.0  444.0   68.0  444.0
2017 215  8  3 2000  -34.4  976.9  444.0  444.0   71.0  444.0
2017 215  8  3 2100  -40.2  977.0  444.0  444.0   61.0  444.0
2017 215  8  3 2200  -40.4  977.7  444.0  444.0   65.0  444.0
2017 215  8  3 2300  -41.2  978.1  444.0  444.0   63.1  444.0
2017 216  8  4 0000  -42.1  978.4  444.0  444.0   62.0  444.0
2017 216  8  4 0100  -39.0  978.9  444.0  444.0   62.9  444.0
2017 216  8  4 0200  -39.6  979.4  444.0  444.0   68.0  444.0
2017 216  8  4 0300  -36.0  979.9  444.0  444.0   71.0  444.0
2017 216  8  4 0400  -44.0  980.7  444.0  444.0   61.6  444.0
2017 216  8  4 0500  -42.0  980.3  444.0  444.0   63.0  444.0
2017 216  8  4 0600  -39.8  980.4  444.0  444.0   66.9  444.0
2017 216  8  4 0700  -40.7  979.7  444.0  444.0   64.0  444.0
2017 216  8  4 0800  -39.1  979.7  444.0  444.0   65.0  444.0
2017 216  8  4 0900  -39.2  980.2  444.0  444.0   65.0  444.0
2017 216  8  4 1000  -39.6  980.5  444.0  444.0   61.0  444.0
2017 216  8  4 1100  -38.6  980.1  444.0  444.0   65.7  444.0
2017 216  8  4 1200  -39.0  980.0  444.0  444.0   68.0  444.0
2017 216  8  4 1300  -39.1  979.9  444.0  444.0   64.0  444.0
2017 216  8  4 1400  -38.2  979.4  444.0  444.0   66.0  444.0
2017 216  8  4 1500  -36.0  978.5  444.0  444.0   69.0  444.0
2017 216  8  4 1600  -35.0  978.9  444.0  444.0   70.2  444.0
2017 216  8  4 1700  -29.8  978.4    7.5  238.0   75.0  444.0
2017 216  8  4 1800  -29.0  978.6    8.3  227.0   75.0  444.0
2017 216  8  4 1900  -26.9  977.9    8.3  237.0   78.0  444.0
2017 216  8  4 2000  -26.4  977.6   11.0  231.0   78.0  444.0
2017 216  8  4 2100  -26.7  977.6    8.6  221.0   77.7  444.0
2017 216  8  4 2200  -26.3  978.1   12.5  222.0   78.0  444.0
2017 216  8  4 2300  -29.3  978.2   10.3  222.0   76.0  444.0
2017 217  8  5 0000  -30.3  978.8   10.5  228.0   75.0  444.0
2017 217  8  5 0100  -28.4  979.5   10.9  230.0   75.9  444.0
2017 217  8  5 0200  -30.1  978.9    8.4  219.0   75.1  444.0
2017 217  8  5 0300  -28.5  979.1   11.2  206.0   76.0  444.0
2017 217  8  5 0400  -28.9  979.0   11.4  231.0   76.3  444.0
2017 217  8  5 0500  -30.2  979.8   11.4  225.0   76.0  444.0
2017 217  8  5 0600  -29.9  979.8   12.4  224.0   76.0  444.0
2017 217  8  5 0700  -29.4  980.3   10.1  220.0   76.0  444.0
2017 217  8  5 0800  -28.7  980.8   10.5  220.0   77.0  444.0
2017 217  8  5 0900  -29.4  981.1   10.6  224.0   76.1  444.0
2017 217  8  5 1000  -29.7  982.0   10.3  227.0   76.0  444.0
2017 217  8  5 1100  -31.2  981.8    9.6  225.0   74.0  444.0
2017 217  8  5 1200  -31.7  982.3   10.2  210.0   74.0  444.0
2017 217  8  5 1300  -31.6  982.5    8.2  229.0   73.6  444.0
2017 217  8  5 1400  -30.2  982.0   11.1  206.0   76.1  444.0
2017 217  8  5 1500  -31.0  983.0    8.3  212.0   75.0  444.0
2017 217  8  5 1600  -29.6  982.3   11.8  205.0   76.0  444.0
2017 217  8  5 1700  -29.4  982.6   12.1  198.0   76.0  444.0
2017 217  8  5 1800  -30.1  983.1    9.2  213.0   74.7  444.0
2017 217  8  5 1900  -31.3  983.0    7.9  199.0   74.2  444.0
2017 217  8  5 2000  -31.0  982.9    9.7  200.0   75.0  444.0
2017 217  8  5 2100  -31.9  983.8    7.3  220.0   73.0  444.0
2017 217  8  5 2200  -31.3  983.2   10.3  204.0   74.0  444.0
2017 217  8  5 2300  -32.5  983.2    7.5  211.0   72.3  444.0
2017 218  8  6 0000  -33.8  983.5    4.8  211.0   70.8  444.0
2017 218  8  6 0100  -34.3  983.9    4.5  209.0   71.0  444.0
2017 218  8  6 0200  -35.4  983.8    5.2  163.0   69.0  444.0
2017 218  8  6 0300  -35.6  983.8    4.7  163.0   70.0  444.0
2017 218  8  6 0400  -35.8  983.9    3.6  180.0   70.0  444.0
2017 218  8  6 0500  -35.3  984.4    4.4  181.0   69.5  444.0
2017 218  8  6 0600  -37.3  984.5    3.8  223.0   67.0  444.0
2017 218  8  6 0700  -38.1  984.3  444.0  444.0   67.0  444.0
2017 218  8  6 0800  -38.3  984.0  444.0  444.0   66.0  444.0
2017 218  8  6 0900  -38.8  983.9  444.0  444.0   66.0  444.0
2017 218  8  6 1000  -38.2  984.3  444.0  444.0   67.0  444.0
2017 218  8  6 1100  -37.9  984.1  444.0  444.0   66.0  444.0
2017 218  8  6 1200  -38.5  984.2  444.0  444.0   66.0  444.0
2017 218  8  6 1300  -38.3  983.9  444.0  444.0   66.0  444.0
2017 218  8  6 1400  -38.5  983.8  444.0  444.0   66.0  444.0
2017 218  8  6 1500  -39.3  983.7  444.0  444.0   64.0  444.0
2017 218  8  6 1600  -38.0  983.6  444.0  444.0   68.0  444.0
2017 218  8  6 1700  -40.7  983.6  444.0  444.0   64.0  444.0
2017 218  8  6 1800  -39.1  984.0  444.0  444.0   66.0  444.0
2017 218  8  6 1900  -41.1  984.3  444.0  444.0   64.0  444.0
2017 218  8  6 2000  -37.7  984.2  444.0  444.0   67.0  444.0
2017 218  8  6 2100  -36.5  984.5  444.0  444.0   67.0  444.0
2017 218  8  6 2200  -38.2  984.7  444.0  444.0   67.1  444.0
2017 218  8  6 2300  -38.7  984.9  444.0  444.0   65.9  444.0
2017 219  8  7 0000  -37.4  985.2  444.0  444.0   67.0  444.0
2017 219  8  7 0100  -38.7  985.2  444.0  444.0   65.0  444.0
2017 219  8  7 0200  -41.6  985.3  444.0  444.0   62.0  444.0
2017 219  8  7 0300  -41.2  984.6  444.0  444.0   64.0  444.0
2017 219  8  7 0400  -42.0  985.2  444.0  444.0   61.8  444.0
2017 219  8  7 0500  -38.0  985.6  444.0  444.0   67.0  444.0
2017 219  8  7 0600  -35.3  985.4    7.8  203.0   70.0  444.0
2017 219  8  7 0700  -34.9  985.7    9.3  196.0   69.0  444.0
2017 219  8  7 0800  -34.4  985.8    9.3  200.0   69.0  444.0
2017 219  8  7 0900  -35.4  985.8    9.2  210.0   69.4  444.0
2017 219  8  7 1000  -36.1  986.0    8.1  214.0   68.0  444.0
2017 219  8  7 1100  -36.1  985.9    8.5  222.0   68.6  444.0
2017 219  8  7 1200  -35.3  986.0   10.4  221.0   70.0  444.0
2017 219  8  7 1300  -35.1  986.2   10.1  227.0   71.0  444.0
2017 219  8  7 1400  -30.4  985.7   13.4  216.0   75.3  444.0
2017 219  8  7 1500  -29.8  985.8   15.5  196.0   75.0  444.0
2017 219  8  7 1600  -29.7  986.2   14.4  196.0   74.0  444.0
2017 219  8  7 1700  -29.8  986.3   13.3  195.0   75.0  444.0
2017 219  8  7 1800  -29.6  986.6   11.2  200.0   75.0  444.0
2017 219  8  7 1900  -31.5  986.6    8.1  208.0   73.0  444.0
2017 219  8  7 2000  -32.5  986.4    8.5  216.0   73.0  444.0
2017 219  8  7 2100  -33.6  986.2    7.8  223.0   71.3  444.0
2017 219  8  7 2200  -31.9  986.0    8.3  202.0   71.0  444.0
2017 219  8  7 2300  -34.2  985.9    5.2  214.0   70.0  444.0
2017 220  8  8 0000  -36.2  985.5    4.2  219.0   67.0  444.0
2017 220  8  8 0100  -36.5  985.0    3.4  219.0   68.0  444.0
2017 220  8  8 0200  -35.0  983.9    2.3  219.0   69.6  444.0
2017 220  8  8 0300  -30.6  983.0  444.0  444.0   73.0  444.0
2017 220  8  8 0400  -31.5  982.0  444.0  444.0   68.0  444.0
2017 220  8  8 0500  -29.4  979.6  444.0  444.0   73.0  444.0
2017 220  8  8 0600  -30.7  978.1  444.0  444.0   72.0  444.0
2017 220  8  8 0700  -34.3  976.3  444.0  444.0   69.7  444.0
2017 220  8  8 0800  -31.9  974.6  444.0  444.0   72.0  444.0
2017 220  8  8 0900  -33.7  972.8  444.0  444.0   72.5  444.0
2017 220  8  8 1000  -33.2  971.0  444.0  444.0   71.0  444.0
2017 220  8  8 1100  -33.3  970.0  444.0  444.0   73.0  444.0
2017 220  8  8 1200  -33.0  968.6  444.0  444.0   70.1  444.0
2017 220  8  8 1300  -32.9  967.1  444.0  444.0   72.0  444.0
2017 220  8  8 1400  -32.8  965.9  444.0  444.0   72.5  444.0
2017 220  8  8 1500  -31.1  965.4  444.0  444.0   73.0  444.0
2017 220  8  8 1600  -31.4  964.3  444.0  444.0   73.0  444.0
2017 220  8  8 1700  -30.2  963.4  444.0  444.0   75.9  444.0
2017 220  8  8 1800  -35.0  963.0  444.0  444.0   69.0  444.0
2017 220  8  8 1900  -33.3  962.8  444.0  444.0   73.0  444.0
2017 220  8  8 2000  -35.6  963.1  444.0  444.0   70.0  444.0
2017 220  8  8 2100  -31.0  963.4  444.0  444.0   74.0  444.0
2017 220  8  8 2200  -30.8  964.5  444.0  444.0   74.9  444.0
2017 220  8  8 2300  -27.6  964.3  444.0  444.0   78.0  444.0
2017 221  8  9 0000  -24.9  965.0    8.8  197.0   79.6  444.0
2017 221  8  9 0100  -28.2  965.5   12.8  201.0   77.0  444.0
2017 221  8  9 0200  -30.8  966.2   15.8  198.0   73.0  444.0
2017 221  8  9 0300  -32.7  967.1   19.4  196.0   72.5  444.0
2017 221  8  9 0400  -32.3  966.7   20.1  203.0   73.0  444.0
2017 221  8  9 0500  -32.3  967.4   24.0  200.0   72.3  444.0
2017 221  8  9 0600  -33.6  968.4   22.3  198.0   71.0  444.0
2017 221  8  9 0700  -34.2  970.2   19.8  192.0   70.8  444.0
2017 221  8  9 0800  -34.5  971.3   17.5  190.0   71.0  444.0
2017 221  8  9 0900  -34.6  971.8   16.5  188.0   70.0  444.0
2017 221  8  9 1000  -36.0  972.6   16.5  187.0   68.9  444.0
2017 221  8  9 1100  -36.1  972.8   18.1  180.0   69.0  444.0
2017 221  8  9 1200  -35.8  973.4   20.4  180.0   69.1  444.0
2017 221  8  9 1300  -35.0  974.6   17.4  177.0   70.0  444.0
2017 221  8  9 1400  -35.1  975.2   13.3  185.0   70.0  444.0
2017 221  8  9 1500  -34.9  975.5   11.6  187.0   69.6  444.0
2017 221  8  9 1600  -35.7  976.3   11.7  187.0   68.0  444.0
2017 221  8  9 1700  -36.9  976.7   10.4  187.0   67.7  444.0
2017 221  8  9 1800  -36.3  977.1   10.1  186.0   68.0  444.0
2017 221  8  9 1900  -37.0  977.2   10.8  187.0   67.7  444.0
2017 221  8  9 2000  -36.8  978.0    9.9  190.0   68.2  444.0
2017 221  8  9 2100  -36.7  978.0    9.2  184.0   68.0  444.0
2017 221  8  9 2200  -36.4  978.6    9.1  188.0   68.6  444.0
2017 221  8  9 2300  -35.2  978.4   10.0  172.0   70.0  444.0
2017 222  8 10 0000  -33.7  978.5    8.9  176.0   71.3  444.0
2017 222  8 10 0100  -33.5  978.6    8.3  171.0   71.3  444.0
2017 222  8 10 0200  -33.4  978.6    8.5  178.0   71.0  444.0
2017 222  8 10 0300  -35.1  979.0    5.4  189.0   69.6  444.0
2017 222  8 10 0400  -36.4  978.9    4.1  198.0   68.0  444.0
2017 222  8 10 0500  -37.8  978.8  444.0  444.0   66.8  444.0
2017 222  8 10 0600  -39.5  979.0  444.0  444.0   66.0  444.0
2017 222  8 10 0700  -38.5  978.7  444.0  444.0   65.0  444.0
2017 222  8 10 0800  -39.5  978.4  444.0  444.0   65.1  444.0
2017 222  8 10 0900  -40.8  978.7  444.0  444.0   63.0  444.0
2017 222  8 10 1000  -40.3  979.0  444.0  444.0   61.6  444.0
2017 222  8 10 1100  -39.1  978.6  444.0  444.0   65.0  444.0
2017 222  8 10 1200  -37.8  978.1  444.0  444.0   67.0  444.0
2017 222  8 10 1300  -33.5  977.4  444.0  444.0   71.5  444.0
2017 222  8 10 1400  -33.1  976.6  444.0  444.0   72.0  444.0
2017 222  8 10 1500  -33.0  976.2  444.0  444.0   71.5  444.0
2017 222  8 10 1600  -33.3  975.2  444.0  444.0   71.0  444.0
2017 222  8 10 1700  -33.7  974.7  444.0  444.0   72.0  444.0
2017 222  8 10 1800  -34.7  974.2  444.0  444.0   67.6  444.0
2017 222  8 10 1900  -37.7  974.0  444.0  444.0   71.0  444.0
2017 222  8 10 2000  -39.1  972.9  444.0  444.0   66.6  444.0
2017 222  8 10 2100  -40.0  972.8  444.0  444.0   66.0  444.0
2017 222  8 10 2200  -40.8  972.7  444.0  444.0   62.8  444.0
2017 222  8 10 2300  -41.0  972.5  444.0  444.0   64.0  444.0
2017 223  8 11 0000  -39.6  972.1  444.0  444.0   62.0  444.0
2017 223  8 11 0100  -39.0  972.0  444.0  444.0   65.7  444.0
2017 223  8 11 0200  -37.2  971.8  444.0  444.0   63.0  444.0
2017 223  8 11 0300  -40.5  971.5  444.0  444.0   62.0  444.0
2017 223  8 11 0400  -37.2  971.5  444.0  444.0   73.8  444.0
2017 223  8 11 0500  -42.3  971.9  444.0  444.0   62.0  444.0
2017 223  8 11 0600  -37.1  971.8  444.0  444.0   72.0  444.0
2017 223  8 11 0700  -41.5  972.5  444.0  444.0   62.0  444.0
2017 223  8 11 0800  -41.0  972.4  444.0  444.0   63.9  444.0
2017 223  8 11 0900  -39.1  972.5  444.0  444.0   66.0  444.0
2017 223  8 11 1000  -42.7  972.7  444.0  444.0   64.0  444.0
2017 223  8 11 1100  -37.7  972.7  444.0  444.0   66.5  444.0
2017 223  8 11 1200  -39.0  972.9  444.0  444.0   67.0  444.0
2017 223  8 11 1300  -37.1  973.0    4.6  115.0   68.8  444.0
2017 223  8 11 1400  -37.7  972.6    2.5  115.0   69.0  444.0
2017 223  8 11 1500  -38.1  973.3    5.1  167.0   67.0  444.0
2017 223  8 11 1600  -39.6  973.3    3.9  159.0   64.7  444.0
2017 223  8 11 1700  -42.0  973.4    4.7  161.0   62.0  444.0
2017 223  8 11 1800  -42.9  973.7    4.1  170.0   61.4  444.0
2017 223  8 11 1900  -43.9  973.9    4.2  184.0   61.0  444.0
2017 223  8 11 2000  -42.6  974.5    3.7  185.0   64.0  444.0
2017 223  8 11 2100  -44.8  974.9    3.3  214.0   59.7  444.0
2017 223  8 11 2200  -41.8  975.5    2.3  214.0   63.2  444.0
2017 223  8 11 2300  -39.1  976.0    1.4  214.0   65.0  444.0
2017 224  8 12 0000  -40.9  976.3    3.3  214.0   65.0  444.0
2017 224  8 12 0100  -39.4  976.4    2.2  214.0   65.0  444.0
2017 224  8 12 0200  -40.2  976.6    3.1  214.0   64.0  444.0
2017 224  8 12 0300  -40.3  976.9    3.0  214.0   63.0  444.0
2017 224  8 12 0400  -40.2  977.1    3.8  203.0   65.7  444.0
2017 224  8 12 0500  -40.0  977.1    5.7  213.0   65.0  444.0
2017 224  8 12 0600  -37.3  977.1    7.2  212.0   67.0  444.0
2017 224  8 12 0700  -38.8  977.4    6.3  210.0   65.0  444.0
2017 224  8 12 0800  -40.9  978.1    4.6  209.0   63.0  444.0
2017 224  8 12 0900  -41.0  977.9    4.7  204.0   62.9  444.0
2017 224  8 12 1000  -41.9  978.2    4.9  204.0   62.0  444.0
2017 224  8 12 1100  -42.6  978.3    3.1  207.0   62.0  444.0
2017 224  8 12 1200  -41.8  978.1    3.1  213.0   63.0  444.0
2017 224  8 12 1300  -40.9  978.1    3.3  213.0   64.0  444.0
2017 224  8 12 1400  -40.1  977.7    3.9  213.0   64.2  444.0
2017 224  8 12 1500  -39.0  977.2    4.3  213.0   65.4  444.0
2017 224  8 12 1600  -38.9  976.5    3.9  213.0   65.2  444.0
2017 224  8 12 1700  -40.8  976.3    2.3  212.0   63.0  444.0
2017 224  8 12 1800  -33.1  975.7    9.0  202.0   70.0  444.0
2017 224  8 12 1900  -32.4  976.3   10.2  201.0   71.9  444.0
2017 224  8 12 2000  -34.2  976.0    8.0  203.0   70.4  444.0
2017 224  8 12 2100  -34.4  976.8    7.4  200.0   70.2  444.0
2017 224  8 12 2200  -33.4  976.5    8.9  205.0   71.0  444.0
2017 224  8 12 2300  -33.9  976.2   13.8  205.0   71.0  444.0
2017 225  8 13 0000  -34.9  976.1   13.2  200.0   70.0  444.0
2017 225  8 13 0100  -34.2  976.0   15.5  199.0   70.4  444.0
2017 225  8 13 0200  -34.5  975.5   15.8  194.0   70.1  444.0
2017 225  8 13 0300  -33.7  975.4   15.2  198.0   71.0  444.0
2017 225  8 13 0400  -34.4  975.1   19.2  192.0   70.0  444.0
2017 225  8 13 0500  -35.3  974.9   16.0  195.0   70.0  444.0
2017 225  8 13 0600  -33.1  973.6   18.8  199.0   72.0  444.0
2017 225  8 13 0700  -32.3  971.9   20.3  208.0   72.4  444.0
2017 225  8 13 0800  -32.3  972.1   19.9  208.0   72.5  444.0
2017 225  8 13 0900  -32.7  972.3   17.6  201.0   72.0  444.0
2017 225  8 13 1000  -32.7  970.4   23.0  201.0   72.0  444.0
2017 225  8 13 1100  -31.5  970.0   21.6  199.0   74.0  444.0
2017 225  8 13 1200  -30.7  968.8   25.2  198.0   73.8  444.0
2017 225  8 13 1300  -29.7  967.1   23.9  200.0   75.3  444.0
2017 225  8 13 1400  -29.3  966.4   24.4  204.0   75.0  444.0
2017 225  8 13 1500  -28.8  966.0   24.6  200.0   76.0  444.0
2017 225  8 13 1600  -27.1  965.3   26.7  202.0   78.0  444.0
2017 225  8 13 1700  -26.2  965.4   27.0  198.0   79.0  444.0
2017 225  8 13 1800  -26.5  965.0   26.1  198.0   78.3  444.0
2017 225  8 13 1900  -26.1  964.6   26.1  199.0   79.0  444.0
2017 225  8 13 2000  -25.4  964.8   23.7  199.0   80.0  444.0
2017 225  8 13 2100  -23.7  963.8   23.9  206.0   81.0  444.0
2017 225  8 13 2200  -23.6  965.1   20.1  208.0   81.0  444.0
2017 225  8 13 2300  -23.6  965.1   17.8  207.0   81.6  444.0
2017 226  8 14 0000  -21.5  963.0   22.7  204.0   83.0  444.0
2017 226  8 14 0100  -21.5  962.8   22.4  202.0   83.0  444.0
2017 226  8 14 0200  -21.3  962.8   21.9  200.0   84.0  444.0
2017 226  8 14 0300  -21.5  963.5   21.0  202.0   83.0  444.0
2017 226  8 14 0400  -21.0  963.0   20.3  202.0   83.9  444.0
2017 226  8 14 0500  -20.4  963.5   18.9  197.0   85.0  444.0
2017 226  8 14 0600  -21.1  964.0   16.0  198.0   83.5  444.0
2017 226  8 14 0700  -21.6  963.6   11.4  213.0   84.0  444.0
2017 226  8 14 0800  -21.4  963.4   12.5  221.0   83.0  444.0
2017 226  8 14 0900  -20.2  962.9   14.8  217.0   84.0  444.0
2017 226  8 14 1000  -19.7  962.6   13.9  208.0   84.0  444.0
2017 226  8 14 1100  -19.9  962.1   13.1  205.0   83.1  444.0
2017 226  8 14 1200  -19.9  961.2   14.1  213.0   84.1  444.0
2017 226  8 14 1300  -19.4  961.0   11.2  209.0   84.0  444.0
2017 226  8 14 1400  -19.7  960.1   13.1  208.0   83.0  444.0
2017 226  8 14 1500  -19.6  959.8   14.8  204.0   84.0  444.0
2017 226  8 14 1600  -19.8  959.5   16.5  207.0   85.7  444.0
2017 226  8 14 1700  -19.4  959.2   17.5  210.0   86.0  444.0
2017 226  8 14 1800  -20.1  959.2   17.6  212.0   85.0  444.0
2017 226  8 14 1900  -21.0  959.5   18.5  211.0   83.9  444.0
2017 226  8 14 2000  -21.2  961.1   18.0  210.0   84.0  444.0
2017 226  8 14 2100  -20.0  961.2   18.0  204.0   85.1  444.0
2017 226  8 14 2200  -19.8  962.0   19.6  192.0   85.0  444.0
2017 226  8 14 2300  -19.9  962.8   19.1  188.0   85.0  444.0
2017 227  8 15 0000  -20.8  964.0   17.1  187.0   84.0  444.0
2017 227  8 15 0100  -21.2  965.3   14.7  184.0   84.0  444.0
2017 227  8 15 0200  -21.4  966.2   11.7  192.0   83.8  444.0
2017 227  8 15 0300  -21.9  966.9    9.9  190.0   83.0  444.0
2017 227  8 15 0400  -23.0  968.0    9.9  187.0   82.3  444.0
2017 227  8 15 0500  -23.4  969.2    8.7  203.0   82.0  444.0
2017 227  8 15 0600  -23.8  969.8    8.1  202.0   81.2  444.0
2017 227  8 15 0700  -23.1  970.0    8.8  215.0   82.3  444.0
2017 227  8 15 0800  -23.3  969.8    7.5  217.0   82.0  444.0
2017 227  8 15 0900  -23.1  969.6    6.8  214.0   82.7  444.0
2017 227  8 15 1000  -22.1  969.2    7.3  209.0   84.0  444.0
2017 227  8 15 1100  -21.6  968.4    6.5  246.0   84.0  444.0
2017 227  8 15 1200  -20.5  967.5    4.9  252.0   85.0  444.0
2017 227  8 15 1300  -17.1  966.4    9.8  243.0   88.0  444.0
2017 227  8 15 1400  -15.4  965.9   12.9  227.0   89.4  444.0
2017 227  8 15 1500  -14.4  964.9   18.1  217.0   90.0  444.0
2017 227  8 15 1600  -14.8  965.5   15.4  210.0   89.0  444.0
2017 227  8 15 1700  -15.4  964.4   19.9  213.0   90.0  444.0
2017 227  8 15 1800  -15.1  964.7   20.0  212.0   89.0  444.0
2017 227  8 15 1900  -14.6  965.1   20.8  212.0   89.9  444.0
2017 227  8 15 2000  -15.0  966.6   18.1  216.0   90.0  444.0
2017 227  8 15 2100  -15.1  967.3   16.6  219.0   89.0  444.0
2017 227  8 15 2200  -14.4  967.4   18.7  216.0   90.0  444.0
2017 227  8 15 2300  -14.9  966.6   20.1  212.0   89.0  444.0
2017 228  8 16 0000  -16.0  968.5   17.7  212.0   88.7  444.0
2017 228  8 16 0100  -15.8  969.5   16.0  214.0   89.0  444.0
2017 228  8 16 0200  -15.9  969.6   16.9  219.0   89.0  444.0
2017 228  8 16 0300  -15.7  970.5   14.6  231.0   89.0  444.0
2017 228  8 16 0400  -15.9  968.9   19.9  219.0   88.0  444.0
2017 228  8 16 0500  -16.3  970.1   17.5  215.0   88.1  444.0
2017 228  8 16 0600  -15.8  970.1   19.3  215.0   88.0  444.0
2017 228  8 16 0700  -16.2  970.5   18.0  212.0   87.9  444.0
2017 228  8 16 0800  -17.0  972.3   13.2  243.0   87.0  444.0
2017 228  8 16 0900  -17.0  971.8   16.0  224.0   87.0  444.0
2017 228  8 16 1000  -16.9  972.1   14.4  227.0   86.7  444.0
2017 228  8 16 1100  -17.8  973.0   17.8  229.0   86.0  444.0
2017 228  8 16 1200  -17.9  974.2   15.6  227.0   85.4  444.0
2017 228  8 16 1300  -17.4  975.1   13.5  220.0   84.0  444.0
2017 228  8 16 1400  -16.1  975.3   14.6  214.0   84.0  444.0
2017 228  8 16 1500  -16.6  976.9   11.6  222.0   84.2  444.0
2017 228  8 16 1600  -16.4  977.8   11.0  229.0   83.0  444.0
2017 228  8 16 1700  -16.2  978.0   10.7  225.0   81.6  444.0
2017 228  8 16 1800  -16.7  978.8   10.0  220.0   82.0  444.0
2017 228  8 16 1900  -17.7  979.6    8.3  232.0   81.0  444.0
2017 228  8 16 2000  -19.6  980.6    6.6  245.0   80.0  444.0
2017 228  8 16 2100  -20.5  981.5    6.9  234.0   79.2  444.0
2017 228  8 16 2200  -21.5  982.2    7.4  232.0   77.0  444.0
2017 228  8 16 2300  -22.7  983.2    7.1  240.0   77.0  444.0
2017 229  8 17 0000  -23.6  984.3    6.2  228.0   76.0  444.0
2017 229  8 17 0100  -24.4  985.1    5.3  211.0   73.0  444.0
2017 229  8 17 0200  -26.3  985.5    4.8  195.0   74.0  444.0
2017 229  8 17 0300  -27.1  986.4    4.4  185.0   72.0  444.0
2017 229  8 17 0400  -28.8  987.1    3.7  239.0   73.0  444.0
2017 229  8 17 0500  -29.5  988.0    3.4  239.0   73.0  444.0
2017 229  8 17 0600  -28.9  988.7    4.5  208.0   75.0  444.0
2017 229  8 17 0700  -27.6  989.7    5.0  187.0   78.0  444.0
2017 229  8 17 0800  -28.9  990.7    2.7  176.0   74.7  444.0
2017 229  8 17 0900  -29.1  991.5    4.3  191.0   77.1  444.0
2017 229  8 17 1000  -29.4  992.3    4.4  183.0   76.3  444.0
2017 229  8 17 1100  -30.0  993.1    4.9  184.0   76.0  444.0
2017 229  8 17 1200  -30.5  994.0    5.5  182.0   76.0  444.0
2017 229  8 17 1300  -29.4  994.8    7.1  184.0   76.0  444.0
2017 229  8 17 1400  -29.5  995.6    6.7  184.0   75.8  444.0
2017 229  8 17 1500  -29.4  996.3    7.0  174.0   75.5  444.0
2017 229  8 17 1600  -29.7  997.2    4.5  186.0   75.0  444.0
2017 229  8 17 1700  -29.7  997.9    4.5  182.0   75.0  444.0
2017 229  8 17 1800  -29.3  998.6    4.6  190.0   75.6  444.0
2017 229  8 17 1900  -29.1  999.4    4.6  169.0   76.0  444.0
2017 229  8 17 2000  -29.2  999.8    3.8  156.0   76.3  444.0
2017 229  8 17 2100  -29.4 1000.4    2.4  149.0   76.0  444.0
2017 229  8 17 2200  -30.4 1001.0    2.9  149.0   75.0  444.0
2017 229  8 17 2300  -31.1 1001.9    3.0  149.0   75.0  444.0
2017 230  8 18 0000  -31.2 1001.9    3.7  150.0   75.0  444.0
2017 230  8 18 0100  -30.8 1002.1    4.3  143.0   76.9  444.0
2017 230  8 18 0200  -30.5 1002.9    3.2  142.0   76.0  444.0
2017 230  8 18 0300  -29.2 1003.1    3.3  142.0   77.0  444.0
2017 230  8 18 0400  -27.9 1003.4    3.3  142.0   78.0  444.0
2017 230  8 18 0500  -27.3 1003.2    3.9  142.0   78.4  444.0
2017 230  8 18 0600  -26.6 1002.9    3.6  142.0   78.4  444.0
2017 230  8 18 0700  -26.3 1002.9    4.7  164.0   79.0  444.0
2017 230  8 18 0800  -25.8 1003.0    4.6  177.0   80.0  444.0
2017 230  8 18 0900  -25.3 1003.2    5.0  184.0   81.0  444.0
2017 230  8 18 1000  -24.9 1002.7    6.5  174.0   78.0  444.0
2017 230  8 18 1100  -24.5 1002.1    8.0  182.0   75.9  444.0
2017 230  8 18 1200  -24.4 1001.4    9.6  172.0   73.0  444.0
2017 230  8 18 1300  -23.8 1000.9   10.0  169.0   75.0  444.0
2017 230  8 18 1400  -23.1 1000.5   10.7  176.0   78.0  444.0
2017 230  8 18 1500  -23.1  999.7   11.8  172.0   81.0  444.0
2017 230  8 18 1600  -22.9  998.9   12.9  181.0   82.0  444.0
2017 230  8 18 1700  -23.1  997.0   15.4  182.0   82.0  444.0
2017 230  8 18 1800  -22.8  995.7   17.0  188.0   82.0  444.0
2017 230  8 18 1900  -22.8  994.6   16.5  190.0   82.0  444.0
2017 230  8 18 2000  -22.5  993.8   15.5  186.0   83.0  444.0
2017 230  8 18 2100  -22.5  993.6   14.3  187.0   83.0  444.0
2017 230  8 18 2200  -22.4  992.8   14.4  189.0   82.6  444.0
2017 230  8 18 2300  -22.5  991.1   15.9  188.0   82.0  444.0
2017 231  8 19 0000  -23.1  990.0   16.4  190.0   82.0  444.0
2017 231  8 19 0100  -23.6  988.6   17.5  188.0   82.0  444.0
2017 231  8 19 0200  -23.8  987.7   17.0  190.0   81.0  444.0
2017 231  8 19 0300  -24.0  987.0   17.6  190.0   81.1  444.0
2017 231  8 19 0400  -24.4  986.6   16.5  190.0   81.0  444.0
2017 231  8 19 0500  -24.6  985.1   17.0  193.0   81.0  444.0
2017 231  8 19 0600  -25.0  985.4   17.8  193.0   80.0  444.0
2017 231  8 19 0700  -25.4  984.6   17.6  195.0   80.0  444.0
2017 231  8 19 0800  -26.3  984.2   18.0  196.0   79.0  444.0
2017 231  8 19 0900  -28.0  984.3   17.9  197.0   77.0  444.0
2017 231  8 19 1000  -28.7  984.1   17.0  200.0   77.0  444.0
2017 231  8 19 1100  -29.1  984.4   15.8  202.0   76.4  444.0
2017 231  8 19 1200  -29.7  983.9   16.7  208.0   76.0  444.0
2017 231  8 19 1300  -29.7  983.9   17.3  207.0   76.0  444.0
2017 231  8 19 1400  -30.3  984.3   17.5  205.0   75.0  444.0
2017 231  8 19 1500  -30.3  984.4   15.6  206.0   75.0  444.0
2017 231  8 19 1600  -30.2  985.2   13.5  208.0   75.0  444.0
2017 231  8 19 1700  -30.1  985.7   11.9  211.0   76.0  444.0
2017 231  8 19 1800  -29.9  985.5   13.9  199.0   75.0  444.0
2017 231  8 19 1900  -29.8  984.6   15.4  193.0   76.0  444.0
2017 231  8 19 2000  -29.3  984.8   14.6  192.0   76.0  444.0
2017 231  8 19 2100  -29.0  985.1   14.3  196.0   76.0  444.0
2017 231  8 19 2200  -28.5  985.4   11.0  197.0   77.0  444.0
2017 231  8 19 2300  -28.3  985.1   12.6  193.0   77.0  444.0
2017 232  8 20 0000  -28.3  985.5   11.9  193.0   77.0  444.0
2017 232  8 20 0100  -28.6  985.2   10.9  205.0   76.9  444.0
2017 232  8 20 0200  -28.5  985.2    9.7  207.0   77.0  444.0
2017 232  8 20 0300  -27.9  984.9    9.0  212.0   78.0  444.0
2017 232  8 20 0400  -27.9  984.9    8.7  209.0   78.0  444.0
2017 232  8 20 0500  -27.8  984.4    9.9  204.0   78.0  444.0
2017 232  8 20 0600  -27.4  984.0    9.0  198.0   78.0  444.0
2017 232  8 20 0700  -27.3  983.7    9.1  202.0   78.0  444.0
2017 232  8 20 0800  -27.0  983.1    9.1  195.0   78.0  444.0
2017 232  8 20 0900  -26.7  982.8    9.8  189.0   78.8  444.0
2017 232  8 20 1000  -26.6  982.5    9.8  194.0   79.0  444.0
2017 232  8 20 1100  -26.4  982.0   10.9  197.0   79.0  444.0
2017 232  8 20 1200  -26.2  981.4    9.8  206.0   79.0  444.0
2017 232  8 20 1300  -26.3  980.9   10.3  208.0   79.0  444.0
2017 232  8 20 1400  -26.4  980.2   11.9  201.0   79.0  444.0
2017 232  8 20 1500  -26.2  979.0   14.7  194.0   79.0  444.0
2017 232  8 20 1600  -26.0  978.7   14.0  196.0   79.0  444.0
2017 232  8 20 1700  -25.3  977.1   14.3  204.0   80.0  444.0
2017 232  8 20 1800  -25.3  976.8   14.3  209.0   80.0  444.0
2017 232  8 20 1900  -25.4  975.8   15.8  211.0   80.0  444.0
2017 232  8 20 2000  -25.0  974.6   16.1  213.0   81.0  444.0
2017 232  8 20 2100  -24.4  973.7   16.9  216.0   81.0  444.0
2017 232  8 20 2200  -24.1  972.8   15.9  214.0   81.0  444.0
2017 232  8 20 2300  -24.5  972.1   17.0  218.0   81.0  444.0
2017 233  8 21 0000  -23.7  970.4   18.1  212.0   82.0  444.0
2017 233  8 21 0100  -23.2  969.4   19.3  212.0   82.3  444.0
2017 233  8 21 0200  -23.0  968.9   16.5  218.0   82.0  444.0
2017 233  8 21 0300  -22.9  967.9   15.4  215.0   83.0  444.0
2017 233  8 21 0400  -23.3  966.5   15.1  216.0   82.3  444.0
2017 233  8 21 0500  -21.2  963.8   18.6  207.0   84.0  444.0
2017 233  8 21 0600  -22.1  962.7   17.0  209.0   83.0  444.0
2017 233  8 21 0700  -21.1  961.8   16.4  219.0   84.0  444.0
2017 233  8 21 0800  -20.4  960.4   17.7  214.0   85.0  444.0
2017 233  8 21 0900  -19.0  959.1   18.0  212.0   86.0  444.0
2017 233  8 21 1000  -18.5  957.9   18.7  207.0   87.0  444.0
2017 233  8 21 1100  -17.1  956.3   19.1  211.0   88.0  444.0
2017 233  8 21 1200  -16.8  955.9   16.0  212.0   88.0  444.0
2017 233  8 21 1300  -16.4  955.9   14.1  218.0   88.0  444.0
2017 233  8 21 1400  -15.6  954.3   10.2  255.0   89.0  444.0
2017 233  8 21 1500  -14.5  952.6   11.2  262.0   90.0  444.0
2017 233  8 21 1600  -13.3  950.6   10.4  280.0   91.0  444.0
2017 233  8 21 1700  -12.6  949.6    7.6  261.0   92.0  444.0
2017 233  8 21 1800  -12.4  948.3    9.7  253.0   92.0  444.0
2017 233  8 21 1900  -12.4  947.8    9.6  264.0   91.0  444.0
2017 233  8 21 2000  -13.0  947.0   12.1  263.0   91.0  444.0
2017 233  8 21 2100  -13.7  947.2    5.3  225.0   90.0  444.0
2017 233  8 21 2200  -14.0  947.3    4.6  223.0   90.0  444.0
2017 233  8 21 2300  -14.6  947.4    5.1  245.0   90.0  444.0
2017 234  8 22 0000  -14.5  948.0    1.5  249.0   90.0  444.0
2017 234  8 22 0100  -13.0  948.2    6.4  270.0   91.0  444.0
2017 234  8 22 0200  -13.1  949.0    7.4  271.0   90.0  444.0
2017 234  8 22 0300  -15.5  949.4    4.6  299.0   89.0  444.0
2017 234  8 22 0400  -16.6  949.6    3.7  299.0   88.1  444.0
2017 234  8 22 0500  -18.2  950.2    1.3  300.0   86.0  444.0
2017 234  8 22 0600  -17.9  950.5    1.5  300.0   87.0  444.0
2017 234  8 22 0700  -19.1  951.6    1.4  300.0   85.0  444.0
2017 234  8 22 0800  -19.9  952.9    1.7  300.0   83.9  444.0
2017 234  8 22 0900  -19.8  954.4    1.9  300.0   90.0  444.0
2017 234  8 22 1000  -17.5  955.3    9.1  202.0   86.0  444.0
2017 234  8 22 1100  -19.8  956.4   12.4  193.0   85.0  444.0
2017 234  8 22 1200  -20.3  957.7   14.8  193.0   85.0  444.0
2017 234  8 22 1300  -19.7  958.9   11.6  197.0   85.6  444.0
2017 234  8 22 1400  -19.1  959.2   12.3  203.0   86.0  444.0
2017 234  8 22 1500  -18.9  960.1   13.4  210.0   86.0  444.0
2017 234  8 22 1600  -19.6  960.1   13.1  216.0   85.0  444.0
2017 234  8 22 1700  -20.4  960.2   15.6  204.0   85.0  444.0
2017 234  8 22 1800  -19.3  961.7   14.6  209.0   85.9  444.0
2017 234  8 22 1900  -19.2  962.5   15.0  212.0   85.9  444.0
2017 234  8 22 2000  -19.4  962.6   15.6  215.0   86.0  444.0
2017 234  8 22 2100  -19.2  962.7   14.1  224.0   86.0  444.0
2017 234  8 22 2200  -18.6  963.2   11.3  226.0   86.0  444.0
2017 234  8 22 2300  -17.7  962.6   14.0  222.0   87.1  444.0
2017 235  8 23 0000  -17.5  963.1   14.3  219.0   87.0  444.0
2017 235  8 23 0100  -17.2  962.8   15.1  222.0   87.7  444.0
2017 235  8 23 0200  -17.0  962.7   13.8  224.0   88.0  444.0
2017 235  8 23 0300  -16.4  962.4   15.3  221.0   88.0  444.0
2017 235  8 23 0400  -15.9  962.3   14.8  220.0   89.0  444.0
2017 235  8 23 0500  -15.5  962.6   10.0  234.0   89.0  444.0
2017 235  8 23 0600  -15.0  962.0   10.7  232.0   89.5  444.0
2017 235  8 23 0700  -14.5  962.0   10.9  233.0   90.0  444.0
2017 235  8 23 0800  -14.1  962.0   10.1  231.0   89.0  444.0
2017 235  8 23 0900  -15.7  962.3    8.7  216.0   89.0  444.0
2017 235  8 23 1000  -15.9  963.1   10.6  226.0   89.0  444.0
2017 235  8 23 1100  -16.5  963.1    9.3  226.0   88.1  444.0
2017 235  8 23 1200  -16.4  963.3    9.8  226.0   88.0  444.0
2017 235  8 23 1300  -16.2  963.1   10.4  214.0   89.0  444.0
2017 235  8 23 1400  -16.2  963.4   11.3  210.0   89.0  444.0
2017 235  8 23 1500  -16.3  963.5   11.8  216.0   88.0  444.0
2017 235  8 23 1600  -16.9  964.0   10.8  218.0   88.2  444.0
2017 235  8 23 1700  -17.0  964.8   10.2  218.0   88.0  444.0
2017 235  8 23 1800  -17.2  964.4   12.7  204.0   87.0  444.0
2017 235  8 23 1900  -17.6  964.7   11.9  204.0   87.0  444.0
2017 235  8 23 2000  -17.8  965.4   12.4  200.0   87.0  444.0
2017 235  8 23 2100  -18.0  966.1   11.2  206.0   87.0  444.0
2017 235  8 23 2200  -17.8  967.0   12.0  203.0   87.0  444.0
2017 235  8 23 2300  -18.4  967.7   10.6  223.0   86.5  444.0
2017 236  8 24 0000  -18.9  968.0   11.7  217.0   86.0  444.0
2017 236  8 24 0100  -18.6  969.0   12.8  224.0   87.0  444.0
2017 236  8 24 0200  -18.5  969.6   12.7  223.0   87.0  444.0
2017 236  8 24 0300  -17.9  969.9   13.0  226.0   87.0  444.0
2017 236  8 24 0400  -18.0  970.1   13.0  228.0   86.9  444.0
2017 236  8 24 0500  -18.3  970.0   14.2  226.0   86.9  444.0
2017 236  8 24 0600  -18.5  970.9   14.8  211.0   86.0  444.0
2017 236  8 24 0700  -17.9  970.7   14.4  222.0   87.0  444.0
2017 236  8 24 0800  -18.2  971.1   15.5  226.0   87.0  444.0
2017 236  8 24 0900  -17.9  970.9   15.6  231.0   87.3  444.0
2017 236  8 24 1000  -17.6  971.7   14.1  236.0   87.5  444.0
2017 236  8 24 1100  -16.6  971.3   16.2  229.0   88.0  444.0
2017 236  8 24 1200  -17.0  971.7   16.4  221.0   88.0  444.0
2017 236  8 24 1300  -16.6  971.9   15.6  225.0   88.0  444.0
2017 236  8 24 1400  -16.1  972.9   14.6  244.0   88.5  444.0
2017 236  8 24 1500  -16.0  973.1   16.0  229.0   88.0  444.0
2017 236  8 24 1600  -15.8  973.5   14.2  234.0   88.0  444.0
2017 236  8 24 1700  -15.3  973.0   11.4  232.0   89.0  444.0
2017 236  8 24 1800  -15.4  974.1   13.8  231.0   88.0  444.0
2017 236  8 24 1900  -15.3  973.5   10.2  245.0   84.7  444.0
2017 236  8 24 2000  -15.5  973.3    9.2  264.0   82.0  444.0
2017 236  8 24 2100  -16.6  973.9    8.4  198.0   83.4  444.0
2017 236  8 24 2200  -16.5  974.1    5.7  216.0   83.0  444.0
2017 236  8 24 2300  -17.2  974.5    4.0  224.0   80.0  444.0
2017 237  8 25 0000  -16.7  974.6    5.9  251.0   76.7  444.0
2017 237  8 25 0100  -16.3  974.9    6.2  247.0   73.0  444.0
2017 237  8 25 0200  -17.8  975.1    3.9  214.0   69.2  444.0
2017 237  8 25 0300  -19.6  975.0    3.7  213.0   68.6  444.0
2017 237  8 25 0400  -22.1  975.3    2.3  192.0   73.0  444.0
2017 237  8 25 0500  -22.2  975.2    1.6  192.0   65.0  444.0
2017 237  8 25 0600  -20.5  975.7    1.8  193.0   56.0  444.0
2017 237  8 25 0700  -20.3  975.3    2.0  193.0   56.5  444.0
2017 237  8 25 0800  -27.3  975.0    3.5  193.0   73.0  444.0
2017 237  8 25 0900  -26.4  974.9    3.6  193.0   74.0  444.0
2017 237  8 25 1000  -27.3  974.4    3.1  193.0   74.0  444.0
2017 237  8 25 1100  -28.3  973.8    2.8  192.0   76.0  444.0
2017 237  8 25 1200  -27.1  973.5    3.7   54.0   82.7  444.0
2017 237  8 25 1300  -26.3  973.0    1.9   54.0   83.0  444.0
2017 237  8 25 1400  -24.0  972.5    2.4   54.0   84.0  444.0
2017 237  8 25 1500  -25.4  972.0    2.4   54.0   80.0  444.0
2017 237  8 25 1600  -26.1  971.5    2.4   54.0   81.0  444.0
2017 237  8 25 1700  -26.3  971.3    1.6   54.0   79.6  444.0
2017 237  8 25 1800  -25.6  970.7    1.1   54.0   78.0  444.0
2017 237  8 25 1900  -23.3  970.2    7.9  126.0   77.0  444.0
2017 237  8 25 2000  -22.4  970.0    8.1  129.0   77.0  444.0
2017 237  8 25 2100  -22.0  969.7    8.4  124.0   75.0  444.0
2017 237  8 25 2200  -22.4  969.3    8.9  140.0   77.8  444.0
2017 237  8 25 2300  -23.1  969.3    9.8  148.0   76.0  444.0
2017 238  8 26 0000  -24.5  969.4    9.2  157.0   79.7  444.0
2017 238  8 26 0100  -24.9  969.0    8.9  172.0   80.0  444.0
2017 238  8 26 0200  -24.4  968.5   11.1  176.0   78.0  444.0
2017 238  8 26 0300  -26.2  968.2   11.4  193.0   79.0  444.0
2017 238  8 26 0400  -26.8  968.1    9.0  191.0   77.0  444.0
2017 238  8 26 0500  -27.5  967.7    9.2  186.0   76.8  444.0
2017 238  8 26 0600  -27.4  967.4   11.0  196.0   78.0  444.0
2017 238  8 26 0700  -27.1  966.7   11.5  203.0   78.0  444.0
2017 238  8 26 0800  -26.0  965.8   12.5  200.0   79.0  444.0
2017 238  8 26 0900  -25.8  965.3   15.1  193.0   79.0  444.0
2017 238  8 26 1000  -25.8  966.1   12.2  203.0   79.0  444.0
2017 238  8 26 1100  -24.9  965.8   13.4  200.0   79.0  444.0
2017 238  8 26 1200  -24.6  965.7   14.2  203.0   80.0  444.0
2017 238  8 26 1300  -24.0  966.0   13.9  202.0   80.0  444.0
2017 238  8 26 1400  -24.8  965.9   12.8  210.0   80.0  444.0
2017 238  8 26 1500  -23.7  966.0   13.1  205.0   81.0  444.0
2017 238  8 26 1600  -23.1  966.1   14.1  204.0   81.0  444.0
2017 238  8 26 1700  -23.3  966.1   14.6  196.0   81.0  444.0
2017 238  8 26 1800  -23.2  967.0   14.4  198.0   81.0  444.0
2017 238  8 26 1900  -23.1  966.8   12.9  196.0   80.0  444.0
2017 238  8 26 2000  -23.3  967.0   15.1  190.0   80.2  444.0
2017 238  8 26 2100  -23.8  967.7   12.9  198.0   80.0  444.0
2017 238  8 26 2200  -24.9  968.2    9.9  204.0   78.0  444.0
2017 238  8 26 2300  -25.7  968.3    8.5  205.0   78.0  444.0
2017 239  8 27 0000  -24.5  968.0    9.5  200.0   76.0  444.0
2017 239  8 27 0100  -25.6  968.3    7.0  204.0   75.7  444.0
2017 239  8 27 0200  -27.0  967.8   10.5  184.0   75.0  444.0
2017 239  8 27 0300  -26.7  968.1    7.6  203.0   72.3  444.0
2017 239  8 27 0400  -28.2  968.1    6.6  212.0   72.0  444.0
2017 239  8 27 0500  -29.5  967.9    5.8  198.0   70.0  444.0
2017 239  8 27 0600  -30.0  967.4    7.1  189.0   70.0  444.0
2017 239  8 27 0700  -31.0  967.3    3.9  185.0   70.2  444.0
2017 239  8 27 0800  -32.0  967.5    3.2  166.0   68.5  444.0
2017 239  8 27 0900  -31.9  967.2    2.0  166.0   68.0  444.0
2017 239  8 27 1000  -30.5  966.9    2.9  134.0   67.0  444.0
2017 239  8 27 1100  -30.0  966.6    3.9  126.0   66.0  444.0
2017 239  8 27 1200  -30.1  966.5    0.5  104.0   67.4  444.0
2017 239  8 27 1300  -29.8  966.0    0.6  104.0   66.9  444.0
2017 239  8 27 1400  -29.7  965.4    0.4  104.0   68.0  444.0
2017 239  8 27 1500  -30.0  965.0    1.6  104.0   71.0  444.0
2017 239  8 27 1600  -31.1  964.3    1.5  104.0   72.0  444.0
2017 239  8 27 1700  -32.4  964.4    0.4  104.0   73.7  444.0
2017 239  8 27 1800  -31.6  963.5    2.0  104.0   74.1  444.0
2017 239  8 27 1900  -32.2  963.4    1.1  306.0   74.0  444.0
2017 239  8 27 2000  -31.5  963.2    2.2  306.0   73.0  444.0
2017 239  8 27 2100  -33.0  963.0    2.7  306.0   72.0  444.0
2017 239  8 27 2200  -31.9  962.7    4.1  306.0   73.0  444.0
2017 239  8 27 2300  -31.6  962.8    2.3  107.0   72.6  444.0
2017 240  8 28 0000  -32.7  962.8  444.0  444.0   72.4  444.0
2017 240  8 28 0100  -33.8  962.5  444.0  444.0   72.0  444.0
2017 240  8 28 0200  -33.0  962.5  444.0  444.0   72.0  444.0
2017 240  8 28 0300  -32.8  962.1  444.0  444.0   72.0  444.0
2017 240  8 28 0400  -33.0  962.3  444.0  444.0   72.0  444.0
2017 240  8 28 0500  -33.2  962.3  444.0  444.0   71.7  444.0
2017 240  8 28 0600  -33.5  962.4  444.0  444.0   71.0  444.0
2017 240  8 28 0700  -34.2  962.7  444.0  444.0   70.0  444.0
2017 240  8 28 0800  -34.1  962.8  444.0  444.0   71.0  444.0
2017 240  8 28 0900  -33.8  962.8  444.0  444.0   71.0  444.0
2017 240  8 28 1000  -33.1  963.2  444.0  444.0   71.3  444.0
2017 240  8 28 1100  -33.7  963.6    1.9  186.0   70.9  444.0
2017 240  8 28 1200  -33.8  963.8    5.7  210.0   71.0  444.0
2017 240  8 28 1300  -33.7  964.5    4.9  213.0   71.0  444.0
2017 240  8 28 1400  -32.5  965.2    6.6  194.0   72.0  444.0
2017 240  8 28 1500  -33.0  965.6    7.6  185.0   71.7  444.0
2017 240  8 28 1600  -33.5  966.3    7.5  187.0   70.9  444.0
2017 240  8 28 1700  -33.6  967.1    7.3  184.0   71.0  444.0
2017 240  8 28 1800  -33.6  967.7    8.9  180.0   71.0  444.0
2017 240  8 28 1900  -34.2  968.8    7.0  183.0   71.0  444.0
2017 240  8 28 2000  -34.2  969.3    8.4  192.0   70.7  444.0
2017 240  8 28 2100  -34.6  970.0    8.5  187.0   70.0  444.0
2017 240  8 28 2200  -34.8  971.0    7.1  183.0   69.5  444.0
2017 240  8 28 2300  -35.0  971.5    6.8  187.0   69.0  444.0
2017 241  8 29 0000  -35.1  972.0    6.3  196.0   69.0  444.0
2017 241  8 29 0100  -35.5  972.5    5.3  183.0   68.0  444.0
2017 241  8 29 0200  -35.4  973.1    5.8  176.0   67.0  444.0
2017 241  8 29 0300  -36.0  973.4    4.1  190.0   67.2  444.0
2017 241  8 29 0400  -36.8  973.4    3.6  198.0   67.0  444.0
2017 241  8 29 0500  -37.0  973.9    3.5  220.0   67.0  444.0
2017 241  8 29 0600  -37.5  973.9  444.0  444.0   66.0  444.0
2017 241  8 29 0700  -39.3  974.1  444.0  444.0   66.0  444.0
2017 241  8 29 0800  -39.2  974.2  444.0  444.0   66.7  444.0
2017 241  8 29 0900  -39.0  974.3  444.0  444.0   67.0  444.0
2017 241  8 29 1000  -38.1  974.2  444.0  444.0   68.4  444.0
2017 241  8 29 1100  -37.6  974.3  444.0  444.0   68.0  444.0
2017 241  8 29 1200  -37.8  974.1  444.0  444.0   68.0  444.0
2017 241  8 29 1300  -37.7  974.2  444.0  444.0   68.9  444.0
2017 241  8 29 1400  -38.2  974.2  444.0  444.0   68.0  444.0
2017 241  8 29 1500  -38.5  974.0  444.0  444.0   68.3  444.0
2017 241  8 29 1600  -37.4  973.8  444.0  444.0   70.0  444.0
2017 241  8 29 1700  -36.5  973.6  444.0  444.0   71.0  444.0
2017 241  8 29 1800  -37.6  973.7    3.4  252.0   69.7  444.0
2017 241  8 29 1900  -39.5  974.0    1.6  252.0   68.0  444.0
2017 241  8 29 2000  -38.6  973.8  444.0  444.0   69.2  444.0
2017 241  8 29 2100  -35.7  973.7  444.0  444.0   71.0  444.0
2017 241  8 29 2200  -36.1  973.8  444.0  444.0   69.0  444.0
2017 241  8 29 2300  -38.5  974.0  444.0  444.0   67.6  444.0
2017 242  8 30 0000  -40.1  973.8  444.0  444.0   64.0  444.0
2017 242  8 30 0100  -40.9  973.8  444.0  444.0   63.8  444.0
2017 242  8 30 0200  -40.2  973.8  444.0  444.0   65.0  444.0
2017 242  8 30 0300  -39.8  973.7  444.0  444.0   65.0  444.0
2017 242  8 30 0400  -38.2  974.0  444.0  444.0   67.0  444.0
2017 242  8 30 0500  -38.5  973.9  444.0  444.0   66.0  444.0
2017 242  8 30 0600  -38.5  974.1    3.2  176.0   65.9  444.0
2017 242  8 30 0700  -39.2  974.6    4.8  198.0   65.0  444.0
2017 242  8 30 0800  -39.5  974.7    5.4  199.0   65.1  444.0
2017 242  8 30 0900  -40.0  974.8    4.9  201.0   64.0  444.0
2017 242  8 30 1000  -40.1  975.0    5.0  200.0   65.0  444.0
2017 242  8 30 1100  -38.4  975.0    6.3  192.0   66.7  444.0
2017 242  8 30 1200  -39.0  975.4    6.2  206.0   65.0  444.0
2017 242  8 30 1300  -39.0  974.9    6.7  209.0   65.5  444.0
2017 242  8 30 1400  -39.2  974.8    7.9  212.0   65.0  444.0
2017 242  8 30 1500  -40.1  975.4    5.8  219.0   64.0  444.0
2017 242  8 30 1600  -40.6  975.5    5.7  222.0   63.5  444.0
2017 242  8 30 1700  -40.5  975.6    6.9  222.0   64.0  444.0
2017 242  8 30 1800  -39.9  975.8    6.5  210.0   64.1  444.0
2017 242  8 30 1900  -40.4  975.7    6.2  206.0   65.0  444.0
2017 242  8 30 2000  -38.0  975.4    9.5  192.0   66.0  444.0
2017 242  8 30 2100  -37.9  975.2    9.1  191.0   67.0  444.0
2017 242  8 30 2200  -36.4  974.6   13.1  192.0   68.0  444.0
2017 242  8 30 2300  -35.6  974.4   12.5  209.0   69.0  444.0
2017 243  8 31 0000  -35.5  974.3   12.9  217.0   69.0  444.0
2017 243  8 31 0100  -33.6  974.1   15.0  220.0   71.0  444.0
2017 243  8 31 0200  -32.0  973.8   15.3  221.0   73.0  444.0
2017 243  8 31 0300  -31.1  972.6   18.7  209.0   74.0  444.0
2017 243  8 31 0400  -31.4  973.0   20.0  207.0   73.2  444.0
2017 243  8 31 0500  -32.6  974.3   17.2  204.0   72.0  444.0
2017 243  8 31 0600  -31.8  974.1   15.1  209.0   73.2  444.0
2017 243  8 31 0700  -30.6  973.0   19.4  216.0   74.0  444.0
2017 243  8 31 0800  -30.6  973.8   17.6  212.0   74.0  444.0
2017 243  8 31 0900  -31.5  973.8   16.1  206.0   73.3  444.0
2017 243  8 31 1000  -31.9  973.8   14.9  198.0   73.0  444.0
2017 243  8 31 1100  -32.1  973.3   14.4  202.0   72.9  444.0
2017 243  8 31 1200  -32.4  972.8   13.1  203.0   72.0  444.0
2017 243  8 31 1300  -33.4  972.5   12.0  201.0   71.0  444.0
2017 243  8 31 1400  -34.5  972.1   11.8  202.0   70.2  444.0
2017 243  8 31 1500  -34.7  971.6   10.8  192.0   70.0  444.0
2017 243  8 31 1600  -34.5  970.9   10.2  195.0   70.4  444.0
2017 243  8 31 1700  -35.4  970.2    8.6  210.0   69.0  444.0
2017 243  8 31 1800  -36.3  969.5    5.9  218.0   68.0  444.0
2017 243  8 31 1900  -37.1  968.5    6.9  228.0   67.8  444.0
2017 243  8 31 2000  -36.2  967.3    9.5  206.0   68.0  444.0
2017 243  8 31 2100  -36.5  966.8    7.1  206.0   68.3  444.0
2017 243  8 31 2200  -36.0  966.2    5.2  201.0   69.0  444.0
2017 243  8 31 2300  -36.5  965.5    2.9  228.0   68.0  444.0
