Year: 2024  Month: 08  ID: FER  ARGOS:  8947  Name: Ferrell             
Lat: 77.79S  Lon: 170.82E  Elev:   43m
2024 214  8  1 0000  -23.5  985.4   18.4  203.0   81.0  444.0
2024 214  8  1 0100  -25.2  986.5   17.1  196.0   77.0  444.0
2024 214  8  1 0200  -28.3  987.3   15.2  185.0   77.0  444.0
2024 214  8  1 0300  -28.3  987.4    8.2  176.0   77.0  444.0
2024 214  8  1 0400  -27.8  986.7    5.0  224.0   77.0  444.0
2024 214  8  1 0500  -24.4  985.3   13.3  198.0   80.2  444.0
2024 214  8  1 0600  -26.4  986.6    9.3  200.0   78.0  444.0
2024 214  8  1 0700  -28.0  986.0   11.7  194.0   77.0  444.0
2024 214  8  1 0800  -28.0  985.2   11.7  192.0   78.0  444.0
2024 214  8  1 0900  -26.7  985.5   10.4  213.0   78.2  444.0
2024 214  8  1 1000  -26.9  985.1   12.4  219.0   79.0  444.0
2024 214  8  1 1100  -25.0  983.6   14.3  214.0   79.0  444.0
2024 214  8  1 1200  -22.8  982.0   12.7  231.0   81.0  444.0
2024 214  8  1 1300  -18.5  979.2   15.5  233.0   82.0  444.0
2024 214  8  1 1400  -16.4  977.3   18.0  232.0   83.6  444.0
2024 214  8  1 1500  -15.1  975.7   16.7  224.0   84.0  444.0
2024 214  8  1 1600  -14.4  974.1   16.5  218.0   84.0  444.0
2024 214  8  1 1700  -13.6  973.6   21.3  206.0   86.0  444.0
2024 214  8  1 1800  -14.2  973.0   21.0  208.0   86.0  444.0
2024 214  8  1 1900  -14.8  972.1   22.1  210.0   87.0  444.0
2024 214  8  1 2000  -14.8  971.5   22.1  206.0   88.0  444.0
2024 214  8  1 2100  -14.6  971.6   22.9  202.0   89.0  444.0
2024 214  8  1 2200  -14.5  971.5   23.1  202.0   89.0  444.0
2024 214  8  1 2300  -13.7  971.3   23.9  198.0   90.0  444.0
2024 215  8  2 0000  -13.6  971.5   24.4  196.0   89.4  444.0
2024 215  8  2 0100  -14.0  972.2   24.4  195.0   89.0  444.0
2024 215  8  2 0200  -13.9  972.6   22.3  196.0   89.0  444.0
2024 215  8  2 0300  -14.4  974.0   16.5  196.0   88.9  444.0
2024 215  8  2 0400  -15.1  973.8   17.7  196.0   89.0  444.0
2024 215  8  2 0500  -15.6  975.5   17.3  195.0   88.0  444.0
2024 215  8  2 0600  -16.3  977.5   15.9  180.0   87.2  444.0
2024 215  8  2 0700  -18.0  979.4   14.4  189.0   86.0  444.0
2024 215  8  2 0800  -18.4  981.5   11.9  198.0   86.2  444.0
2024 215  8  2 0900  -17.8  982.1   12.6  195.0   87.0  444.0
2024 215  8  2 1000  -17.5  983.5   13.4  192.0   87.0  444.0
2024 215  8  2 1100  -19.5  985.5   11.6  176.0   84.6  444.0
2024 215  8  2 1200  -21.5  988.3   11.5  188.0   84.0  444.0
2024 215  8  2 1300  -22.0  991.3   11.3  187.0   83.0  444.0
2024 215  8  2 1400  -22.9  993.2   11.6  179.0   82.0  444.0
2024 215  8  2 1500  -23.3  995.8   11.4  204.0   82.3  444.0
2024 215  8  2 1600  -22.9  997.0   13.3  207.0   82.0  444.0
2024 215  8  2 1700  -24.6  997.7   14.2  201.0   80.0  444.0
2024 215  8  2 1800  -24.8  998.9   13.0  204.0   81.0  444.0
2024 215  8  2 1900  -24.5  999.8   11.1  195.0   81.0  444.0
2024 215  8  2 2000  -24.9 1000.6   10.7  216.0   81.0  444.0
2024 215  8  2 2100  -23.7 1000.4   11.4  213.0   81.0  444.0
2024 215  8  2 2200  -23.7 1000.0    9.1  216.0   81.3  444.0
2024 215  8  2 2300  -24.8 1000.1    9.0  216.0   81.0  444.0
2024 216  8  3 0000  -24.5 1000.0    9.5  210.0   80.0  444.0
2024 216  8  3 0100  -25.7  999.7    8.0  212.0   79.8  444.0
2024 216  8  3 0200  -23.7  999.4   10.8  212.0   82.0  444.0
2024 216  8  3 0300  -24.8  999.4   10.2  206.0   81.0  444.0
2024 216  8  3 0400  -24.5 1000.0    7.3  192.0   80.7  444.0
2024 216  8  3 0500  -22.9  999.5    8.1  201.0   83.0  444.0
2024 216  8  3 0600  -22.9  999.5   10.4  214.0   83.1  444.0
2024 216  8  3 0700  -23.9 1000.0    8.6  201.0   81.0  444.0
2024 216  8  3 0800  -24.5 1000.1    7.5  192.0   82.7  444.0
2024 216  8  3 0900  -22.1 1001.0    5.5  207.0   83.0  444.0
2024 216  8  3 1000  -22.9 1001.1    7.3  191.0   83.0  444.0
2024 216  8  3 1100  -23.9 1001.2    7.9  186.0   81.0  444.0
2024 216  8  3 1200  -24.4 1001.7    6.8  194.0   81.0  444.0
2024 216  8  3 1300  -23.6 1002.3    6.9  207.0   81.7  444.0
2024 216  8  3 1400  -22.5 1002.0    7.1  208.0   83.0  444.0
2024 216  8  3 1500  -20.9 1002.3    8.2  211.0   83.0  444.0
2024 216  8  3 1600  -22.0 1002.5    8.0  201.0   83.0  444.0
2024 216  8  3 1700  -24.3 1002.5    6.7  191.0   81.0  444.0
2024 216  8  3 1800  -24.4 1003.0    6.2  186.0   81.0  444.0
2024 216  8  3 1900  -22.2 1002.9    6.2  198.0   83.0  444.0
2024 216  8  3 2000  -21.9 1002.8    8.1  209.0   84.0  444.0
2024 216  8  3 2100  -21.3 1002.3   10.0  196.0   83.8  444.0
2024 216  8  3 2200  -22.1 1002.5    9.2  190.0   83.0  444.0
2024 216  8  3 2300  -23.6 1002.9    6.8  192.0   81.9  444.0
2024 217  8  4 0000  -23.6 1002.4    7.7  172.0   82.0  444.0
2024 217  8  4 0100  -22.5 1001.8    9.3  178.0   83.0  444.0
2024 217  8  4 0200  -22.0 1001.9    7.7  142.0   82.0  444.0
2024 217  8  4 0300  -23.4 1002.1    7.4  155.0   82.0  444.0
2024 217  8  4 0400  -23.5 1002.1    6.8  188.0   82.0  444.0
2024 217  8  4 0500  -22.4 1001.9    7.4  198.0   83.0  444.0
2024 217  8  4 0600  -22.4 1002.2    6.3  192.0   83.0  444.0
2024 217  8  4 0700  -22.9 1002.3    6.0  195.0   83.0  444.0
2024 217  8  4 0800  -23.9 1002.5    4.4  206.0   81.0  444.0
2024 217  8  4 0900  -24.9 1002.6    4.4  210.0   81.0  444.0
2024 217  8  4 1000  -24.7 1002.3    5.5  222.0   81.7  444.0
2024 217  8  4 1100  -22.0 1002.5    5.0  210.0   83.0  444.0
2024 217  8  4 1200  -23.0 1002.0    4.7  209.0   82.0  444.0
2024 217  8  4 1300  -22.5 1001.7    5.5  206.0   82.0  444.0
2024 217  8  4 1400  -24.3 1001.6    3.6  194.0   81.0  444.0
2024 217  8  4 1500  -23.1 1001.4    4.7  187.0   83.7  444.0
2024 217  8  4 1600  -23.4 1001.3    5.5  175.0   82.0  444.0
2024 217  8  4 1700  -24.1 1001.7    3.5  186.0   81.0  444.0
2024 217  8  4 1800  -24.9 1001.2    2.4  172.0   80.0  444.0
2024 217  8  4 1900  -26.3 1001.0    0.9  173.0   78.4  444.0
2024 217  8  4 2000  -26.4 1000.9    1.2  172.0   79.0  444.0
2024 217  8  4 2100  -24.2 1000.6    3.5  172.0   81.0  444.0
2024 217  8  4 2200  -23.5 1000.1    6.2  190.0   82.0  444.0
2024 217  8  4 2300  -23.3 1000.0    5.2  182.0   82.0  444.0
2024 218  8  5 0000  -23.2 1000.0    6.2  178.0   82.0  444.0
2024 218  8  5 0100  -23.1  999.9    5.8  178.0   82.0  444.0
2024 218  8  5 0200  -23.0 1000.3    5.3  194.0   82.0  444.0
2024 218  8  5 0300  -24.6  999.6    5.4  211.0   81.0  444.0
2024 218  8  5 0400  -25.3  999.4    5.6  210.0   79.8  444.0
2024 218  8  5 0500  -26.5  999.2    5.5  216.0   79.0  444.0
2024 218  8  5 0600  -27.3  999.5    5.4  218.0   78.0  444.0
2024 218  8  5 0700  -26.9 1000.0    6.1  230.0   79.0  444.0
2024 218  8  5 0800  -27.6 1000.2    5.3  230.0   77.6  444.0
2024 218  8  5 0900  -25.6 1000.3    5.2  204.0   81.0  444.0
2024 218  8  5 1000  -24.0  999.9   10.9  182.0   81.0  444.0
2024 218  8  5 1100  -24.2 1000.2   12.0  180.0   81.0  444.0
2024 218  8  5 1200  -24.4 1000.6   12.7  182.0   81.0  444.0
2024 218  8  5 1300  -24.8 1000.8   12.1  181.0   81.0  444.0
2024 218  8  5 1400  -25.6 1000.9   12.6  187.0   80.0  444.0
2024 218  8  5 1500  -26.1 1001.0   11.7  196.0   79.0  444.0
2024 218  8  5 1600  -26.1 1000.3   12.6  192.0   79.0  444.0
2024 218  8  5 1700  -26.1 1000.3   12.7  185.0   80.0  444.0
2024 218  8  5 1800  -25.5  999.8   14.2  191.0   80.0  444.0
2024 218  8  5 1900  -25.7  999.8   11.4  204.0   80.0  444.0
2024 218  8  5 2000  -25.7  999.2   10.8  203.0   80.0  444.0
2024 218  8  5 2100  -25.0  998.3   13.1  199.0   80.8  444.0
2024 218  8  5 2200  -24.2  997.7   11.9  202.0   81.0  444.0
2024 218  8  5 2300  -24.3  997.2   10.7  211.0   81.0  444.0
2024 219  8  6 0000  -24.9  996.5    9.0  208.0   80.0  444.0
2024 219  8  6 0100  -26.1  996.0    7.0  203.0   79.0  444.0
2024 219  8  6 0200  -26.5  994.8    7.0  212.0   79.0  444.0
2024 219  8  6 0300  -25.9  993.6    8.5  205.0   80.0  444.0
2024 219  8  6 0400  -26.7  992.6    6.0  214.0   79.0  444.0
2024 219  8  6 0500  -28.4  992.0    5.6  212.0   79.0  444.0
2024 219  8  6 0600  -28.7  991.0    5.1  215.0   76.6  444.0
2024 219  8  6 0700  -30.3  990.4  444.0  444.0   75.0  444.0
2024 219  8  6 0800  -29.4  989.9  444.0  444.0   76.0  444.0
2024 219  8  6 0900  -29.1  989.1  444.0  444.0   77.0  444.0
2024 219  8  6 1000  -30.4  988.8  444.0  444.0   75.0  444.0
2024 219  8  6 1100  -27.3  988.2  444.0  444.0   81.0  444.0
2024 219  8  6 1200  -24.8  988.0  444.0  444.0   80.0  444.0
2024 219  8  6 1300  -25.0  988.0  444.0  444.0   80.0  444.0
2024 219  8  6 1400  -27.7  988.1  444.0  444.0   77.7  444.0
2024 219  8  6 1500  -28.2  988.5  444.0  444.0   79.0  444.0
2024 219  8  6 1600  -29.5  989.2  444.0  444.0   76.0  444.0
2024 219  8  6 1700  -30.6  989.8  444.0  444.0   75.0  444.0
2024 219  8  6 1800  -29.0  990.2    0.5  188.0   77.0  444.0
2024 219  8  6 1900  -29.0  990.9    6.3  206.0   76.0  444.0
2024 219  8  6 2000  -32.1  991.4    4.5  229.0   72.0  444.0
2024 219  8  6 2100  -32.7  991.5    4.8  229.0   73.0  444.0
2024 219  8  6 2200  -32.8  992.0    3.9  229.0   73.0  444.0
2024 219  8  6 2300  -31.5  992.5    6.5  229.0   75.0  444.0
2024 220  8  7 0000  -25.5  993.0    9.5  221.0   81.4  444.0
2024 220  8  7 0100  -23.2  994.3    9.8  219.0   82.0  444.0
2024 220  8  7 0200  -21.1  993.7   11.5  235.0   82.0  444.0
2024 220  8  7 0300  -18.8  994.1   12.8  227.0   83.0  444.0
2024 220  8  7 0400  -16.9  994.2   13.5  216.0   79.0  444.0
2024 220  8  7 0500  -17.7  995.0   17.9  199.0   84.0  444.0
2024 220  8  7 0600  -18.4  995.9   15.3  194.0   85.6  444.0
2024 220  8  7 0700  -19.9  997.0   13.6  197.0   84.0  444.0
2024 220  8  7 0800  -22.4  998.3   15.9  189.0   82.0  444.0
2024 220  8  7 0900  -22.9  999.4   14.8  189.0   82.0  444.0
2024 220  8  7 1000  -22.1 1000.2   14.9  197.0   83.0  444.0
2024 220  8  7 1100  -20.9 1001.1   13.3  205.0   84.2  444.0
2024 220  8  7 1200  -20.8 1001.4   14.2  197.0   84.0  444.0
2024 220  8  7 1300  -20.3 1002.0   13.5  200.0   85.0  444.0
2024 220  8  7 1400  -19.5 1001.9   12.2  206.0   86.0  444.0
2024 220  8  7 1500  -18.8 1003.0   11.5  221.0   86.0  444.0
2024 220  8  7 1600  -19.2 1003.3   10.8  211.0   85.7  444.0
2024 220  8  7 1700  -18.0 1002.9   11.1  208.0   87.0  444.0
2024 220  8  7 1800  -17.5 1003.1    9.9  208.0   87.0  444.0
2024 220  8  7 1900  -17.8 1003.6    6.8  219.0   87.0  444.0
2024 220  8  7 2000  -17.7 1003.1    7.8  208.0   87.0  444.0
2024 220  8  7 2100  -19.9 1002.8    0.0    0.0   85.0  444.0
2024 220  8  7 2200  -17.8 1002.1    1.7  217.0   87.0  444.0
2024 220  8  7 2300  -17.5 1002.0    1.9  229.0   86.0  444.0
2024 221  8  8 0000  -15.1 1001.5    9.8  212.0   86.0  444.0
2024 221  8  8 0100  -15.4 1001.1   10.8  216.0   85.0  444.0
2024 221  8  8 0200  -15.6 1001.0   10.9  228.0   87.9  444.0
2024 221  8  8 0300  -15.8 1001.1    7.7  228.0   88.5  444.0
2024 221  8  8 0400  -14.6 1000.9    6.4  226.0   89.0  444.0
2024 221  8  8 0500  -15.5 1000.9   10.7  204.0   88.0  444.0
2024 221  8  8 0600  -17.3 1000.9   11.5  206.0   85.0  444.0
2024 221  8  8 0700  -17.1 1000.8   11.1  205.0   87.0  444.0
2024 221  8  8 0800  -17.5 1001.2   12.5  213.0   87.0  444.0
2024 221  8  8 0900  -16.5 1001.1   15.3  213.0   88.0  444.0
2024 221  8  8 1000  -16.3 1001.7   14.1  210.0   88.0  444.0
2024 221  8  8 1100  -17.0 1002.3   14.2  205.0   87.0  444.0
2024 221  8  8 1200  -21.1 1003.3   10.4  206.0   84.2  444.0
2024 221  8  8 1300  -21.6 1003.6   12.4  197.0   83.0  444.0
2024 221  8  8 1400  -21.8 1003.6   13.7  194.0   83.0  444.0
2024 221  8  8 1500  -21.0 1003.4   15.7  189.0   84.0  444.0
2024 221  8  8 1600  -21.5 1003.1   16.8  195.0   83.0  444.0
2024 221  8  8 1700  -21.1 1003.3   16.6  200.0   83.7  444.0
2024 221  8  8 1800  -20.1 1003.3   17.4  199.0   84.0  444.0
2024 221  8  8 1900  -19.6 1002.6   18.1  196.0   85.0  444.0
2024 221  8  8 2000  -19.6 1003.6   14.6  196.0   85.0  444.0
2024 221  8  8 2100  -19.2 1003.2   16.4  197.0   85.7  444.0
2024 221  8  8 2200  -18.8 1003.5   15.0  193.0   85.5  444.0
2024 221  8  8 2300  -18.2 1003.2   13.3  200.0   86.0  444.0
2024 222  8  9 0000  -18.1 1003.3   13.0  212.0   86.0  444.0
2024 222  8  9 0100  -18.2 1003.3   11.0  213.0   86.0  444.0
2024 222  8  9 0200  -17.9 1003.1    9.4  214.0   86.2  444.0
2024 222  8  9 0300  -17.9 1002.7   13.8  203.0   84.0  444.0
2024 222  8  9 0400  -18.9 1002.4   14.3  197.0   83.0  444.0
2024 222  8  9 0500  -19.0 1002.7   13.0  201.0   85.0  444.0
2024 222  8  9 0600  -19.0 1003.0   12.3  215.0   83.0  444.0
2024 222  8  9 0700  -19.1 1003.2   11.0  222.0   82.0  444.0
2024 222  8  9 0800  -18.8 1002.9   13.9  204.0   83.0  444.0
2024 222  8  9 0900  -19.0 1002.9   15.0  213.0   84.0  444.0
2024 222  8  9 1000  -18.9 1003.3   14.6  202.0   84.0  444.0
2024 222  8  9 1100  -18.8 1003.5   13.6  207.0   83.0  444.0
2024 222  8  9 1200  -18.3 1003.6   14.3  208.0   84.0  444.0
2024 222  8  9 1300  -18.1 1003.6   14.1  212.0   82.0  444.0
2024 222  8  9 1400  -18.6 1003.9   14.6  212.0   83.0  444.0
2024 222  8  9 1500  -19.1 1004.2   14.3  211.0   82.9  444.0
2024 222  8  9 1600  -19.4 1004.8   12.9  212.0   82.0  444.0
2024 222  8  9 1700  -20.2 1004.8   12.6  210.0   83.0  444.0
2024 222  8  9 1800  -19.9 1004.5   12.3  211.0   81.0  444.0
2024 222  8  9 1900  -20.2 1005.0   11.2  199.0   79.0  444.0
2024 222  8  9 2000  -20.3 1005.0   13.6  199.0   80.8  444.0
2024 222  8  9 2100  -19.9 1005.3   13.5  198.0   80.0  444.0
2024 222  8  9 2200  -19.9 1004.8   12.1  192.0   83.0  444.0
2024 222  8  9 2300  -20.1 1005.1   10.9  200.0   84.0  444.0
2024 223  8 10 0000  -19.5 1005.2   12.2  203.0   84.0  444.0
2024 223  8 10 0100  -20.1 1005.1   10.5  196.0   84.0  444.0
2024 223  8 10 0200  -21.1 1005.3    5.9  204.0   83.0  444.0
2024 223  8 10 0300  -20.9 1005.4    9.0  200.0   84.0  444.0
2024 223  8 10 0400  -20.2 1005.5    2.4  199.0   84.0  444.0
2024 223  8 10 0500  -20.3 1005.6    0.2  197.0   85.0  444.0
2024 223  8 10 0600  -19.4 1005.0    8.8  193.0   85.0  444.0
2024 223  8 10 0700  -18.7 1005.3    5.9  198.0   86.0  444.0
2024 223  8 10 0800  -18.8 1005.2    5.9  198.0   86.0  444.0
2024 223  8 10 0900  -18.9 1005.2    6.2  197.0   85.0  444.0
2024 223  8 10 1000  -18.6 1005.0    7.2  180.0   83.0  444.0
2024 223  8 10 1100  -18.8 1005.1    8.9  189.0   82.0  444.0
2024 223  8 10 1200  -18.9 1004.8    7.3  201.0   84.0  444.0
2024 223  8 10 1300  -19.1 1004.7    7.6  199.0   85.0  444.0
2024 223  8 10 1400  -19.5 1004.6    7.5  203.0   82.9  444.0
2024 223  8 10 1500  -19.9 1004.5    6.6  207.0   82.0  444.0
2024 223  8 10 1600  -20.5 1004.6    7.6  208.0   83.0  444.0
2024 223  8 10 1700  -21.2 1004.3    9.0  196.0   82.0  444.0
2024 223  8 10 1800  -22.1 1004.2   10.1  202.0   81.0  444.0
2024 223  8 10 1900  -23.9 1004.4    9.2  199.0   81.0  444.0
2024 223  8 10 2000  -25.2 1004.1   10.9  204.0   80.0  444.0
2024 223  8 10 2100  -24.6 1004.2    8.4  196.0   81.0  444.0
2024 223  8 10 2200  -23.6 1004.2    7.0  191.0   82.0  444.0
2024 223  8 10 2300  -22.9 1003.8    7.2  188.0   82.0  444.0
2024 224  8 11 0000  -21.8 1003.8    6.4  185.0   83.2  444.0
2024 224  8 11 0100  -21.9 1003.8    6.5  184.0   83.1  444.0
2024 224  8 11 0200  -20.7 1003.6    6.9  188.0   84.0  444.0
2024 224  8 11 0300  -20.3 1003.5    5.9  181.0   84.0  444.0
2024 224  8 11 0400  -19.4 1003.2    7.3  193.0   82.0  444.0
2024 224  8 11 0500  -19.4 1003.3    5.9  192.0   85.0  444.0
2024 224  8 11 0600  -19.4 1003.0    8.5  200.0   84.0  444.0
2024 224  8 11 0700  -20.0 1002.9    8.0  202.0   81.9  444.0
2024 224  8 11 0800  -21.1 1003.0    6.1  218.0   81.0  444.0
2024 224  8 11 0900  -21.1 1002.7    4.6  231.0   81.0  444.0
2024 224  8 11 1000  -22.2 1002.2    5.0  231.0   80.0  444.0
2024 224  8 11 1100  -20.8 1001.5    6.9  220.0   81.0  444.0
2024 224  8 11 1200  -21.9 1001.3    6.2  220.0   82.0  444.0
2024 224  8 11 1300  -21.5 1001.2    5.9  212.0   83.5  444.0
2024 224  8 11 1400  -21.5 1000.9    6.7  199.0   80.0  444.0
2024 224  8 11 1500  -22.8 1001.0    5.6  206.0   79.0  444.0
2024 224  8 11 1600  -23.6 1000.7    5.7  210.0   78.0  444.0
2024 224  8 11 1700  -24.5 1000.3    5.8  209.0   78.5  444.0
2024 224  8 11 1800  -25.1  999.8    5.2  205.0   79.1  444.0
2024 224  8 11 1900  -25.4  999.8    4.8  208.0   79.0  444.0
2024 224  8 11 2000  -24.3  999.4    5.8  190.0   79.0  444.0
2024 224  8 11 2100  -24.0  999.2    6.1  186.0   77.0  444.0
2024 224  8 11 2200  -24.7  999.1    5.4  184.0   75.7  444.0
2024 224  8 11 2300  -22.9  998.7    7.0  184.0   74.0  444.0
2024 225  8 12 0000  -21.7  997.9   10.5  186.0   81.0  444.0
2024 225  8 12 0100  -20.5  998.1   12.8  190.0   83.0  444.0
2024 225  8 12 0200  -21.1  998.5   11.6  199.0   82.0  444.0
2024 225  8 12 0300  -21.6  998.9   11.1  190.0   82.0  444.0
2024 225  8 12 0400  -22.6  999.1    9.2  185.0   80.0  444.0
2024 225  8 12 0500  -23.0  998.8    8.3  179.0   80.0  444.0
2024 225  8 12 0600  -23.5  998.8    8.7  184.0   79.0  444.0
2024 225  8 12 0700  -23.9  999.1   11.7  189.0   80.0  444.0
2024 225  8 12 0800  -24.6  998.9   11.4  187.0   78.0  444.0
2024 225  8 12 0900  -24.6  999.4   10.8  191.0   78.0  444.0
2024 225  8 12 1000  -24.9  999.5   10.1  194.0   79.5  444.0
2024 225  8 12 1100  -24.6  999.3   12.8  194.0   80.0  444.0
2024 225  8 12 1200  -24.4  999.6   11.9  197.0   79.0  444.0
2024 225  8 12 1300  -25.3 1000.2   11.5  204.0   78.0  444.0
2024 225  8 12 1400  -25.6 1000.4   10.8  205.0   77.5  444.0
2024 225  8 12 1500  -26.7 1001.0    8.4  211.0   75.0  444.0
2024 225  8 12 1600  -27.8 1001.2    7.7  223.0   78.0  444.0
2024 225  8 12 1700  -27.5 1001.1    7.5  233.0   75.0  444.0
2024 225  8 12 1800  -27.1 1001.1    8.2  225.0   72.0  444.0
2024 225  8 12 1900  -27.5 1001.6    9.0  222.0   74.0  444.0
2024 225  8 12 2000  -28.3 1001.6    8.0  221.0   75.0  444.0
2024 225  8 12 2100  -27.6 1001.8    6.9  214.0   74.0  444.0
2024 225  8 12 2200  -26.1 1001.8    9.1  200.0   74.0  444.0
2024 225  8 12 2300  -26.5 1002.1   10.2  188.0   76.0  444.0
2024 226  8 13 0000  -26.4 1002.6   10.4  179.0   77.0  444.0
2024 226  8 13 0100  -25.9 1003.1   11.7  185.0   77.0  444.0
2024 226  8 13 0200  -27.0 1003.9   11.7  202.0   77.0  444.0
2024 226  8 13 0300  -29.3 1004.8   11.0  183.0   75.0  444.0
2024 226  8 13 0400  -29.8 1005.7    6.0  188.0   74.0  444.0
2024 226  8 13 0500  -30.9 1005.9    3.8  214.0   74.0  444.0
2024 226  8 13 0600  -30.6 1005.9    4.7  214.0   73.0  444.0
2024 226  8 13 0700  -30.2 1005.8    5.6  209.0   73.1  444.0
2024 226  8 13 0800  -29.8 1006.4    6.3  206.0   72.0  444.0
2024 226  8 13 0900  -28.2 1006.5    9.3  190.0   74.0  444.0
2024 226  8 13 1000  -29.4 1007.3    7.3  198.0   74.0  444.0
2024 226  8 13 1100  -30.1 1008.3    7.8  202.0   74.0  444.0
2024 226  8 13 1200  -29.1 1008.4   10.3  189.0   75.0  444.0
2024 226  8 13 1300  -29.1 1008.1   10.8  175.0   74.0  444.0
2024 226  8 13 1400  -28.9 1009.2    9.7  181.0   75.0  444.0
2024 226  8 13 1500  -30.4 1009.3    6.9  190.0   74.0  444.0
2024 226  8 13 1600  -31.1 1009.0    8.1  174.0   74.0  444.0
2024 226  8 13 1700  -30.8 1009.6    7.8  196.0   74.0  444.0
2024 226  8 13 1800  -31.4 1009.6    7.5  204.0   73.0  444.0
2024 226  8 13 1900  -32.1 1009.9    6.8  203.0   73.0  444.0
2024 226  8 13 2000  -32.7 1010.2    5.5  213.0   72.0  444.0
2024 226  8 13 2100  -33.0 1010.9    5.7  224.0   72.0  444.0
2024 226  8 13 2200  -32.3 1011.0    5.9  222.0   73.0  444.0
2024 226  8 13 2300  -31.8 1010.7    6.7  213.0   74.0  444.0
2024 227  8 14 0000  -31.9 1010.8    5.8  217.0   72.0  444.0
2024 227  8 14 0100  -32.3 1010.6    6.0  223.0   71.0  444.0
2024 227  8 14 0200  -31.7 1010.2    5.8  211.0   71.5  444.0
2024 227  8 14 0300  -32.0 1010.1    5.3  217.0   71.0  444.0
2024 227  8 14 0400  -31.9 1009.9    5.8  210.0   70.0  444.0
2024 227  8 14 0500  -32.2 1009.5    5.3  196.0   70.2  444.0
2024 227  8 14 0600  -34.0 1009.0    3.8  201.0   71.0  444.0
2024 227  8 14 0700  -34.3 1008.9    2.7  205.0   72.0  444.0
2024 227  8 14 0800  -33.9 1008.6    2.4  203.0   72.0  444.0
2024 227  8 14 0900  -33.6 1008.3    2.4  181.0   71.0  444.0
2024 227  8 14 1000  -33.5 1007.8    0.0    0.0   72.0  444.0
2024 227  8 14 1100  -32.4 1007.3    0.0    0.0   74.0  444.0
2024 227  8 14 1200  -29.8 1006.7    0.0    0.0   75.0  444.0
2024 227  8 14 1300  -32.8 1006.2    0.0    0.0   71.0  444.0
2024 227  8 14 1400  -35.3 1005.9    2.7  185.0   72.0  444.0
2024 227  8 14 1500  -35.5 1005.7    2.4  173.0   70.0  444.0
2024 227  8 14 1600  -31.0 1004.8    2.8  212.0   78.0  444.0
2024 227  8 14 1700  -32.4 1004.3  444.0  444.0   71.0  444.0
2024 227  8 14 1800  -35.3 1003.8  444.0  444.0   69.0  444.0
2024 227  8 14 1900  -36.5 1002.8  444.0  444.0   70.0  444.0
2024 227  8 14 2000  -36.4 1002.2  444.0  444.0   70.0  444.0
2024 227  8 14 2100  -33.2 1001.4  444.0  444.0   72.0  444.0
2024 227  8 14 2200  -34.7 1000.9  444.0  444.0   69.0  444.0
2024 227  8 14 2300  -31.9 1000.2  444.0  444.0   71.0  444.0
2024 228  8 15 0000  -26.5  998.7  444.0  444.0   78.9  444.0
2024 228  8 15 0100  -26.3  998.1  444.0  444.0   78.0  444.0
2024 228  8 15 0200  -29.7  997.5  444.0  444.0   77.0  444.0
2024 228  8 15 0300  -26.9  996.8  444.0  444.0   78.0  444.0
2024 228  8 15 0400  -27.2  995.5  444.0  444.0   76.6  444.0
2024 228  8 15 0500  -31.8  994.4  444.0  444.0   70.0  444.0
2024 228  8 15 0600  -36.2  993.6  444.0  444.0   71.0  444.0
2024 228  8 15 0700  -34.1  992.3  444.0  444.0   70.0  444.0
2024 228  8 15 0800  -34.1  991.8  444.0  444.0   73.0  444.0
2024 228  8 15 0900  -32.3  990.9  444.0  444.0   73.0  444.0
2024 228  8 15 1000  -37.6  989.2    2.0  117.0   68.0  444.0
2024 228  8 15 1100  -36.9  988.9    1.9  117.0   70.0  444.0
2024 228  8 15 1200  -36.8  988.7    0.8  117.0   65.9  444.0
2024 228  8 15 1300  -35.8  988.2    0.3  117.0   68.0  444.0
2024 228  8 15 1400  -28.9  987.6    6.3  201.0   77.0  444.0
2024 228  8 15 1500  -30.9  985.7    5.7  213.0   74.0  444.0
2024 228  8 15 1600  -29.2  984.7    8.8  203.0   75.0  444.0
2024 228  8 15 1700  -30.0  984.4    5.4  194.0   76.0  444.0
2024 228  8 15 1800  -31.1  983.6    6.9  209.0   74.0  444.0
2024 228  8 15 1900  -30.4  983.5    6.6  195.0   74.0  444.0
2024 228  8 15 2000  -30.4  984.0    5.3  187.0   75.0  444.0
2024 228  8 15 2100  -32.7  984.2    5.4  207.0   73.0  444.0
2024 228  8 15 2200  -32.5  984.1    4.8  196.0   73.0  444.0
2024 228  8 15 2300  -31.6  984.6    5.1  210.0   73.2  444.0
2024 229  8 16 0000  -32.6  984.0    4.4  234.0   72.0  444.0
2024 229  8 16 0100  -26.0  983.2   16.1  211.0   79.0  444.0
2024 229  8 16 0200  -27.5  983.9   14.0  201.0   78.0  444.0
2024 229  8 16 0300  -26.3  983.9   13.0  207.0   79.0  444.0
2024 229  8 16 0400  -25.9  983.9   16.8  198.0   79.0  444.0
2024 229  8 16 0500  -25.4  984.9   15.5  188.0   79.8  444.0
2024 229  8 16 0600  -25.3  984.6   12.6  195.0   80.0  444.0
2024 229  8 16 0700  -25.5  984.0   12.7  190.0   79.0  444.0
2024 229  8 16 0800  -26.1  983.7   12.2  188.0   78.0  444.0
2024 229  8 16 0900  -26.9  983.3   11.7  184.0   77.0  444.0
2024 229  8 16 1000  -28.7  983.2    9.2  188.0   74.1  444.0
2024 229  8 16 1100  -30.8  983.1    6.6  216.0   73.0  444.0
2024 229  8 16 1200  -30.4  982.6    7.3  198.0   74.0  444.0
2024 229  8 16 1300  -29.5  982.2    6.7  188.0   74.0  444.0
2024 229  8 16 1400  -27.0  981.5    5.0  199.0   74.0  444.0
2024 229  8 16 1500  -25.9  981.4    6.0  198.0   73.0  444.0
2024 229  8 16 1600  -25.7  980.6    9.9  204.0   67.0  444.0
2024 229  8 16 1700  -27.1  979.8   10.5  206.0   72.0  444.0
2024 229  8 16 1800  -27.3  979.5    9.5  202.0   72.0  444.0
2024 229  8 16 1900  -26.9  979.4    2.5  210.0   76.0  444.0
2024 229  8 16 2000  -25.6  978.7    2.9  224.0   79.0  444.0
2024 229  8 16 2100  -24.1  978.3    2.7  226.0   80.0  444.0
2024 229  8 16 2200  -22.6  977.9    6.3  232.0   79.0  444.0
2024 229  8 16 2300  -22.2  977.6    9.0  232.0   78.0  444.0
2024 230  8 17 0000  -21.9  977.5    8.7  226.0   75.0  444.0
2024 230  8 17 0100  -22.4  977.4    7.3  216.0   76.0  444.0
2024 230  8 17 0200  -22.2  977.2    7.8  218.0   76.0  444.0
2024 230  8 17 0300  -20.9  977.2    9.3  219.0   75.0  444.0
2024 230  8 17 0400  -19.6  976.8   11.2  216.0   73.0  444.0
2024 230  8 17 0500  -20.7  977.5    7.5  200.0   70.3  444.0
2024 230  8 17 0600  -20.6  977.6    6.7  212.0   71.0  444.0
2024 230  8 17 0700  -20.1  977.9    6.5  207.0   71.0  444.0
2024 230  8 17 0800  -20.4  978.7    5.7  183.0   73.0  444.0
2024 230  8 17 0900  -18.3  978.8   11.0  200.0   78.0  444.0
2024 230  8 17 1000  -18.8  979.0   13.5  211.0   81.2  444.0
2024 230  8 17 1100  -19.2  979.2   14.3  219.0   82.0  444.0
2024 230  8 17 1200  -18.5  979.4   15.3  208.0   85.0  444.0
2024 230  8 17 1300  -19.5  979.5   17.8  205.0   84.0  444.0
2024 230  8 17 1400  -23.6  981.6   20.2  203.0   81.0  444.0
2024 230  8 17 1500  -26.8  984.4   18.4  193.0   78.2  444.0
2024 230  8 17 1600  -29.7  986.0   18.6  197.0   75.0  444.0
2024 230  8 17 1700  -30.8  987.4   12.4  195.0   74.0  444.0
2024 230  8 17 1800  -29.7  988.1   13.2  213.0   76.0  444.0
2024 230  8 17 1900  -29.7  988.0   11.4  199.0   75.0  444.0
2024 230  8 17 2000  -29.5  988.1    8.6  214.0   76.0  444.0
2024 230  8 17 2100  -28.8  987.8   10.0  219.0   77.0  444.0
2024 230  8 17 2200  -27.7  987.7    9.9  210.0   78.0  444.0
2024 230  8 17 2300  -25.7  987.1    8.9  203.0   80.0  444.0
2024 231  8 18 0000  -23.6  986.6   12.1  195.0   81.0  444.0
2024 231  8 18 0100  -21.1  986.5   12.6  200.0   83.1  444.0
2024 231  8 18 0200  -21.1  985.4   14.3  202.0   83.0  444.0
2024 231  8 18 0300  -20.8  985.4   13.2  207.0   83.0  444.0
2024 231  8 18 0400  -20.0  984.6   15.3  204.0   84.0  444.0
2024 231  8 18 0500  -20.8  984.1   15.0  204.0   83.0  444.0
2024 231  8 18 0600  -20.7  983.9   15.0  209.0   82.4  444.0
2024 231  8 18 0700  -20.1  984.5   12.9  207.0   82.0  444.0
2024 231  8 18 0800  -19.9  984.2   14.2  204.0   81.3  444.0
2024 231  8 18 0900  -20.0  984.5   13.8  206.0   80.0  444.0
2024 231  8 18 1000  -20.2  984.6   11.9  198.0   78.0  444.0
2024 231  8 18 1100  -20.5  983.8   11.4  206.0   84.0  444.0
2024 231  8 18 1200  -20.3  983.4   10.8  203.0   78.0  444.0
2024 231  8 18 1300  -20.8  983.3   11.4  200.0   77.3  444.0
2024 231  8 18 1400  -21.8  983.0    9.7  210.0   77.0  444.0
2024 231  8 18 1500  -22.1  982.7    8.1  202.0   76.0  444.0
2024 231  8 18 1600  -22.5  982.0    6.9  198.0   73.0  444.0
2024 231  8 18 1700  -22.4  981.4    6.7  182.0   73.0  444.0
2024 231  8 18 1800  -23.5  980.5    2.0  192.0   72.0  444.0
2024 231  8 18 1900  -25.8  979.8    0.1  187.0   72.0  444.0
2024 231  8 18 2000  -25.9  979.0    4.0  157.0   70.0  444.0
2024 231  8 18 2100  -25.9  978.5    0.2  151.0   67.0  444.0
2024 231  8 18 2200  -25.8  978.4  444.0  444.0   66.0  444.0
2024 231  8 18 2300  -26.6  977.2  444.0  444.0   67.0  444.0
2024 232  8 19 0000  -26.1  976.3  444.0  444.0   64.0  444.0
2024 232  8 19 0100  -26.4  975.5  444.0  444.0   66.0  444.0
2024 232  8 19 0200  -27.7  974.4  444.0  444.0   71.0  444.0
2024 232  8 19 0300  -30.0  973.6  444.0  444.0   72.0  444.0
2024 232  8 19 0400  -31.9  972.4  444.0  444.0   74.4  444.0
2024 232  8 19 0500  -32.1  971.3  444.0  444.0   72.0  444.0
2024 232  8 19 0600  -31.4  970.6  444.0  444.0   72.2  444.0
2024 232  8 19 0700  -29.7  970.2  444.0  444.0   69.0  444.0
2024 232  8 19 0800  -30.8  970.0  444.0  444.0   69.0  444.0
2024 232  8 19 0900  -29.7  969.3  444.0  444.0   67.0  444.0
2024 232  8 19 1000  -31.2  968.8  444.0  444.0   69.0  444.0
2024 232  8 19 1100  -31.1  968.9  444.0  444.0   68.1  444.0
2024 232  8 19 1200  -31.6  968.6  444.0  444.0   70.0  444.0
2024 232  8 19 1300  -32.3  968.7  444.0  444.0   74.0  444.0
2024 232  8 19 1400  -31.9  969.2  444.0  444.0   74.0  444.0
2024 232  8 19 1500  -31.8  969.9  444.0  444.0   76.0  444.0
2024 232  8 19 1600  -28.5  970.2  444.0  444.0   65.0  444.0
2024 232  8 19 1700  -30.6  971.4  444.0  444.0   67.0  444.0
2024 232  8 19 1800  -31.3  972.0  444.0  444.0   68.0  444.0
2024 232  8 19 1900  -32.9  972.7  444.0  444.0   69.0  444.0
2024 232  8 19 2000  -34.6  973.9  444.0  444.0   70.0  444.0
2024 232  8 19 2100  -33.0  975.0  444.0  444.0   65.3  444.0
2024 232  8 19 2200  -32.6  975.7  444.0  444.0   70.0  444.0
2024 232  8 19 2300  -32.1  976.2  444.0  444.0   72.0  444.0
2024 233  8 20 0000  -30.1  976.4  444.0  444.0   71.0  444.0
2024 233  8 20 0100  -31.1  976.7  444.0  444.0   71.0  444.0
2024 233  8 20 0200  -30.7  977.0  444.0  444.0   75.3  444.0
2024 233  8 20 0300  -29.9  977.3  444.0  444.0   77.0  444.0
2024 233  8 20 0400  -31.8  977.7  444.0  444.0   72.0  444.0
2024 233  8 20 0500  -29.6  977.8  444.0  444.0   75.0  444.0
2024 233  8 20 0600  -26.7  977.8  444.0  444.0   73.0  444.0
2024 233  8 20 0700  -26.7  978.4  444.0  444.0   71.0  444.0
2024 233  8 20 0800  -26.3  978.9  444.0  444.0   71.0  444.0
2024 233  8 20 0900  -27.7  979.1  444.0  444.0   72.0  444.0
2024 233  8 20 1000  -29.1  979.6  444.0  444.0   74.0  444.0
2024 233  8 20 1100  -27.6  979.6  444.0  444.0   72.0  444.0
2024 233  8 20 1200  -27.2  980.0  444.0  444.0   72.0  444.0
2024 233  8 20 1300  -27.0  980.5  444.0  444.0   74.0  444.0
2024 233  8 20 1400  -23.4  980.6  444.0  444.0   77.0  444.0
2024 233  8 20 1500  -21.6  980.7   10.3  195.0   78.0  444.0
2024 233  8 20 1600  -21.9  981.4    8.2  192.0   82.0  444.0
2024 233  8 20 1700  -22.2  981.8    8.2  195.0   81.0  444.0
2024 233  8 20 1800  -22.4  982.6    8.0  209.0   81.0  444.0
2024 233  8 20 1900  -23.0  983.3    6.3  204.0   81.0  444.0
2024 233  8 20 2000  -23.1  984.0    8.0  195.0   79.0  444.0
2024 233  8 20 2100  -22.8  984.3    8.5  180.0   81.0  444.0
2024 233  8 20 2200  -22.7  984.7   10.8  183.0   81.0  444.0
2024 233  8 20 2300  -23.1  985.1   10.2  185.0   80.0  444.0
2024 234  8 21 0000  -25.1  985.4   12.4  190.0   79.0  444.0
2024 234  8 21 0100  -26.0  985.9   10.2  196.0   79.0  444.0
2024 234  8 21 0200  -26.4  986.7    7.6  194.0   77.0  444.0
2024 234  8 21 0300  -26.8  986.8    6.5  200.0   77.0  444.0
2024 234  8 21 0400  -26.6  986.2    9.3  197.0   77.0  444.0
2024 234  8 21 0500  -26.7  986.3    9.8  195.0   75.0  444.0
2024 234  8 21 0600  -27.6  986.2    7.8  186.0   72.0  444.0
2024 234  8 21 0700  -28.0  986.5    6.4  195.0   71.0  444.0
2024 234  8 21 0800  -27.3  986.3    6.1  194.0   69.0  444.0
2024 234  8 21 0900  -28.2  986.6    4.0  213.0   69.0  444.0
2024 234  8 21 1000  -29.3  986.6    4.1  200.0   66.0  444.0
2024 234  8 21 1100  -31.6  986.5  444.0  444.0   67.0  444.0
2024 234  8 21 1200  -32.4  986.4  444.0  444.0   65.0  444.0
2024 234  8 21 1300  -32.8  986.0  444.0  444.0   64.0  444.0
2024 234  8 21 1400  -33.5  985.8  444.0  444.0   64.0  444.0
2024 234  8 21 1500  -32.7  985.2  444.0  444.0   62.0  444.0
2024 234  8 21 1600  -32.7  984.8  444.0  444.0   63.0  444.0
2024 234  8 21 1700  -32.3  984.5  444.0  444.0   67.0  444.0
2024 234  8 21 1800  -31.6  984.4  444.0  444.0   62.0  444.0
2024 234  8 21 1900  -33.4  983.8  444.0  444.0   68.0  444.0
2024 234  8 21 2000  -31.2  983.5  444.0  444.0   68.9  444.0
2024 234  8 21 2100  -30.7  983.3  444.0  444.0   72.0  444.0
2024 234  8 21 2200  -29.8  983.0  444.0  444.0   77.0  444.0
2024 234  8 21 2300  -27.9  982.8  444.0  444.0   80.0  444.0
2024 235  8 22 0000  -26.3  982.9  444.0  444.0   80.0  444.0
2024 235  8 22 0100  -24.4  982.5  444.0  444.0   81.6  444.0
2024 235  8 22 0200  -25.9  982.4  444.0  444.0   79.0  444.0
2024 235  8 22 0300  -26.5  982.7  444.0  444.0   79.0  444.0
2024 235  8 22 0400  -27.2  982.6  444.0  444.0   78.0  444.0
2024 235  8 22 0500  -28.8  982.9  444.0  444.0   77.0  444.0
2024 235  8 22 0600  -27.5  983.1  444.0  444.0   76.0  444.0
2024 235  8 22 0700  -29.5  983.2  444.0  444.0   78.0  444.0
2024 235  8 22 0800  -29.4  984.2  444.0  444.0   78.0  444.0
2024 235  8 22 0900  -28.8  984.7  444.0  444.0   76.0  444.0
2024 235  8 22 1000  -24.1  985.0  444.0  444.0   83.0  444.0
2024 235  8 22 1100  -28.0  985.2  444.0  444.0   75.0  444.0
2024 235  8 22 1200  -28.3  985.6  444.0  444.0   78.0  444.0
2024 235  8 22 1300  -26.0  985.8  444.0  444.0   77.0  444.0
2024 235  8 22 1400  -26.0  986.5  444.0  444.0   79.0  444.0
2024 235  8 22 1500  -29.3  987.0  444.0  444.0   80.0  444.0
2024 235  8 22 1600  -27.2  987.5  444.0  444.0   78.0  444.0
2024 235  8 22 1700  -28.0  987.7  444.0  444.0   82.0  444.0
2024 235  8 22 1800  -29.9  988.3  444.0  444.0   75.5  444.0
2024 235  8 22 1900  -29.1  988.8  444.0  444.0   76.0  444.0
2024 235  8 22 2000  -29.2  989.4  444.0  444.0   75.0  444.0
2024 235  8 22 2100  -32.9  990.1  444.0  444.0   73.0  444.0
2024 235  8 22 2200  -30.8  990.4  444.0  444.0   76.0  444.0
2024 235  8 22 2300  -30.3  990.8  444.0  444.0   75.8  444.0
2024 236  8 23 0000  -32.6  991.3  444.0  444.0   74.0  444.0
2024 236  8 23 0100  -31.8  991.5  444.0  444.0   73.0  444.0
2024 236  8 23 0200  -32.1  991.6  444.0  444.0   74.0  444.0
2024 236  8 23 0300  -32.4  991.8  444.0  444.0   72.0  444.0
2024 236  8 23 0400  -32.1  991.9  444.0  444.0   73.0  444.0
2024 236  8 23 0500  -32.4  992.1  444.0  444.0   73.0  444.0
2024 236  8 23 0600  -32.7  992.3  444.0  444.0   72.0  444.0
2024 236  8 23 0700  -32.9  992.2  444.0  444.0   72.8  444.0
2024 236  8 23 0800  -31.9  992.1  444.0  444.0   73.0  444.0
2024 236  8 23 0900  -33.9  991.9  444.0  444.0   71.0  444.0
2024 236  8 23 1000  -32.5  991.6  444.0  444.0   73.0  444.0
2024 236  8 23 1100  -32.1  991.4  444.0  444.0   72.8  444.0
2024 236  8 23 1200  -34.7  991.3  444.0  444.0   69.8  444.0
2024 236  8 23 1300  -35.1  990.9  444.0  444.0   70.0  444.0
2024 236  8 23 1400  -30.6  990.5  444.0  444.0   74.0  444.0
2024 236  8 23 1500  -32.0  990.5  444.0  444.0   73.0  444.0
2024 236  8 23 1600  -30.9  990.0  444.0  444.0   74.0  444.0
2024 236  8 23 1700  -29.7  989.7  444.0  444.0   75.6  444.0
2024 236  8 23 1800  -26.8  989.5  444.0  444.0   79.0  444.0
2024 236  8 23 1900  -25.4  989.7  444.0  444.0   80.0  444.0
2024 236  8 23 2000  -25.2  989.8  444.0  444.0   80.0  444.0
2024 236  8 23 2100  -25.3  989.6  444.0  444.0   79.8  444.0
2024 236  8 23 2200  -28.2  989.7  444.0  444.0   76.0  444.0
2024 236  8 23 2300  -32.6  989.9  444.0  444.0   73.0  444.0
2024 237  8 24 0000  -29.2  989.5  444.0  444.0   75.6  444.0
2024 237  8 24 0100  -31.0  989.3  444.0  444.0   75.0  444.0
2024 237  8 24 0200  -32.6  988.9  444.0  444.0   73.0  444.0
2024 237  8 24 0300  -33.5  988.6  444.0  444.0   72.6  444.0
2024 237  8 24 0400  -30.6  988.4  444.0  444.0   75.0  444.0
2024 237  8 24 0500  -30.8  987.7  444.0  444.0   73.7  444.0
2024 237  8 24 0600  -31.2  987.4  444.0  444.0   74.0  444.0
2024 237  8 24 0700  -30.6  986.8  444.0  444.0   75.0  444.0
2024 237  8 24 0800  -29.9  986.5  444.0  444.0   75.7  444.0
2024 237  8 24 0900  -29.7  986.1  444.0  444.0   76.0  444.0
2024 237  8 24 1000  -29.3  985.6  444.0  444.0   75.8  444.0
2024 237  8 24 1100  -29.0  985.3  444.0  444.0   76.0  444.0
2024 237  8 24 1200  -29.2  985.2  444.0  444.0   76.0  444.0
2024 237  8 24 1300  -29.4  984.8  444.0  444.0   76.0  444.0
2024 237  8 24 1400  -29.6  984.5  444.0  444.0   75.0  444.0
2024 237  8 24 1500  -29.7  984.3  444.0  444.0   75.3  444.0
2024 237  8 24 1600  -28.3  984.0  444.0  444.0   77.0  444.0
2024 237  8 24 1700  -28.1  983.6  444.0  444.0   77.0  444.0
2024 237  8 24 1800  -30.4  983.4  444.0  444.0   74.0  444.0
2024 237  8 24 1900  -34.4  983.6  444.0  444.0   71.0  444.0
2024 237  8 24 2000  -34.9  983.9  444.0  444.0   70.0  444.0
2024 237  8 24 2100  -36.7  984.1  444.0  444.0   69.0  444.0
2024 237  8 24 2200  -37.7  984.0  444.0  444.0   68.0  444.0
2024 237  8 24 2300  -35.1  984.3  444.0  444.0   69.0  444.0
2024 238  8 25 0000  -37.2  984.3  444.0  444.0   67.0  444.0
2024 238  8 25 0100  -38.9  984.6  444.0  444.0   66.5  444.0
2024 238  8 25 0200  -36.6  984.5  444.0  444.0   68.8  444.0
2024 238  8 25 0300  -35.6  984.7    5.0  180.0   69.3  444.0
2024 238  8 25 0400  -36.9  985.0    6.5  168.0   67.8  444.0
2024 238  8 25 0500  -37.7  985.3    6.8  165.0   67.0  444.0
2024 238  8 25 0600  -35.9  985.4    6.5  170.0   70.0  444.0
2024 238  8 25 0700  -36.0  985.1    8.9  176.0   69.0  444.0
2024 238  8 25 0800  -37.0  985.7    8.5  181.0   67.8  444.0
2024 238  8 25 0900  -39.0  985.7    9.9  184.0   66.0  444.0
2024 238  8 25 1000  -42.4  986.0    8.7  182.0   62.0  444.0
2024 238  8 25 1100  -42.2  985.7    7.9  178.0   62.0  444.0
2024 238  8 25 1200  -45.0  985.8    6.2  185.0   59.0  444.0
2024 238  8 25 1300  -47.6  986.3  444.0  444.0   57.0  444.0
2024 238  8 25 1400  -46.7  986.6  444.0  444.0   58.0  444.0
2024 238  8 25 1500  -43.4  986.4  444.0  444.0   61.0  444.0
2024 238  8 25 1600  -41.5  986.1  444.0  444.0   63.0  444.0
2024 238  8 25 1700  -40.9  986.0  444.0  444.0   64.0  444.0
2024 238  8 25 1800  -40.3  985.7  444.0  444.0   64.0  444.0
2024 238  8 25 1900  -41.7  985.8  444.0  444.0   62.0  444.0
2024 238  8 25 2000  -41.8  986.0  444.0  444.0   63.0  444.0
2024 238  8 25 2100  -40.6  986.0  444.0  444.0   63.0  444.0
2024 238  8 25 2200  -40.5  986.4  444.0  444.0   63.0  444.0
2024 238  8 25 2300  -42.6  986.9  444.0  444.0   61.0  444.0
2024 239  8 26 0000  -42.2  987.0  444.0  444.0   62.0  444.0
2024 239  8 26 0100  -42.7  987.1  444.0  444.0   61.0  444.0
2024 239  8 26 0200  -43.2  987.2  444.0  444.0   60.0  444.0
2024 239  8 26 0300  -43.5  987.1  444.0  444.0   60.1  444.0
2024 239  8 26 0400  -43.6  987.0  444.0  444.0   60.0  444.0
2024 239  8 26 0500  -43.6  986.7  444.0  444.0   60.0  444.0
2024 239  8 26 0600  -44.2  986.4  444.0  444.0   60.0  444.0
2024 239  8 26 0700  -42.6  985.9  444.0  444.0   61.7  444.0
2024 239  8 26 0800  -44.5  985.9  444.0  444.0   59.0  444.0
2024 239  8 26 0900  -39.2  985.1  444.0  444.0   66.0  444.0
2024 239  8 26 1000  -35.9  985.2  444.0  444.0   68.0  444.0
2024 239  8 26 1100  -32.6  984.3  444.0  444.0   71.0  444.0
2024 239  8 26 1200  -32.4  984.1  444.0  444.0   71.7  444.0
2024 239  8 26 1300  -30.3  983.6    7.9  225.0   75.0  444.0
2024 239  8 26 1400  -29.1  983.3    7.3  232.0   76.0  444.0
2024 239  8 26 1500  -27.1  982.9    8.6  222.0   78.0  444.0
2024 239  8 26 1600  -27.6  982.8    4.3  216.0   77.0  444.0
2024 239  8 26 1700  -29.8  982.5    8.3  192.0   74.9  444.0
2024 239  8 26 1800  -32.3  982.9    8.0  190.0   72.0  444.0
2024 239  8 26 1900  -34.2  983.2    8.3  197.0   71.0  444.0
2024 239  8 26 2000  -37.1  984.2    7.5  202.0   67.7  444.0
2024 239  8 26 2100  -38.1  984.0    6.4  190.0   67.0  444.0
2024 239  8 26 2200  -38.5  984.0    8.1  194.0   66.0  444.0
2024 239  8 26 2300  -39.4  984.6    6.7  187.0   65.0  444.0
2024 240  8 27 0000  -40.6  985.0    6.5  177.0   64.0  444.0
2024 240  8 27 0100  -40.3  985.1    5.3  185.0   64.6  444.0
2024 240  8 27 0200  -39.1  984.9    4.9  169.0   66.0  444.0
2024 240  8 27 0300  -39.2  984.7    4.6  152.0   65.0  444.0
2024 240  8 27 0400  -39.4  984.6    3.9  170.0   65.0  444.0
2024 240  8 27 0500  -37.7  985.0    6.8  220.0   66.5  444.0
2024 240  8 27 0600  -38.4  985.4    3.9  211.0   67.0  444.0
2024 240  8 27 0700  -38.2  985.9    3.2  205.0   66.0  444.0
2024 240  8 27 0800  -39.8  986.3    6.1  200.0   64.0  444.0
2024 240  8 27 0900  -40.7  987.1    3.6  197.0   63.0  444.0
2024 240  8 27 1000  -41.7  987.5    2.1  199.0   62.0  444.0
2024 240  8 27 1100  -39.3  987.8    0.7  209.0   65.0  444.0
2024 240  8 27 1200  -39.0  987.8    0.1  198.0   65.0  444.0
2024 240  8 27 1300  -39.4  988.2    5.6  196.0   64.0  444.0
2024 240  8 27 1400  -39.9  988.1    5.0  196.0   64.0  444.0
2024 240  8 27 1500  -36.8  988.6    7.8  196.0   68.0  444.0
2024 240  8 27 1600  -38.0  988.9    6.9  185.0   66.0  444.0
2024 240  8 27 1700  -39.1  989.9    6.6  194.0   65.0  444.0
2024 240  8 27 1800  -39.1  989.4    8.1  191.0   65.0  444.0
2024 240  8 27 1900  -41.2  989.2    7.8  163.0   63.0  444.0
2024 240  8 27 2000  -42.6  990.3    1.1  234.0   62.0  444.0
2024 240  8 27 2100  -42.1  990.9    4.1  196.0   62.0  444.0
2024 240  8 27 2200  -42.9  990.5    0.2  182.0   61.0  444.0
2024 240  8 27 2300  -44.5  990.6    3.7  166.0   59.0  444.0
2024 241  8 28 0000  -45.6  990.3    3.7  141.0   58.0  444.0
2024 241  8 28 0100  -46.3  990.0  444.0  444.0   58.0  444.0
2024 241  8 28 0200  -46.5  990.1  444.0  444.0   57.4  444.0
2024 241  8 28 0300  -45.7  989.6  444.0  444.0   58.0  444.0
2024 241  8 28 0400  -46.9  989.0  444.0  444.0   57.0  444.0
2024 241  8 28 0500  -47.6  988.7  444.0  444.0   57.0  444.0
2024 241  8 28 0600  -47.2  988.5  444.0  444.0   56.3  444.0
2024 241  8 28 0700  -48.7  988.8  444.0  444.0   55.0  444.0
2024 241  8 28 0800  -49.2  988.0  444.0  444.0   54.0  444.0
2024 241  8 28 0900  -49.4  988.1  444.0  444.0   54.0  444.0
2024 241  8 28 1000  -49.5  988.2  444.0  444.0   54.0  444.0
2024 241  8 28 1100  -49.8  988.3  444.0  444.0   54.0  444.0
2024 241  8 28 1200  -49.9  988.2  444.0  444.0   54.0  444.0
2024 241  8 28 1300  -50.4  988.5  444.0  444.0   53.0  444.0
2024 241  8 28 1400  -50.7  988.6  444.0  444.0   53.0  444.0
2024 241  8 28 1500  -50.7  989.3  444.0  444.0   52.0  444.0
2024 241  8 28 1600  -51.1  989.7    4.2  170.0   52.0  444.0
2024 241  8 28 1700  -50.6  990.3    0.0    0.0   52.0  444.0
2024 241  8 28 1800  -47.6  990.3    3.4  150.0   55.0  444.0
2024 241  8 28 1900  -45.7  991.2    5.5  158.0   58.0  444.0
2024 241  8 28 2000  -45.6  992.4    5.5  158.0   58.0  444.0
2024 241  8 28 2100  -44.8  992.7    9.2  160.0   58.0  444.0
2024 241  8 28 2200  -45.2  994.1    1.7  143.0   58.0  444.0
2024 241  8 28 2300  -46.1  995.3  444.0  444.0   57.0  444.0
2024 242  8 29 0000  -47.1  995.4  444.0  444.0   56.0  444.0
2024 242  8 29 0100  -47.7  996.3  444.0  444.0   55.0  444.0
2024 242  8 29 0200  -48.9  996.9  444.0  444.0   54.0  444.0
2024 242  8 29 0300  -48.9  997.6  444.0  444.0   54.0  444.0
2024 242  8 29 0400  -49.3  998.5  444.0  444.0   53.6  444.0
2024 242  8 29 0500  -49.6  998.9  444.0  444.0   54.0  444.0
2024 242  8 29 0600  -49.3  999.2  444.0  444.0   54.0  444.0
2024 242  8 29 0700  -48.3  999.7  444.0  444.0   55.0  444.0
2024 242  8 29 0800  -48.0 1000.0  444.0  444.0   55.0  444.0
2024 242  8 29 0900  -48.6 1000.1  444.0  444.0   54.5  444.0
2024 242  8 29 1000  -46.9 1000.4  444.0  444.0   57.0  444.0
2024 242  8 29 1100  -45.7 1000.2  444.0  444.0   57.0  444.0
2024 242  8 29 1200  -44.5  999.8  444.0  444.0   59.0  444.0
2024 242  8 29 1300  -43.0  999.6  444.0  444.0   60.0  444.0
2024 242  8 29 1400  -42.3  999.4  444.0  444.0   60.8  444.0
2024 242  8 29 1500  -42.1  999.5  444.0  444.0   61.2  444.0
2024 242  8 29 1600  -41.5  999.3  444.0  444.0   62.0  444.0
2024 242  8 29 1700  -42.5  999.1  444.0  444.0   61.0  444.0
2024 242  8 29 1800  -42.5  998.8  444.0  444.0   61.0  444.0
2024 242  8 29 1900  -42.2  998.9  444.0  444.0   61.2  444.0
2024 242  8 29 2000  -40.9  998.8  444.0  444.0   62.4  444.0
2024 242  8 29 2100  -40.6  998.2  444.0  444.0   63.0  444.0
2024 242  8 29 2200  -39.5  998.4  444.0  444.0   64.0  444.0
2024 242  8 29 2300  -39.9  998.6  444.0  444.0   64.0  444.0
2024 243  8 30 0000  -40.5  998.5  444.0  444.0   63.0  444.0
2024 243  8 30 0100  -41.1  997.8  444.0  444.0   62.7  444.0
2024 243  8 30 0200  -40.7  997.6  444.0  444.0   63.2  444.0
2024 243  8 30 0300  -40.5  997.6  444.0  444.0   63.0  444.0
2024 243  8 30 0400  -40.2  997.1  444.0  444.0   63.0  444.0
2024 243  8 30 0500  -39.0  996.6  444.0  444.0   64.0  444.0
2024 243  8 30 0600  -39.0  996.2  444.0  444.0   64.3  444.0
2024 243  8 30 0700  -41.5  995.9  444.0  444.0   62.0  444.0
2024 243  8 30 0800  -41.7  995.7  444.0  444.0   62.0  444.0
2024 243  8 30 0900  -42.8  995.4  444.0  444.0   61.0  444.0
2024 243  8 30 1000  -42.7  994.7  444.0  444.0   61.0  444.0
2024 243  8 30 1100  -43.0  993.9  444.0  444.0   61.0  444.0
2024 243  8 30 1200  -40.9  993.3  444.0  444.0   62.3  444.0
2024 243  8 30 1300  -42.8  992.9  444.0  444.0   61.0  444.0
2024 243  8 30 1400  -44.5  992.4  444.0  444.0   58.7  444.0
2024 243  8 30 1500  -43.0  991.8  444.0  444.0   61.0  444.0
2024 243  8 30 1600  -43.9  991.7  444.0  444.0   59.0  444.0
2024 243  8 30 1700  -45.6  991.3  444.0  444.0   57.4  444.0
2024 243  8 30 1800  -46.6  991.1  444.0  444.0   57.0  444.0
2024 243  8 30 1900  -47.8  990.5  444.0  444.0   55.0  444.0
2024 243  8 30 2000  -48.5  990.0  444.0  444.0   55.0  444.0
2024 243  8 30 2100  -49.0  989.8  444.0  444.0   54.0  444.0
2024 243  8 30 2200  -49.8  989.4  444.0  444.0   53.4  444.0
2024 243  8 30 2300  -49.9  989.0  444.0  444.0   53.0  444.0
2024 244  8 31 0000  -50.1  988.4  444.0  444.0   52.6  444.0
2024 244  8 31 0100  -49.6  987.8  444.0  444.0   53.5  444.0
2024 244  8 31 0200  -49.0  987.5  444.0  444.0   54.0  444.0
2024 244  8 31 0300  -48.4  986.9  444.0  444.0   54.0  444.0
2024 244  8 31 0400  -48.0  986.1  444.0  444.0   55.0  444.0
2024 244  8 31 0500  -46.8  985.0  444.0  444.0   57.0  444.0
2024 244  8 31 0600  -43.6  983.9  444.0  444.0   61.0  444.0
2024 244  8 31 0700  -46.3  983.5  444.0  444.0   57.0  444.0
2024 244  8 31 0800  -40.0  982.9  444.0  444.0   63.0  444.0
2024 244  8 31 0900  -39.8  981.6  444.0  444.0   61.0  444.0
2024 244  8 31 1000  -43.3  980.4  444.0  444.0   59.9  444.0
2024 244  8 31 1100  -42.7  980.1  444.0  444.0   59.8  444.0
2024 244  8 31 1200  -40.0  979.3  444.0  444.0   62.0  444.0
2024 244  8 31 1300  -40.0  978.6  444.0  444.0   62.0  444.0
2024 244  8 31 1400  -36.7  977.7  444.0  444.0   67.0  444.0
2024 244  8 31 1500  -40.6  976.8  444.0  444.0   64.0  444.0
2024 244  8 31 1600  -38.1  975.9  444.0  444.0   67.0  444.0
2024 244  8 31 1700  -38.0  975.2  444.0  444.0   66.0  444.0
2024 244  8 31 1800  -35.1  974.6  444.0  444.0   68.0  444.0
2024 244  8 31 1900  -37.4  974.1  444.0  444.0   67.0  444.0
2024 244  8 31 2000  -35.8  974.6  444.0  444.0   68.0  444.0
2024 244  8 31 2100  -32.5  973.5  444.0  444.0   71.3  444.0
2024 244  8 31 2200  -30.7  974.1  444.0  444.0   75.0  444.0
2024 244  8 31 2300  -28.1  974.5  444.0  444.0   76.0  444.0
