Year: 2021  Month: 02  ID: FER  ARGOS:  8947  Name: Ferrell             
Lat: 77.79S  Lon: 170.82E  Elev:   43m
2021  32  2  1 0000   -6.9  974.4    9.7  224.0   85.0  444.0
2021  32  2  1 0100   -6.5  974.5   10.0  224.0   84.0  444.0
2021  32  2  1 0200   -6.3  974.5   11.1  220.0   84.0  444.0
2021  32  2  1 0300   -6.8  974.5    8.8  218.0   85.2  444.0
2021  32  2  1 0400   -6.8  974.9    8.6  222.0   89.0  444.0
2021  32  2  1 0500   -6.9  975.0    8.7  206.0   86.1  444.0
2021  32  2  1 0600   -7.2  975.3    7.9  203.0   87.0  444.0
2021  32  2  1 0700   -7.4  975.8    6.7  213.0   91.0  444.0
2021  32  2  1 0800   -7.9  976.1    5.9  198.0   91.0  444.0
2021  32  2  1 0900   -8.5  976.6    3.5  198.0   91.0  444.0
2021  32  2  1 1000  -10.4  976.7    2.6  181.0   89.8  444.0
2021  32  2  1 1100  -10.5  977.0    2.5  154.0   98.2  444.0
2021  32  2  1 1200  -10.7  977.3    1.9  141.0   97.0  444.0
2021  32  2  1 1300  -10.6  977.4    2.0  124.0   95.0  444.0
2021  32  2  1 1400  -11.4  977.8    1.2  358.0   95.0  444.0
2021  32  2  1 1500  -12.1  977.9    1.8   16.0   92.5  444.0
2021  32  2  1 1600  -13.0  978.0    1.5   58.0   92.0  444.0
2021  32  2  1 1700  -14.5  978.2    0.8   33.0   90.0  444.0
2021  32  2  1 1800  -14.3  978.6    1.7   73.0   89.0  444.0
2021  32  2  1 1900  -12.9  979.1    2.1   28.0   89.0  444.0
2021  32  2  1 2000  -11.5  979.4    0.9   51.0   93.1  444.0
2021  32  2  1 2100  -12.8  980.1    2.5  157.0   91.0  444.0
2021  32  2  1 2200  -10.8  980.8    3.2  175.0   94.0  444.0
2021  32  2  1 2300   -9.1  981.0    6.1  168.0   92.0  444.0
2021  33  2  2 0000   -9.6  981.6    4.8  170.0   89.0  444.0
2021  33  2  2 0100   -9.8  981.6    6.1  160.0   85.3  444.0
2021  33  2  2 0200   -9.3  981.8    5.7  159.0   84.0  444.0
2021  33  2  2 0300   -9.2  981.8    4.7  150.0   84.0  444.0
2021  33  2  2 0400   -9.7  981.9    3.8  146.0   83.0  444.0
2021  33  2  2 0500  -11.1  982.2    3.3  172.0   87.0  444.0
2021  33  2  2 0600  -12.2  982.4    3.7  148.0   88.0  444.0
2021  33  2  2 0700  -11.6  982.6    4.6  135.0   89.0  444.0
2021  33  2  2 0800  -12.6  983.0    2.9  133.0   89.7  444.0
2021  33  2  2 0900  -13.3  983.1    3.3  141.0   91.0  444.0
2021  33  2  2 1000  -15.2  983.4    2.3  133.0   90.0  444.0
2021  33  2  2 1100  -15.7  983.6    1.7   94.0   92.0  444.0
2021  33  2  2 1200  -16.2  983.7    1.1  137.0   90.0  444.0
2021  33  2  2 1300  -17.5  983.5    1.5  100.0   86.5  444.0
2021  33  2  2 1400  -19.6  983.8    1.2  266.0   91.0  444.0
2021  33  2  2 1500  -18.3  983.9    0.7  276.0   88.0  444.0
2021  33  2  2 1600  -17.3  983.6    0.1   55.0   88.0  444.0
2021  33  2  2 1700  -17.4  983.7    0.7   40.0   87.0  444.0
2021  33  2  2 1800  -17.3  984.0    0.6  296.0   88.4  444.0
2021  33  2  2 1900  444.0  983.9    0.0    0.0   95.0  444.0
2021  33  2  2 2000  444.0  983.7    0.7   67.0   87.0  444.0
2021  33  2  2 2100  -14.6  983.6    1.2   56.0   85.0  444.0
2021  33  2  2 2200  -13.7  983.7    2.2   69.0   87.0  444.0
2021  33  2  2 2300  -12.9  983.8    1.8   28.0   83.9  444.0
2021  34  2  3 0000  444.0  983.8    0.0    0.0   78.0  444.0
2021  34  2  3 0100  -11.4  983.3    2.4   57.0   84.0  444.0
2021  34  2  3 0200  444.0  983.2    0.2   30.0   75.0  444.0
2021  34  2  3 0300   -9.4  983.1    0.3   68.0   75.0  444.0
2021  34  2  3 0400  -10.1  982.8    1.0   43.0   82.2  444.0
2021  34  2  3 0500   -9.4  982.4    0.7  234.0   82.0  444.0
2021  34  2  3 0600   -9.7  982.3    2.3  248.0   86.2  444.0
2021  34  2  3 0700   -9.2  981.9    0.6  321.0   84.0  444.0
2021  34  2  3 0800   -9.9  981.8    0.6   52.0   87.0  444.0
2021  34  2  3 0900  -10.6  981.4    1.6  182.0   90.0  444.0
2021  34  2  3 1000  -10.8  980.8    1.6  129.0   90.0  444.0
2021  34  2  3 1100  -10.4  980.6    2.0  132.0   88.9  444.0
2021  34  2  3 1200  -10.5  980.4    0.8   60.0   89.0  444.0
2021  34  2  3 1300  -10.7  979.6    3.2   99.0   89.0  444.0
2021  34  2  3 1400  -10.5  978.7    5.0  106.0   90.0  444.0
2021  34  2  3 1500  -10.2  977.9    6.0   86.0   93.0  444.0
2021  34  2  3 1600   -9.8  977.2    6.3   78.0   94.0  444.0
2021  34  2  3 1700   -9.2  976.7    3.7   66.0   93.0  444.0
2021  34  2  3 1800   -8.1  976.0    3.6   60.0   94.0  444.0
2021  34  2  3 1900   -7.0  975.6    3.6   60.0   94.0  444.0
2021  34  2  3 2000   -8.8  975.6    4.2  283.0   91.0  444.0
2021  34  2  3 2100   -9.5  975.6    2.8  291.0   90.1  444.0
2021  34  2  3 2200   -9.2  975.3    1.8  278.0   89.0  444.0
2021  34  2  3 2300   -8.9  975.1    1.4  288.0   88.0  444.0
2021  35  2  4 0000   -9.2  974.6    3.6  273.0   90.0  444.0
2021  35  2  4 0100   -9.1  974.3    3.8  258.0   90.0  444.0
2021  35  2  4 0200   -9.1  973.7    3.6  253.0   89.4  444.0
2021  35  2  4 0300   -8.8  973.4    4.5  259.0   90.0  444.0
2021  35  2  4 0400   -8.5  972.9    6.6  256.0   89.0  444.0
2021  35  2  4 0500   -8.5  972.7    4.1  250.0   91.0  444.0
2021  35  2  4 0600   -8.9  972.7    3.6  221.0   90.3  444.0
2021  35  2  4 0700   -9.4  972.8    7.8  193.0   91.0  444.0
2021  35  2  4 0800  -10.1  972.5   10.1  184.0   91.0  444.0
2021  35  2  4 0900  -10.1  972.6    9.8  190.0   89.4  444.0
2021  35  2  4 1000  -10.2  972.3    7.9  196.0   90.0  444.0
2021  35  2  4 1100  -10.9  972.0    8.0  215.0   88.0  444.0
2021  35  2  4 1200  -11.2  972.0    7.5  210.0   88.0  444.0
2021  35  2  4 1300  -11.5  971.7    7.0  214.0   90.0  444.0
2021  35  2  4 1400  -11.0  971.2    7.5  190.0   90.7  444.0
2021  35  2  4 1500  -10.9  971.0    7.5  200.0   90.8  444.0
2021  35  2  4 1600  -11.6  970.9    8.0  212.0   91.0  444.0
2021  35  2  4 1700  -11.7  970.9    8.6  208.0   91.0  444.0
2021  35  2  4 1800  -12.0  970.7    7.9  201.0   91.0  444.0
2021  35  2  4 1900  -11.7  970.7    8.9  195.0   90.8  444.0
2021  35  2  4 2000  -11.4  970.4    9.1  190.0   91.0  444.0
2021  35  2  4 2100  -11.2  970.4    9.1  188.0   91.0  444.0
2021  35  2  4 2200  -11.1  970.4    8.3  192.0   91.0  444.0
2021  35  2  4 2300  -10.8  970.5    7.7  190.0   91.0  444.0
2021  36  2  5 0000  -10.5  970.3    7.7  186.0   90.4  444.0
2021  36  2  5 0100  -10.2  970.0    8.4  177.0   89.0  444.0
2021  36  2  5 0200  -10.1  969.5   10.2  168.0   90.0  444.0
2021  36  2  5 0300  -10.0  969.5   10.7  163.0   91.0  444.0
2021  36  2  5 0400   -9.9  969.5   10.2  162.0   91.0  444.0
2021  36  2  5 0500  -10.2  969.5   10.4  163.0   91.0  444.0
2021  36  2  5 0600  -10.1  969.9   10.2  166.0   91.0  444.0
2021  36  2  5 0700  -10.6  970.4   10.6  170.0   90.0  444.0
2021  36  2  5 0800  -10.6  970.8   10.7  165.0   89.0  444.0
2021  36  2  5 0900  -11.1  970.8    9.9  172.0   90.0  444.0
2021  36  2  5 1000  -11.8  970.8    9.2  169.0   89.0  444.0
2021  36  2  5 1100  -12.7  971.0    7.3  160.0   89.0  444.0
2021  36  2  5 1200  -15.0  971.3    4.8  185.0   91.0  444.0
2021  36  2  5 1300  -18.0  971.2    3.8  176.0   88.0  444.0
2021  36  2  5 1400  -18.5  971.3    5.2  179.0   88.0  444.0
2021  36  2  5 1500  -15.3  971.4    4.6  184.0   91.0  444.0
2021  36  2  5 1600  -16.2  971.3    3.1  198.0   87.0  444.0
2021  36  2  5 1700  -18.3  971.2    2.0  236.0   88.0  444.0
2021  36  2  5 1800  -17.9  971.1    3.6  226.0   87.0  444.0
2021  36  2  5 1900  -18.2  971.3    3.6  216.0   87.9  444.0
2021  36  2  5 2000  -17.2  971.2    3.4  205.0   85.0  444.0
2021  36  2  5 2100  -15.6  971.2    3.8  208.0   82.0  444.0
2021  36  2  5 2200  -13.8  971.2    4.1  219.0   82.0  444.0
2021  36  2  5 2300  -12.1  971.4    3.4  220.0   81.0  444.0
2021  37  2  6 0000  -11.7  971.3    3.6  192.0   80.0  444.0
2021  37  2  6 0100  -11.3  971.0    3.9  177.0   81.0  444.0
2021  37  2  6 0200  -12.1  971.1    3.4  210.0   77.0  444.0
2021  37  2  6 0300  -11.2  970.8    3.4  218.0   78.0  444.0
2021  37  2  6 0400  -11.7  970.6    3.6  211.0   77.0  444.0
2021  37  2  6 0500  -12.0  970.6    5.0  185.0   77.0  444.0
2021  37  2  6 0600  -12.3  970.8    4.0  206.0   78.0  444.0
2021  37  2  6 0700  -12.3  970.7    4.8  172.0   77.0  444.0
2021  37  2  6 0800  -14.0  970.6    2.1  193.0   82.6  444.0
2021  37  2  6 0900  -12.6  970.4    3.4  178.0   80.0  444.0
2021  37  2  6 1000  -12.9  970.4    2.1  261.0   79.0  444.0
2021  37  2  6 1100  -12.1  970.3    3.8  236.0   76.0  444.0
2021  37  2  6 1200  -14.1  970.2    2.8  295.0   79.0  444.0
2021  37  2  6 1300  -16.3  970.2    2.7  244.0   82.0  444.0
2021  37  2  6 1400  -16.8  970.1    3.4  224.0   84.0  444.0
2021  37  2  6 1500  -16.5  969.6    5.0  255.0   80.0  444.0
2021  37  2  6 1600  -17.9  969.4    3.8  236.0   78.0  444.0
2021  37  2  6 1700  -10.5  969.2    8.8  249.0   65.0  444.0
2021  37  2  6 1800   -9.3  969.1   11.4  241.0   88.0  444.0
2021  37  2  6 1900   -8.9  969.1   10.1  240.0   93.0  444.0
2021  37  2  6 2000   -8.1  969.1   11.4  242.0   93.0  444.0
2021  37  2  6 2100   -7.5  969.0   12.4  228.0   93.0  444.0
2021  37  2  6 2200   -7.3  968.9   11.8  224.0   93.0  444.0
2021  37  2  6 2300   -7.5  969.3   13.0  217.0   93.0  444.0
2021  38  2  7 0000   -7.5  969.9   13.0  218.0   93.0  444.0
2021  38  2  7 0100   -7.3  970.4   11.7  222.0   90.0  444.0
2021  38  2  7 0200   -6.3  970.1   12.9  246.0   88.1  444.0
2021  38  2  7 0300   -6.2  970.1   12.1  246.0   86.0  444.0
2021  38  2  7 0400   -5.7  970.0   13.9  231.0   84.0  444.0
2021  38  2  7 0500   -7.4  970.2   10.9  225.0   85.0  444.0
2021  38  2  7 0600   -8.5  970.7   11.0  226.0   87.5  444.0
2021  38  2  7 0700   -9.0  971.1   10.8  230.0   88.0  444.0
2021  38  2  7 0800   -9.1  971.7   10.9  231.0   86.0  444.0
2021  38  2  7 0900   -9.6  971.6   11.0  230.0   85.0  444.0
2021  38  2  7 1000   -9.0  972.0   11.8  229.0   83.0  444.0
2021  38  2  7 1100   -7.7  972.4   12.6  227.0   84.4  444.0
2021  38  2  7 1200   -8.0  973.3   10.4  230.0   89.0  444.0
2021  38  2  7 1300   -9.1  973.6    8.5  241.0   90.0  444.0
2021  38  2  7 1400   -7.9  973.6   11.0  228.0   88.0  444.0
2021  38  2  7 1500   -8.3  974.1    9.3  237.0   87.0  444.0
2021  38  2  7 1600   -8.0  974.5    9.4  233.0   84.0  444.0
2021  38  2  7 1700   -7.2  974.4   11.5  222.0   81.0  444.0
2021  38  2  7 1800   -8.2  974.9    9.2  231.0   80.0  444.0
2021  38  2  7 1900   -9.8  975.1   10.4  224.0   78.0  444.0
2021  38  2  7 2000  -10.1  975.3   10.1  231.0   81.0  444.0
2021  38  2  7 2100   -9.6  975.8    7.6  239.0   82.2  444.0
2021  38  2  7 2200   -7.5  975.6    7.7  240.0   76.0  444.0
2021  38  2  7 2300   -5.6  975.6    7.6  240.0   77.0  444.0
2021  39  2  8 0000   -4.6  975.0    5.2  257.0   77.0  444.0
2021  39  2  8 0100   -5.7  975.1    5.6  161.0   84.0  444.0
2021  39  2  8 0200   -6.4  974.7    6.3  194.0   87.0  444.0
2021  39  2  8 0300   -6.3  974.5   10.0  198.0   78.0  444.0
2021  39  2  8 0400   -6.2  973.8   11.2  218.0   86.0  444.0
2021  39  2  8 0500   -6.8  973.5   10.4  229.0   90.0  444.0
2021  39  2  8 0600   -6.4  972.6   12.5  223.0   91.0  444.0
2021  39  2  8 0700   -6.4  973.0   13.7  220.0   95.0  444.0
2021  39  2  8 0800   -6.8  973.0   11.9  231.0   95.0  444.0
2021  39  2  8 0900   -6.6  972.4   12.1  229.0   95.0  444.0
2021  39  2  8 1000   -6.4  972.0    9.8  239.0   95.0  444.0
2021  39  2  8 1100   -6.8  971.8    9.5  239.0   89.0  444.0
2021  39  2  8 1200   -6.4  971.0   12.4  212.0   93.0  444.0
2021  39  2  8 1300   -7.8  971.1   13.5  207.0   92.0  444.0
2021  39  2  8 1400  -14.0  972.0   14.8  197.0   90.0  444.0
2021  39  2  8 1500  -13.6  972.3   13.9  213.0   90.0  444.0
2021  39  2  8 1600  -13.7  973.2   13.5  210.0   90.0  444.0
2021  39  2  8 1700  -13.1  973.7   12.6  215.0   91.0  444.0
2021  39  2  8 1800  -12.7  974.9   11.9  206.0   90.7  444.0
2021  39  2  8 1900  -13.1  975.8   11.9  205.0   90.0  444.0
2021  39  2  8 2000  -13.4  976.4   12.6  205.0   89.0  444.0
2021  39  2  8 2100  -13.6  976.8   12.5  211.0   89.0  444.0
2021  39  2  8 2200  -13.8  977.1   14.7  210.0   89.0  444.0
2021  39  2  8 2300  -13.9  977.4   14.2  212.0   89.0  444.0
2021  40  2  9 0000  -13.6  977.9   13.2  204.0   89.0  444.0
2021  40  2  9 0100  -13.3  978.1   12.5  193.0   89.0  444.0
2021  40  2  9 0200  -13.3  978.0   12.7  193.0   88.0  444.0
2021  40  2  9 0300  -13.4  978.0   12.6  188.0   89.4  444.0
2021  40  2  9 0400  -13.3  978.2   11.8  192.0   89.0  444.0
2021  40  2  9 0500  -13.9  978.2   10.8  192.0   89.0  444.0
2021  40  2  9 0600  -13.9  978.3   10.1  202.0   88.0  444.0
2021  40  2  9 0700  -14.1  978.3   10.1  196.0   88.0  444.0
2021  40  2  9 0800  -14.6  978.4    8.9  203.0   87.0  444.0
2021  40  2  9 0900  -14.8  978.5    8.8  203.0   86.4  444.0
2021  40  2  9 1000  -15.1  978.5    7.2  212.0   87.0  444.0
2021  40  2  9 1100  -15.3  978.1    6.8  209.0   86.0  444.0
2021  40  2  9 1200  -16.0  977.9    6.9  208.0   86.0  444.0
2021  40  2  9 1300  -16.1  977.4    8.2  194.0   86.0  444.0
2021  40  2  9 1400  -17.9  977.2    6.2  218.0   85.0  444.0
2021  40  2  9 1500  -18.7  977.0    7.3  222.0   86.0  444.0
2021  40  2  9 1600  -17.4  976.6    5.1  228.0   85.0  444.0
2021  40  2  9 1700  -16.9  976.1    5.8  240.0   85.0  444.0
2021  40  2  9 1800  -17.4  975.9    4.6  234.0   87.0  444.0
2021  40  2  9 1900  -18.2  975.5    3.3  262.0   88.0  444.0
2021  40  2  9 2000  -17.7  975.2    4.7  251.0   84.0  444.0
2021  40  2  9 2100  -16.2  975.2    2.8  238.0   82.0  444.0
2021  40  2  9 2200  -14.6  974.7    2.3  248.0   82.0  444.0
2021  40  2  9 2300  -13.3  974.4    2.6  266.0   77.0  444.0
2021  41  2 10 0000  -12.8  973.8    1.1  334.0   72.0  444.0
2021  41  2 10 0100  -11.3  973.2    1.9  354.0   74.0  444.0
2021  41  2 10 0200  -11.4  972.7    1.7    5.0   74.0  444.0
2021  41  2 10 0300  -10.7  972.1    1.9   36.0   72.0  444.0
2021  41  2 10 0400  -11.3  971.5    1.6   25.0   75.0  444.0
2021  41  2 10 0500  -12.1  971.1    1.9  333.0   81.0  444.0
2021  41  2 10 0600  -11.4  970.6    0.3  286.0   77.0  444.0
2021  41  2 10 0700  -12.1  970.3    2.0  338.0   83.0  444.0
2021  41  2 10 0800  -12.1  969.8    1.4   37.0   83.0  444.0
2021  41  2 10 0900  -12.2  969.5    2.8   51.0   81.0  444.0
2021  41  2 10 1000  -12.6  969.0    1.9   60.0   84.0  444.0
2021  41  2 10 1100  -12.2  968.5    3.9   87.0   81.0  444.0
2021  41  2 10 1200  -12.5  968.3    2.6   80.0   81.0  444.0
2021  41  2 10 1300  -12.8  968.1    4.1  110.0   83.0  444.0
2021  41  2 10 1400  -12.9  967.9    3.7  126.0   84.0  444.0
2021  41  2 10 1500  -12.5  967.8    3.5  143.0   83.0  444.0
2021  41  2 10 1600  -12.4  967.7    4.3  142.0   83.0  444.0
2021  41  2 10 1700  -12.6  967.6    3.6  140.0   82.0  444.0
2021  41  2 10 1800  -12.5  967.6    5.5  167.0   80.0  444.0
2021  41  2 10 1900  -12.8  968.0    4.5  155.0   81.0  444.0
2021  41  2 10 2000  -12.9  968.2    5.0  176.0   82.0  444.0
2021  41  2 10 2100  -12.0  968.5    4.2  192.0   77.0  444.0
2021  41  2 10 2200  -12.4  968.6    6.9  213.0   80.0  444.0
2021  41  2 10 2300  -12.2  968.8    5.5  209.0   78.0  444.0
2021  42  2 11 0000  -11.3  969.3    2.1  240.0   76.0  444.0
2021  42  2 11 0100  -10.6  969.0    2.5  197.0   75.0  444.0
2021  42  2 11 0200  -12.1  969.0    4.3  199.0   74.0  444.0
2021  42  2 11 0300  -10.6  969.0    9.4  204.0   85.0  444.0
2021  42  2 11 0400  -10.6  969.4    7.6  215.0   87.5  444.0
2021  42  2 11 0500  -10.7  969.6    6.0  219.0   90.0  444.0
2021  42  2 11 0600   -9.3  969.9    7.4  229.0   91.0  444.0
2021  42  2 11 0700   -9.3  969.9    7.8  216.0   91.0  444.0
2021  42  2 11 0800   -9.0  970.5    8.3  216.0   91.0  444.0
2021  42  2 11 0900   -9.1  970.5    6.4  220.0   90.0  444.0
2021  42  2 11 1000   -9.4  970.6    5.9  233.0   92.0  444.0
2021  42  2 11 1100   -9.0  970.7    7.0  223.0   91.0  444.0
2021  42  2 11 1200  -10.7  971.0    4.9  238.0   91.6  444.0
2021  42  2 11 1300  -10.4  971.1    7.4  222.0   92.0  444.0
2021  42  2 11 1400  -11.5  971.3    7.5  211.0   91.0  444.0
2021  42  2 11 1500  -12.7  971.5    5.3  219.0   91.0  444.0
2021  42  2 11 1600  -11.5  971.9    5.6  196.0   90.0  444.0
2021  42  2 11 1700  -11.4  971.8    3.1  236.0   91.3  444.0
2021  42  2 11 1800  -11.8  972.0    4.5  221.0   91.0  444.0
2021  42  2 11 1900  -11.1  972.1    4.8  219.0   90.0  444.0
2021  42  2 11 2000  -11.2  972.6    4.8  226.0   88.0  444.0
2021  42  2 11 2100  -11.1  973.0    4.6  216.0   87.0  444.0
2021  42  2 11 2200  -11.2  973.2    3.0  206.0   87.0  444.0
2021  42  2 11 2300  -10.7  973.4    1.6  295.0   84.0  444.0
2021  43  2 12 0000   -8.9  973.3    0.6  200.0   77.0  444.0
2021  43  2 12 0100   -9.8  973.5    3.2  304.0   85.6  444.0
2021  43  2 12 0200   -7.4  973.3    0.2   31.0   73.0  444.0
2021  43  2 12 0300   -9.0  973.7    1.9  314.0   85.0  444.0
2021  43  2 12 0400   -7.9  973.7    1.8  256.0   86.0  444.0
2021  43  2 12 0500   -7.6  974.1    5.5  261.0   91.3  444.0
2021  43  2 12 0600   -8.8  974.7    9.9  206.0   91.3  444.0
2021  43  2 12 0700  -10.5  975.0   10.6  200.0   89.0  444.0
2021  43  2 12 0800  -11.0  975.6   10.5  207.0   91.0  444.0
2021  43  2 12 0900  -11.4  975.7    9.8  195.0   90.0  444.0
2021  43  2 12 1000  -12.3  976.0    7.9  209.0   89.0  444.0
2021  43  2 12 1100  -12.4  976.6    6.5  236.0   88.0  444.0
2021  43  2 12 1200  -13.5  976.7    6.2  216.0   89.0  444.0
2021  43  2 12 1300  -15.7  976.7    4.0  250.0   90.7  444.0
2021  43  2 12 1400  -14.2  976.7    4.1  217.0   90.0  444.0
2021  43  2 12 1500  -13.2  976.9    4.7  218.0   90.9  444.0
2021  43  2 12 1600  -12.3  977.3    9.1  205.0   89.0  444.0
2021  43  2 12 1700  -12.3  978.1    5.2  213.0   91.0  444.0
2021  43  2 12 1800  -12.9  978.6    6.6  214.0   89.0  444.0
2021  43  2 12 1900  -12.8  978.8    5.5  229.0   88.0  444.0
2021  43  2 12 2000  -13.8  979.1    5.5  255.0   89.0  444.0
2021  43  2 12 2100  -12.8  979.0    5.5  232.0   86.0  444.0
2021  43  2 12 2200  -12.1  979.1    6.7  214.0   84.0  444.0
2021  43  2 12 2300  -10.6  978.9    7.4  191.0   82.1  444.0
2021  44  2 13 0000  -10.9  979.1    3.7  292.0   83.0  444.0
2021  44  2 13 0100  -10.3  979.1    4.7  233.0   84.0  444.0
2021  44  2 13 0200   -9.4  978.8    4.4  226.0   81.0  444.0
2021  44  2 13 0300   -9.4  978.7    2.9  204.0   79.0  444.0
2021  44  2 13 0400   -8.1  978.7    3.9  168.0   75.9  444.0
2021  44  2 13 0500   -7.8  978.9    2.6  297.0   79.0  444.0
2021  44  2 13 0600   -9.4  978.8    1.8  308.0   77.0  444.0
2021  44  2 13 0700  -11.1  978.9    2.1  330.0   79.0  444.0
2021  44  2 13 0800  -12.3  979.0    2.8    5.0   82.0  444.0
2021  44  2 13 0900  -14.4  978.7    3.7   51.0   85.6  444.0
2021  44  2 13 1000  -14.8  978.6    2.4   37.0   85.0  444.0
2021  44  2 13 1100  -16.1  978.3    2.5   14.0   89.2  444.0
2021  44  2 13 1200  -16.3  978.2    3.5  360.0   91.0  444.0
2021  44  2 13 1300  -18.6  977.8    3.1   41.0   91.0  444.0
2021  44  2 13 1400  -20.7  977.5    2.6   52.0   86.7  444.0
2021  44  2 13 1500  -20.7  977.2    2.5   46.0   88.0  444.0
2021  44  2 13 1600  -17.1  976.9    2.5   34.0   86.9  444.0
2021  44  2 13 1700  -16.4  976.6    4.9    3.0   89.0  444.0
2021  44  2 13 1800  -14.5  976.4    5.1    6.0   89.0  444.0
2021  44  2 13 1900  -13.2  976.3    4.5    2.0   90.2  444.0
2021  44  2 13 2000  -11.5  975.8    4.7  349.0   89.0  444.0
2021  44  2 13 2100  -11.1  975.9    3.0  296.0   86.0  444.0
2021  44  2 13 2200  -10.2  975.8    2.5  329.0   86.0  444.0
2021  44  2 13 2300   -6.4  975.6    0.5  345.0   75.0  444.0
2021  45  2 14 0000   -7.8  975.4    2.9   69.0   83.0  444.0
2021  45  2 14 0100   -7.9  975.1    2.8   86.0   84.0  444.0
2021  45  2 14 0200   -7.2  975.1    3.6   79.0   83.1  444.0
2021  45  2 14 0300  -10.2  974.9    5.8   96.0   83.0  444.0
2021  45  2 14 0400   -9.9  975.2    5.8   98.0   78.6  444.0
2021  45  2 14 0500  -10.8  975.3    4.6  101.0   78.0  444.0
2021  45  2 14 0600  -11.8  975.6    3.7  101.0   78.0  444.0
2021  45  2 14 0700  -12.9  975.6    1.9   91.0   76.9  444.0
2021  45  2 14 0800  -13.5  975.6    2.0   64.0   78.0  444.0
2021  45  2 14 0900  -13.2  975.4    0.4   71.0   74.4  444.0
2021  45  2 14 1000  -15.3  975.2    1.0   71.0   83.0  444.0
2021  45  2 14 1100  -16.3  974.7    2.4   24.0   86.0  444.0
2021  45  2 14 1200  -17.9  974.6    2.8   48.0   83.9  444.0
2021  45  2 14 1300  -19.9  974.3    2.4   69.0   79.0  444.0
2021  45  2 14 1400  -19.8  974.0    3.4   76.0   87.0  444.0
2021  45  2 14 1500  -20.9  973.9    2.7   85.0   83.0  444.0
2021  45  2 14 1600  -19.8  973.3    2.4   18.0   78.0  444.0
2021  45  2 14 1700  -21.9  974.0    3.3  160.0   82.5  444.0
2021  45  2 14 1800  -21.7  974.0    2.3  152.0   84.0  444.0
2021  45  2 14 1900  -20.7  973.9    1.8  158.0   83.0  444.0
2021  45  2 14 2000  -20.1  974.1    1.9  112.0   80.0  444.0
2021  45  2 14 2100  -19.1  974.4    2.3  250.0   79.0  444.0
2021  45  2 14 2200  -19.5  974.3    2.7  271.0   78.8  444.0
2021  45  2 14 2300  -18.0  974.3    2.6  255.0   78.0  444.0
2021  46  2 15 0000  -16.1  974.4    2.1  256.0   75.5  444.0
2021  46  2 15 0100  -14.9  974.1    2.3  230.0   74.0  444.0
2021  46  2 15 0200  -14.4  974.2    2.9  244.0   75.0  444.0
2021  46  2 15 0300  -14.0  974.1    3.6  239.0   73.0  444.0
2021  46  2 15 0400  -13.2  974.0    3.6  230.0   72.0  444.0
2021  46  2 15 0500  -13.2  973.6    2.8  217.0   72.4  444.0
2021  46  2 15 0600  -14.2  973.8    2.4  234.0   74.0  444.0
2021  46  2 15 0700  -14.4  973.6    2.1  273.0   70.0  444.0
2021  46  2 15 0800  -17.0  973.3    3.1  315.0   78.0  444.0
2021  46  2 15 0900  -16.6  973.4    2.8  338.0   79.0  444.0
2021  46  2 15 1000  -17.4  973.3    3.2  360.0   80.9  444.0
2021  46  2 15 1100  -19.8  973.2    3.9    8.0   83.0  444.0
2021  46  2 15 1200  -17.0  973.2    5.3    9.0   78.2  444.0
2021  46  2 15 1300  -19.4  973.0    2.0   32.0   78.0  444.0
2021  46  2 15 1400  -17.1  973.0    2.9   18.0   77.0  444.0
2021  46  2 15 1500  -18.4  972.9    2.4  348.0   94.7  444.0
2021  46  2 15 1600  -20.8  972.8    2.1  354.0   88.0  444.0
2021  46  2 15 1700  -20.1  972.9    2.3   24.0   83.7  444.0
2021  46  2 15 1800  -18.3  972.8    2.5   53.0   84.0  444.0
2021  46  2 15 1900  -17.0  972.6    3.0   60.0   87.0  444.0
2021  46  2 15 2000  -17.1  972.5    3.2   84.0   87.0  444.0
2021  46  2 15 2100  -15.1  972.4    3.7   72.0   90.0  444.0
2021  46  2 15 2200  -11.6  972.3    3.8   57.0   90.0  444.0
2021  46  2 15 2300  -10.6  972.3    3.9   49.0   89.0  444.0
2021  47  2 16 0000   -8.5  972.3    3.3   47.0   89.0  444.0
2021  47  2 16 0100   -7.0  972.2    3.0   27.0   84.0  444.0
2021  47  2 16 0200   -7.8  972.2    1.7  355.0   82.0  444.0
2021  47  2 16 0300  -10.8  972.4    1.9  251.0   83.7  444.0
2021  47  2 16 0400  -11.1  972.6    3.1  191.0   87.0  444.0
2021  47  2 16 0500  -11.8  972.8    5.0  177.0   88.0  444.0
2021  47  2 16 0600  -10.3  973.0    5.6  157.0   92.0  444.0
2021  47  2 16 0700  -10.4  973.4    3.9  152.0   86.8  444.0
2021  47  2 16 0800  -14.5  974.1    3.1  279.0   91.0  444.0
2021  47  2 16 0900  -13.3  974.0    3.8  196.0   84.0  444.0
2021  47  2 16 1000  -15.8  974.0    3.1  178.0   88.0  444.0
2021  47  2 16 1100  -18.7  974.7    3.5  188.0   82.0  444.0
2021  47  2 16 1200  -19.8  974.9    3.0  203.0   81.2  444.0
2021  47  2 16 1300  -21.2  975.1    3.1  200.0   80.0  444.0
2021  47  2 16 1400  -22.6  975.3    2.3  182.0   82.0  444.0
2021  47  2 16 1500  -23.4  975.5    2.8  187.0   82.0  444.0
2021  47  2 16 1600  -21.5  975.6    2.5  161.0   86.0  444.0
2021  47  2 16 1700  -21.3  975.9    2.9  180.0   74.0  444.0
2021  47  2 16 1800  -19.6  976.1    4.2  165.0   74.0  444.0
2021  47  2 16 1900  -17.1  976.5    4.1  165.0   76.0  444.0
2021  47  2 16 2000  -15.7  977.0    2.6  249.0   79.0  444.0
2021  47  2 16 2100  -14.8  977.2    4.4  186.0   79.0  444.0
2021  47  2 16 2200  -15.6  977.4    4.1  175.0   81.0  444.0
2021  47  2 16 2300  -15.3  978.1    4.3  204.0   82.0  444.0
2021  48  2 17 0000  -16.0  978.1    3.6  191.0   80.0  444.0
2021  48  2 17 0100  -15.3  978.3    4.0  201.0   81.0  444.0
2021  48  2 17 0200  -15.2  978.4    4.7  202.0   82.0  444.0
2021  48  2 17 0300  -15.6  978.5    5.6  185.0   80.0  444.0
2021  48  2 17 0400  -16.0  978.0    6.2  178.0   77.0  444.0
2021  48  2 17 0500  -16.9  978.5    4.2  209.0   81.0  444.0
2021  48  2 17 0600  -16.4  978.6    4.9  191.0   78.0  444.0
2021  48  2 17 0700  -18.9  978.8    2.8  246.0   81.0  444.0
2021  48  2 17 0800  -20.1  978.8    3.4  216.0   81.0  444.0
2021  48  2 17 0900  -20.0  978.9    3.3  199.0   80.0  444.0
2021  48  2 17 1000  -20.6  978.9    3.5  186.0   81.5  444.0
2021  48  2 17 1100  -21.6  979.1    2.6  167.0   83.0  444.0
2021  48  2 17 1200  -22.1  979.2    2.8  183.0   81.0  444.0
2021  48  2 17 1300  -25.0  979.3    3.0  175.0   82.0  444.0
2021  48  2 17 1400  -26.1  979.3    2.5  162.0   81.0  444.0
2021  48  2 17 1500  -26.1  979.2    2.8  155.0   80.8  444.0
2021  48  2 17 1600  -27.9  979.3    3.1  180.0   82.0  444.0
2021  48  2 17 1700  -27.2  979.4    2.9  155.0   79.0  444.0
2021  48  2 17 1800  -25.7  979.5    2.7  177.0   76.0  444.0
2021  48  2 17 1900  -25.7  979.4    3.0  152.0   79.0  444.0
2021  48  2 17 2000  -24.6  979.8    1.6  146.0   70.0  444.0
2021  48  2 17 2100  -21.3  979.9    1.9  102.0   67.0  444.0
2021  48  2 17 2200  -20.0  980.1    1.9  120.0   68.0  444.0
2021  48  2 17 2300  -18.2  980.3    2.6  111.0   71.0  444.0
2021  49  2 18 0000  -17.6  980.4    2.2   98.0   69.0  444.0
2021  49  2 18 0100  -17.2  980.1    2.6   79.0   72.0  444.0
2021  49  2 18 0200  -17.0  980.1    4.0  107.0   71.8  444.0
2021  49  2 18 0300  -17.1  980.3    2.8  118.0   73.0  444.0
2021  49  2 18 0400  -16.9  980.3    3.3  103.0   72.0  444.0
2021  49  2 18 0500  -17.0  980.4    2.7  108.0   70.0  444.0
2021  49  2 18 0600  -16.6  980.5    2.2   96.0   74.0  444.0
2021  49  2 18 0700  -16.3  980.5    2.3   96.0   75.0  444.0
2021  49  2 18 0800  -16.1  980.7    1.9  115.0   76.9  444.0
2021  49  2 18 0900  -16.0  980.7    2.7   96.0   76.0  444.0
2021  49  2 18 1000  -16.0  980.9    2.2  101.0   76.0  444.0
2021  49  2 18 1100  -16.0  981.1    1.9  114.0   75.0  444.0
2021  49  2 18 1200  -16.1  981.3    3.3  104.0   75.0  444.0
2021  49  2 18 1300  -16.5  981.3    3.5   98.0   77.8  444.0
2021  49  2 18 1400  -16.9  981.4    3.2   85.0   79.3  444.0
2021  49  2 18 1500  -17.3  981.4    4.5   88.0   80.0  444.0
2021  49  2 18 1600  -17.4  981.6    3.8   79.0   79.0  444.0
2021  49  2 18 1700  -17.3  982.0    3.1   94.0   79.0  444.0
2021  49  2 18 1800  -17.4  982.3    3.7   90.0   77.0  444.0
2021  49  2 18 1900  -16.5  982.8    1.8   73.0   74.4  444.0
2021  49  2 18 2000  -15.9  983.2    2.0  124.0   75.0  444.0
2021  49  2 18 2100  -15.6  983.7    2.0  174.0   76.0  444.0
2021  49  2 18 2200  -15.4  984.1    3.0  136.0   77.0  444.0
2021  49  2 18 2300  -14.5  984.5    2.0  170.0   74.6  444.0
2021  50  2 19 0000  -14.6  984.7    2.6  147.0   73.0  444.0
2021  50  2 19 0100  -14.3  984.8    3.0  145.0   77.0  444.0
2021  50  2 19 0200  -13.7  985.2    1.9  153.0   75.0  444.0
2021  50  2 19 0300  -13.8  985.3    2.0  130.0   75.9  444.0
2021  50  2 19 0400  -12.8  985.6    3.8  130.0   76.0  444.0
2021  50  2 19 0500  -14.5  985.7    2.6  112.0   79.0  444.0
2021  50  2 19 0600  -14.0  986.2    2.2   89.0   79.0  444.0
2021  50  2 19 0700  -14.4  986.5    2.0  103.0   80.9  444.0
2021  50  2 19 0800  -14.8  986.6    2.6   77.0   81.0  444.0
2021  50  2 19 0900  -15.3  987.0    3.1  117.0   83.0  444.0
2021  50  2 19 1000  -15.5  987.3    2.9  107.0   82.0  444.0
2021  50  2 19 1100  -15.6  987.4    3.8   94.0   79.3  444.0
2021  50  2 19 1200  -16.6  987.7    2.8  135.0   79.0  444.0
2021  50  2 19 1300  -19.0  987.9    2.8  186.0   83.0  444.0
2021  50  2 19 1400  -19.9  988.0    2.2  157.0   83.0  444.0
2021  50  2 19 1500  -21.4  988.0    3.5  148.0   83.0  444.0
2021  50  2 19 1600  -22.2  988.4    2.9  197.0   82.1  444.0
2021  50  2 19 1700  -21.9  988.4    3.4  158.0   80.0  444.0
2021  50  2 19 1800  -21.6  988.4    2.6  126.0   83.0  444.0
2021  50  2 19 1900  -20.0  988.5    4.7  121.0   79.0  444.0
2021  50  2 19 2000  -18.8  988.7    4.7  138.0   79.0  444.0
2021  50  2 19 2100  -18.8  988.6    3.9  138.0   80.0  444.0
2021  50  2 19 2200  -17.9  988.7    4.0  139.0   79.0  444.0
2021  50  2 19 2300  -16.7  988.6    5.1  104.0   77.0  444.0
2021  51  2 20 0000  -15.1  988.8    1.7   65.0   70.0  444.0
2021  51  2 20 0100  -14.4  988.7    0.5  164.0   67.0  444.0
2021  51  2 20 0200  -15.0  988.6    2.7  158.0   73.0  444.0
2021  51  2 20 0300  -14.6  988.5    3.3  129.0   70.0  444.0
2021  51  2 20 0400  -14.3  988.2    3.9  128.0   74.0  444.0
2021  51  2 20 0500  -14.1  988.0    4.9  112.0   75.3  444.0
2021  51  2 20 0600  -13.8  987.8    4.7  116.0   74.3  444.0
2021  51  2 20 0700  -13.9  987.6    4.9  118.0   79.0  444.0
2021  51  2 20 0800  -13.9  987.4    4.5  122.0   79.0  444.0
2021  51  2 20 0900  -13.9  987.0    5.1  104.0   84.1  444.0
2021  51  2 20 1000  -13.9  986.7    4.6  128.0   84.0  444.0
2021  51  2 20 1100  -14.1  986.6    4.1  132.0   84.0  444.0
2021  51  2 20 1200  -14.0  986.2    5.2  123.0   82.0  444.0
2021  51  2 20 1300  -14.1  986.0    4.5  148.0   84.0  444.0
2021  51  2 20 1400  -14.1  985.8    4.8  144.0   83.3  444.0
2021  51  2 20 1500  -14.0  985.3    6.2  140.0   82.0  444.0
2021  51  2 20 1600  -14.2  985.3    6.1  134.0   84.0  444.0
2021  51  2 20 1700  -14.5  985.0    5.8  137.0   83.0  444.0
2021  51  2 20 1800  -14.2  985.0    5.7  131.0   80.7  444.0
2021  51  2 20 1900  -14.0  984.7    5.6  136.0   83.0  444.0
2021  51  2 20 2000  -13.9  984.7    5.1  141.0   84.0  444.0
2021  51  2 20 2100  -13.7  984.6    5.5  133.0   82.0  444.0
2021  51  2 20 2200  -13.7  984.5    5.0  124.0   77.0  444.0
2021  51  2 20 2300  -13.2  984.3    5.2  121.0   72.0  444.0
2021  52  2 21 0000  -13.0  984.0    5.6  125.0   74.0  444.0
2021  52  2 21 0100  -13.1  983.8    5.8  122.0   76.0  444.0
2021  52  2 21 0200  -13.0  983.5    4.8  126.0   71.0  444.0
2021  52  2 21 0300  -12.9  983.3    4.9  130.0   72.0  444.0
2021  52  2 21 0400  -13.0  983.0    4.4  135.0   76.0  444.0
2021  52  2 21 0500  -13.0  982.8    4.2  128.0   75.0  444.0
2021  52  2 21 0600  -12.9  982.9    3.5  141.0   78.7  444.0
2021  52  2 21 0700  -13.0  982.9    3.3  145.0   79.0  444.0
2021  52  2 21 0800  -13.2  983.0    3.2  164.0   80.0  444.0
2021  52  2 21 0900  -13.4  982.8    2.3  174.0   82.0  444.0
2021  52  2 21 1000  -13.7  982.6    2.2  192.0   84.0  444.0
2021  52  2 21 1100  -13.9  982.6    3.3  207.0   85.0  444.0
2021  52  2 21 1200  -14.0  982.4    3.0  193.0   86.0  444.0
2021  52  2 21 1300  -14.1  982.2    2.9  188.0   85.0  444.0
2021  52  2 21 1400  -14.3  981.9    3.5  179.0   80.0  444.0
2021  52  2 21 1500  -15.3  981.8    2.6  209.0   82.0  444.0
2021  52  2 21 1600  -15.8  981.6    3.7  205.0   83.0  444.0
2021  52  2 21 1700  -15.5  981.6    3.9  195.0   78.0  444.0
2021  52  2 21 1800  -15.3  981.3    4.3  200.0   76.0  444.0
2021  52  2 21 1900  -14.9  981.2    5.2  199.0   71.0  444.0
2021  52  2 21 2000  -14.9  981.0    5.0  204.0   72.0  444.0
2021  52  2 21 2100  -14.8  980.8    4.6  213.0   76.0  444.0
2021  52  2 21 2200  -14.6  980.9    4.9  209.0   75.0  444.0
2021  52  2 21 2300  -13.2  980.7    6.8  189.0   69.2  444.0
2021  53  2 22 0000  -16.1  980.6    3.6  208.0   72.0  444.0
2021  53  2 22 0100  -15.5  980.6    3.3  160.0   72.5  444.0
2021  53  2 22 0200  -15.9  980.6    2.9  214.0   72.0  444.0
2021  53  2 22 0300  -15.9  980.3    2.5  209.0   71.0  444.0
2021  53  2 22 0400  -17.0  980.1    2.8  252.0   73.5  444.0
2021  53  2 22 0500  -16.9  980.0    2.0  253.0   70.0  444.0
2021  53  2 22 0600  -17.1  979.7    2.6  240.0   68.0  444.0
2021  53  2 22 0700  -19.1  979.7    3.0  258.0   72.0  444.0
2021  53  2 22 0800  -18.3  979.6    3.7  229.0   78.0  444.0
2021  53  2 22 0900  -15.1  979.6    4.1  219.0   81.0  444.0
2021  53  2 22 1000  -14.8  979.6    4.2  203.0   84.0  444.0
2021  53  2 22 1100  -15.0  979.5    3.3  206.0   88.1  444.0
2021  53  2 22 1200  -15.7  979.5    2.1  250.0   89.0  444.0
2021  53  2 22 1300  -20.5  979.6    2.7  305.0   84.0  444.0
2021  53  2 22 1400  -19.5  979.2    2.9  310.0   94.0  444.0
2021  53  2 22 1500  -19.1  979.4    1.8  265.0   90.0  444.0
2021  53  2 22 1600  -18.9  979.5    1.1  267.0   87.2  444.0
2021  53  2 22 1700  -17.6  979.5    3.4  204.0   84.0  444.0
2021  53  2 22 1800  -19.5  979.6    1.5  191.0   82.0  444.0
2021  53  2 22 1900  -20.4  979.6    2.4  185.0   79.1  444.0
2021  53  2 22 2000  -19.9  979.5    1.4  107.0   75.0  444.0
2021  53  2 22 2100  -19.9  979.5    4.6  165.0   77.8  444.0
2021  53  2 22 2200  -20.3  980.1    2.3  239.0   75.0  444.0
2021  53  2 22 2300  -19.4  980.1    3.0  183.0   72.0  444.0
2021  54  2 23 0000  -18.9  980.3    2.4  209.0   70.4  444.0
2021  54  2 23 0100  -18.5  980.4    3.8  191.0   73.0  444.0
2021  54  2 23 0200  -18.3  980.4    4.6  180.0   76.9  444.0
2021  54  2 23 0300  -18.0  980.1    4.9  169.0   77.0  444.0
2021  54  2 23 0400  -17.9  980.3    5.3  180.0   77.0  444.0
2021  54  2 23 0500  -17.9  979.9    6.1  172.0   74.8  444.0
2021  54  2 23 0600  -17.6  979.8    6.6  179.0   76.0  444.0
2021  54  2 23 0700  -18.0  979.7    7.6  181.0   76.0  444.0
2021  54  2 23 0800  -20.0  979.8    4.9  199.0   76.0  444.0
2021  54  2 23 0900  -21.3  979.8    5.0  206.0   74.5  444.0
2021  54  2 23 1000  -21.4  979.8    5.5  209.0   76.0  444.0
2021  54  2 23 1100  -20.1  979.8    7.8  203.0   76.0  444.0
2021  54  2 23 1200  -19.1  979.8   11.1  205.0   81.0  444.0
2021  54  2 23 1300  -20.9  980.0    7.6  210.0   79.0  444.0
2021  54  2 23 1400  -22.8  980.5    6.4  216.0   79.1  444.0
2021  54  2 23 1500  -23.3  980.4    7.3  217.0   79.0  444.0
2021  54  2 23 1600  -24.6  980.7    5.0  226.0   77.0  444.0
2021  54  2 23 1700  -25.3  980.7    4.0  237.0   75.0  444.0
2021  54  2 23 1800  -26.8  980.4    3.1  247.0   75.0  444.0
2021  54  2 23 1900  -24.2  980.4    4.2  233.0   71.9  444.0
2021  54  2 23 2000  -23.3  980.3    4.3  232.0   69.0  444.0
2021  54  2 23 2100  -21.7  980.2    4.8  239.0   66.0  444.0
2021  54  2 23 2200  -20.4  980.3    5.2  235.0   70.0  444.0
2021  54  2 23 2300  -17.7  980.7    8.9  228.0   69.0  444.0
2021  55  2 24 0000  -16.3  980.7    7.5  245.0   70.9  444.0
2021  55  2 24 0100  -15.3  980.5    9.3  252.0   71.0  444.0
2021  55  2 24 0200  -14.4  980.1    7.9  256.0   70.5  444.0
2021  55  2 24 0300  -13.2  980.0    8.1  261.0   68.0  444.0
2021  55  2 24 0400  -12.8  979.8    6.9  256.0   70.0  444.0
2021  55  2 24 0500  -12.7  979.9    7.8  244.0   69.5  444.0
2021  55  2 24 0600  -13.4  980.0    7.3  241.0   69.0  444.0
2021  55  2 24 0700  -14.1  979.7    5.7  259.0   71.0  444.0
2021  55  2 24 0800  -15.4  979.7    6.1  256.0   69.0  444.0
2021  55  2 24 0900  -16.3  979.8    6.2  255.0   68.0  444.0
2021  55  2 24 1000  -17.3  979.9    5.5  240.0   67.0  444.0
2021  55  2 24 1100  -18.8  980.1    5.6  250.0   69.0  444.0
2021  55  2 24 1200  -19.3  980.2    4.9  245.0   70.7  444.0
2021  55  2 24 1300  -19.4  980.5    5.1  247.0   76.0  444.0
2021  55  2 24 1400  -19.1  980.8    3.9  205.0   77.0  444.0
2021  55  2 24 1500  -18.4  980.8    3.7  227.0   74.0  444.0
2021  55  2 24 1600  -16.8  980.9    4.7  218.0   68.0  444.0
2021  55  2 24 1700  -17.6  980.9    3.7  236.0   72.2  444.0
2021  55  2 24 1800  -18.6  981.0    2.8  270.0   74.0  444.0
2021  55  2 24 1900  -18.2  980.9    3.6  267.0   70.0  444.0
2021  55  2 24 2000  -18.5  980.9    1.6  248.0   72.0  444.0
2021  55  2 24 2100  -17.7  980.7    0.7  243.0   66.0  444.0
2021  55  2 24 2200  -16.9  980.7    0.6  335.0   68.6  444.0
2021  55  2 24 2300  -14.7  980.6    0.4  320.0   59.0  444.0
2021  56  2 25 0000  -14.1  980.6    1.2  262.0   67.9  444.0
2021  56  2 25 0100  -13.3  980.3    2.1  258.0   64.0  444.0
2021  56  2 25 0200  -15.2  980.9    3.4  104.0   72.0  444.0
2021  56  2 25 0300  -14.7  980.9    1.4  355.0   70.4  444.0
2021  56  2 25 0400  -15.5  981.0    1.9  227.0   75.0  444.0
2021  56  2 25 0500  -16.9  981.0    4.3  202.0   69.2  444.0
2021  56  2 25 0600  -16.6  981.0    4.8  182.0   71.0  444.0
2021  56  2 25 0700  -17.6  980.7    4.4  172.0   75.0  444.0
2021  56  2 25 0800  -19.7  980.9    3.1  176.0   79.0  444.0
2021  56  2 25 0900  -21.3  981.4    5.1  185.0   79.0  444.0
2021  56  2 25 1000  -21.1  981.6    5.0  206.0   78.0  444.0
2021  56  2 25 1100  -23.4  981.4    3.0  224.0   81.0  444.0
2021  56  2 25 1200  -22.9  981.4    3.4  234.0   79.0  444.0
2021  56  2 25 1300  -23.9  981.4    4.7  212.0   77.0  444.0
2021  56  2 25 1400  -24.2  981.2    4.7  202.0   80.0  444.0
2021  56  2 25 1500  -23.7  981.2    5.1  182.0   77.4  444.0
2021  56  2 25 1600  -23.7  981.4    6.2  179.0   73.5  444.0
2021  56  2 25 1700  -24.4  981.5    5.6  180.0   73.0  444.0
2021  56  2 25 1800  -23.0  981.8    6.2  182.0   71.0  444.0
2021  56  2 25 1900  -22.1  982.4    5.4  182.0   73.0  444.0
2021  56  2 25 2000  -22.1  982.8    6.1  218.0   74.3  444.0
2021  56  2 25 2100  -22.1  983.3    6.3  212.0   76.0  444.0
2021  56  2 25 2200  -21.2  983.6    7.7  190.0   75.0  444.0
2021  56  2 25 2300  -20.2  984.0    8.0  201.0   72.0  444.0
2021  57  2 26 0000  -18.9  984.2    8.0  192.0   72.0  444.0
2021  57  2 26 0100  -18.4  984.2    8.9  192.0   70.7  444.0
2021  57  2 26 0200  -18.0  984.3    7.4  192.0   71.0  444.0
2021  57  2 26 0300  -17.3  984.3    7.2  201.0   70.8  444.0
2021  57  2 26 0400  -18.0  983.5    9.2  180.0   73.0  444.0
2021  57  2 26 0500  -17.6  984.0    6.7  216.0   70.0  444.0
2021  57  2 26 0600  -17.2  984.2    7.1  210.0   70.0  444.0
2021  57  2 26 0700  -17.0  983.9    7.0  203.0   69.0  444.0
2021  57  2 26 0800  -16.7  983.8    6.5  209.0   72.0  444.0
2021  57  2 26 0900  -16.3  983.8    6.3  216.0   69.2  444.0
2021  57  2 26 1000  -16.3  983.8    5.2  219.0   70.0  444.0
2021  57  2 26 1100  -16.2  983.7    5.4  222.0   67.0  444.0
2021  57  2 26 1200  -15.6  983.6    6.6  217.0   62.0  444.0
2021  57  2 26 1300  -16.0  983.3    4.6  221.0   65.6  444.0
2021  57  2 26 1400  -15.9  983.1    5.0  249.0   64.8  444.0
2021  57  2 26 1500  -14.8  982.8    6.0  231.0   59.0  444.0
2021  57  2 26 1600  -15.6  982.5    3.7  227.0   66.0  444.0
2021  57  2 26 1700  -15.3  982.3    4.9  240.0   63.0  444.0
2021  57  2 26 1800  -16.1  982.1    4.1  242.0   70.7  444.0
2021  57  2 26 1900  -18.5  982.3    3.9  217.0   74.4  444.0
2021  57  2 26 2000  -18.9  982.4    3.4  221.0   72.0  444.0
2021  57  2 26 2100  -18.7  982.4    3.3  222.0   73.0  444.0
2021  57  2 26 2200  -17.9  982.5    4.3  208.0   70.0  444.0
2021  57  2 26 2300  -15.9  982.6    6.9  200.0   75.2  444.0
2021  58  2 27 0000  -16.1  982.4    6.4  198.0   82.0  444.0
2021  58  2 27 0100  -15.8  982.6    6.3  209.0   83.0  444.0
2021  58  2 27 0200  -15.0  982.4    7.5  191.0   84.0  444.0
2021  58  2 27 0300  -15.8  982.1    6.2  202.0   85.0  444.0
2021  58  2 27 0400  -15.8  981.9    7.5  189.0   83.0  444.0
2021  58  2 27 0500  -16.0  981.7    5.5  188.0   82.0  444.0
2021  58  2 27 0600  -17.6  981.7    2.9  215.0   81.0  444.0
2021  58  2 27 0700  -19.8  981.6    2.7  238.0   81.9  444.0
2021  58  2 27 0800  -20.8  981.4    2.1  241.0   83.0  444.0
2021  58  2 27 0900  -20.0  981.4    0.8  207.0   81.0  444.0
2021  58  2 27 1000  -20.4  981.4    0.7  160.0   83.0  444.0
2021  58  2 27 1100  -22.5  981.1    2.3   93.0   86.0  444.0
2021  58  2 27 1200  -22.5  981.1    2.3  103.0   80.0  444.0
2021  58  2 27 1300  -22.6  980.9    2.3  106.0   74.0  444.0
2021  58  2 27 1400  -22.6  980.5    2.8  102.0   74.0  444.0
2021  58  2 27 1500  -22.4  980.5    1.0   89.0   73.0  444.0
2021  58  2 27 1600  -21.9  980.5    0.4   87.0   69.7  444.0
2021  58  2 27 1700  -22.0  980.5    1.8  150.0   69.0  444.0
2021  58  2 27 1800  -22.1  980.5    2.1  165.0   69.0  444.0
2021  58  2 27 1900  -21.8  980.5    3.8  119.0   68.0  444.0
2021  58  2 27 2000  -21.4  980.5    3.8  122.0   67.0  444.0
2021  58  2 27 2100  -21.0  980.6    3.2  139.0   67.0  444.0
2021  58  2 27 2200  -22.2  980.9    3.8  191.0   70.0  444.0
2021  58  2 27 2300  -22.6  981.1    3.4  209.0   73.0  444.0
2021  59  2 28 0000  -22.4  981.5    3.3  212.0   72.0  444.0
2021  59  2 28 0100  -22.4  981.4    3.5  207.0   73.7  444.0
2021  59  2 28 0200  -22.6  981.4    2.6  220.0   74.0  444.0
2021  59  2 28 0300  -20.4  981.2    4.3  184.0   70.0  444.0
2021  59  2 28 0400  -18.8  980.9    5.2  203.0   68.0  444.0
2021  59  2 28 0500  -20.6  980.9    3.4  226.0   73.0  444.0
2021  59  2 28 0600  -21.6  980.8    5.0  223.0   75.0  444.0
2021  59  2 28 0700  -19.9  980.7    8.4  202.0   75.0  444.0
2021  59  2 28 0800  -22.7  980.7    4.3  220.0   77.0  444.0
2021  59  2 28 0900  -24.3  980.9    4.8  222.0   77.0  444.0
2021  59  2 28 1000  -25.8  980.6    3.2  240.0   78.0  444.0
2021  59  2 28 1100  -25.4  980.5    3.7  226.0   78.0  444.0
2021  59  2 28 1200  -23.8  980.4    4.2  238.0   74.0  444.0
2021  59  2 28 1300  -25.1  980.1    2.8  235.0   75.0  444.0
2021  59  2 28 1400  -23.1  979.9    3.0  200.0   74.0  444.0
2021  59  2 28 1500  -24.5  979.9    1.2  213.0   76.0  444.0
2021  59  2 28 1600  -24.3  979.8    0.6  237.0   77.0  444.0
2021  59  2 28 1700  -22.7  979.6    1.3  354.0   76.0  444.0
2021  59  2 28 1800  -21.8  979.3    0.0    0.0   74.0  444.0
2021  59  2 28 1900  -21.7  979.4    0.2  354.0   75.0  444.0
2021  59  2 28 2000  -23.7  979.2    2.7   21.0   75.0  444.0
2021  59  2 28 2100  -22.7  979.2    3.0    5.0   74.0  444.0
2021  59  2 28 2200  -22.5  979.1    2.2   53.0   71.0  444.0
2021  59  2 28 2300  -20.6  979.1    2.1  359.0   70.0  444.0
