Year: 2020  Month: 04  ID: FER  ARGOS:  8947  Name: Ferrell             
Lat: 77.84S  Lon: 170.82E  Elev:   45m
2020  92  4  1 0000  -22.9  989.7    6.9  206.0   82.0  444.0
2020  92  4  1 0100  -22.6  989.4    8.6  203.0   81.0  444.0
2020  92  4  1 0200  -23.4  989.2    7.8  201.0   80.0  444.0
2020  92  4  1 0300  -22.4  988.7    8.0  195.0   78.7  444.0
2020  92  4  1 0400  -22.8  988.2    6.9  207.0   79.0  444.0
2020  92  4  1 0500  -22.1  987.9    6.8  203.0   77.0  444.0
2020  92  4  1 0600  -22.1  987.8    5.7  198.0   80.6  444.0
2020  92  4  1 0700  -21.6  987.5    5.3  209.0   83.0  444.0
2020  92  4  1 0800  -23.4  987.4    5.1  221.0   81.0  444.0
2020  92  4  1 0900  -23.2  986.8    6.4  208.0   79.0  444.0
2020  92  4  1 1000  -24.2  986.3    5.5  206.0   79.0  444.0
2020  92  4  1 1100  -24.2  985.9    5.9  208.0   77.6  444.0
2020  92  4  1 1200  -24.7  985.6    4.8  212.0   80.0  444.0
2020  92  4  1 1300  -23.7  984.9    6.1  208.0   78.0  444.0
2020  92  4  1 1400  -21.4  984.0    8.0  208.0   73.0  444.0
2020  92  4  1 1500  -22.3  983.4    7.6  218.0   75.0  444.0
2020  92  4  1 1600  -23.5  983.0    6.1  196.0   76.0  444.0
2020  92  4  1 1700  -23.6  982.4    4.3  180.0   77.0  444.0
2020  92  4  1 1800  -23.0  981.8    3.4  184.0   77.0  444.0
2020  92  4  1 1900  -23.6  981.3    5.2  186.0   78.0  444.0
2020  92  4  1 2000  -23.7  981.0    4.4  201.0   78.0  444.0
2020  92  4  1 2100  -26.0  980.5    0.3  223.0   78.0  444.0
2020  92  4  1 2200  -25.7  980.1    4.9  208.0   76.0  444.0
2020  92  4  1 2300  -25.1  979.4    6.0  202.0   74.0  444.0
2020  93  4  2 0000  -26.6  979.0    5.8  198.0   73.0  444.0
2020  93  4  2 0100  -26.5  978.5    6.4  189.0   72.0  444.0
2020  93  4  2 0200  -22.7  978.0   12.3  193.0   77.0  444.0
2020  93  4  2 0300  -25.2  977.7    8.0  201.0   73.0  444.0
2020  93  4  2 0400  -25.8  976.9    7.1  197.0   72.0  444.0
2020  93  4  2 0500  -27.9  976.6    5.6  204.0   74.0  444.0
2020  93  4  2 0600  -28.1  976.3    4.9  211.0   74.7  444.0
2020  93  4  2 0700  -27.1  976.0    6.8  193.0   75.0  444.0
2020  93  4  2 0800  -27.1  975.7    6.8  201.0   75.0  444.0
2020  93  4  2 0900  -23.4  975.6   10.5  214.0   70.7  444.0
2020  93  4  2 1000  -22.7  975.8    7.4  204.0   69.0  444.0
2020  93  4  2 1100  -23.6  975.9    5.8  222.0   69.0  444.0
2020  93  4  2 1200  -25.1  975.7    5.1  239.0   73.0  444.0
2020  93  4  2 1300  -26.3  975.7    4.3  242.0   74.0  444.0
2020  93  4  2 1400  -25.7  975.7    5.2  216.0   73.7  444.0
2020  93  4  2 1500  -24.6  975.7    5.1  215.0   74.0  444.0
2020  93  4  2 1600  -24.7  975.6    5.0  217.0   75.0  444.0
2020  93  4  2 1700  -24.6  975.8    3.6  213.0   73.0  444.0
2020  93  4  2 1800  -24.6  976.1    4.2  227.0   74.0  444.0
2020  93  4  2 1900  -24.5  976.5    4.0  226.0   73.7  444.0
2020  93  4  2 2000  -24.0  976.8    4.9  201.0   71.0  444.0
2020  93  4  2 2100  -22.0  976.8    9.6  209.0   72.0  444.0
2020  93  4  2 2200  -23.4  978.0    6.9  204.0   73.0  444.0
2020  93  4  2 2300  -25.4  978.2    5.7  231.0   75.0  444.0
2020  94  4  3 0000  -25.7  978.3    6.7  204.0   70.0  444.0
2020  94  4  3 0100  -26.8  978.7    4.6  223.0   70.0  444.0
2020  94  4  3 0200  -27.2  979.2    3.4  257.0   69.0  444.0
2020  94  4  3 0300  -27.5  979.2    2.6  225.0   69.0  444.0
2020  94  4  3 0400  -28.1  979.8    1.2  273.0   69.4  444.0
2020  94  4  3 0500  -28.2  980.0    3.1  282.0   77.0  444.0
2020  94  4  3 0600  -28.0  980.7    0.8  137.0   78.0  444.0
2020  94  4  3 0700  -27.7  981.1    1.1  137.0   77.8  444.0
2020  94  4  3 0800  -28.3  981.4    4.0  298.0   77.0  444.0
2020  94  4  3 0900  -29.7  982.1    2.7  271.0   77.0  444.0
2020  94  4  3 1000  -30.4  982.8    1.8  289.0   75.0  444.0
2020  94  4  3 1100  -28.2  983.4    2.8  291.0   78.0  444.0
2020  94  4  3 1200  -26.1  983.7    3.1  305.0   80.2  444.0
2020  94  4  3 1300  -24.6  983.9    3.5  296.0   81.0  444.0
2020  94  4  3 1400  -23.6  985.1    3.4  254.0   83.0  444.0
2020  94  4  3 1500  -20.6  986.1    4.1  243.0   85.0  444.0
2020  94  4  3 1600  -18.5  986.6    6.1  237.0   87.0  444.0
2020  94  4  3 1700  -17.2  987.6    7.8  222.0   87.5  444.0
2020  94  4  3 1800  -19.0  988.8    6.7  195.0   82.0  444.0
2020  94  4  3 1900  -22.0  989.5    3.4  215.0   84.0  444.0
2020  94  4  3 2000  -22.3  990.5    6.2  212.0   82.0  444.0
2020  94  4  3 2100  -25.3  991.3    4.0  180.0   80.0  444.0
2020  94  4  3 2200  -26.3  991.9    6.9  194.0   79.0  444.0
2020  94  4  3 2300  -26.3  993.0    7.5  198.0   79.0  444.0
2020  95  4  4 0000  -26.4  993.9    5.8  219.0   79.0  444.0
2020  95  4  4 0100  -26.6  994.4    6.5  194.0   79.0  444.0
2020  95  4  4 0200  -26.9  995.0    5.8  187.0   78.0  444.0
2020  95  4  4 0300  -26.8  995.5    2.0  258.0   78.0  444.0
2020  95  4  4 0400  -28.8  995.6    1.6  283.0   75.6  444.0
2020  95  4  4 0500  -30.5  995.8    2.9  278.0   75.0  444.0
2020  95  4  4 0600  -28.6  995.8    3.5  292.0   77.0  444.0
2020  95  4  4 0700  -25.6  995.7    3.1  312.0   80.0  444.0
2020  95  4  4 0800  -21.2  995.8    7.0  301.0   84.0  444.0
2020  95  4  4 0900  -20.3  996.4    4.5  297.0   85.0  444.0
2020  95  4  4 1000  -18.9  996.5    4.7  298.0   85.4  444.0
2020  95  4  4 1100  -19.2  996.6    4.2  319.0   87.0  444.0
2020  95  4  4 1200  -18.9  996.8    3.2  293.0   86.0  444.0
2020  95  4  4 1300  -18.8  997.6    3.1  282.0   87.0  444.0
2020  95  4  4 1400  -18.3  997.8    2.1  222.0   87.0  444.0
2020  95  4  4 1500  -18.9  998.1    0.2  186.0   86.1  444.0
2020  95  4  4 1600  -18.1  998.0    6.5  206.0   82.0  444.0
2020  95  4  4 1700  -21.7  998.4    3.2  195.0   80.0  444.0
2020  95  4  4 1800  -23.5  998.5    4.0  210.0   76.0  444.0
2020  95  4  4 1900  -25.1  998.8    2.5  244.0   78.0  444.0
2020  95  4  4 2000  -24.8  998.8    1.8  267.0   78.4  444.0
2020  95  4  4 2100  -24.7  999.3    2.9  279.0   78.7  444.0
2020  95  4  4 2200  -26.9  999.7    3.8  228.0   77.0  444.0
2020  95  4  4 2300  -29.0  999.9    2.9  236.0   79.0  444.0
2020  96  4  5 0000  -29.0 1000.1    1.4  221.0   75.0  444.0
2020  96  4  5 0100  -29.7 1000.1    2.9  291.0   76.0  444.0
2020  96  4  5 0200  -28.4 1000.2    1.5  303.0   77.0  444.0
2020  96  4  5 0300  -28.2 1000.1    2.1  226.0   79.0  444.0
2020  96  4  5 0400  -25.9  999.4    0.9  300.0   84.4  444.0
2020  96  4  5 0500  -25.1  999.2    3.9  344.0   78.0  444.0
2020  96  4  5 0600  -28.3  999.2    3.9  343.0   76.0  444.0
2020  96  4  5 0700  -28.4  999.1    3.8  343.0   77.0  444.0
2020  96  4  5 0800  -27.9  998.8    2.4  311.0   79.0  444.0
2020  96  4  5 0900  -27.3  998.1    0.5  266.0   77.0  444.0
2020  96  4  5 1000  -29.0  997.7    1.5  351.0   77.0  444.0
2020  96  4  5 1100  -27.2  997.0    0.7  351.0   78.0  444.0
2020  96  4  5 1200  -27.1  996.6    1.4  352.0   77.0  444.0
2020  96  4  5 1300  -29.6  995.9    1.3  207.0   75.0  444.0
2020  96  4  5 1400  -26.7  995.3    0.2  200.0   78.0  444.0
2020  96  4  5 1500  -27.4  994.5    0.2  199.0   78.0  444.0
2020  96  4  5 1600  -26.9  993.9    0.1  197.0   78.0  444.0
2020  96  4  5 1700  -25.6  993.2    0.1  190.0   80.0  444.0
2020  96  4  5 1800  -24.4  992.9    0.1  189.0   81.0  444.0
2020  96  4  5 1900  -23.7  992.5    0.4  189.0   82.0  444.0
2020  96  4  5 2000  -23.4  992.2    0.4  188.0   82.0  444.0
2020  96  4  5 2100  -26.1  991.6    1.6  302.0   79.0  444.0
2020  96  4  5 2200  -24.1  991.2    1.3  264.0   82.0  444.0
2020  96  4  5 2300  -23.7  991.0    1.4  255.0   82.0  444.0
2020  97  4  6 0000  -23.4  990.9    1.0  252.0   82.0  444.0
2020  97  4  6 0100  -23.2  990.6    2.8  210.0   82.0  444.0
2020  97  4  6 0200  -23.1  990.2    0.9  186.0   82.1  444.0
2020  97  4  6 0300  -23.3  989.9    1.6  204.0   82.0  444.0
2020  97  4  6 0400  -23.5  989.6    1.5  184.0   82.0  444.0
2020  97  4  6 0500  -23.7  989.5    1.7  207.0   82.0  444.0
2020  97  4  6 0600  -23.8  989.6    2.0  230.0   82.0  444.0
2020  97  4  6 0700  -23.9  989.8    1.7  215.0   81.7  444.0
2020  97  4  6 0800  -24.1  989.8    1.8  232.0   81.4  444.0
2020  97  4  6 0900  -23.4  989.9    0.0    0.0   83.0  444.0
2020  97  4  6 1000  -23.3  989.7    1.6  158.0   82.0  444.0
2020  97  4  6 1100  -23.6  989.5    2.7  180.0   82.0  444.0
2020  97  4  6 1200  -23.9  989.5    4.5  156.0   81.2  444.0
2020  97  4  6 1300  -26.3  989.6    2.4  192.0   79.0  444.0
2020  97  4  6 1400  -27.4  989.5    1.9  274.0   78.0  444.0
2020  97  4  6 1500  -27.4  989.3    1.2  275.0   78.0  444.0
2020  97  4  6 1600  -28.1  989.1    2.2  221.0   77.0  444.0
2020  97  4  6 1700  -29.3  988.7    1.8  180.0   76.8  444.0
2020  97  4  6 1800  -32.0  988.6    2.0  192.0   73.0  444.0
2020  97  4  6 1900  -32.0  988.2    2.4  174.0   74.0  444.0
2020  97  4  6 2000  -31.0  987.9    1.8  338.0   74.0  444.0
2020  97  4  6 2100  -31.3  988.1    1.2  242.0   74.0  444.0
2020  97  4  6 2200  -30.3  988.1    0.9  304.0   75.7  444.0
2020  97  4  6 2300  -29.2  988.2    0.4  196.0   77.0  444.0
2020  98  4  7 0000  -28.5  987.6    2.4  222.0   76.6  444.0
2020  98  4  7 0100  -27.6  987.7    2.6  211.0   78.0  444.0
2020  98  4  7 0200  -27.2  987.2    2.4  216.0   78.0  444.0
2020  98  4  7 0300  -26.8  986.7    3.0  223.0   79.0  444.0
2020  98  4  7 0400  -27.2  986.5    3.0  225.0   78.0  444.0
2020  98  4  7 0500  -27.2  986.5    2.5  200.0   78.2  444.0
2020  98  4  7 0600  -27.1  986.4    4.0  194.0   78.4  444.0
2020  98  4  7 0700  -26.8  986.4    3.9  208.0   79.0  444.0
2020  98  4  7 0800  -26.4  986.2    5.4  211.0   79.0  444.0
2020  98  4  7 0900  -26.8  986.0    5.3  212.0   79.0  444.0
2020  98  4  7 1000  -28.1  985.7    5.1  206.0   77.2  444.0
2020  98  4  7 1100  -28.5  985.8    3.8  206.0   77.0  444.0
2020  98  4  7 1200  -27.7  985.5    5.1  202.0   78.0  444.0
2020  98  4  7 1300  -27.6  985.2    5.1  199.0   77.0  444.0
2020  98  4  7 1400  -30.0  984.8    3.6  196.0   75.0  444.0
2020  98  4  7 1500  -32.1  984.4    2.9  197.0   73.3  444.0
2020  98  4  7 1600  -32.6  984.1    2.6  211.0   73.0  444.0
2020  98  4  7 1700  -32.4  983.9    1.6  267.0   73.0  444.0
2020  98  4  7 1800  -34.4  983.4    2.0  283.0   71.0  444.0
2020  98  4  7 1900  -34.8  983.1    1.8  270.0   70.0  444.0
2020  98  4  7 2000  -35.3  982.6    2.4  278.0   70.0  444.0
2020  98  4  7 2100  -35.5  981.8    2.8  286.0   70.0  444.0
2020  98  4  7 2200  -31.0  981.2    3.8  310.0   75.0  444.0
2020  98  4  7 2300  -28.8  981.0    4.3  280.0   76.0  444.0
2020  99  4  8 0000  -30.4  980.7    3.9  291.0   75.0  444.0
2020  99  4  8 0100  -31.5  980.0    2.0  221.0   74.0  444.0
2020  99  4  8 0200  -31.8  979.5    1.3  304.0   74.0  444.0
2020  99  4  8 0300  -29.5  979.2    2.2  320.0   75.9  444.0
2020  99  4  8 0400  -29.5  979.1    1.4  291.0   76.1  444.0
2020  99  4  8 0500  -26.8  978.4    8.6  184.0   78.0  444.0
2020  99  4  8 0600  -29.5  978.3    9.6  188.0   76.0  444.0
2020  99  4  8 0700  -30.4  978.7    7.6  197.0   75.0  444.0
2020  99  4  8 0800  -30.3  978.3    7.8  216.0   75.3  444.0
2020  99  4  8 0900  -29.9  978.6    7.9  219.0   75.0  444.0
2020  99  4  8 1000  -29.4  978.0    7.9  224.0   76.0  444.0
2020  99  4  8 1100  -29.1  978.1    8.1  224.0   76.0  444.0
2020  99  4  8 1200  -29.8  977.5    7.5  220.0   75.0  444.0
2020  99  4  8 1300  -30.5  976.9    6.3  222.0   74.9  444.0
2020  99  4  8 1400  -29.5  976.2    7.3  231.0   76.0  444.0
2020  99  4  8 1500  -29.2  975.4    6.4  216.0   76.0  444.0
2020  99  4  8 1600  -29.5  975.4    7.7  202.0   76.0  444.0
2020  99  4  8 1700  -31.0  975.7    8.5  205.0   75.0  444.0
2020  99  4  8 1800  -31.4  975.6    7.9  205.0   74.1  444.0
2020  99  4  8 1900  -31.6  975.3    8.2  209.0   74.0  444.0
2020  99  4  8 2000  -31.8  975.1    8.4  207.0   74.0  444.0
2020  99  4  8 2100  -31.5  974.8    6.6  210.0   74.0  444.0
2020  99  4  8 2200  -30.1  974.5    6.8  206.0   76.0  444.0
2020  99  4  8 2300  -29.9  974.2    5.3  191.0   75.0  444.0
2020 100  4  9 0000  -30.3  973.9    5.1  195.0   75.0  444.0
2020 100  4  9 0100  -31.0  973.9    4.5  215.0   73.9  444.0
2020 100  4  9 0200  -28.8  973.1    6.2  237.0   77.0  444.0
2020 100  4  9 0300  -26.2  972.1    7.0  233.0   81.0  444.0
2020 100  4  9 0400  -21.8  970.9    7.5  243.0   84.3  444.0
2020 100  4  9 0500  -18.3  970.0   15.4  226.0   86.0  444.0
2020 100  4  9 0600  -20.0  969.8   12.7  202.0   84.8  444.0
2020 100  4  9 0700  -21.4  969.9    6.6  197.0   84.0  444.0
2020 100  4  9 0800  -19.5  968.6    6.3  208.0   87.0  444.0
2020 100  4  9 0900  -18.7  967.9    9.8  199.0   86.0  444.0
2020 100  4  9 1000  -19.3  968.1   11.1  209.0   85.0  444.0
2020 100  4  9 1100  -25.2  969.6    7.7  203.0   80.0  444.0
2020 100  4  9 1200  -26.6  969.5    8.9  216.0   79.0  444.0
2020 100  4  9 1300  -26.3  969.6   12.0  204.0   79.0  444.0
2020 100  4  9 1400  -26.2  970.0   10.3  215.0   80.0  444.0
2020 100  4  9 1500  -25.6  970.1   12.4  220.0   80.0  444.0
2020 100  4  9 1600  -27.1  970.6   12.1  201.0   77.8  444.0
2020 100  4  9 1700  -29.1  971.2    8.8  194.0   76.0  444.0
2020 100  4  9 1800  -32.3  971.8    8.6  195.0   73.0  444.0
2020 100  4  9 1900  -33.0  972.3    8.3  207.0   74.0  444.0
2020 100  4  9 2000  -32.5  972.1    7.3  209.0   73.0  444.0
2020 100  4  9 2100  -31.0  972.5    5.6  184.0   74.7  444.0
2020 100  4  9 2200  -30.9  972.8    3.5  188.0   75.0  444.0
2020 100  4  9 2300  -29.8  972.6    5.8  157.0   75.0  444.0
2020 101  4 10 0000  -32.6  973.3    6.1  154.0   74.0  444.0
2020 101  4 10 0100  -31.4  973.6    6.3  176.0   73.8  444.0
2020 101  4 10 0200  -31.6  974.4    5.7  177.0   74.2  444.0
2020 101  4 10 0300  -30.5  974.5    7.5  218.0   75.0  444.0
2020 101  4 10 0400  -33.0  975.6    5.0  195.0   73.0  444.0
2020 101  4 10 0500  -33.3  976.0    5.6  188.0   72.0  444.0
2020 101  4 10 0600  -32.1  976.3    4.4  213.0   74.0  444.0
2020 101  4 10 0700  -32.5  976.3    7.1  189.0   72.0  444.0
2020 101  4 10 0800  -32.8  977.2    4.6  203.0   72.0  444.0
2020 101  4 10 0900  -35.4  978.1    6.6  210.0   70.0  444.0
2020 101  4 10 1000  -34.8  978.1    6.8  217.0   71.0  444.0
2020 101  4 10 1100  -34.1  978.3    6.3  209.0   71.0  444.0
2020 101  4 10 1200  -33.9  978.7    7.8  190.0   71.0  444.0
2020 101  4 10 1300  -33.6  978.7    6.6  182.0   72.0  444.0
2020 101  4 10 1400  -33.6  979.4    8.8  184.0   71.7  444.0
2020 101  4 10 1500  -33.3  979.5    8.0  212.0   73.0  444.0
2020 101  4 10 1600  -34.3  980.1    9.2  193.0   71.0  444.0
2020 101  4 10 1700  -35.5  981.0    8.8  208.0   69.0  444.0
2020 101  4 10 1800  -35.3  981.9    9.1  215.0   70.0  444.0
2020 101  4 10 1900  -35.6  982.2   10.0  212.0   69.7  444.0
2020 101  4 10 2000  -35.7  982.7    6.5  205.0   70.0  444.0
2020 101  4 10 2100  -36.4  983.1    6.8  199.0   68.0  444.0
2020 101  4 10 2200  -36.5  983.3    6.4  186.0   69.0  444.0
2020 101  4 10 2300  -37.5  983.8    6.3  190.0   67.6  444.0
2020 102  4 11 0000  -38.5  984.1    4.7  201.0   66.3  444.0
2020 102  4 11 0100  -37.6  984.5    6.2  209.0   68.0  444.0
2020 102  4 11 0200  -37.4  984.8    6.0  202.0   67.0  444.0
2020 102  4 11 0300  -37.9  985.2    6.7  208.0   67.0  444.0
2020 102  4 11 0400  -39.1  985.6    7.0  211.0   66.0  444.0
2020 102  4 11 0500  -39.5  986.0    6.7  215.0   65.0  444.0
2020 102  4 11 0600  -38.9  986.1    7.0  209.0   66.0  444.0
2020 102  4 11 0700  -39.2  986.3    7.4  202.0   65.0  444.0
2020 102  4 11 0800  -39.8  986.2    6.9  199.0   65.0  444.0
2020 102  4 11 0900  -39.7  986.3    5.6  205.0   65.0  444.0
2020 102  4 11 1000  -40.1  986.0    4.8  225.0   64.0  444.0
2020 102  4 11 1100  -38.6  985.5    6.2  199.0   66.0  444.0
2020 102  4 11 1200  -36.1  984.7    6.6  191.0   70.0  444.0
2020 102  4 11 1300  -36.6  984.0    3.7  200.0   68.0  444.0
2020 102  4 11 1400  -34.1  983.3    5.3  227.0   71.0  444.0
2020 102  4 11 1500  -30.3  982.8    6.5  238.0   74.0  444.0
2020 102  4 11 1600  -28.6  982.2    6.3  224.0   76.0  444.0
2020 102  4 11 1700  -27.4  982.2    8.3  215.0   79.0  444.0
2020 102  4 11 1800  -27.7  981.8    8.2  227.0   77.0  444.0
2020 102  4 11 1900  -26.2  981.2    9.4  229.0   79.0  444.0
2020 102  4 11 2000  -25.6  981.0    9.9  219.0   80.0  444.0
2020 102  4 11 2100  -25.6  980.2   11.0  218.0   79.0  444.0
2020 102  4 11 2200  -27.1  980.4    8.2  216.0   77.0  444.0
2020 102  4 11 2300  -29.0  980.0    8.0  233.0   76.0  444.0
2020 103  4 12 0000  -29.1  979.6    7.9  225.0   76.0  444.0
2020 103  4 12 0100  -30.7  979.2    5.8  230.0   74.0  444.0
2020 103  4 12 0200  -31.6  978.4    4.2  197.0   73.4  444.0
2020 103  4 12 0300  -32.5  977.7    4.9  186.0   72.0  444.0
2020 103  4 12 0400  -32.9  977.5    2.7  195.0   74.0  444.0
2020 103  4 12 0500  -31.6  977.1    3.0  169.0   73.8  444.0
2020 103  4 12 0600  -35.3  976.8    2.0  151.0   71.0  444.0
2020 103  4 12 0700  -34.8  976.3    3.0  146.0   69.0  444.0
2020 103  4 12 0800  -35.7  975.7    1.1  145.0   71.0  444.0
2020 103  4 12 0900  -36.8  975.4    0.4  144.0   69.0  444.0
2020 103  4 12 1000  -37.3  975.1    1.3  144.0   67.7  444.0
2020 103  4 12 1100  -37.7  974.5    3.9   60.0   67.5  444.0
2020 103  4 12 1200  -35.5  973.8    3.0   51.0   71.0  444.0
2020 103  4 12 1300  -34.6  973.4    5.2   18.0   71.0  444.0
2020 103  4 12 1400  -35.2  972.9    4.9   29.0   70.0  444.0
2020 103  4 12 1500  -34.7  972.5    4.1   27.0   72.0  444.0
2020 103  4 12 1600  -34.3  972.6    3.2   25.0   71.0  444.0
2020 103  4 12 1700  -34.9  972.5    3.2   25.0   70.0  444.0
2020 103  4 12 1800  -32.0  972.8    5.6  334.0   75.0  444.0
2020 103  4 12 1900  -30.4  973.3    6.1  353.0   73.0  444.0
2020 103  4 12 2000  -30.8  973.8    6.2  355.0   75.0  444.0
2020 103  4 12 2100  -30.0  974.7    6.5  353.0   74.0  444.0
2020 103  4 12 2200  -31.8  975.4    2.6  310.0   74.0  444.0
2020 103  4 12 2300  -30.4  975.8    5.3    1.0   75.0  444.0
2020 104  4 13 0000  -32.0  976.1    4.3   27.0   72.3  444.0
2020 104  4 13 0100  -30.9  976.3    4.0    6.0   74.0  444.0
2020 104  4 13 0200  -28.7  976.3    4.2  317.0   78.0  444.0
2020 104  4 13 0300  -29.8  976.1    3.2  287.0   75.7  444.0
2020 104  4 13 0400  -30.6  976.1    1.2  276.0   75.0  444.0
2020 104  4 13 0500  -29.2  976.3    4.4  201.0   77.0  444.0
2020 104  4 13 0600  -27.6  976.2    4.9  203.0   78.0  444.0
2020 104  4 13 0700  -27.6  976.2    5.9  201.0   77.0  444.0
2020 104  4 13 0800  -29.1  976.5    5.6  215.0   76.0  444.0
2020 104  4 13 0900  -27.9  976.7    5.6  222.0   77.0  444.0
2020 104  4 13 1000  -27.6  977.2    6.4  224.0   78.0  444.0
2020 104  4 13 1100  -26.7  977.5    6.6  221.0   79.0  444.0
2020 104  4 13 1200  -28.2  978.4    7.2  231.0   77.0  444.0
2020 104  4 13 1300  -28.2  979.1    7.8  231.0   77.0  444.0
2020 104  4 13 1400  -27.7  980.0    7.1  220.0   78.0  444.0
2020 104  4 13 1500  -25.7  980.9    8.0  203.0   80.0  444.0
2020 104  4 13 1600  -25.3  982.0    7.5  214.0   79.0  444.0
2020 104  4 13 1700  -25.4  982.8   10.3  205.0   80.0  444.0
2020 104  4 13 1800  -26.8  983.8   11.6  216.0   79.0  444.0
2020 104  4 13 1900  -26.9  984.4   12.7  218.0   78.7  444.0
2020 104  4 13 2000  -26.4  985.3   10.2  222.0   79.0  444.0
2020 104  4 13 2100  -26.0  984.5   13.7  198.0   80.0  444.0
2020 104  4 13 2200  -26.0  984.2   16.1  199.0   80.0  444.0
2020 104  4 13 2300  -25.4  984.1   17.4  200.0   80.0  444.0
2020 105  4 14 0000  -24.6  984.4   18.0  204.0   81.0  444.0
2020 105  4 14 0100  -23.2  984.6   17.6  204.0   82.4  444.0
2020 105  4 14 0200  -22.7  984.3   18.7  205.0   83.0  444.0
2020 105  4 14 0300  -23.4  984.1   18.3  205.0   82.0  444.0
2020 105  4 14 0400  -23.3  984.0   17.3  204.0   82.4  444.0
2020 105  4 14 0500  -22.5  984.5   15.2  210.0   83.0  444.0
2020 105  4 14 0600  -22.3  983.8   15.1  203.0   83.0  444.0
2020 105  4 14 0700  -23.1  983.8    9.1  223.0   83.0  444.0
2020 105  4 14 0800  -23.5  983.1    6.3  204.0   82.0  444.0
2020 105  4 14 0900  -26.6  982.5    3.2  277.0   79.0  444.0
2020 105  4 14 1000  -28.0  981.2    3.1  312.0   77.0  444.0
2020 105  4 14 1100  -27.6  979.1    2.2  357.0   79.0  444.0
2020 105  4 14 1200  -28.5  977.0    2.9    6.0   78.0  444.0
2020 105  4 14 1300  -24.2  975.0    4.7  354.0   81.0  444.0
2020 105  4 14 1400  -23.4  972.9    5.4   23.0   81.0  444.0
2020 105  4 14 1500  -23.2  970.6    9.7  351.0   82.0  444.0
2020 105  4 14 1600  -24.9  969.2    9.8  345.0   81.0  444.0
2020 105  4 14 1700  -27.0  966.8    7.2   13.0   79.0  444.0
2020 105  4 14 1800  -28.4  964.7    6.0    8.0   77.0  444.0
2020 105  4 14 1900  -28.1  962.8    6.0  354.0   78.0  444.0
2020 105  4 14 2000  -27.9  960.2    7.6  358.0   78.0  444.0
2020 105  4 14 2100  -27.0  958.9    6.9  357.0   78.0  444.0
2020 105  4 14 2200  -26.3  957.6    7.2    6.0   79.0  444.0
2020 105  4 14 2300  -25.8  957.2    6.7   20.0   80.0  444.0
2020 106  4 15 0000  -28.9  956.6    3.8   39.0   76.0  444.0
2020 106  4 15 0100  -29.7  956.0    4.0   38.0   73.9  444.0
2020 106  4 15 0200  -30.7  955.8    3.1   62.0   75.3  444.0
2020 106  4 15 0300  -31.4  955.7    2.5   85.0   75.0  444.0
2020 106  4 15 0400  -32.1  956.0    2.7   99.0   74.0  444.0
2020 106  4 15 0500  -26.7  956.9    1.3  102.0   79.0  444.0
2020 106  4 15 0600  -27.3  957.8    3.5  166.0   78.0  444.0
2020 106  4 15 0700  -28.7  959.6    9.0  178.0   76.0  444.0
2020 106  4 15 0800  -30.0  960.2    6.4  174.0   75.0  444.0
2020 106  4 15 0900  -30.2  961.3    4.8  140.0   75.0  444.0
2020 106  4 15 1000  -32.4  961.9    4.8  154.0   73.0  444.0
2020 106  4 15 1100  -33.6  962.8    3.3  133.0   71.0  444.0
2020 106  4 15 1200  -32.8  963.9    2.9  224.0   75.0  444.0
2020 106  4 15 1300  -32.2  965.1    2.3  322.0   76.0  444.0
2020 106  4 15 1400  -32.4  965.6    0.3    4.0   71.0  444.0
2020 106  4 15 1500  -36.0  966.6    2.8  334.0   68.0  444.0
2020 106  4 15 1600  -32.3  967.4    4.8  238.0   73.0  444.0
2020 106  4 15 1700  -28.8  968.7    9.7  220.0   77.0  444.0
2020 106  4 15 1800  -31.0  970.0   14.1  213.0   74.0  444.0
2020 106  4 15 1900  -28.2  970.7   14.5  211.0   77.2  444.0
2020 106  4 15 2000  -27.8  972.9    9.4  221.0   78.0  444.0
2020 106  4 15 2100  -28.7  975.1    7.7  221.0   77.0  444.0
2020 106  4 15 2200  -27.7  975.3    7.9  221.0   78.0  444.0
2020 106  4 15 2300  -29.1  975.1   10.3  205.0   76.0  444.0
2020 107  4 16 0000  -28.7  975.8   11.1  217.0   77.7  444.0
2020 107  4 16 0100  -29.1  976.8   10.2  217.0   77.0  444.0
2020 107  4 16 0200  -29.6  976.8   10.2  211.0   76.0  444.0
2020 107  4 16 0300  -30.6  977.5    6.0  212.0   75.0  444.0
2020 107  4 16 0400  -31.7  977.6    6.6  193.0   74.0  444.0
2020 107  4 16 0500  -33.2  977.8    5.0  189.0   72.3  444.0
2020 107  4 16 0600  -33.6  977.7    6.1  196.0   72.0  444.0
2020 107  4 16 0700  -34.6  977.8    4.5  199.0   70.7  444.0
2020 107  4 16 0800  -34.0  978.5    1.5  180.0   72.0  444.0
2020 107  4 16 0900  -32.9  978.8    5.2  230.0   72.0  444.0
2020 107  4 16 1000  -32.1  979.0    3.7  217.0   73.0  444.0
2020 107  4 16 1100  -32.4  979.1    4.8  196.0   73.0  444.0
2020 107  4 16 1200  -32.9  979.4    5.2  233.0   72.1  444.0
2020 107  4 16 1300  -35.8  979.8    3.5  233.0   69.0  444.0
2020 107  4 16 1400  -37.0  979.9    3.9  209.0   68.0  444.0
2020 107  4 16 1500  -37.2  980.4    4.0  233.0   68.0  444.0
2020 107  4 16 1600  -35.9  981.1    5.4  213.0   69.0  444.0
2020 107  4 16 1700  -35.0  981.5    5.3  206.0   70.2  444.0
2020 107  4 16 1800  -34.6  982.1    5.2  228.0   70.7  444.0
2020 107  4 16 1900  -33.4  983.1    7.0  227.0   72.0  444.0
2020 107  4 16 2000  -33.0  984.0    6.3  220.0   72.0  444.0
2020 107  4 16 2100  -32.1  984.5    5.6  207.0   74.0  444.0
2020 107  4 16 2200  -32.6  985.2    5.9  208.0   72.4  444.0
2020 107  4 16 2300  -34.2  985.7    5.8  215.0   70.9  444.0
2020 108  4 17 0000  -35.9  986.2    5.7  220.0   69.0  444.0
2020 108  4 17 0100  -37.1  986.3    5.6  218.0   68.0  444.0
2020 108  4 17 0200  -38.2  986.7    4.7  205.0   67.0  444.0
2020 108  4 17 0300  -39.2  986.7    4.0  186.0   65.4  444.0
2020 108  4 17 0400  -40.0  986.8    4.0  181.0   65.0  444.0
2020 108  4 17 0500  -40.5  986.7    4.1  181.0   64.5  444.0
2020 108  4 17 0600  -41.1  986.6    4.1  181.0   64.0  444.0
2020 108  4 17 0700  -39.5  986.3    4.9  205.0   66.0  444.0
2020 108  4 17 0800  -34.6  985.5    7.6  205.0   71.4  444.0
2020 108  4 17 0900  -34.4  985.1    6.4  201.0   71.0  444.0
2020 108  4 17 1000  -36.8  984.6    4.3  187.0   67.7  444.0
2020 108  4 17 1100  -37.3  984.0    4.2  190.0   67.1  444.0
2020 108  4 17 1200  -34.2  982.9    7.5  210.0   70.0  444.0
2020 108  4 17 1300  -33.8  982.0   10.1  204.0   72.0  444.0
2020 108  4 17 1400  -32.4  981.0   14.5  217.0   73.0  444.0
2020 108  4 17 1500  -31.6  980.4   10.7  229.0   73.4  444.0
2020 108  4 17 1600  -32.4  979.1   12.3  217.0   72.0  444.0
2020 108  4 17 1700  -33.2  978.5   11.7  220.0   72.0  444.0
2020 108  4 17 1800  -33.6  977.8   11.8  212.0   72.0  444.0
2020 108  4 17 1900  -34.2  977.1    9.6  212.0   71.0  444.0
2020 108  4 17 2000  -33.3  976.2    9.5  219.0   73.8  444.0
2020 108  4 17 2100  -31.3  974.6    9.8  219.0   74.2  444.0
2020 108  4 17 2200  -32.1  974.4    8.4  234.0   74.0  444.0
2020 108  4 17 2300  -32.0  972.8    9.1  208.0   74.0  444.0
2020 109  4 18 0000  -34.6  971.6    4.5  221.0   70.0  444.0
2020 109  4 18 0100  -35.3  969.7    4.4  204.0   69.7  444.0
2020 109  4 18 0200  -37.3  968.3    3.8  202.0   68.0  444.0
2020 109  4 18 0300  -38.1  966.9  444.0  444.0   67.0  444.0
2020 109  4 18 0400  -34.1  965.2  444.0  444.0   70.0  444.0
2020 109  4 18 0500  -33.7  963.6  444.0  444.0   72.0  444.0
2020 109  4 18 0600  -35.5  962.5  444.0  444.0   68.9  444.0
2020 109  4 18 0700  -35.4  961.5  444.0  444.0   70.0  444.0
2020 109  4 18 0800  -35.2  960.1  444.0  444.0   69.4  444.0
2020 109  4 18 0900  -37.7  958.8  444.0  444.0   67.0  444.0
2020 109  4 18 1000  -36.8  957.6  444.0  444.0   68.0  444.0
2020 109  4 18 1100  -32.0  956.4  444.0  444.0   72.0  444.0
2020 109  4 18 1200  -32.9  955.3  444.0  444.0   72.0  444.0
2020 109  4 18 1300  -32.9  954.7  444.0  444.0   72.1  444.0
2020 109  4 18 1400  -33.5  953.6  444.0  444.0   71.0  444.0
2020 109  4 18 1500  -32.0  952.9  444.0  444.0   73.0  444.0
2020 109  4 18 1600  -33.3  952.3  444.0  444.0   72.0  444.0
2020 109  4 18 1700  -31.5  951.8  444.0  444.0   73.0  444.0
2020 109  4 18 1800  -30.6  951.3  444.0  444.0   74.9  444.0
2020 109  4 18 1900  -28.3  951.0  444.0  444.0   77.0  444.0
2020 109  4 18 2000  -29.0  950.8  444.0  444.0   76.0  444.0
2020 109  4 18 2100  -29.8  951.2  444.0  444.0   76.0  444.0
2020 109  4 18 2200  -28.4  951.4  444.0  444.0   77.0  444.0
2020 109  4 18 2300  -27.9  951.7  444.0  444.0   77.3  444.0
2020 110  4 19 0000  -25.9  951.6  444.0  444.0   80.8  444.0
2020 110  4 19 0100  -23.6  952.2  444.0  444.0   82.0  444.0
2020 110  4 19 0200  -23.1  951.8    5.7  299.0   82.0  444.0
2020 110  4 19 0300  -22.9  953.2    4.0  299.0   82.0  444.0
2020 110  4 19 0400  -20.9  953.7    5.7  281.0   84.0  444.0
2020 110  4 19 0500  -17.1  954.3   11.5  234.0   88.0  444.0
2020 110  4 19 0600  -16.3  955.7   12.8  199.0   88.0  444.0
2020 110  4 19 0700  -19.2  958.3   13.4  196.0   86.0  444.0
2020 110  4 19 0800  -20.1  960.7   13.3  202.0   85.0  444.0
2020 110  4 19 0900  -20.5  961.7   13.2  201.0   85.0  444.0
2020 110  4 19 1000  -20.3  963.3   13.8  208.0   85.0  444.0
2020 110  4 19 1100  -19.1  963.4   17.3  198.0   86.0  444.0
2020 110  4 19 1200  -18.8  965.3   15.0  214.0   86.0  444.0
2020 110  4 19 1300  -18.0  966.0   16.5  214.0   87.0  444.0
2020 110  4 19 1400  -17.5  966.3   17.3  214.0   87.0  444.0
2020 110  4 19 1500  -17.5  965.9   20.2  198.0   88.0  444.0
2020 110  4 19 1600  -18.0  967.2   19.6  198.0   86.9  444.0
2020 110  4 19 1700  -18.9  967.7   20.9  197.0   86.0  444.0
2020 110  4 19 1800  -19.7  967.6   21.9  197.0   85.0  444.0
2020 110  4 19 1900  -20.0  968.4   23.5  196.0   85.0  444.0
2020 110  4 19 2000  -20.8  970.8   20.5  203.0   84.0  444.0
2020 110  4 19 2100  -22.1  972.6   18.5  202.0   83.2  444.0
2020 110  4 19 2200  -22.7  974.4   19.1  202.0   83.0  444.0
2020 110  4 19 2300  -23.7  976.7   17.6  206.0   82.0  444.0
2020 111  4 20 0000  -24.3  977.6   16.6  208.0   81.0  444.0
2020 111  4 20 0100  -25.2  979.2   14.2  214.0   80.0  444.0
2020 111  4 20 0200  -26.1  980.9   11.6  224.0   80.0  444.0
2020 111  4 20 0300  -26.4  981.1   11.6  214.0   79.0  444.0
2020 111  4 20 0400  -28.0  982.2    8.5  221.0   77.3  444.0
2020 111  4 20 0500  -29.5  982.6    7.5  220.0   76.0  444.0
2020 111  4 20 0600  -30.4  982.5    8.2  216.0   75.0  444.0
2020 111  4 20 0700  -31.1  981.8    8.9  197.0   75.0  444.0
2020 111  4 20 0800  -32.2  982.2    6.2  214.0   72.0  444.0
2020 111  4 20 0900  -32.2  982.4    4.7  244.0   73.0  444.0
2020 111  4 20 1000  -33.2  981.9    3.4  244.0   72.0  444.0
2020 111  4 20 1100  -33.0  981.7    2.1  244.0   73.0  444.0
2020 111  4 20 1200  -33.3  981.1    3.1  244.0   73.0  444.0
2020 111  4 20 1300  -33.3  980.8    2.1  244.0   72.0  444.0
2020 111  4 20 1400  -33.5  980.5    2.8  244.0   73.0  444.0
2020 111  4 20 1500  -35.1  980.3    2.7  244.0   70.0  444.0
2020 111  4 20 1600  -35.1  980.4    3.0  217.0   70.0  444.0
2020 111  4 20 1700  -32.3  980.2    4.3  174.0   72.0  444.0
2020 111  4 20 1800  -36.8  980.3    1.2  175.0   68.0  444.0
2020 111  4 20 1900  -33.1  980.3    1.8  175.0   72.0  444.0
2020 111  4 20 2000  -32.7  979.5  444.0  444.0   74.0  444.0
2020 111  4 20 2100  -32.2  979.4  444.0  444.0   74.0  444.0
2020 111  4 20 2200  -31.7  979.0  444.0  444.0   74.0  444.0
2020 111  4 20 2300  -29.8  978.3  444.0  444.0   76.0  444.0
2020 112  4 21 0000  -32.2  978.2  444.0  444.0   73.0  444.0
2020 112  4 21 0100  -30.2  977.6  444.0  444.0   76.0  444.0
2020 112  4 21 0200  -30.2  976.9  444.0  444.0   75.0  444.0
2020 112  4 21 0300  -31.2  976.4  444.0  444.0   75.0  444.0
2020 112  4 21 0400  -30.6  975.8  444.0  444.0   76.5  444.0
2020 112  4 21 0500  -27.5  975.3  444.0  444.0   80.0  444.0
2020 112  4 21 0600  -20.9  974.6  444.0  444.0   84.0  444.0
2020 112  4 21 0700  -24.2  973.6  444.0  444.0   79.6  444.0
2020 112  4 21 0800  -29.2  973.1  444.0  444.0   77.0  444.0
2020 112  4 21 0900  -32.6  972.6  444.0  444.0   73.5  444.0
2020 112  4 21 1000  -32.6  971.5  444.0  444.0   73.0  444.0
2020 112  4 21 1100  -30.3  971.4  444.0  444.0   76.0  444.0
2020 112  4 21 1200  -33.8  971.2  444.0  444.0   71.0  444.0
2020 112  4 21 1300  -35.2  971.4  444.0  444.0   70.0  444.0
2020 112  4 21 1400  -32.8  971.3  444.0  444.0   75.0  444.0
2020 112  4 21 1500  -27.8  971.6  444.0  444.0   82.0  444.0
2020 112  4 21 1600  444.0  972.4  444.0  444.0   81.0  444.0
2020 112  4 21 1700  -31.9  973.1    3.7  205.0   76.0  444.0
2020 112  4 21 1800  -28.4  973.4    7.1  222.0   77.0  444.0
2020 112  4 21 1900  -28.7  974.6    5.6  218.0   77.0  444.0
2020 112  4 21 2000  -28.8  975.4    7.3  231.0   76.0  444.0
2020 112  4 21 2100  -28.9  977.0    4.4  204.0   76.0  444.0
2020 112  4 21 2200  -28.9  977.7    7.2  212.0   77.0  444.0
2020 112  4 21 2300  -29.2  978.6    4.5  210.0   76.0  444.0
2020 113  4 22 0000  -29.3  979.1    3.9  197.0   76.0  444.0
2020 113  4 22 0100  -30.9  979.1    5.0  209.0   74.0  444.0
2020 113  4 22 0200  -31.8  979.9    4.4  248.0   73.9  444.0
2020 113  4 22 0300  -28.3  979.7    3.6  234.0   77.7  444.0
2020 113  4 22 0400  -30.3  980.8    3.0  211.0   74.0  444.0
2020 113  4 22 0500  -30.4  980.7    4.5  231.0   75.0  444.0
2020 113  4 22 0600  -30.3  980.7    3.6  203.0   74.0  444.0
2020 113  4 22 0700  -31.8  980.6    3.5  205.0   74.0  444.0
2020 113  4 22 0800  -32.5  980.7    4.3  183.0   71.5  444.0
2020 113  4 22 0900  -32.8  981.2    4.2  186.0   73.0  444.0
2020 113  4 22 1000  -33.8  981.4    3.4  203.0   71.0  444.0
2020 113  4 22 1100  -33.6  981.1    1.1  223.0   74.0  444.0
2020 113  4 22 1200  -34.1  981.2    2.7  227.0   71.0  444.0
2020 113  4 22 1300  -31.8  981.7    3.0  189.0   74.0  444.0
2020 113  4 22 1400  -33.8  981.7    3.8  204.0   73.0  444.0
2020 113  4 22 1500  -34.9  981.8    3.4  228.0   71.0  444.0
2020 113  4 22 1600  -33.3  981.2    2.8  196.0   72.0  444.0
2020 113  4 22 1700  -34.9  981.0    2.1  222.0   70.0  444.0
2020 113  4 22 1800  -33.3  981.2  444.0  444.0   73.0  444.0
2020 113  4 22 1900  -35.5  981.7  444.0  444.0   70.0  444.0
2020 113  4 22 2000  -35.1  981.6  444.0  444.0   70.0  444.0
2020 113  4 22 2100  -32.8  981.7  444.0  444.0   74.0  444.0
2020 113  4 22 2200  -34.3  981.8  444.0  444.0   70.0  444.0
2020 113  4 22 2300  -35.0  982.2  444.0  444.0   70.0  444.0
2020 114  4 23 0000  -35.5  982.2  444.0  444.0   69.0  444.0
2020 114  4 23 0100  -36.0  982.3  444.0  444.0   69.2  444.0
2020 114  4 23 0200  -34.0  982.0  444.0  444.0   71.0  444.0
2020 114  4 23 0300  -33.4  981.9  444.0  444.0   72.0  444.0
2020 114  4 23 0400  -34.2  981.7    3.1  207.0   71.0  444.0
2020 114  4 23 0500  -35.1  981.6  444.0  444.0   71.1  444.0
2020 114  4 23 0600  -36.5  981.5  444.0  444.0   69.0  444.0
2020 114  4 23 0700  -29.7  981.2  444.0  444.0   75.0  444.0
2020 114  4 23 0800  -30.4  980.8  444.0  444.0   76.0  444.0
2020 114  4 23 0900  -35.8  980.3  444.0  444.0   69.0  444.0
2020 114  4 23 1000  -30.9  980.1  444.0  444.0   74.0  444.0
2020 114  4 23 1100  -28.9  980.2  444.0  444.0   78.0  444.0
2020 114  4 23 1200  -33.5  980.1  444.0  444.0   72.0  444.0
2020 114  4 23 1300  -29.8  980.3  444.0  444.0   77.0  444.0
2020 114  4 23 1400  -29.4  980.0  444.0  444.0   76.0  444.0
2020 114  4 23 1500  -32.7  980.0  444.0  444.0   73.0  444.0
2020 114  4 23 1600  -30.2  980.4  444.0  444.0   76.0  444.0
2020 114  4 23 1700  -36.3  981.2  444.0  444.0   68.0  444.0
2020 114  4 23 1800  -36.9  981.9  444.0  444.0   69.0  444.0
2020 114  4 23 1900  -36.7  982.9  444.0  444.0   68.0  444.0
2020 114  4 23 2000  -36.3  983.7  444.0  444.0   69.0  444.0
2020 114  4 23 2100  -32.1  983.8  444.0  444.0   74.0  444.0
2020 114  4 23 2200  -34.5  983.9  444.0  444.0   70.0  444.0
2020 114  4 23 2300  -36.6  983.9  444.0  444.0   69.0  444.0
2020 115  4 24 0000  -30.6  984.4    9.1  224.0   75.0  444.0
2020 115  4 24 0100  -29.3  985.2    8.6  225.0   76.0  444.0
2020 115  4 24 0200  -27.9  985.1    9.2  196.0   78.0  444.0
2020 115  4 24 0300  -28.1  985.7    6.4  232.0   77.2  444.0
2020 115  4 24 0400  -28.7  985.8    9.9  210.0   76.0  444.0
2020 115  4 24 0500  -32.9  986.1    8.0  182.0   72.0  444.0
2020 115  4 24 0600  -35.1  986.2    6.4  183.0   70.0  444.0
2020 115  4 24 0700  -37.0  985.2    3.9  180.0   68.0  444.0
2020 115  4 24 0800  -37.7  985.0  444.0  444.0   67.0  444.0
2020 115  4 24 0900  -37.9  984.2  444.0  444.0   67.0  444.0
2020 115  4 24 1000  -37.0  983.1  444.0  444.0   68.0  444.0
2020 115  4 24 1100  -38.7  982.4  444.0  444.0   66.0  444.0
2020 115  4 24 1200  -39.2  981.5  444.0  444.0   66.0  444.0
2020 115  4 24 1300  -37.2  980.4  444.0  444.0   68.0  444.0
2020 115  4 24 1400  -32.2  979.6  444.0  444.0   74.0  444.0
2020 115  4 24 1500  -30.7  978.7  444.0  444.0   74.0  444.0
2020 115  4 24 1600  -37.4  977.7  444.0  444.0   67.0  444.0
2020 115  4 24 1700  -38.4  977.4  444.0  444.0   67.0  444.0
2020 115  4 24 1800  -36.3  976.8  444.0  444.0   69.0  444.0
2020 115  4 24 1900  -34.6  976.5  444.0  444.0   71.0  444.0
2020 115  4 24 2000  -35.3  976.5  444.0  444.0   69.0  444.0
2020 115  4 24 2100  -36.9  976.6  444.0  444.0   68.0  444.0
2020 115  4 24 2200  -36.7  977.1  444.0  444.0   68.0  444.0
2020 115  4 24 2300  -36.5  977.2  444.0  444.0   68.0  444.0
2020 116  4 25 0000  -33.0  977.3  444.0  444.0   72.2  444.0
2020 116  4 25 0100  -30.3  977.4  444.0  444.0   74.0  444.0
2020 116  4 25 0200  -30.2  977.7  444.0  444.0   75.0  444.0
2020 116  4 25 0300  -31.4  977.5  444.0  444.0   75.0  444.0
2020 116  4 25 0400  -30.2  977.5  444.0  444.0   76.0  444.0
2020 116  4 25 0500  -33.4  977.6  444.0  444.0   70.0  444.0
2020 116  4 25 0600  -38.1  977.4  444.0  444.0   66.6  444.0
2020 116  4 25 0700  -35.5  977.1  444.0  444.0   71.0  444.0
2020 116  4 25 0800  -35.2  977.4  444.0  444.0   70.0  444.0
2020 116  4 25 0900  -30.4  976.6  444.0  444.0   75.0  444.0
2020 116  4 25 1000  -30.4  976.7  444.0  444.0   75.0  444.0
2020 116  4 25 1100  -26.1  976.4  444.0  444.0   79.0  444.0
2020 116  4 25 1200  -21.7  976.7    8.7  239.0   86.0  444.0
2020 116  4 25 1300  -23.7  978.3    7.9  210.0   82.0  444.0
2020 116  4 25 1400  -25.0  979.3    8.6  211.0   80.0  444.0
2020 116  4 25 1500  -24.9  980.2    9.3  210.0   81.0  444.0
2020 116  4 25 1600  -27.6  982.1    9.7  212.0   78.0  444.0
2020 116  4 25 1700  -28.8  983.9   11.6  212.0   77.0  444.0
2020 116  4 25 1800  -28.6  985.4   10.6  221.0   77.0  444.0
2020 116  4 25 1900  -26.3  986.4   10.6  218.0   79.0  444.0
2020 116  4 25 2000  -24.4  985.7    9.0  216.0   81.0  444.0
2020 116  4 25 2100  -22.9  986.5   12.5  204.0   82.0  444.0
2020 116  4 25 2200  -22.1  987.1   12.3  215.0   83.1  444.0
2020 116  4 25 2300  -22.0  986.9   13.3  204.0   83.0  444.0
2020 117  4 26 0000  -22.5  986.3   11.8  197.0   83.0  444.0
2020 117  4 26 0100  -21.2  986.6   10.0  225.0   83.9  444.0
2020 117  4 26 0200  -20.7  987.0   12.8  213.0   84.0  444.0
2020 117  4 26 0300  -22.3  988.4   12.5  198.0   83.0  444.0
2020 117  4 26 0400  -25.2  989.8    6.7  237.0   81.0  444.0
2020 117  4 26 0500  -25.9  989.6   10.4  214.0   80.0  444.0
2020 117  4 26 0600  -25.4  991.1   10.9  215.0   80.0  444.0
2020 117  4 26 0700  -25.9  993.4    9.9  213.0   80.0  444.0
2020 117  4 26 0800  -26.5  993.6    9.6  208.0   79.0  444.0
2020 117  4 26 0900  -27.1  993.4    9.9  207.0   79.0  444.0
2020 117  4 26 1000  -28.3  994.5    6.8  214.0   77.0  444.0
2020 117  4 26 1100  -28.6  995.1    4.8  210.0   77.0  444.0
2020 117  4 26 1200  -29.0  995.0    3.0  197.0   76.0  444.0
2020 117  4 26 1300  -29.5  995.0    1.8  253.0   76.0  444.0
2020 117  4 26 1400  -29.7  995.3    0.5  253.0   76.0  444.0
2020 117  4 26 1500  -28.9  995.5    1.3  253.0   75.0  444.0
2020 117  4 26 1600  -30.0  995.2    2.6  253.0   76.0  444.0
2020 117  4 26 1700  -31.6  995.4    3.0  253.0   74.0  444.0
2020 117  4 26 1800  -30.8  995.2  444.0  444.0   75.0  444.0
2020 117  4 26 1900  -30.8  995.0  444.0  444.0   75.0  444.0
2020 117  4 26 2000  -30.6  994.9  444.0  444.0   75.0  444.0
2020 117  4 26 2100  -31.9  995.4  444.0  444.0   73.0  444.0
2020 117  4 26 2200  -30.0  995.5  444.0  444.0   75.0  444.0
2020 117  4 26 2300  -28.5  995.5  444.0  444.0   77.0  444.0
2020 118  4 27 0000  -29.0  995.4  444.0  444.0   77.0  444.0
2020 118  4 27 0100  -28.1  995.3  444.0  444.0   77.5  444.0
2020 118  4 27 0200  -30.7  995.0  444.0  444.0   75.0  444.0
2020 118  4 27 0300  -28.2  994.9  444.0  444.0   78.0  444.0
2020 118  4 27 0400  -29.7  994.7  444.0  444.0   75.5  444.0
2020 118  4 27 0500  -30.8  994.4  444.0  444.0   75.0  444.0
2020 118  4 27 0600  -30.2  994.3  444.0  444.0   76.0  444.0
2020 118  4 27 0700  -30.1  994.4  444.0  444.0   75.0  444.0
2020 118  4 27 0800  -30.4  994.4  444.0  444.0   75.0  444.0
2020 118  4 27 0900  -32.0  994.4  444.0  444.0   73.0  444.0
2020 118  4 27 1000  -28.4  994.6  444.0  444.0   79.0  444.0
2020 118  4 27 1100  -26.8  994.6  444.0  444.0   78.0  444.0
2020 118  4 27 1200  -29.7  994.3  444.0  444.0   75.0  444.0
2020 118  4 27 1300  -30.2  994.1  444.0  444.0   75.0  444.0
2020 118  4 27 1400  -30.4  994.2  444.0  444.0   75.0  444.0
2020 118  4 27 1500  -31.7  994.3  444.0  444.0   74.2  444.0
2020 118  4 27 1600  -29.1  994.3  444.0  444.0   77.0  444.0
2020 118  4 27 1700  -29.2  994.1  444.0  444.0   78.0  444.0
2020 118  4 27 1800  -29.0  994.1  444.0  444.0   78.0  444.0
2020 118  4 27 1900  -29.9  994.2  444.0  444.0   75.0  444.0
2020 118  4 27 2000  -29.3  994.4  444.0  444.0   76.1  444.0
2020 118  4 27 2100  -29.4  994.7  444.0  444.0   76.0  444.0
2020 118  4 27 2200  -30.1  994.6  444.0  444.0   77.0  444.0
2020 118  4 27 2300  -28.8  995.1  444.0  444.0   81.0  444.0
2020 119  4 28 0000  -26.4  995.2  444.0  444.0   78.0  444.0
2020 119  4 28 0100  -30.5  995.6  444.0  444.0   75.2  444.0
2020 119  4 28 0200  -30.3  996.2  444.0  444.0   75.2  444.0
2020 119  4 28 0300  -31.8  996.7  444.0  444.0   74.0  444.0
2020 119  4 28 0400  -28.5  997.2  444.0  444.0   76.3  444.0
2020 119  4 28 0500  -29.7  997.7  444.0  444.0   75.0  444.0
2020 119  4 28 0600  -30.6  998.6  444.0  444.0   75.0  444.0
2020 119  4 28 0700  -38.0  999.6  444.0  444.0   70.0  444.0
2020 119  4 28 0800  -39.6 1000.2  444.0  444.0   67.0  444.0
2020 119  4 28 0900  -39.3 1001.1  444.0  444.0   66.0  444.0
2020 119  4 28 1000  -39.6 1001.8  444.0  444.0   65.0  444.0
2020 119  4 28 1100  -41.2 1002.3  444.0  444.0   64.0  444.0
2020 119  4 28 1200  -41.6 1002.3  444.0  444.0   63.0  444.0
2020 119  4 28 1300  -39.2 1002.4  444.0  444.0   65.0  444.0
2020 119  4 28 1400  -38.1 1002.6  444.0  444.0   67.0  444.0
2020 119  4 28 1500  -40.0 1002.8  444.0  444.0   65.0  444.0
2020 119  4 28 1600  -37.7 1003.0  444.0  444.0   67.3  444.0
2020 119  4 28 1700  -35.4 1003.1  444.0  444.0   69.0  444.0
2020 119  4 28 1800  -37.5 1003.1  444.0  444.0   67.5  444.0
2020 119  4 28 1900  -38.8 1002.7  444.0  444.0   66.0  444.0
2020 119  4 28 2000  -38.4 1002.6  444.0  444.0   66.0  444.0
2020 119  4 28 2100  -40.4 1002.5  444.0  444.0   64.0  444.0
2020 119  4 28 2200  -40.3 1002.2  444.0  444.0   64.0  444.0
2020 119  4 28 2300  -39.5 1001.9  444.0  444.0   65.0  444.0
2020 120  4 29 0000  -38.9 1001.6  444.0  444.0   66.0  444.0
2020 120  4 29 0100  -40.8 1001.3  444.0  444.0   64.0  444.0
2020 120  4 29 0200  -42.1 1000.8  444.0  444.0   62.0  444.0
2020 120  4 29 0300  -41.5 1000.4  444.0  444.0   63.0  444.0
2020 120  4 29 0400  -38.7  999.8  444.0  444.0   64.0  444.0
2020 120  4 29 0500  -36.8  999.5  444.0  444.0   66.9  444.0
2020 120  4 29 0600  -37.0  998.9  444.0  444.0   68.0  444.0
2020 120  4 29 0700  -33.8  998.7  444.0  444.0   70.0  444.0
2020 120  4 29 0800  -30.9  998.4  444.0  444.0   72.0  444.0
2020 120  4 29 0900  -31.6  998.1  444.0  444.0   72.5  444.0
2020 120  4 29 1000  -32.1  997.7  444.0  444.0   72.0  444.0
2020 120  4 29 1100  -35.6  997.2  444.0  444.0   70.0  444.0
2020 120  4 29 1200  -36.3  997.0  444.0  444.0   68.0  444.0
2020 120  4 29 1300  -37.6  996.7  444.0  444.0   68.0  444.0
2020 120  4 29 1400  -37.7  996.7  444.0  444.0   67.2  444.0
2020 120  4 29 1500  -41.5  996.3  444.0  444.0   64.0  444.0
2020 120  4 29 1600  -42.0  996.4  444.0  444.0   63.0  444.0
2020 120  4 29 1700  -42.0  996.2  444.0  444.0   62.0  444.0
2020 120  4 29 1800  -42.1  996.3  444.0  444.0   63.0  444.0
2020 120  4 29 1900  -39.9  995.9  444.0  444.0   64.3  444.0
2020 120  4 29 2000  -39.2  996.2  444.0  444.0   65.0  444.0
2020 120  4 29 2100  -41.1  996.2  444.0  444.0   64.0  444.0
2020 120  4 29 2200  -43.0  996.8  444.0  444.0   62.0  444.0
2020 120  4 29 2300  -43.6  996.3  444.0  444.0   61.0  444.0
2020 121  4 30 0000  -43.7  996.2  444.0  444.0   60.6  444.0
2020 121  4 30 0100  -43.5  995.9  444.0  444.0   61.0  444.0
2020 121  4 30 0200  -44.1  995.4  444.0  444.0   60.0  444.0
2020 121  4 30 0300  -44.9  995.0  444.0  444.0   59.5  444.0
2020 121  4 30 0400  -45.5  994.3  444.0  444.0   59.0  444.0
2020 121  4 30 0500  -45.5  993.6  444.0  444.0   58.0  444.0
2020 121  4 30 0600  -45.7  993.5  444.0  444.0   58.3  444.0
2020 121  4 30 0700  -45.7  992.8  444.0  444.0   58.0  444.0
2020 121  4 30 0800  -43.4  992.0  444.0  444.0   60.0  444.0
2020 121  4 30 0900  -41.2  991.0  444.0  444.0   64.0  444.0
2020 121  4 30 1000  -39.4  990.3  444.0  444.0   64.0  444.0
2020 121  4 30 1100  -36.2  989.3  444.0  444.0   69.2  444.0
2020 121  4 30 1200  -36.0  988.3  444.0  444.0   68.0  444.0
2020 121  4 30 1300  -36.5  987.4  444.0  444.0   67.0  444.0
2020 121  4 30 1400  -38.3  986.4  444.0  444.0   66.0  444.0
2020 121  4 30 1500  -38.6  985.6  444.0  444.0   66.0  444.0
2020 121  4 30 1600  -36.4  985.0  444.0  444.0   67.0  444.0
2020 121  4 30 1700  -36.5  984.3  444.0  444.0   69.0  444.0
2020 121  4 30 1800  -35.2  983.8  444.0  444.0   69.0  444.0
2020 121  4 30 1900  -35.7  983.2  444.0  444.0   69.3  444.0
2020 121  4 30 2000  -33.7  982.7  444.0  444.0   71.0  444.0
2020 121  4 30 2100  -36.6  983.1  444.0  444.0   68.0  444.0
2020 121  4 30 2200  -38.9  982.6  444.0  444.0   67.0  444.0
2020 121  4 30 2300  -40.2  983.0  444.0  444.0   64.0  444.0
