Year: 2021  Month: 04  ID: FER  ARGOS:  8947  Name: Ferrell             
Lat: 77.84S  Lon: 170.82E  Elev:   45m
2021  91  4  1 0000  -26.9  974.8    8.6  198.0   77.0  444.0
2021  91  4  1 0100  -26.7  974.4    8.5  196.0   78.1  444.0
2021  91  4  1 0200  -26.5  973.9   10.3  199.0   78.0  444.0
2021  91  4  1 0300  -26.7  973.8    9.7  200.0   78.0  444.0
2021  91  4  1 0400  -26.7  973.5   10.0  194.0   78.0  444.0
2021  91  4  1 0500  -26.1  973.3    8.6  206.0   78.4  444.0
2021  91  4  1 0600  -25.3  973.1    8.8  220.0   79.0  444.0
2021  91  4  1 0700  -24.8  972.4    8.1  222.0   80.0  444.0
2021  91  4  1 0800  -24.8  971.6    5.8  215.0   79.1  444.0
2021  91  4  1 0900  -25.1  971.3    5.9  218.0   80.0  444.0
2021  91  4  1 1000  -21.3  970.9   11.3  226.0   84.0  444.0
2021  91  4  1 1100  -23.3  971.2   11.8  214.0   81.0  444.0
2021  91  4  1 1200  -23.9  971.1   10.0  217.0   81.0  444.0
2021  91  4  1 1300  -24.1  970.4    7.6  211.0   80.9  444.0
2021  91  4  1 1400  -19.2  969.4   10.0  216.0   86.0  444.0
2021  91  4  1 1500  -18.5  969.0   10.5  217.0   86.0  444.0
2021  91  4  1 1600  -18.5  968.9   11.1  220.0   86.0  444.0
2021  91  4  1 1700  -18.4  969.0   10.9  218.0   87.0  444.0
2021  91  4  1 1800  -17.7  968.9   13.7  215.0   86.7  444.0
2021  91  4  1 1900  -16.7  968.8   13.9  214.0   87.0  444.0
2021  91  4  1 2000  -16.1  968.6   13.9  210.0   88.0  444.0
2021  91  4  1 2100  -16.6  968.4   13.6  203.0   88.0  444.0
2021  91  4  1 2200  -16.6  968.6   13.3  206.0   87.0  444.0
2021  91  4  1 2300  -16.0  968.0   12.5  207.0   88.3  444.0
2021  92  4  2 0000  -16.4  967.6   14.0  211.0   88.0  444.0
2021  92  4  2 0100  -16.8  966.8   13.8  198.0   87.0  444.0
2021  92  4  2 0200  -16.2  966.8   11.6  214.0   88.0  444.0
2021  92  4  2 0300  -15.7  965.8   10.5  219.0   89.0  444.0
2021  92  4  2 0400  -16.2  965.6   10.5  216.0   88.0  444.0
2021  92  4  2 0500  -16.7  965.2    8.8  219.0   88.0  444.0
2021  92  4  2 0600  -16.3  964.7   13.1  204.0   88.3  444.0
2021  92  4  2 0700  -15.8  964.2   10.7  217.0   89.0  444.0
2021  92  4  2 0800  -15.4  963.8    9.6  241.0   90.0  444.0
2021  92  4  2 0900  -16.2  963.0   15.2  212.0   88.0  444.0
2021  92  4  2 1000  -16.4  962.8   16.3  220.0   88.0  444.0
2021  92  4  2 1100  -18.5  962.6   12.0  208.0   86.3  444.0
2021  92  4  2 1200  -18.8  962.1    9.8  211.0   86.0  444.0
2021  92  4  2 1300  -19.9  962.2   11.6  203.0   85.0  444.0
2021  92  4  2 1400  -20.5  962.3   11.1  205.0   84.0  444.0
2021  92  4  2 1500  -21.3  963.0    9.1  202.0   83.0  444.0
2021  92  4  2 1600  -21.5  963.1    9.4  207.0   83.7  444.0
2021  92  4  2 1700  -21.8  963.5    9.7  206.0   83.0  444.0
2021  92  4  2 1800  -21.9  963.6    9.9  210.0   83.0  444.0
2021  92  4  2 1900  -21.7  963.5    6.8  212.0   83.0  444.0
2021  92  4  2 2000  -21.5  963.2    7.3  210.0   83.0  444.0
2021  92  4  2 2100  -21.7  963.7    6.9  211.0   83.0  444.0
2021  92  4  2 2200  -21.8  963.7    6.6  208.0   83.0  444.0
2021  92  4  2 2300  -21.3  963.9    7.1  215.0   83.0  444.0
2021  93  4  3 0000  -21.5  964.0    7.9  209.0   83.0  444.0
2021  93  4  3 0100  -21.3  964.0    6.9  211.0   83.0  444.0
2021  93  4  3 0200  -21.6  964.0    6.6  206.0   83.0  444.0
2021  93  4  3 0300  -22.4  964.0    7.7  208.0   82.0  444.0
2021  93  4  3 0400  -22.5  964.0    8.7  218.0   82.0  444.0
2021  93  4  3 0500  -22.8  964.4    8.1  211.0   82.0  444.0
2021  93  4  3 0600  -22.9  964.8   10.0  215.0   82.0  444.0
2021  93  4  3 0700  -22.9  965.1    9.1  212.0   82.0  444.0
2021  93  4  3 0800  -22.7  965.1    8.8  214.0   83.0  444.0
2021  93  4  3 0900  -22.4  965.3    8.6  215.0   83.0  444.0
2021  93  4  3 1000  -22.2  965.5    9.5  218.0   83.0  444.0
2021  93  4  3 1100  -22.3  965.9    9.2  214.0   83.0  444.0
2021  93  4  3 1200  -22.6  966.2    9.2  205.0   83.0  444.0
2021  93  4  3 1300  -22.4  966.1    8.6  200.0   83.0  444.0
2021  93  4  3 1400  -22.2  966.0    9.9  213.0   83.0  444.0
2021  93  4  3 1500  -22.6  966.1   10.6  210.0   83.0  444.0
2021  93  4  3 1600  -22.9  966.3   11.0  201.0   82.0  444.0
2021  93  4  3 1700  -22.7  967.0    8.4  209.0   83.0  444.0
2021  93  4  3 1800  -21.9  966.8    9.2  222.0   84.0  444.0
2021  93  4  3 1900  -22.0  966.9    9.8  204.0   83.0  444.0
2021  93  4  3 2000  -22.3  967.3   11.1  197.0   83.0  444.0
2021  93  4  3 2100  -22.5  967.4    8.9  198.0   83.0  444.0
2021  93  4  3 2200  -22.2  967.7    9.7  205.0   83.1  444.0
2021  93  4  3 2300  -22.3  967.8   10.5  205.0   83.0  444.0
2021  94  4  4 0000  -22.5  967.9   11.3  200.0   83.0  444.0
2021  94  4  4 0100  -24.6  968.0   10.6  206.0   81.0  444.0
2021  94  4  4 0200  -26.6  968.6    8.2  197.0   79.0  444.0
2021  94  4  4 0300  -27.0  968.6    9.5  200.0   79.0  444.0
2021  94  4  4 0400  -26.1  968.7   10.1  193.0   80.0  444.0
2021  94  4  4 0500  -25.7  968.6    8.5  202.0   79.7  444.0
2021  94  4  4 0600  -27.1  968.7   10.3  181.0   78.0  444.0
2021  94  4  4 0700  -26.1  968.7   12.3  188.0   79.0  444.0
2021  94  4  4 0800  -25.7  968.9   11.3  179.0   80.0  444.0
2021  94  4  4 0900  -25.4  969.0   11.5  179.0   80.0  444.0
2021  94  4  4 1000  -26.1  969.4   10.7  177.0   79.0  444.0
2021  94  4  4 1100  -25.6  970.1   11.0  184.0   80.0  444.0
2021  94  4  4 1200  -26.1  969.9   10.4  181.0   79.0  444.0
2021  94  4  4 1300  -26.3  969.9   10.5  172.0   79.0  444.0
2021  94  4  4 1400  -27.0  969.9    8.8  174.0   78.0  444.0
2021  94  4  4 1500  -27.8  969.9    8.4  178.0   77.0  444.0
2021  94  4  4 1600  -27.8  969.8    9.2  180.0   77.0  444.0
2021  94  4  4 1700  -28.0  969.8    8.4  180.0   76.0  444.0
2021  94  4  4 1800  -28.1  970.3    7.5  195.0   76.0  444.0
2021  94  4  4 1900  -28.9  970.1    5.7  215.0   75.0  444.0
2021  94  4  4 2000  -30.5  970.4    4.8  229.0   74.0  444.0
2021  94  4  4 2100  -31.3  970.7    4.5  234.0   73.0  444.0
2021  94  4  4 2200  -31.8  970.6    4.9  219.0   74.0  444.0
2021  94  4  4 2300  -32.5  970.8    3.5  212.0   72.8  444.0
2021  95  4  5 0000  -30.6  971.4    4.0  205.0   74.0  444.0
2021  95  4  5 0100  -30.2  971.6    4.3  234.0   75.0  444.0
2021  95  4  5 0200  -30.7  971.8    4.9  224.0   74.0  444.0
2021  95  4  5 0300  -30.5  971.8    5.3  209.0   72.3  444.0
2021  95  4  5 0400  -32.8  972.0    4.5  229.0   73.0  444.0
2021  95  4  5 0500  -34.1  972.4    4.1  222.0   71.0  444.0
2021  95  4  5 0600  -34.7  972.6    3.2  219.0   71.0  444.0
2021  95  4  5 0700  -34.2  972.9    3.4  202.0   71.9  444.0
2021  95  4  5 0800  -30.5  973.2    4.1  210.0   74.0  444.0
2021  95  4  5 0900  -28.8  973.5    4.2  219.0   76.0  444.0
2021  95  4  5 1000  -27.2  973.6    4.5  208.0   77.0  444.0
2021  95  4  5 1100  -26.9  973.7    3.7  216.0   77.0  444.0
2021  95  4  5 1200  -29.2  973.8    3.1  206.0   75.0  444.0
2021  95  4  5 1300  -31.9  973.5    2.6  230.0   74.0  444.0
2021  95  4  5 1400  -32.5  973.8    3.3  248.0   73.0  444.0
2021  95  4  5 1500  -33.2  974.1    3.0  273.0   72.6  444.0
2021  95  4  5 1600  -33.5  974.2    3.1  209.0   72.0  444.0
2021  95  4  5 1700  -33.1  973.7    4.1  225.0   72.0  444.0
2021  95  4  5 1800  -33.3  973.8    4.3  209.0   72.0  444.0
2021  95  4  5 1900  -33.5  974.0    4.0  201.0   71.0  444.0
2021  95  4  5 2000  -33.2  974.1    4.6  202.0   71.8  444.0
2021  95  4  5 2100  -32.3  974.1    5.5  207.0   73.0  444.0
2021  95  4  5 2200  -31.8  974.6    5.1  189.0   72.0  444.0
2021  95  4  5 2300  -29.8  974.7    6.9  202.0   74.0  444.0
2021  96  4  6 0000  -27.0  974.8    8.0  209.0   76.0  444.0
2021  96  4  6 0100  -26.9  975.1    7.9  210.0   75.9  444.0
2021  96  4  6 0200  -26.8  975.3    7.4  209.0   76.7  444.0
2021  96  4  6 0300  -26.8  975.4    6.6  209.0   76.0  444.0
2021  96  4  6 0400  -28.4  975.7    5.7  217.0   75.0  444.0
2021  96  4  6 0500  -29.6  976.1    4.3  212.0   74.0  444.0
2021  96  4  6 0600  -30.0  976.3    4.1  189.0   74.0  444.0
2021  96  4  6 0700  -30.3  976.4    4.1  173.0   74.0  444.0
2021  96  4  6 0800  -30.7  976.5    4.1  163.0   74.0  444.0
2021  96  4  6 0900  -31.9  976.9    3.1  192.0   74.0  444.0
2021  96  4  6 1000  -31.6  977.0    3.9  175.0   75.0  444.0
2021  96  4  6 1100  -31.9  977.1    3.2  183.0   74.0  444.0
2021  96  4  6 1200  -31.6  977.3    4.1  220.0   73.0  444.0
2021  96  4  6 1300  -32.1  977.5    5.2  204.0   73.0  444.0
2021  96  4  6 1400  -31.7  977.7    5.5  194.0   73.0  444.0
2021  96  4  6 1500  -32.1  977.9    4.7  188.0   73.0  444.0
2021  96  4  6 1600  -31.2  978.2    4.9  184.0   74.0  444.0
2021  96  4  6 1700  -30.3  978.3    3.6  168.0   73.0  444.0
2021  96  4  6 1800  -30.1  978.8    2.8  228.0   71.0  444.0
2021  96  4  6 1900  -29.6  978.9    3.0  215.0   72.0  444.0
2021  96  4  6 2000  -30.7  979.0    2.6  208.0   74.0  444.0
2021  96  4  6 2100  -31.5  978.9    2.5  201.0   73.0  444.0
2021  96  4  6 2200  -32.2  978.9    2.4  207.0   73.0  444.0
2021  96  4  6 2300  -32.5  979.0    2.7  202.0   73.0  444.0
2021  97  4  7 0000  -31.5  978.9    4.4  175.0   74.9  444.0
2021  97  4  7 0100  -31.0  978.8    2.8  210.0   73.0  444.0
2021  97  4  7 0200  -31.1  978.9    2.2  230.0   73.0  444.0
2021  97  4  7 0300  -30.5  978.4    4.3  178.0   73.0  444.0
2021  97  4  7 0400  -29.5  978.5    4.7  188.0   74.0  444.0
2021  97  4  7 0500  -28.6  978.3    4.9  186.0   74.0  444.0
2021  97  4  7 0600  -28.8  978.0    3.8  208.0   74.0  444.0
2021  97  4  7 0700  -27.8  977.8    4.4  192.0   75.0  444.0
2021  97  4  7 0800  -26.7  977.4    8.1  184.0   74.0  444.0
2021  97  4  7 0900  -26.7  977.5    8.9  190.0   73.0  444.0
2021  97  4  7 1000  -27.1  977.5    8.1  197.0   72.0  444.0
2021  97  4  7 1100  -28.2  977.1    7.6  203.0   73.0  444.0
2021  97  4  7 1200  -29.9  977.0    6.7  202.0   72.0  444.0
2021  97  4  7 1300  -31.1  976.9    5.1  208.0   71.0  444.0
2021  97  4  7 1400  -31.7  976.8    4.3  219.0   71.0  444.0
2021  97  4  7 1500  -32.7  976.6    3.8  229.0   70.0  444.0
2021  97  4  7 1600  -31.6  976.6    4.2  231.0   70.0  444.0
2021  97  4  7 1700  -33.2  976.5    3.9  223.0   70.0  444.0
2021  97  4  7 1800  -34.7  976.4    4.2  219.0   71.0  444.0
2021  97  4  7 1900  -34.9  976.4    4.2  226.0   71.0  444.0
2021  97  4  7 2000  -35.8  976.3    3.6  220.0   69.0  444.0
2021  97  4  7 2100  -35.0  976.3    5.1  194.0   70.0  444.0
2021  97  4  7 2200  -35.6  976.3    4.5  189.0   69.0  444.0
2021  97  4  7 2300  -35.3  976.5    3.2  188.0   70.0  444.0
2021  98  4  8 0000  -34.8  976.3    2.7  191.0   70.0  444.0
2021  98  4  8 0100  -35.5  976.3    3.2  215.0   69.0  444.0
2021  98  4  8 0200  -35.6  976.1    3.7  238.0   70.0  444.0
2021  98  4  8 0300  -35.3  976.2    3.8  215.0   67.9  444.0
2021  98  4  8 0400  -35.1  976.2    4.4  220.0   69.2  444.0
2021  98  4  8 0500  -34.4  976.4    4.2  217.0   70.0  444.0
2021  98  4  8 0600  -35.0  976.3    4.3  208.0   68.0  444.0
2021  98  4  8 0700  -36.2  976.3    4.6  213.0   68.0  444.0
2021  98  4  8 0800  -36.2  976.4    4.0  210.0   68.0  444.0
2021  98  4  8 0900  -36.7  976.4    3.5  214.0   68.0  444.0
2021  98  4  8 1000  -36.7  976.5    3.5  206.0   67.0  444.0
2021  98  4  8 1100  -36.8  976.5    3.7  221.0   67.0  444.0
2021  98  4  8 1200  -37.4  976.4    3.7  214.0   67.0  444.0
2021  98  4  8 1300  -38.6  976.5    3.9  203.0   66.0  444.0
2021  98  4  8 1400  -40.0  976.5    3.2  223.0   65.0  444.0
2021  98  4  8 1500  -40.9  976.4    3.1  239.0   65.0  444.0
2021  98  4  8 1600  -39.5  976.5    3.0  227.0   66.0  444.0
2021  98  4  8 1700  -41.3  976.6    3.5  250.0   63.0  444.0
2021  98  4  8 1800  -41.9  976.6    3.2  255.0   64.0  444.0
2021  98  4  8 1900  -41.6  976.7    3.4  230.0   64.0  444.0
2021  98  4  8 2000  -42.6  976.9    3.2  250.0   62.0  444.0
2021  98  4  8 2100  -42.6  977.2    2.9  220.0   62.0  444.0
2021  98  4  8 2200  -41.6  977.6    3.9  217.0   63.0  444.0
2021  98  4  8 2300  -41.5  977.7    3.0  226.0   63.0  444.0
2021  99  4  9 0000  -41.7  978.5    2.3  252.0   63.0  444.0
2021  99  4  9 0100  -41.7  979.0    2.4  272.0   63.0  444.0
2021  99  4  9 0200  -40.3  979.2    2.5  231.0   64.0  444.0
2021  99  4  9 0300  -39.7  979.3    2.0  231.0   65.0  444.0
2021  99  4  9 0400  -35.8  979.7    2.3  265.0   70.0  444.0
2021  99  4  9 0500  -35.4  979.7    3.2  263.0   69.5  444.0
2021  99  4  9 0600  -33.6  980.2    3.3  226.0   71.0  444.0
2021  99  4  9 0700  -33.0  980.4    3.9  217.0   72.0  444.0
2021  99  4  9 0800  -32.8  980.3    5.1  217.0   72.0  444.0
2021  99  4  9 0900  -32.2  980.8    2.8  182.0   73.0  444.0
2021  99  4  9 1000  -31.7  980.7    2.9  207.0   73.2  444.0
2021  99  4  9 1100  -30.7  980.5    5.2  186.0   74.0  444.0
2021  99  4  9 1200  -28.5  980.4    6.1  162.0   77.0  444.0
2021  99  4  9 1300  -29.1  980.8    5.2  191.0   75.0  444.0
2021  99  4  9 1400  -29.5  981.1    3.3  219.0   76.0  444.0
2021  99  4  9 1500  -29.4  980.9    5.6  217.0   75.6  444.0
2021  99  4  9 1600  -29.3  980.6    7.1  212.0   76.0  444.0
2021  99  4  9 1700  -29.7  980.8    6.4  211.0   75.5  444.0
2021  99  4  9 1800  -28.9  981.0    6.7  219.0   76.0  444.0
2021  99  4  9 1900  -28.5  980.9    7.0  210.0   76.0  444.0
2021  99  4  9 2000  -28.9  981.0    7.7  211.0   76.0  444.0
2021  99  4  9 2100  -28.6  981.1    8.8  203.0   76.0  444.0
2021  99  4  9 2200  -27.9  981.2    7.4  204.0   77.7  444.0
2021  99  4  9 2300  -27.5  981.3    7.2  195.0   78.0  444.0
2021 100  4 10 0000  -27.9  981.5    7.0  194.0   77.0  444.0
2021 100  4 10 0100  -27.5  981.4    6.9  191.0   77.5  444.0
2021 100  4 10 0200  -27.9  981.3    6.9  206.0   77.0  444.0
2021 100  4 10 0300  -28.0  981.2    7.2  207.0   77.2  444.0
2021 100  4 10 0400  -28.1  981.3    6.5  209.0   77.0  444.0
2021 100  4 10 0500  -28.3  981.4    6.8  206.0   77.0  444.0
2021 100  4 10 0600  -28.0  981.4    7.4  204.0   77.0  444.0
2021 100  4 10 0700  -27.4  981.4    7.7  205.0   78.0  444.0
2021 100  4 10 0800  -28.0  981.5    6.8  209.0   75.8  444.0
2021 100  4 10 0900  -31.5  982.0    5.7  200.0   74.0  444.0
2021 100  4 10 1000  -31.8  982.6    6.1  197.0   73.5  444.0
2021 100  4 10 1100  -32.7  982.8    4.8  208.0   73.0  444.0
2021 100  4 10 1200  -29.5  982.7    5.1  214.0   76.0  444.0
2021 100  4 10 1300  -27.1  983.1    5.5  226.0   77.8  444.0
2021 100  4 10 1400  -29.2  983.4    4.0  242.0   75.0  444.0
2021 100  4 10 1500  -31.3  983.6    4.4  248.0   75.0  444.0
2021 100  4 10 1600  -32.2  984.1    3.2  284.0   75.0  444.0
2021 100  4 10 1700  -32.9  984.8    1.8  195.0   74.0  444.0
2021 100  4 10 1800  -31.2  985.5    2.7  215.0   74.0  444.0
2021 100  4 10 1900  -30.3  986.0    4.1  234.0   75.0  444.0
2021 100  4 10 2000  -25.4  986.4    8.6  211.0   79.4  444.0
2021 100  4 10 2100  -29.0  986.9    2.6  248.0   76.0  444.0
2021 100  4 10 2200  -29.0  987.6    5.2  219.0   77.0  444.0
2021 100  4 10 2300  -28.9  988.5    5.5  224.0   76.2  444.0
2021 101  4 11 0000  -26.7  989.1    7.8  221.0   79.0  444.0
2021 101  4 11 0100  -26.7  989.4    7.8  230.0   78.6  444.0
2021 101  4 11 0200  -27.6  989.5    6.8  233.0   78.0  444.0
2021 101  4 11 0300  -29.4  989.4    5.4  249.0   75.0  444.0
2021 101  4 11 0400  -27.9  989.4    6.9  228.0   77.0  444.0
2021 101  4 11 0500  -27.6  988.9    8.3  221.0   78.0  444.0
2021 101  4 11 0600  -29.4  988.7    3.7  251.0   75.7  444.0
2021 101  4 11 0700  -30.8  988.5    4.0  261.0   76.0  444.0
2021 101  4 11 0800  -30.6  988.1    2.6  273.0   76.0  444.0
2021 101  4 11 0900  -32.4  988.2    3.4  210.0   73.0  444.0
2021 101  4 11 1000  -34.7  987.9    1.0  209.0   72.0  444.0
2021 101  4 11 1100  -32.9  987.8    0.9  267.0   73.0  444.0
2021 101  4 11 1200  -29.9  987.1    2.6  226.0   76.0  444.0
2021 101  4 11 1300  -27.7  986.5    1.9  228.0   78.0  444.0
2021 101  4 11 1400  -28.2  985.7    2.1  166.0   77.0  444.0
2021 101  4 11 1500  -30.5  985.1    2.5  149.0   74.0  444.0
2021 101  4 11 1600  -30.8  984.4    1.7  141.0   75.1  444.0
2021 101  4 11 1700  444.0  984.1    1.0   58.0   72.0  444.0
2021 101  4 11 1800  444.0  983.6    0.9   50.0   71.0  444.0
2021 101  4 11 1900  -33.2  983.0    1.7   34.0   73.0  444.0
2021 101  4 11 2000  -35.0  982.5    2.4   25.0   69.0  444.0
2021 101  4 11 2100  -37.2  981.9    2.7   26.0   67.0  444.0
2021 101  4 11 2200  -37.8  981.4    3.1   41.0   66.0  444.0
2021 101  4 11 2300  -38.2  981.0    3.8   40.0   67.5  444.0
2021 102  4 12 0000  -37.5  980.6    3.2   34.0   68.0  444.0
2021 102  4 12 0100  -35.8  980.1    3.8   37.0   69.0  444.0
2021 102  4 12 0200  -34.4  979.6    3.7   48.0   70.0  444.0
2021 102  4 12 0300  -30.1  978.8    4.9   52.0   75.0  444.0
2021 102  4 12 0400  -28.0  978.1    6.6   51.0   76.4  444.0
2021 102  4 12 0500  -27.6  977.6    4.2   70.0   77.0  444.0
2021 102  4 12 0600  -25.9  977.3    5.5   70.0   77.0  444.0
2021 102  4 12 0700  -25.0  976.9    5.7   79.0   78.0  444.0
2021 102  4 12 0800  -26.2  976.6    5.1   74.0   78.0  444.0
2021 102  4 12 0900  -26.3  976.3    4.1   73.0   80.0  444.0
2021 102  4 12 1000  -26.3  976.1    3.6   90.0   78.0  444.0
2021 102  4 12 1100  -25.4  976.1    3.9   99.0   79.0  444.0
2021 102  4 12 1200  -26.1  976.1    3.7  113.0   79.0  444.0
2021 102  4 12 1300  -26.2  976.0    3.4  124.0   79.0  444.0
2021 102  4 12 1400  -25.7  976.0    3.5  140.0   78.0  444.0
2021 102  4 12 1500  -26.0  976.1    3.8  182.0   78.0  444.0
2021 102  4 12 1600  -26.6  976.3    3.8  169.0   79.0  444.0
2021 102  4 12 1700  -26.2  976.4    5.3  183.0   79.0  444.0
2021 102  4 12 1800  -30.5  976.8    7.1  166.0   75.0  444.0
2021 102  4 12 1900  -28.4  977.3    9.4  162.0   77.0  444.0
2021 102  4 12 2000  -28.9  977.6    9.3  165.0   76.0  444.0
2021 102  4 12 2100  -28.8  978.0    9.2  168.0   75.0  444.0
2021 102  4 12 2200  -29.8  978.2   12.3  162.0   74.0  444.0
2021 102  4 12 2300  -30.5  979.0    9.9  162.0   73.0  444.0
2021 103  4 13 0000  -31.0  978.9   11.8  169.0   73.0  444.0
2021 103  4 13 0100  -31.8  979.3    9.7  166.0   71.0  444.0
2021 103  4 13 0200  -33.0  979.6   10.3  171.0   70.4  444.0
2021 103  4 13 0300  -33.8  980.0    9.8  165.0   69.0  444.0
2021 103  4 13 0400  -34.7  980.2    8.8  156.0   68.0  444.0
2021 103  4 13 0500  -36.1  980.6    6.4  165.0   67.0  444.0
2021 103  4 13 0600  -39.6  980.6    3.8  177.0   66.0  444.0
2021 103  4 13 0700  -38.5  981.0    3.2  189.0   67.0  444.0
2021 103  4 13 0800  -39.2  981.2    2.9  196.0   68.0  444.0
2021 103  4 13 0900  -37.8  981.0    6.3  183.0   68.0  444.0
2021 103  4 13 1000  -39.1  980.8    5.0  182.0   66.0  444.0
2021 103  4 13 1100  -40.0  980.9    3.7  209.0   64.0  444.0
2021 103  4 13 1200  -39.6  980.6    4.1  211.0   66.0  444.0
2021 103  4 13 1300  -36.2  980.4    4.5  205.0   68.0  444.0
2021 103  4 13 1400  -40.1  980.1    3.7  250.0   65.0  444.0
2021 103  4 13 1500  -37.1  979.9    5.3  229.0   66.0  444.0
2021 103  4 13 1600  -36.4  980.0    5.5  247.0   68.0  444.0
2021 103  4 13 1700  -32.7  979.7    7.0  233.0   72.0  444.0
2021 103  4 13 1800  -29.5  979.6    6.6  240.0   74.0  444.0
2021 103  4 13 1900  -29.2  979.3    7.3  230.0   75.0  444.0
2021 103  4 13 2000  -27.8  979.7    7.3  232.0   77.0  444.0
2021 103  4 13 2100  -28.6  979.9    6.2  222.0   76.0  444.0
2021 103  4 13 2200  -31.9  979.9    5.3  215.0   74.0  444.0
2021 103  4 13 2300  -29.7  980.3    5.0  226.0   76.0  444.0
2021 104  4 14 0000  -28.5  980.1    5.0  212.0   77.0  444.0
2021 104  4 14 0100  -26.6  979.9    5.3  217.0   78.0  444.0
2021 104  4 14 0200  -26.6  980.0    5.5  198.0   78.0  444.0
2021 104  4 14 0300  -27.6  980.1    6.6  202.0   77.0  444.0
2021 104  4 14 0400  -25.6  980.0   10.1  205.0   76.0  444.0
2021 104  4 14 0500  -25.1  979.8   10.1  206.0   74.0  444.0
2021 104  4 14 0600  -25.1  980.2    9.7  206.0   72.0  444.0
2021 104  4 14 0700  -25.8  980.5    8.7  201.0   68.0  444.0
2021 104  4 14 0800  -29.0  980.8    7.2  200.0   66.0  444.0
2021 104  4 14 0900  -30.8  981.4    5.9  181.0   65.3  444.0
2021 104  4 14 1000  -32.7  981.6    3.3  179.0   68.0  444.0
2021 104  4 14 1100  -32.8  981.9    2.6  258.0   68.0  444.0
2021 104  4 14 1200  -34.4  982.4    3.4  262.0   68.0  444.0
2021 104  4 14 1300  -35.9  982.5    2.8  245.0   69.0  444.0
2021 104  4 14 1400  -35.6  982.9    2.9  248.0   65.0  444.0
2021 104  4 14 1500  -38.1  983.5    3.1  271.0   66.0  444.0
2021 104  4 14 1600  -34.5  983.8    2.7  172.0   63.0  444.0
2021 104  4 14 1700  -35.0  984.3    0.6  234.0   65.0  444.0
2021 104  4 14 1800  -33.9  984.8    2.7  258.0   66.0  444.0
2021 104  4 14 1900  -37.1  985.4    2.3  256.0   64.0  444.0
2021 104  4 14 2000  -35.5  985.8    2.5  247.0   68.8  444.0
2021 104  4 14 2100  -33.8  986.2    2.3  213.0   70.0  444.0
2021 104  4 14 2200  -35.1  986.9    2.2  175.0   71.0  444.0
2021 104  4 14 2300  -36.9  987.5    1.4  216.0   69.0  444.0
2021 105  4 15 0000  -39.2  988.1    3.4  148.0   68.0  444.0
2021 105  4 15 0100  -39.4  988.3    3.2  118.0   67.0  444.0
2021 105  4 15 0200  -41.2  988.7    3.3   98.0   64.0  444.0
2021 105  4 15 0300  -41.2  989.3    3.0   80.0   65.0  444.0
2021 105  4 15 0400  -38.7  989.5    4.6   76.0   67.9  444.0
2021 105  4 15 0500  -38.5  989.7    5.0   80.0   67.0  444.0
2021 105  4 15 0600  -39.5  989.9    5.6   73.0   65.0  444.0
2021 105  4 15 0700  -40.5  990.1    4.7   73.0   63.9  444.0
2021 105  4 15 0800  -42.1  990.4    1.7   30.0   62.0  444.0
2021 105  4 15 0900  -42.3  990.8    2.2  352.0   63.0  444.0
2021 105  4 15 1000  -40.9  991.1    4.3  303.0   67.0  444.0
2021 105  4 15 1100  -38.9  991.6    3.2  308.0   64.0  444.0
2021 105  4 15 1200  -39.4  991.9    2.9  333.0   64.0  444.0
2021 105  4 15 1300  -41.5  991.9    2.3  278.0   63.0  444.0
2021 105  4 15 1400  -41.4  992.4    1.9  332.0   63.0  444.0
2021 105  4 15 1500  -40.6  992.4    0.9  274.0   65.0  444.0
2021 105  4 15 1600  -40.6  992.8    1.5  263.0   64.0  444.0
2021 105  4 15 1700  -41.3  993.0    0.2  262.0   63.0  444.0
2021 105  4 15 1800  -41.1  993.2    1.1  262.0   63.0  444.0
2021 105  4 15 1900  -40.4  993.8    1.7  225.0   64.0  444.0
2021 105  4 15 2000  -41.5  994.5    1.5  202.0   62.0  444.0
2021 105  4 15 2100  -41.6  995.0    2.3  228.0   63.0  444.0
2021 105  4 15 2200  -43.5  995.3    2.8  254.0   60.6  444.0
2021 105  4 15 2300  -43.1  995.5    2.7  213.0   60.5  444.0
2021 106  4 16 0000  -42.8  995.8    2.0  215.0   62.0  444.0
2021 106  4 16 0100  -42.0  996.4    1.3  135.0   62.0  444.0
2021 106  4 16 0200  -41.2  996.8    1.1  148.0   63.0  444.0
2021 106  4 16 0300  -40.1  997.4    3.1  200.0   64.0  444.0
2021 106  4 16 0400  -39.1  997.8    4.7  187.0   65.0  444.0
2021 106  4 16 0500  -37.4  998.2    4.8  176.0   67.0  444.0
2021 106  4 16 0600  -37.5  999.2    4.7  184.0   67.0  444.0
2021 106  4 16 0700  -37.3  999.5    7.0  190.0   67.0  444.0
2021 106  4 16 0800  -36.4 1000.2    6.9  190.0   68.0  444.0
2021 106  4 16 0900  -34.8 1000.6    7.1  182.0   70.0  444.0
2021 106  4 16 1000  -33.8 1001.3    7.0  177.0   70.8  444.0
2021 106  4 16 1100  -32.8 1001.9    6.5  184.0   72.0  444.0
2021 106  4 16 1200  -32.3 1002.1    9.0  183.0   72.0  444.0
2021 106  4 16 1300  -32.2 1002.0   10.9  178.0   72.0  444.0
2021 106  4 16 1400  -34.8 1002.2   11.2  177.0   70.0  444.0
2021 106  4 16 1500  -35.0 1002.4   11.8  175.0   70.0  444.0
2021 106  4 16 1600  -35.5 1002.6   13.4  177.0   69.0  444.0
2021 106  4 16 1700  -36.6 1002.9   11.0  174.0   68.0  444.0
2021 106  4 16 1800  -36.8 1002.9   13.1  176.0   68.0  444.0
2021 106  4 16 1900  -38.0 1003.0   11.7  177.0   67.0  444.0
2021 106  4 16 2000  -37.1 1002.6   13.9  174.0   67.0  444.0
2021 106  4 16 2100  -37.1 1002.7   13.9  176.0   67.0  444.0
2021 106  4 16 2200  -36.6 1002.9   14.4  178.0   68.0  444.0
2021 106  4 16 2300  -36.6 1002.6   14.0  180.0   68.0  444.0
2021 107  4 17 0000  -37.2 1002.8   12.7  177.0   67.0  444.0
2021 107  4 17 0100  -37.4 1002.4   12.9  180.0   67.0  444.0
2021 107  4 17 0200  -37.6 1002.3   13.3  184.0   67.0  444.0
2021 107  4 17 0300  -38.5 1002.0   12.8  183.0   66.0  444.0
2021 107  4 17 0400  -38.5 1002.1   12.5  184.0   65.4  444.0
2021 107  4 17 0500  -39.1 1002.9   10.4  194.0   65.0  444.0
2021 107  4 17 0600  -38.7 1003.0   10.7  198.0   66.0  444.0
2021 107  4 17 0700  -38.0 1003.0   10.5  200.0   66.0  444.0
2021 107  4 17 0800  -38.0 1002.9   10.8  206.0   66.0  444.0
2021 107  4 17 0900  -37.2 1002.4   10.6  197.0   67.0  444.0
2021 107  4 17 1000  -37.2 1002.3   10.1  204.0   67.0  444.0
2021 107  4 17 1100  -37.2 1002.1   11.6  191.0   67.0  444.0
2021 107  4 17 1200  -38.2 1002.1   10.3  189.0   66.0  444.0
2021 107  4 17 1300  -38.3 1001.8    9.7  187.0   66.0  444.0
2021 107  4 17 1400  -38.8 1001.5   10.1  186.0   65.0  444.0
2021 107  4 17 1500  -38.9 1001.7    9.5  188.0   65.0  444.0
2021 107  4 17 1600  -38.8 1001.1    9.5  195.0   66.0  444.0
2021 107  4 17 1700  -38.8 1001.0    9.1  203.0   65.0  444.0
2021 107  4 17 1800  -39.5 1001.0    9.6  201.0   65.0  444.0
2021 107  4 17 1900  -39.1 1000.8    9.7  201.0   65.0  444.0
2021 107  4 17 2000  -39.4 1000.5    9.7  200.0   65.0  444.0
2021 107  4 17 2100  -39.6 1000.6    9.7  195.0   64.0  444.0
2021 107  4 17 2200  -39.9 1000.6    8.8  192.0   64.0  444.0
2021 107  4 17 2300  -39.6 1000.4   10.0  186.0   65.0  444.0
2021 108  4 18 0000  -39.0 1000.5   10.5  185.0   65.0  444.0
2021 108  4 18 0100  -38.9 1000.4    9.1  184.0   65.0  444.0
2021 108  4 18 0200  -39.1 1000.1    8.4  188.0   64.8  444.0
2021 108  4 18 0300  -39.5  999.8    9.2  201.0   64.5  444.0
2021 108  4 18 0400  -39.3  999.3    8.1  189.0   65.0  444.0
2021 108  4 18 0500  -39.0  999.0    7.7  184.0   65.0  444.0
2021 108  4 18 0600  -40.2  998.7    7.1  193.0   63.0  444.0
2021 108  4 18 0700  -41.3  998.4    7.5  185.0   62.0  444.0
2021 108  4 18 0800  -41.4  998.2    6.7  196.0   62.0  444.0
2021 108  4 18 0900  -42.0  997.9    5.9  193.0   62.0  444.0
2021 108  4 18 1000  -42.5  997.2    5.1  190.0   61.0  444.0
2021 108  4 18 1100  -43.4  996.6    3.8  202.0   60.0  444.0
2021 108  4 18 1200  -44.1  995.8    4.3  224.0   59.0  444.0
2021 108  4 18 1300  -44.6  995.1    3.7  226.0   59.0  444.0
2021 108  4 18 1400  -45.2  994.2    3.4  215.0   59.0  444.0
2021 108  4 18 1500  -45.5  993.3    3.4  197.0   58.0  444.0
2021 108  4 18 1600  -46.0  992.3    2.3  219.0   58.0  444.0
2021 108  4 18 1700  -46.3  991.5    2.9  167.0   57.0  444.0
2021 108  4 18 1800  -46.6  990.6    1.6  168.0   57.0  444.0
2021 108  4 18 1900  -46.7  989.7    0.0    0.0   57.0  444.0
2021 108  4 18 2000  -46.7  988.6    2.4  136.0   57.0  444.0
2021 108  4 18 2100  -46.7  987.8    2.2   57.0   57.0  444.0
2021 108  4 18 2200  -46.9  987.1    2.7   49.0   56.0  444.0
2021 108  4 18 2300  -46.8  986.3    2.4   61.0   56.0  444.0
2021 109  4 19 0000  -46.4  985.6    2.5   66.0   57.0  444.0
2021 109  4 19 0100  -45.7  984.9    3.3   64.0   58.0  444.0
2021 109  4 19 0200  -45.4  984.1    3.4   60.0   58.0  444.0
2021 109  4 19 0300  -44.7  983.3    3.8   56.0   59.0  444.0
2021 109  4 19 0400  -44.3  982.8    3.2   51.0   59.0  444.0
2021 109  4 19 0500  -41.3  982.6    3.8   48.0   62.0  444.0
2021 109  4 19 0600  -41.3  982.2    3.3   75.0   62.0  444.0
2021 109  4 19 0700  -39.3  981.8    2.4   62.0   64.0  444.0
2021 109  4 19 0800  444.0  981.5    0.0    0.0   65.0  444.0
2021 109  4 19 0900  444.0  981.0    0.4   35.0   66.0  444.0
2021 109  4 19 1000  -37.9  980.7    2.2  109.0   66.0  444.0
2021 109  4 19 1100  -37.7  980.4    0.9   99.0   66.0  444.0
2021 109  4 19 1200  -38.0  980.1    1.6  166.0   66.0  444.0
2021 109  4 19 1300  444.0  979.6    0.1  152.0   65.0  444.0
2021 109  4 19 1400  444.0  979.5    0.2  152.0   64.0  444.0
2021 109  4 19 1500  -40.7  979.3    2.6  176.0   63.1  444.0
2021 109  4 19 1600  -41.1  979.1    2.4  193.0   63.0  444.0
2021 109  4 19 1700  -40.7  979.1    3.1  192.0   63.0  444.0
2021 109  4 19 1800  -41.9  978.9    2.9  190.0   61.0  444.0
2021 109  4 19 1900  -40.0  978.8    3.5  203.0   62.0  444.0
2021 109  4 19 2000  -42.1  978.9    2.7  223.0   61.2  444.0
2021 109  4 19 2100  -42.9  979.2    1.8  175.0   61.0  444.0
2021 109  4 19 2200  -42.5  978.9    1.2  212.0   61.0  444.0
2021 109  4 19 2300  -44.0  978.8    2.2  181.0   60.0  444.0
2021 110  4 20 0000  -44.6  978.9    2.1  220.0   58.5  444.0
2021 110  4 20 0100  -43.0  978.6    1.8  202.0   61.0  444.0
2021 110  4 20 0200  -42.9  978.5    2.5  164.0   61.0  444.0
2021 110  4 20 0300  -42.1  978.2    0.2  189.0   57.0  444.0
2021 110  4 20 0400  -42.9  978.3    3.1  195.0   60.0  444.0
2021 110  4 20 0500  -44.8  978.5    2.2  224.0   59.0  444.0
2021 110  4 20 0600  -45.5  978.3    2.0  145.0   58.0  444.0
2021 110  4 20 0700  -46.7  978.4    3.3  239.0   56.0  444.0
2021 110  4 20 0800  -46.1  978.4    3.9  233.0   57.2  444.0
2021 110  4 20 0900  -46.3  978.5    2.5  201.0   57.0  444.0
2021 110  4 20 1000  -47.4  978.4    2.8  211.0   56.0  444.0
2021 110  4 20 1100  -47.2  978.5    3.6  188.0   56.0  444.0
2021 110  4 20 1200  -47.1  978.3    4.3  176.0   56.0  444.0
2021 110  4 20 1300  444.0  978.3    0.7  164.0   54.9  444.0
2021 110  4 20 1400  -49.6  978.4    2.6  267.0   54.0  444.0
2021 110  4 20 1500  -48.1  978.2    3.4  243.0   55.0  444.0
2021 110  4 20 1600  -48.0  978.0    3.7  258.0   55.0  444.0
2021 110  4 20 1700  -45.7  977.5    1.1  228.0   55.0  444.0
2021 110  4 20 1800  -46.7  977.3    2.8  170.0   59.7  444.0
2021 110  4 20 1900  -46.2  977.0    2.6  248.0   57.0  444.0
2021 110  4 20 2000  -46.0  977.0    1.7  244.0   59.0  444.0
2021 110  4 20 2100  -42.3  976.7    3.7  150.0   57.0  444.0
2021 110  4 20 2200  -46.4  976.5    2.1  165.0   57.0  444.0
2021 110  4 20 2300  -47.0  976.4    2.3  138.0   56.2  444.0
2021 111  4 21 0000  -48.5  976.4    1.0  145.0   54.0  444.0
2021 111  4 21 0100  444.0  976.2    0.2  152.0   60.0  444.0
2021 111  4 21 0200  -47.8  975.8    2.9  206.0   57.0  444.0
2021 111  4 21 0300  -48.3  975.7    2.8  159.0   55.0  444.0
2021 111  4 21 0400  -47.8  975.6    2.1  143.0   54.0  444.0
2021 111  4 21 0500  -47.3  975.3    2.2  105.0   56.0  444.0
2021 111  4 21 0600  -47.6  975.6    2.5  110.0   55.5  444.0
2021 111  4 21 0700  -47.0  975.7    2.2  101.0   56.0  444.0
2021 111  4 21 0800  -44.9  975.8    2.7  127.0   57.0  444.0
2021 111  4 21 0900  -47.3  976.1    2.2  108.0   55.0  444.0
2021 111  4 21 1000  -46.8  976.0    2.4   90.0   55.0  444.0
2021 111  4 21 1100  -47.6  976.1    2.3   96.0   55.4  444.0
2021 111  4 21 1200  -47.1  976.3    2.0   88.0   55.0  444.0
2021 111  4 21 1300  -48.0  976.4    1.9  132.0   54.0  444.0
2021 111  4 21 1400  444.0  976.5    1.4  115.0   54.0  444.0
2021 111  4 21 1500  444.0  976.8    0.8  173.0   54.0  444.0
2021 111  4 21 1600  444.0  977.0    1.4  198.0   53.4  444.0
2021 111  4 21 1700  -48.9  977.3    2.1  135.0   53.0  444.0
2021 111  4 21 1800  -45.4  977.4    2.5   98.0   57.0  444.0
2021 111  4 21 1900  -47.6  977.9    2.4   93.0   55.0  444.0
2021 111  4 21 2000  -48.4  978.1    2.3  104.0   55.0  444.0
2021 111  4 21 2100  444.0  978.6    1.0   39.0   60.3  444.0
2021 111  4 21 2200  -43.6  978.9    3.2  138.0   59.0  444.0
2021 111  4 21 2300  -42.5  979.1    3.8  161.0   61.0  444.0
2021 112  4 22 0000  -47.7  979.7    3.5  184.0   56.0  444.0
2021 112  4 22 0100  -48.0  980.1    3.0  208.0   55.0  444.0
2021 112  4 22 0200  -50.6  980.5    3.1  236.0   51.9  444.0
2021 112  4 22 0300  -50.7  980.7    3.0  219.0   52.0  444.0
2021 112  4 22 0400  -50.5  980.8    2.6  210.0   53.0  444.0
2021 112  4 22 0500  -51.2  981.7    3.0  252.0   52.0  444.0
2021 112  4 22 0600  -50.2  982.2    4.0  235.0   53.0  444.0
2021 112  4 22 0700  -50.8  982.9    3.3  246.0   52.0  444.0
2021 112  4 22 0800  -50.1  983.2    3.8  233.0   53.0  444.0
2021 112  4 22 0900  -50.5  983.7    3.4  207.0   52.0  444.0
2021 112  4 22 1000  -50.8  984.1    3.2  225.0   51.3  444.0
2021 112  4 22 1100  -49.3  984.4    4.4  207.0   53.0  444.0
2021 112  4 22 1200  -47.8  984.7    5.0  216.0   55.0  444.0
2021 112  4 22 1300  -47.5  985.3    4.1  225.0   55.0  444.0
2021 112  4 22 1400  -46.1  985.6    4.8  224.0   56.9  444.0
2021 112  4 22 1500  -46.0  986.0    3.1  212.0   57.0  444.0
2021 112  4 22 1600  -46.5  986.2    2.2  206.0   56.0  444.0
2021 112  4 22 1700  -47.7  986.4    2.4  202.0   55.0  444.0
2021 112  4 22 1800  -46.5  986.4    2.7  198.0   56.0  444.0
2021 112  4 22 1900  -47.2  986.9    3.5  196.0   55.1  444.0
2021 112  4 22 2000  -48.5  987.2    2.2  166.0   54.0  444.0
2021 112  4 22 2100  -47.5  987.6    3.1  188.0   56.0  444.0
2021 112  4 22 2200  -49.6  988.1    1.5  165.0   53.0  444.0
2021 112  4 22 2300  -49.1  988.6    2.7  171.0   53.0  444.0
2021 113  4 23 0000  444.0  988.7    0.1   94.0   58.1  444.0
2021 113  4 23 0100  444.0  988.6    0.9   68.0   59.0  444.0
2021 113  4 23 0200  -46.9  988.7    2.7  360.0   60.0  444.0
2021 113  4 23 0300  -49.1  988.5    3.9   10.0   55.0  444.0
2021 113  4 23 0400  -48.1  988.6    3.2  325.0   55.0  444.0
2021 113  4 23 0500  -50.0  988.8    1.6  359.0   51.0  444.0
2021 113  4 23 0600  -46.1  988.9    2.1  268.0   57.0  444.0
2021 113  4 23 0700  -43.3  988.9    1.1  288.0   60.0  444.0
2021 113  4 23 0800  -41.4  989.0    1.0  158.0   61.0  444.0
2021 113  4 23 0900  -39.9  989.2    2.2  178.0   63.0  444.0
2021 113  4 23 1000  444.0  989.1    0.5  140.0   62.0  444.0
2021 113  4 23 1100  444.0  988.8    0.7  160.0   62.0  444.0
2021 113  4 23 1200  444.0  988.8    0.4   74.0   61.3  444.0
2021 113  4 23 1300  444.0  988.5    0.0    0.0   61.0  444.0
2021 113  4 23 1400  444.0  987.5    0.5   74.0   61.0  444.0
2021 113  4 23 1500  -45.1  987.0    2.7  337.0   58.0  444.0
2021 113  4 23 1600  -48.0  986.7    3.0  321.0   55.0  444.0
2021 113  4 23 1700  -46.7  986.3    1.7    3.0   56.0  444.0
2021 113  4 23 1800  -49.3  986.0    3.0  349.0   54.0  444.0
2021 113  4 23 1900  -48.1  985.9    1.0    5.0   56.0  444.0
2021 113  4 23 2000  -45.5  985.5    0.3  160.0   58.0  444.0
2021 113  4 23 2100  -44.4  985.6    2.0  192.0   58.0  444.0
2021 113  4 23 2200  -41.5  985.6    1.6  232.0   61.0  444.0
2021 113  4 23 2300  -40.5  985.8    3.4  240.0   61.0  444.0
2021 114  4 24 0000  -42.5  986.2    1.1  247.0   60.9  444.0
2021 114  4 24 0100  -43.2  986.2    2.4  235.0   60.0  444.0
2021 114  4 24 0200  -43.6  986.3    2.4  290.0   59.0  444.0
2021 114  4 24 0300  -44.5  986.1    2.9  297.0   58.0  444.0
2021 114  4 24 0400  -42.0  986.1    2.2  286.0   63.0  444.0
2021 114  4 24 0500  -44.3  986.1    2.7  302.0   58.0  444.0
2021 114  4 24 0600  -43.4  986.1    2.3  298.0   59.0  444.0
2021 114  4 24 0700  -42.3  986.0    3.0  315.0   62.0  444.0
2021 114  4 24 0800  444.0  986.4    1.3  126.0   59.0  444.0
2021 114  4 24 0900  444.0  986.4    0.2  164.0   60.0  444.0
2021 114  4 24 1000  -37.8  986.6    3.1  198.0   65.5  444.0
2021 114  4 24 1100  -40.6  986.4    3.1  178.0   65.0  444.0
2021 114  4 24 1200  -42.9  985.9    3.1  149.0   58.0  444.0
2021 114  4 24 1300  -44.5  985.8    2.4  100.0   61.0  444.0
2021 114  4 24 1400  -44.5  985.1    2.6  116.0   56.0  444.0
2021 114  4 24 1500  -48.3  984.4    2.8   62.0   55.0  444.0
2021 114  4 24 1600  -50.3  983.9    2.4   56.0   53.0  444.0
2021 114  4 24 1700  -49.0  983.5    2.7   40.0   54.0  444.0
2021 114  4 24 1800  -47.4  982.7    2.9   58.0   56.0  444.0
2021 114  4 24 1900  -48.8  982.2    2.9   69.0   55.0  444.0
2021 114  4 24 2000  -46.0  981.4    4.2   87.0   57.0  444.0
2021 114  4 24 2100  -47.7  981.2    3.2   79.0   55.0  444.0
2021 114  4 24 2200  -47.1  980.7    3.7   67.0   56.0  444.0
2021 114  4 24 2300  -44.7  980.7    3.1   55.0   58.0  444.0
2021 115  4 25 0000  -45.6  980.4    2.5   68.0   57.0  444.0
2021 115  4 25 0100  -46.6  980.5    2.8   33.0   57.0  444.0
2021 115  4 25 0200  -41.1  980.9    3.5  311.0   63.0  444.0
2021 115  4 25 0300  -42.2  981.7    2.0  286.0   59.0  444.0
2021 115  4 25 0400  -44.2  982.5    2.9  318.0   56.0  444.0
2021 115  4 25 0500  -42.1  983.2    1.3  345.0   63.0  444.0
2021 115  4 25 0600  -43.5  983.8    2.5    6.0   63.3  444.0
2021 115  4 25 0700  -46.7  984.4    1.1  118.0   53.0  444.0
2021 115  4 25 0800  -46.5  985.1    2.5   75.0   57.0  444.0
2021 115  4 25 0900  -49.2  986.0    1.7  150.0   54.0  444.0
2021 115  4 25 1000  -47.4  986.7    1.4  150.0   57.0  444.0
2021 115  4 25 1100  -48.6  987.2    1.9  174.0   54.0  444.0
2021 115  4 25 1200  444.0  987.8    1.5  177.0   54.0  444.0
2021 115  4 25 1300  -44.6  988.0    1.8   75.0   60.0  444.0
2021 115  4 25 1400  444.0  988.5    0.9  160.0   59.0  444.0
2021 115  4 25 1500  444.0  988.9    1.2  182.0   59.0  444.0
2021 115  4 25 1600  -45.7  989.0    1.5  118.0   60.0  444.0
2021 115  4 25 1700  -44.3  989.1    2.5   79.0   59.0  444.0
2021 115  4 25 1800  -44.5  989.3    2.8   70.0   58.0  444.0
2021 115  4 25 1900  -44.1  989.4    2.5   81.0   59.0  444.0
2021 115  4 25 2000  -43.3  989.9    2.6   93.0   60.0  444.0
2021 115  4 25 2100  -44.3  990.3    1.5  176.0   62.0  444.0
2021 115  4 25 2200  -44.0  990.8    1.9  180.0   58.0  444.0
2021 115  4 25 2300  -49.5  991.0    1.6  193.0   54.0  444.0
2021 116  4 26 0000  -47.3  991.2    2.4  201.0   56.0  444.0
2021 116  4 26 0100  -45.9  991.2    2.7  167.0   56.0  444.0
2021 116  4 26 0200  -48.2  991.6    2.5  157.0   54.0  444.0
2021 116  4 26 0300  -49.7  991.6    2.9  162.0   53.0  444.0
2021 116  4 26 0400  -47.1  991.8    3.4  164.0   56.0  444.0
2021 116  4 26 0500  -47.4  991.8    3.4  172.0   55.0  444.0
2021 116  4 26 0600  -46.3  992.1    3.3  175.0   56.0  444.0
2021 116  4 26 0700  -45.0  992.3    4.1  172.0   58.0  444.0
2021 116  4 26 0800  -44.0  992.7    4.6  174.0   59.0  444.0
2021 116  4 26 0900  -42.8  992.7    8.1  174.0   60.0  444.0
2021 116  4 26 1000  -42.3  993.0    9.7  182.0   61.0  444.0
2021 116  4 26 1100  -41.5  993.2   12.2  188.0   61.0  444.0
2021 116  4 26 1200  -43.6  993.3   13.5  188.0   59.0  444.0
2021 116  4 26 1300  -44.6  993.1   12.3  191.0   58.0  444.0
2021 116  4 26 1400  -44.0  992.7   12.7  187.0   59.0  444.0
2021 116  4 26 1500  -45.2  992.4   14.0  192.0   58.0  444.0
2021 116  4 26 1600  -46.6  992.1   14.8  198.0   57.0  444.0
2021 116  4 26 1700  -48.6  991.8   15.7  193.0   54.0  444.0
2021 116  4 26 1800  -48.8  990.7   16.7  197.0   54.0  444.0
2021 116  4 26 1900  -48.2  990.1   18.2  194.0   55.0  444.0
2021 116  4 26 2000  -46.9  989.8   17.7  198.0   56.0  444.0
2021 116  4 26 2100  -46.0  988.9   17.5  200.0   57.0  444.0
2021 116  4 26 2200  -45.0  987.8   17.6  196.0   57.0  444.0
2021 116  4 26 2300  -45.1  986.6   19.0  204.0   58.0  444.0
2021 117  4 27 0000  -43.3  985.3   21.0  200.0   60.0  444.0
2021 117  4 27 0100  -41.5  983.9   21.7  203.0   61.6  444.0
2021 117  4 27 0200  -40.4  983.0   20.2  203.0   63.0  444.0
2021 117  4 27 0300  -39.5  982.3   20.5  204.0   64.0  444.0
2021 117  4 27 0400  -39.3  980.5   19.8  208.0   64.0  444.0
2021 117  4 27 0500  -37.9  980.4   19.4  210.0   66.0  444.0
2021 117  4 27 0600  -35.6  979.0   18.8  211.0   68.0  444.0
2021 117  4 27 0700  -34.5  978.2   18.6  201.0   69.0  444.0
2021 117  4 27 0800  -32.7  977.9   18.3  203.0   71.0  444.0
2021 117  4 27 0900  -31.8  977.4   18.0  193.0   72.0  444.0
2021 117  4 27 1000  -32.9  976.3   12.4  224.0   71.3  444.0
2021 117  4 27 1100  -32.7  975.5   14.4  219.0   72.0  444.0
2021 117  4 27 1200  -32.2  974.8   13.4  209.0   72.0  444.0
2021 117  4 27 1300  -31.1  973.3    9.8  217.0   73.0  444.0
2021 117  4 27 1400  -29.2  972.4    8.2  230.0   72.3  444.0
2021 117  4 27 1500  -30.8  971.8    6.0  200.0   71.7  444.0
2021 117  4 27 1600  -31.1  970.7    7.1  213.0   72.0  444.0
2021 117  4 27 1700  -31.3  970.0    4.9  241.0   70.0  444.0
2021 117  4 27 1800  -28.8  969.3    6.5  250.0   67.0  444.0
2021 117  4 27 1900  -29.8  969.1    5.2  286.0   67.1  444.0
2021 117  4 27 2000  -29.1  968.5    5.3  293.0   67.3  444.0
2021 117  4 27 2100  -28.9  968.4    6.0  295.0   66.0  444.0
2021 117  4 27 2200  -28.7  968.0    6.5  303.0   70.0  444.0
2021 117  4 27 2300  -25.4  968.0    7.7  278.0   75.0  444.0
2021 118  4 28 0000  -25.8  967.8    6.4  295.0   76.1  444.0
2021 118  4 28 0100  -25.5  968.4    5.5  295.0   76.0  444.0
2021 118  4 28 0200  -25.7  968.0    5.6  302.0   77.0  444.0
2021 118  4 28 0300  -24.8  968.3    7.3  278.0   78.0  444.0
2021 118  4 28 0400  -23.3  969.4    7.1  198.0   76.0  444.0
2021 118  4 28 0500  -23.8  969.6   14.5  216.0   81.0  444.0
2021 118  4 28 0600  -24.6  970.0   15.5  209.0   81.0  444.0
2021 118  4 28 0700  -25.1  971.2   13.4  215.0   80.3  444.0
2021 118  4 28 0800  -24.5  971.2   12.8  210.0   81.0  444.0
2021 118  4 28 0900  -24.3  971.2   11.8  211.0   82.0  444.0
2021 118  4 28 1000  -23.3  971.2   10.1  208.0   82.0  444.0
2021 118  4 28 1100  -23.6  971.9   12.4  209.0   82.0  444.0
2021 118  4 28 1200  -24.1  971.9    9.3  204.0   81.0  444.0
2021 118  4 28 1300  -26.0  972.1   10.3  194.0   78.9  444.0
2021 118  4 28 1400  -27.4  972.8    9.6  197.0   78.0  444.0
2021 118  4 28 1500  -29.5  973.1    7.0  211.0   76.0  444.0
2021 118  4 28 1600  -31.0  973.1    7.3  205.0   75.0  444.0
2021 118  4 28 1700  -31.3  973.3    8.3  194.0   74.0  444.0
2021 118  4 28 1800  -31.3  973.0    7.5  198.0   74.3  444.0
2021 118  4 28 1900  -31.8  973.1    7.4  210.0   74.0  444.0
2021 118  4 28 2000  -33.9  973.4    6.4  226.0   71.0  444.0
2021 118  4 28 2100  -34.7  973.8    5.7  219.0   70.0  444.0
2021 118  4 28 2200  -33.2  974.1    7.7  193.0   72.2  444.0
2021 118  4 28 2300  -31.8  974.6    7.7  208.0   74.0  444.0
2021 119  4 29 0000  -32.4  975.2    6.6  235.0   72.8  444.0
2021 119  4 29 0100  -31.3  975.5    6.7  230.0   74.0  444.0
2021 119  4 29 0200  -34.4  975.8    3.9  250.0   71.0  444.0
2021 119  4 29 0300  -33.9  975.8    3.9  234.0   71.0  444.0
2021 119  4 29 0400  -31.3  975.9    5.7  225.0   72.0  444.0
2021 119  4 29 0500  -32.6  975.9    4.0  221.0   75.1  444.0
2021 119  4 29 0600  -30.5  975.5    5.8  198.0   74.0  444.0
2021 119  4 29 0700  -33.2  976.2    6.0  203.0   71.0  444.0
2021 119  4 29 0800  -33.7  976.4    3.3  230.0   70.0  444.0
2021 119  4 29 0900  -35.4  976.9    3.2  221.0   70.0  444.0
2021 119  4 29 1000  -35.9  977.1    4.3  242.0   69.8  444.0
2021 119  4 29 1100  -35.2  977.2    4.5  248.0   71.0  444.0
2021 119  4 29 1200  -30.6  977.2    4.9  248.0   74.0  444.0
2021 119  4 29 1300  -31.3  977.5    3.1  221.0   73.0  444.0
2021 119  4 29 1400  -30.8  977.6    2.9  192.0   73.0  444.0
2021 119  4 29 1500  -28.4  977.6    6.3  202.0   76.0  444.0
2021 119  4 29 1600  -29.0  977.3    4.3  196.0   76.0  444.0
2021 119  4 29 1700  -28.8  977.1    1.9  230.0   75.0  444.0
2021 119  4 29 1800  -29.0  977.0    0.6  165.0   75.3  444.0
2021 119  4 29 1900  -30.4  976.8    0.4  280.0   78.0  444.0
2021 119  4 29 2000  -32.1  976.8    1.2  288.0   73.0  444.0
2021 119  4 29 2100  -33.2  976.8    2.1  288.0   73.0  444.0
2021 119  4 29 2200  444.0  976.8    0.5  288.0   71.0  444.0
2021 119  4 29 2300  444.0  976.5  444.0  444.0   72.0  444.0
2021 120  4 30 0000  444.0  976.2  444.0  444.0   71.0  444.0
2021 120  4 30 0100  -35.1  976.2  444.0  444.0   70.0  444.0
2021 120  4 30 0200  -35.3  976.4  444.0  444.0   69.0  444.0
2021 120  4 30 0300  -35.9  976.7  444.0  444.0   69.0  444.0
2021 120  4 30 0400  -36.3  977.2  444.0  444.0   69.0  444.0
2021 120  4 30 0500  444.0  977.7  444.0  444.0   69.0  444.0
2021 120  4 30 0600  -37.6  978.6  444.0  444.0   66.8  444.0
2021 120  4 30 0700  -37.9  979.3  444.0  444.0   66.0  444.0
2021 120  4 30 0800  -40.4  980.2  444.0  444.0   64.0  444.0
2021 120  4 30 0900  -39.4  981.2    1.0  198.0   66.7  444.0
2021 120  4 30 1000  -36.6  981.9    2.9  173.0   68.0  444.0
2021 120  4 30 1100  -36.7  982.3    3.1  169.0   67.0  444.0
2021 120  4 30 1200  -37.9  982.6    3.3  211.0   66.0  444.0
2021 120  4 30 1300  -40.8  982.9    2.8  242.0   64.0  444.0
2021 120  4 30 1400  -41.2  983.0    2.8  230.0   63.0  444.0
2021 120  4 30 1500  -42.0  983.5    3.5  194.0   63.0  444.0
2021 120  4 30 1600  -40.5  983.5    3.4  192.0   64.0  444.0
2021 120  4 30 1700  -38.4  983.4    4.4  175.0   66.0  444.0
2021 120  4 30 1800  -38.4  983.3    3.7  192.0   67.0  444.0
2021 120  4 30 1900  -36.1  983.3    4.8  198.0   70.0  444.0
2021 120  4 30 2000  -28.7  983.0   13.1  212.0   76.0  444.0
2021 120  4 30 2100  -29.1  983.7    9.0  219.0   76.0  444.0
2021 120  4 30 2200  -27.5  983.9   11.9  211.0   77.0  444.0
2021 120  4 30 2300  -28.2  984.3    8.9  212.0   77.0  444.0
