Year: 2024  Month: 03  ID: VTO  ARGOS:  8931  Name: Vito                
Lat: 78.42S  Lon: 177.84E  Elev:   50m
2024  61  3  1 0000  -30.4  980.1    1.2  238.0   42.7  444.0
2024  61  3  1 0100  444.0  980.4    1.0  221.0   40.2  444.0
2024  61  3  1 0200  444.0  980.4    0.0    0.0   26.7  444.0
2024  61  3  1 0300  -29.4  980.6    2.7  245.0   31.3  444.0
2024  61  3  1 0400  444.0  980.2    0.8  194.0   32.6  444.0
2024  61  3  1 0500  444.0  980.4    0.4  208.0   25.5  444.0
2024  61  3  1 0600  444.0  980.3    0.8  200.0   46.5  444.0
2024  61  3  1 0700  444.0  980.2    1.0  193.0   58.6  444.0
2024  61  3  1 0800  444.0  980.2    1.4  211.0   75.4  444.0
2024  61  3  1 0900  -31.6  980.2    1.0  204.0   80.9  444.0
2024  61  3  1 1000  -30.9  980.1    1.9  179.0   79.2  444.0
2024  61  3  1 1100  -30.4  980.7    2.3  187.0   77.5  444.0
2024  61  3  1 1200  -33.0  980.8    3.1  181.0   75.0  444.0
2024  61  3  1 1300  -34.2  980.8    2.7  172.0   73.8  444.0
2024  61  3  1 1400  -34.0  980.9    2.3  174.0   73.8  444.0
2024  61  3  1 1500  -35.9  981.2    2.5  177.0   71.2  444.0
2024  61  3  1 1600  -36.4  981.5    2.5  180.0   71.2  444.0
2024  61  3  1 1700  -34.5  981.6    2.3  179.0   71.7  444.0
2024  61  3  1 1800  -35.2  982.0    1.9  110.0   71.7  444.0
2024  61  3  1 1900  -34.8  982.2    2.5  176.0   71.2  444.0
2024  61  3  1 2000  -32.9  982.7    3.1  174.0   72.5  444.0
2024  61  3  1 2100  -30.9  983.1    4.1  190.0   73.8  444.0
2024  61  3  1 2200  -30.4  983.0    4.5  197.0   67.5  444.0
2024  61  3  1 2300  -29.6  982.8    4.9  200.0   55.7  444.0
2024  62  3  2 0000  -28.5  982.7    6.2  194.0   56.1  444.0
2024  62  3  2 0100  -29.0  982.9    6.4  190.0   54.9  444.0
2024  62  3  2 0200  -28.5  982.8    4.5  197.0   50.7  444.0
2024  62  3  2 0300  -28.2  982.7    3.1  205.0   50.2  444.0
2024  62  3  2 0400  -28.6  982.6    3.3  208.0   54.0  444.0
2024  62  3  2 0500  -29.4  982.4    4.5  215.0   62.0  444.0
2024  62  3  2 0600  -29.8  982.3    5.1  219.0   67.5  444.0
2024  62  3  2 0700  -30.9  982.3    4.9  224.0   70.8  444.0
2024  62  3  2 0800  -31.4  982.4    6.0  217.0   73.8  444.0
2024  62  3  2 0900  -32.1  982.4    8.2  214.0   72.5  444.0
2024  62  3  2 1000  -32.8  982.6    6.6  218.0   74.2  444.0
2024  62  3  2 1100  -32.6  982.4    6.2  210.0   73.8  444.0
2024  62  3  2 1200  -30.9  982.6    5.8  215.0   75.0  444.0
2024  62  3  2 1300  -32.6  982.6    6.0  207.0   74.2  444.0
2024  62  3  2 1400  -30.5  982.9    0.6  210.0   76.7  444.0
2024  62  3  2 1500  -29.0  983.0    7.4  219.0   77.5  444.0
2024  62  3  2 1600  -32.6  983.4    6.2  217.0   72.5  444.0
2024  62  3  2 1700  -34.0  983.8    5.8  205.0   71.7  444.0
2024  62  3  2 1800  -33.8  984.1    6.4  217.0   69.6  444.0
2024  62  3  2 1900  -32.8  984.6    4.3  215.0   66.2  444.0
2024  62  3  2 2000  -31.5  984.8    4.1  221.0   59.5  444.0
2024  62  3  2 2100  -32.1  984.8    4.5  228.0   54.9  444.0
2024  62  3  2 2200  -29.9  984.9    5.7  212.0   53.6  444.0
2024  62  3  2 2300  -29.6  985.1    4.9  208.0   51.1  444.0
2024  63  3  3 0000  -29.1  985.4    4.3  224.0   49.0  444.0
2024  63  3  3 0100  -28.1  985.7    3.1  208.0   45.2  444.0
2024  63  3  3 0200  -27.0  985.9    2.5  221.0   42.7  444.0
2024  63  3  3 0300  -27.2  985.4    3.3  208.0   45.6  444.0
2024  63  3  3 0400  -27.4  985.6    2.5  218.0   47.7  444.0
2024  63  3  3 0500  -27.9  985.7    2.1  208.0   49.4  444.0
2024  63  3  3 0600  -30.9  985.8    2.3  224.0   57.4  444.0
2024  63  3  3 0700  -32.9  985.9    2.7  214.0   62.0  444.0
2024  63  3  3 0800  -34.5  986.2    2.7  218.0   67.0  444.0
2024  63  3  3 0900  -35.1  986.4    2.9  208.0   72.5  444.0
2024  63  3  3 1000  -36.9  986.5    3.1  204.0   71.2  444.0
2024  63  3  3 1100  -36.9  986.4    2.7  176.0   71.2  444.0
2024  63  3  3 1200  -37.1  986.2    2.5  162.0   72.1  444.0
2024  63  3  3 1300  -37.0  986.2    2.9  148.0   71.7  444.0
2024  63  3  3 1400  -36.4  986.1    2.7  146.0   72.9  444.0
2024  63  3  3 1500  -36.5  986.2    2.5  163.0   72.1  444.0
2024  63  3  3 1600  -39.1  986.1    3.3  197.0   67.9  444.0
2024  63  3  3 1700  -36.5  986.2    4.1  184.0   70.0  444.0
2024  63  3  3 1800  -35.5  986.5    3.5  170.0   69.1  444.0
2024  63  3  3 1900  -33.6  986.8    3.3  188.0   69.1  444.0
2024  63  3  3 2000  -31.6  987.0    5.1  187.0   62.0  444.0
2024  63  3  3 2100  -30.6  987.0    5.1  169.0   58.2  444.0
2024  63  3  3 2200  -29.4  986.7    4.9  177.0   54.9  444.0
2024  63  3  3 2300  -29.1  986.5    5.7  200.0   52.3  444.0
2024  64  3  4 0000  -28.6  986.5    5.7  181.0   52.3  444.0
2024  64  3  4 0100  -27.4  986.3    4.9  207.0   48.6  444.0
2024  64  3  4 0200  -27.9  986.2    5.5  204.0   50.7  444.0
2024  64  3  4 0300  -28.8  985.9    5.3  217.0   55.7  444.0
2024  64  3  4 0400  -28.0  985.7    4.3  212.0   56.5  444.0
2024  64  3  4 0500  -29.9  985.5    4.9  232.0   57.8  444.0
2024  64  3  4 0600  -31.6  985.6    3.9  221.0   59.9  444.0
2024  64  3  4 0700  -33.1  985.1    4.5  233.0   65.8  444.0
2024  64  3  4 0800  -34.4  985.1    4.1  236.0   70.0  444.0
2024  64  3  4 0900  -35.4  984.8    3.3  228.0   72.9  444.0
2024  64  3  4 1000  -36.9  984.6    3.9  236.0   73.8  444.0
2024  64  3  4 1100  -37.8  984.0    3.7  252.0   71.2  444.0
2024  64  3  4 1200  -37.8  983.7    3.3  248.0   71.2  444.0
2024  64  3  4 1300  -36.5  983.6    2.9  228.0   70.8  444.0
2024  64  3  4 1400  -36.1  983.3    2.7  225.0   70.4  444.0
2024  64  3  4 1500  -36.8  983.1    3.3  229.0   71.2  444.0
2024  64  3  4 1600  -37.9  983.1    3.3  211.0   69.6  444.0
2024  64  3  4 1700  -38.6  982.9    2.3  215.0   68.3  444.0
2024  64  3  4 1800  -37.8  982.7    2.1  225.0   67.9  444.0
2024  64  3  4 1900  -37.4  982.6    2.7  239.0   66.6  444.0
2024  64  3  4 2000  -35.4  982.3    2.3  245.0   65.8  444.0
2024  64  3  4 2100  -34.5  982.1    3.1  249.0   57.8  444.0
2024  64  3  4 2200  -32.9  982.0    2.5  259.0   46.9  444.0
2024  64  3  4 2300  -31.4  981.7    3.5  243.0   49.0  444.0
2024  65  3  5 0000  -30.6  981.6    3.7  245.0   48.1  444.0
2024  65  3  5 0100  -28.2  981.4    2.7  239.0   42.7  444.0
2024  65  3  5 0200  -27.2  981.2    1.8  235.0   34.7  444.0
2024  65  3  5 0300  -28.6  980.7    2.3  243.0   44.8  444.0
2024  65  3  5 0400  -27.9  980.5    2.1  217.0   51.9  444.0
2024  65  3  5 0500  -28.8  980.3    2.5  256.0   56.1  444.0
2024  65  3  5 0600  -30.2  980.2    2.5  240.0   63.3  444.0
2024  65  3  5 0700  -30.4  980.0    2.7  224.0   65.8  444.0
2024  65  3  5 0800  -29.4  979.8    1.9  276.0   64.9  444.0
2024  65  3  5 0900  -32.9  979.6    1.9  263.0   68.7  444.0
2024  65  3  5 1000  -34.1  979.5    1.6  267.0   72.5  444.0
2024  65  3  5 1100  -33.8  979.3    3.3  242.0   75.4  444.0
2024  65  3  5 1200  -33.5  979.4    2.5  187.0   75.0  444.0
2024  65  3  5 1300  -31.8  978.9    1.8  212.0   75.9  444.0
2024  65  3  5 1400  -32.9  978.7    1.8  253.0   73.3  444.0
2024  65  3  5 1500  -32.6  978.4    2.7  191.0   77.1  444.0
2024  65  3  5 1600  -33.5  978.1    2.1  195.0   75.0  444.0
2024  65  3  5 1700  -32.1  977.9    2.5  235.0   74.6  444.0
2024  65  3  5 1800  -30.4  977.3    3.9  228.0   75.4  444.0
2024  65  3  5 1900  -31.4  977.0    3.3  226.0   70.0  444.0
2024  65  3  5 2000  -29.4  976.7    4.5  232.0   61.2  444.0
2024  65  3  5 2100  -29.0  976.3    4.3  212.0   60.3  444.0
2024  65  3  5 2200  -29.4  975.9    4.7  215.0   56.1  444.0
2024  65  3  5 2300  -28.1  975.2    4.5  211.0   54.4  444.0
2024  66  3  6 0000  -27.2  974.5    6.0  218.0   55.3  444.0
2024  66  3  6 0100  -26.9  973.8    6.4  224.0   54.4  444.0
2024  66  3  6 0200  -26.2  973.0    5.8  221.0   53.2  444.0
2024  66  3  6 0300  -26.6  972.6    4.9  226.0   53.2  444.0
2024  66  3  6 0400  -27.6  972.1    4.7  240.0   57.8  444.0
2024  66  3  6 0500  -28.6  971.4    4.3  250.0   62.0  444.0
2024  66  3  6 0600  -30.9  971.2    4.7  263.0   64.1  444.0
2024  66  3  6 0700  -31.4  970.9    4.5  250.0   70.4  444.0
2024  66  3  6 0800  -32.0  970.7    4.3  253.0   72.1  444.0
2024  66  3  6 0900  -33.4  970.6    3.5  256.0   72.9  444.0
2024  66  3  6 1000  -35.5  970.5    1.9  281.0   72.9  444.0
2024  66  3  6 1100  -36.1  970.3    0.6  238.0   75.0  444.0
2024  66  3  6 1200  -34.0  970.4    2.1  235.0   76.7  444.0
2024  66  3  6 1300  -32.6  970.5    1.8  259.0   75.4  444.0
2024  66  3  6 1400  -31.4  970.4    2.9  288.0   80.1  444.0
2024  66  3  6 1500  -30.8  970.7    2.9  294.0   80.5  444.0
2024  66  3  6 1600  -32.6  970.9    1.2  285.0   75.0  444.0
2024  66  3  6 1700  -32.1  971.2    2.1  278.0   75.0  444.0
2024  66  3  6 1800  -32.0  971.4    1.9  270.0   77.1  444.0
2024  66  3  6 1900  -29.1  971.7    1.8  280.0   79.6  444.0
2024  66  3  6 2000  -27.9  971.8    1.6  307.0   77.5  444.0
2024  66  3  6 2100  -24.8  971.9    1.6  308.0   78.0  444.0
2024  66  3  6 2200  -25.1  971.8    2.5  321.0   78.8  444.0
2024  66  3  6 2300  -26.0  972.0    1.9  262.0   64.9  444.0
2024  67  3  7 0000  -26.1  971.9    3.1  262.0   62.4  444.0
2024  67  3  7 0100  -25.9  971.8    3.7  276.0   56.5  444.0
2024  67  3  7 0200  -24.6  971.3    4.3  283.0   58.2  444.0
2024  67  3  7 0300  -24.4  971.1    4.7  264.0   54.9  444.0
2024  67  3  7 0400  -25.8  971.1    4.5  269.0   63.3  444.0
2024  67  3  7 0500  -25.8  971.0    3.5  285.0   70.8  444.0
2024  67  3  7 0600  -26.0  970.4    4.9  291.0   72.9  444.0
2024  67  3  7 0700  -28.0  970.4    5.8  283.0   74.6  444.0
2024  67  3  7 0800  -29.0  970.3    4.9  276.0   72.9  444.0
2024  67  3  7 0900  -28.1  970.3    5.8  271.0   74.2  444.0
2024  67  3  7 1000  -26.9  970.6    5.7  274.0   72.9  444.0
2024  67  3  7 1100  -26.4  970.7    4.7  267.0   72.1  444.0
2024  67  3  7 1200  -25.9  970.8    3.5  288.0   69.6  444.0
2024  67  3  7 1300  -26.1  970.6    3.5  294.0   73.8  444.0
2024  67  3  7 1400  -25.1  970.5    1.9  266.0   75.4  444.0
2024  67  3  7 1500  -25.2  970.3    2.1  301.0   75.9  444.0
2024  67  3  7 1600  -25.9  970.2    1.0  288.0   80.1  444.0
2024  67  3  7 1700  444.0  970.4    0.4  205.0   83.0  444.0
2024  67  3  7 1800  444.0  970.6    0.8  342.0   76.3  444.0
2024  67  3  7 1900  444.0  970.4    0.8  342.0   72.5  444.0
2024  67  3  7 2000  -28.1  970.6    2.7  350.0   69.6  444.0
2024  67  3  7 2100  -28.2  970.6    2.5  352.0   77.5  444.0
2024  67  3  7 2200  -25.6  970.7    2.5  333.0   74.6  444.0
2024  67  3  7 2300  -25.2  971.0    1.8  328.0   72.5  444.0
2024  68  3  8 0000  -25.9  971.0    1.0  340.0   64.1  444.0
2024  68  3  8 0100  444.0  970.9    1.2  352.0   61.6  444.0
2024  68  3  8 0200  444.0  444.0    0.8  301.0   62.8  444.0
2024  68  3  8 0300  -25.1  444.0    1.8  295.0   85.5  444.0
2024  68  3  8 0400  -22.2  444.0    0.4  240.0   77.1  444.0
2024  68  3  8 0500  -21.4  444.0    1.2  181.0   78.0  444.0
2024  68  3  8 0600  -20.9  444.0    1.4  117.0   81.3  444.0
2024  68  3  8 0700  -20.9  444.0    2.3   96.0   84.3  444.0
2024  68  3  8 0800  -20.8  444.0    2.7  122.0   86.4  444.0
2024  68  3  8 0900  -20.2  444.0    2.5  121.0   87.2  444.0
2024  68  3  8 1000  -20.0  444.0    3.9  141.0   86.4  444.0
2024  68  3  8 1100  -19.8  444.0    4.1  127.0   86.8  444.0
2024  68  3  8 1200  -19.5  444.0    3.9  124.0   85.5  444.0
2024  68  3  8 1300  -19.0  444.0    3.3  138.0   86.8  444.0
2024  68  3  8 1400  -20.8  444.0    3.9  167.0   85.1  444.0
2024  68  3  8 1500  -19.5  444.0    4.1  149.0   86.4  444.0
2024  68  3  8 1600  -19.5  444.0    3.1  152.0   83.4  444.0
2024  68  3  8 1700  -20.5  444.0    2.7  184.0   82.6  444.0
2024  68  3  8 1800  -20.0  444.0    2.7  138.0   85.1  444.0
2024  68  3  8 1900  -20.5  444.0    2.9  155.0   82.6  444.0
2024  68  3  8 2000  -20.4  444.0    2.1  146.0   77.5  444.0
2024  68  3  8 2100  -20.2  444.0    2.7  141.0   74.6  444.0
2024  68  3  8 2200  -18.8  444.0    2.5  138.0   72.1  444.0
2024  68  3  8 2300  -18.4  444.0    3.9  156.0   67.9  444.0
2024  69  3  9 0000  -21.6  444.0    2.7  149.0   63.7  444.0
2024  69  3  9 0100  -22.0  444.0    2.3  146.0   62.4  444.0
2024  69  3  9 0200  -22.5  444.0    2.7  135.0   64.5  444.0
2024  69  3  9 0300  -22.0  444.0    1.9  160.0   62.8  444.0
2024  69  3  9 0400  -23.5  444.0    3.1  169.0   68.7  444.0
2024  69  3  9 0500  -26.4  444.0    3.5  181.0   80.9  444.0
2024  69  3  9 0600  -26.8  444.0    2.7  166.0   87.2  444.0
2024  69  3  9 0700  -27.4  983.4    2.1  188.0   83.8  444.0
2024  69  3  9 0800  -27.4  983.3    2.7  187.0   84.7  444.0
2024  69  3  9 0900  -29.4  983.8    3.1  204.0   80.9  444.0
2024  69  3  9 1000  -30.0  984.0    1.8  219.0   78.0  444.0
2024  69  3  9 1100  -31.1  984.4    2.1  219.0   76.3  444.0
2024  69  3  9 1200  -31.8  984.5    1.9  208.0   75.9  444.0
2024  69  3  9 1300  -31.4  984.6    2.5  218.0   77.1  444.0
2024  69  3  9 1400  -33.4  984.9    1.6  249.0   73.8  444.0
2024  69  3  9 1500  -33.4  985.2    2.3  231.0   74.6  444.0
2024  69  3  9 1600  -34.6  985.3    2.5  255.0   72.9  444.0
2024  69  3  9 1700  -33.6  985.5    2.5  221.0   74.2  444.0
2024  69  3  9 1800  -32.1  985.8    2.9  219.0   75.4  444.0
2024  69  3  9 1900  -31.4  986.0    2.5  208.0   75.0  444.0
2024  69  3  9 2000  -30.8  986.3    1.9  219.0   75.0  444.0
2024  69  3  9 2100  -29.9  986.7    1.8  222.0   75.4  444.0
2024  69  3  9 2200  -28.8  987.0    2.3  236.0   72.9  444.0
2024  69  3  9 2300  -27.4  987.4    2.5  243.0   62.4  444.0
2024  70  3 10 0000  -26.6  987.2    3.1  240.0   58.6  444.0
2024  70  3 10 0100  -25.8  987.7    2.5  222.0   55.3  444.0
2024  70  3 10 0200  -25.1  987.6    2.5  226.0   52.3  444.0
2024  70  3 10 0300  -25.2  987.8    2.3  256.0   53.2  444.0
2024  70  3 10 0400  -26.0  987.7    2.7  239.0   62.0  444.0
2024  70  3 10 0500  -26.4  988.0    2.5  242.0   68.7  444.0
2024  70  3 10 0600  -28.1  988.1    3.1  224.0   78.4  444.0
2024  70  3 10 0700  -28.2  988.3    3.3  233.0   80.9  444.0
2024  70  3 10 0800  -30.9  988.6    2.9  242.0   80.5  444.0
2024  70  3 10 0900  -30.9  989.0    3.1  236.0   80.1  444.0
2024  70  3 10 1000  -31.4  989.3    2.5  235.0   79.2  444.0
2024  70  3 10 1100  -30.9  989.4    2.9  228.0   79.6  444.0
2024  70  3 10 1200  -32.8  989.7    2.1  248.0   75.9  444.0
2024  70  3 10 1300  -33.8  990.1    1.9  249.0   74.6  444.0
2024  70  3 10 1400  -34.0  990.2    1.9  235.0   75.9  444.0
2024  70  3 10 1500  -34.5  990.1    1.2  270.0   72.5  444.0
2024  70  3 10 1600  -35.1  990.0    1.6  252.0   72.5  444.0
2024  70  3 10 1700  -34.1  990.6    1.6  276.0   72.9  444.0
2024  70  3 10 1800  -33.6  991.2    1.4  249.0   73.8  444.0
2024  70  3 10 1900  444.0  991.6    1.2  273.0   74.2  444.0
2024  70  3 10 2000  444.0  991.8    0.8  280.0   75.9  444.0
2024  70  3 10 2100  444.0  992.1    0.4  250.0   82.6  444.0
2024  70  3 10 2200  444.0  992.5    1.0  281.0   83.8  444.0
2024  70  3 10 2300  -28.6  992.8    1.0  308.0   72.1  444.0
2024  71  3 11 0000  -28.4  993.0    1.2  259.0   66.2  444.0
2024  71  3 11 0100  444.0  993.3    0.8  224.0   57.8  444.0
2024  71  3 11 0200  444.0  993.6    0.4  214.0   55.7  444.0
2024  71  3 11 0300  444.0  993.8    0.0    0.0   54.4  444.0
2024  71  3 11 0400  444.0  993.9    0.0    0.0   59.1  444.0
2024  71  3 11 0500  -30.8  994.0    2.1  118.0   80.1  444.0
2024  71  3 11 0600  444.0  994.6    0.0    0.0   80.1  444.0
2024  71  3 11 0700  -27.9  995.0    2.5  114.0   80.1  444.0
2024  71  3 11 0800  -29.1  995.4    2.1  127.0   79.2  444.0
2024  71  3 11 0900  -28.5  995.5    1.6  127.0   79.2  444.0
2024  71  3 11 1000  -26.6  995.7    1.4  107.0   81.3  444.0
2024  71  3 11 1100  -26.0  995.8    2.5  134.0   82.2  444.0
2024  71  3 11 1200  -24.9  996.5    1.6  132.0   82.6  444.0
2024  71  3 11 1300  -24.2  996.5    1.9  132.0   83.4  444.0
2024  71  3 11 1400  -23.9  996.5    2.9  146.0   83.4  444.0
2024  71  3 11 1500  -23.9  996.3    3.3  132.0   83.8  444.0
2024  71  3 11 1600  -23.5  996.5    3.7  134.0   84.3  444.0
2024  71  3 11 1700  -23.5  996.5    4.3  148.0   84.3  444.0
2024  71  3 11 1800  -23.4  996.6    3.3  155.0   84.3  444.0
2024  71  3 11 1900  -22.6  996.9    4.1  159.0   84.7  444.0
2024  71  3 11 2000  -22.5  997.2    3.5  145.0   84.7  444.0
2024  71  3 11 2100  -22.2  997.2    6.8  145.0   83.8  444.0
2024  71  3 11 2200  -22.1  997.3    7.8  153.0   80.9  444.0
2024  71  3 11 2300  -21.9  997.3    8.0  153.0   77.5  444.0
2024  72  3 12 0000  -22.0  997.5    8.2  165.0   78.0  444.0
2024  72  3 12 0100  -21.9  997.3    7.4  152.0   78.8  444.0
2024  72  3 12 0200  -21.9  997.3    8.8  163.0   79.6  444.0
2024  72  3 12 0300  -21.6  997.4   10.3  156.0   79.2  444.0
2024  72  3 12 0400  -21.2  997.5    8.6  153.0   77.5  444.0
2024  72  3 12 0500  -21.1  997.8    7.8  173.0   75.9  444.0
2024  72  3 12 0600  -21.1  997.9    8.4  165.0   77.5  444.0
2024  72  3 12 0700  -20.8  998.0    8.0  159.0   78.8  444.0
2024  72  3 12 0800  -20.8  998.1    7.0  169.0   79.2  444.0
2024  72  3 12 0900  -20.9  998.0   10.5  165.0   78.0  444.0
2024  72  3 12 1000  -21.9  998.1    8.2  167.0   77.5  444.0
2024  72  3 12 1100  -22.1  998.2   10.3  174.0   78.0  444.0
2024  72  3 12 1200  -22.8  998.4    9.0  170.0   78.8  444.0
2024  72  3 12 1300  -23.1  998.6   10.5  170.0   78.4  444.0
2024  72  3 12 1400  -23.4  998.6    9.8  180.0   79.2  444.0
2024  72  3 12 1500  -23.6  998.7   10.7  177.0   79.2  444.0
2024  72  3 12 1600  -24.2  998.9    8.8  183.0   79.2  444.0
2024  72  3 12 1700  -25.1  998.8   10.3  184.0   79.2  444.0
2024  72  3 12 1800  -26.0  998.7    9.8  187.0   78.8  444.0
2024  72  3 12 1900  -26.4  998.6    8.6  187.0   78.0  444.0
2024  72  3 12 2000  -26.9  998.7    9.4  188.0   75.4  444.0
2024  72  3 12 2100  -26.9  998.1   10.9  187.0   74.6  444.0
2024  72  3 12 2200  -26.9  998.4    8.8  183.0   74.2  444.0
2024  72  3 12 2300  -27.9  998.3    9.4  187.0   71.7  444.0
2024  73  3 13 0000  -27.5  998.5    8.8  179.0   69.1  444.0
2024  73  3 13 0100  -27.4  998.3    8.4  187.0   68.7  444.0
2024  73  3 13 0200  -27.2  998.2    6.8  184.0   70.4  444.0
2024  73  3 13 0300  -27.0  998.1    7.6  186.0   72.1  444.0
2024  73  3 13 0400  -26.8  997.9    7.2  181.0   74.6  444.0
2024  73  3 13 0500  -26.8  997.9    6.4  183.0   75.9  444.0
2024  73  3 13 0600  -26.5  997.8    5.8  180.0   78.8  444.0
2024  73  3 13 0700  -27.0  997.4    7.0  180.0   79.2  444.0
2024  73  3 13 0800  -26.6  997.3    6.0  181.0   80.5  444.0
2024  73  3 13 0900  -26.4  997.1    5.5  179.0   80.9  444.0
2024  73  3 13 1000  -27.1  996.8    6.2  177.0   80.1  444.0
2024  73  3 13 1100  -28.4  996.5    4.9  177.0   78.8  444.0
2024  73  3 13 1200  -29.6  996.0    5.7  194.0   77.5  444.0
2024  73  3 13 1300  -30.5  995.7    5.7  187.0   76.7  444.0
2024  73  3 13 1400  -32.1  995.4    5.1  190.0   74.2  444.0
2024  73  3 13 1500  -31.4  995.1    5.7  181.0   75.4  444.0
2024  73  3 13 1600  -30.9  994.7    5.5  194.0   75.9  444.0
2024  73  3 13 1700  -31.1  994.4    6.6  179.0   75.4  444.0
2024  73  3 13 1800  -30.5  994.2    5.8  184.0   75.9  444.0
2024  73  3 13 1900  -29.9  993.6    7.0  172.0   75.9  444.0
2024  73  3 13 2000  -28.8  993.1    7.2  180.0   74.2  444.0
2024  73  3 13 2100  -28.0  992.8    7.4  186.0   72.1  444.0
2024  73  3 13 2200  -27.9  992.5    8.0  174.0   73.3  444.0
2024  73  3 13 2300  -26.6  992.1    9.4  183.0   72.9  444.0
2024  74  3 14 0000  -25.5  991.7    8.6  180.0   72.9  444.0
2024  74  3 14 0100  -24.9  991.5    7.6  187.0   73.8  444.0
2024  74  3 14 0200  -25.1  990.9    7.8  180.0   74.2  444.0
2024  74  3 14 0300  -24.9  990.5    8.2  184.0   74.6  444.0
2024  74  3 14 0400  -25.1  990.2    7.0  179.0   74.6  444.0
2024  74  3 14 0500  -25.6  989.7    8.2  188.0   75.4  444.0
2024  74  3 14 0600  -25.9  989.3    7.2  187.0   75.9  444.0
2024  74  3 14 0700  -26.4  989.2    8.6  183.0   77.5  444.0
2024  74  3 14 0800  -26.6  989.5    9.2  190.0   77.1  444.0
2024  74  3 14 0900  -27.1  989.4    8.2  190.0   76.7  444.0
2024  74  3 14 1000  -27.6  988.9    7.4  186.0   76.3  444.0
2024  74  3 14 1100  -28.2  988.7    8.6  180.0   75.9  444.0
2024  74  3 14 1200  -29.6  988.7    7.8  186.0   75.9  444.0
2024  74  3 14 1300  -30.0  989.0    7.2  197.0   75.4  444.0
2024  74  3 14 1400  -30.0  988.6    8.4  194.0   75.4  444.0
2024  74  3 14 1500  -30.0  988.7    7.8  187.0   73.8  444.0
2024  74  3 14 1600  -29.4  988.7    7.2  184.0   72.9  444.0
2024  74  3 14 1700  -29.0  989.0    9.6  180.0   73.3  444.0
2024  74  3 14 1800  -28.2  989.1   10.9  177.0   73.8  444.0
2024  74  3 14 1900  -27.5  989.5    9.4  174.0   72.5  444.0
2024  74  3 14 2000  -27.4  989.8    7.6  181.0   71.2  444.0
2024  74  3 14 2100  -27.2  990.1    8.0  184.0   69.6  444.0
2024  74  3 14 2200  -26.1  989.8    9.6  188.0   70.0  444.0
2024  74  3 14 2300  -25.8  990.0    8.2  191.0   69.1  444.0
2024  75  3 15 0000  -25.2  989.9    8.4  191.0   68.3  444.0
2024  75  3 15 0100  -24.6  989.8    8.0  194.0   66.6  444.0
2024  75  3 15 0200  -24.9  989.5    8.0  187.0   67.9  444.0
2024  75  3 15 0300  -25.8  989.3    7.2  190.0   69.1  444.0
2024  75  3 15 0400  -26.8  989.0    9.4  195.0   70.0  444.0
2024  75  3 15 0500  -28.0  988.7    7.8  197.0   71.7  444.0
2024  75  3 15 0600  -28.8  988.8    8.0  197.0   72.1  444.0
2024  75  3 15 0700  -29.8  988.8    8.6  198.0   74.2  444.0
2024  75  3 15 0800  -30.4  988.7    8.8  205.0   74.6  444.0
2024  75  3 15 0900  -30.4  988.9    9.0  245.0   74.6  444.0
2024  75  3 15 1000  -30.8  989.2    7.2  202.0   74.6  444.0
2024  75  3 15 1100  -30.8  989.2    8.2  207.0   74.2  444.0
2024  75  3 15 1200  -30.9  989.4    7.2  207.0   74.6  444.0
2024  75  3 15 1300  -30.8  989.4    7.0  217.0   74.2  444.0
2024  75  3 15 1400  -30.6  989.6    6.0  224.0   73.8  444.0
2024  75  3 15 1500  -30.5  989.7    5.8  221.0   73.8  444.0
2024  75  3 15 1600  -30.8  989.5    7.0  218.0   72.5  444.0
2024  75  3 15 1700  -31.9  989.4    6.4  222.0   72.1  444.0
2024  75  3 15 1800  -32.1  989.5    5.8  218.0   72.9  444.0
2024  75  3 15 1900  -31.1  989.6    5.7  215.0   70.4  444.0
2024  75  3 15 2000  -30.5  989.7    5.3  226.0   67.5  444.0
2024  75  3 15 2100  -28.6  990.2    4.1  233.0   65.4  444.0
2024  75  3 15 2200  -29.0  990.3    5.8  229.0   62.4  444.0
2024  75  3 15 2300  -29.0  990.3    5.5  232.0   61.6  444.0
2024  76  3 16 0000  -28.1  990.4    6.0  233.0   62.4  444.0
2024  76  3 16 0100  -27.9  990.6    5.7  224.0   63.3  444.0
2024  76  3 16 0200  -27.6  990.6    5.7  238.0   64.5  444.0
2024  76  3 16 0300  -26.8  990.4    5.5  228.0   66.2  444.0
2024  76  3 16 0400  -27.4  990.4    4.5  190.0   72.5  444.0
2024  76  3 16 0500  -26.8  990.3    4.7  222.0   73.8  444.0
2024  76  3 16 0600  -27.0  990.7    4.3  248.0   75.9  444.0
2024  76  3 16 0700  -26.8  990.7    5.5  229.0   78.0  444.0
2024  76  3 16 0800  -26.4  990.8    6.2  219.0   77.1  444.0
2024  76  3 16 0900  -26.4  990.8    3.5  224.0   76.3  444.0
2024  76  3 16 1000  -26.4  990.7    2.7  245.0   76.3  444.0
2024  76  3 16 1100  -26.8  991.0    2.9  248.0   75.0  444.0
2024  76  3 16 1200  -26.4  990.9    4.1  224.0   74.2  444.0
2024  76  3 16 1300  -26.4  990.8    3.9  202.0   74.2  444.0
2024  76  3 16 1400  -26.4  991.4    3.5  259.0   75.9  444.0
2024  76  3 16 1500  -26.1  991.3    3.7  248.0   75.9  444.0
2024  76  3 16 1600  -25.6  991.3    4.7  238.0   75.4  444.0
2024  76  3 16 1700  -26.2  991.6    3.5  233.0   76.3  444.0
2024  76  3 16 1800  -26.0  991.5    4.3  221.0   75.9  444.0
2024  76  3 16 1900  -25.0  991.7    2.7  224.0   72.9  444.0
2024  76  3 16 2000  -23.9  991.9    3.1  260.0   74.2  444.0
2024  76  3 16 2100  -23.4  992.2    2.7  278.0   69.1  444.0
2024  76  3 16 2200  -21.6  992.5    1.9  274.0   59.1  444.0
2024  76  3 16 2300  -19.9  992.3    3.9  226.0   66.6  444.0
2024  77  3 17 0000  -19.1  992.1    0.8  229.0   65.4  444.0
2024  77  3 17 0100  -18.2  991.9    4.1  211.0   58.2  444.0
2024  77  3 17 0200  -18.5  991.7    3.1  224.0   63.7  444.0
2024  77  3 17 0300  -19.1  991.6    3.7  219.0   67.0  444.0
2024  77  3 17 0400  -17.9  991.6    2.7  224.0   64.1  444.0
2024  77  3 17 0500  -18.0  991.2    5.5  226.0   68.3  444.0
2024  77  3 17 0600  -18.5  990.9    5.1  238.0   70.4  444.0
2024  77  3 17 0700  -18.8  990.7    4.1  228.0   73.3  444.0
2024  77  3 17 0800  -18.0  990.5    2.9  224.0   72.5  444.0
2024  77  3 17 0900  -18.2  990.0    4.7  219.0   72.5  444.0
2024  77  3 17 1000  -19.0  989.5    7.0  218.0   72.5  444.0
2024  77  3 17 1100  -18.8  989.2    6.2  214.0   72.9  444.0
2024  77  3 17 1200  -17.9  988.5    7.2  212.0   73.3  444.0
2024  77  3 17 1300  -17.8  987.8    9.8  208.0   76.3  444.0
2024  77  3 17 1400  -18.0  987.1   10.9  211.0   78.8  444.0
2024  77  3 17 1500  -19.0  986.6   11.1  204.0   78.8  444.0
2024  77  3 17 1600  -19.5  985.6   10.5  210.0   80.1  444.0
2024  77  3 17 1700  -19.5  985.0    9.4  210.0   80.9  444.0
2024  77  3 17 1800  -20.1  984.8    8.8  211.0   82.2  444.0
2024  77  3 17 1900  -20.1  984.5    7.8  219.0   82.6  444.0
2024  77  3 17 2000  -20.1  984.2    7.2  212.0   80.5  444.0
2024  77  3 17 2100  -20.2  983.6    8.8  211.0   77.1  444.0
2024  77  3 17 2200  -20.2  983.1    8.8  215.0   72.5  444.0
2024  77  3 17 2300  -22.6  982.7    7.4  228.0   68.3  444.0
2024  78  3 18 0000  -22.8  982.6    5.5  222.0   68.3  444.0
2024  78  3 18 0100  -22.5  981.9    6.0  226.0   68.7  444.0
2024  78  3 18 0200  -21.9  981.2    5.7  219.0   70.4  444.0
2024  78  3 18 0300  -21.9  980.7    5.8  219.0   78.0  444.0
2024  78  3 18 0400  -21.9  980.1    5.5  226.0   75.4  444.0
2024  78  3 18 0500  -23.1  980.0    5.5  231.0   77.5  444.0
2024  78  3 18 0600  -24.5  980.0    4.1  229.0   80.9  444.0
2024  78  3 18 0700  -26.4  979.9    2.9  243.0   82.2  444.0
2024  78  3 18 0800  -26.8  979.5    2.7  252.0   82.2  444.0
2024  78  3 18 0900  -26.9  979.1    2.7  256.0   81.3  444.0
2024  78  3 18 1000  -27.6  978.7    3.1  280.0   80.5  444.0
2024  78  3 18 1100  -25.6  978.4    4.7  273.0   80.9  444.0
2024  78  3 18 1200  -28.2  978.3    2.7  294.0   75.9  444.0
2024  78  3 18 1300  -29.1  977.6    2.3  291.0   75.0  444.0
2024  78  3 18 1400  -30.8  977.1    2.1  318.0   75.9  444.0
2024  78  3 18 1500  -29.6  976.4    1.8  360.0   80.1  444.0
2024  78  3 18 1600  -31.5  976.1    2.9    3.0   78.0  444.0
2024  78  3 18 1700  -26.6  975.4    2.5   18.0   84.3  444.0
2024  78  3 18 1800  -24.9  975.0    2.9   20.0   84.3  444.0
2024  78  3 18 1900  -22.4  975.0    3.9   18.0   85.9  444.0
2024  78  3 18 2000  -20.8  974.7    3.3   34.0   86.8  444.0
2024  78  3 18 2100  -20.8  974.5    3.1   37.0   85.9  444.0
2024  78  3 18 2200  -19.5  974.3    2.5   42.0   85.9  444.0
2024  78  3 18 2300  -18.5  974.2    2.9   30.0   84.3  444.0
2024  79  3 19 0000  -17.2  973.9    2.9   46.0   85.1  444.0
2024  79  3 19 0100  -16.5  973.7    3.5   51.0   84.7  444.0
2024  79  3 19 0200  -16.1  973.6    3.9   45.0   84.3  444.0
2024  79  3 19 0300  -15.9  444.0    4.7   32.0   84.3  444.0
2024  79  3 19 0400  -14.9  444.0    3.9   35.0   89.3  444.0
2024  79  3 19 0500  -14.1  444.0    4.1   27.0   91.4  444.0
2024  79  3 19 0600  -13.8  444.0    4.9   24.0   93.9  444.0
2024  79  3 19 0700  -14.2  444.0    4.1   39.0   93.1  444.0
2024  79  3 19 0800  -14.4  444.0    5.1   48.0   93.1  444.0
2024  79  3 19 0900  -14.2  444.0    4.7   52.0   93.1  444.0
2024  79  3 19 1000  -14.4  444.0    5.7   39.0   92.2  444.0
2024  79  3 19 1100  -14.5  444.0    5.1   46.0   91.8  444.0
2024  79  3 19 1200  -15.9  444.0    4.1   77.0   91.0  444.0
2024  79  3 19 1300  -15.9  444.0    3.9   75.0   90.6  444.0
2024  79  3 19 1400  -16.5  444.0    3.3  105.0   90.1  444.0
2024  79  3 19 1500  -17.1  444.0    3.1  120.0   91.0  444.0
2024  79  3 19 1600  -17.2  444.0    2.7  118.0   90.6  444.0
2024  79  3 19 1700  -17.2  444.0    3.7  124.0   90.6  444.0
2024  79  3 19 1800  -17.1  444.0    6.0  124.0   90.1  444.0
2024  79  3 19 1900  -17.8  444.0    4.7  114.0   87.2  444.0
2024  79  3 19 2000  -18.0  444.0    5.7  108.0   85.5  444.0
2024  79  3 19 2100  -18.2  444.0    6.4  125.0   83.4  444.0
2024  79  3 19 2200  -17.9  444.0    6.0  120.0   82.2  444.0
2024  79  3 19 2300  -18.0  444.0    5.1  101.0   78.8  444.0
2024  80  3 20 0000  -19.0  444.0    6.0  149.0   80.9  444.0
2024  80  3 20 0100  -19.5  444.0    6.4  138.0   80.5  444.0
2024  80  3 20 0200  -19.8  444.0    5.3  141.0   79.6  444.0
2024  80  3 20 0300  -20.0  444.0    4.7  135.0   81.7  444.0
2024  80  3 20 0400  -20.8  444.0    3.9  156.0   83.0  444.0
2024  80  3 20 0500  -21.9  444.0    4.7  177.0   85.1  444.0
2024  80  3 20 0600  -23.4  444.0    4.5  177.0   85.1  444.0
2024  80  3 20 0700  -23.9  444.0    4.3  187.0   84.7  444.0
2024  80  3 20 0800  -26.0  985.6    4.9  188.0   82.2  444.0
2024  80  3 20 0900  -26.1  985.5    3.9  181.0   82.2  444.0
2024  80  3 20 1000  -27.0  985.4    3.7  180.0   80.5  444.0
2024  80  3 20 1100  -28.0  985.1    4.1  181.0   79.2  444.0
2024  80  3 20 1200  -28.8  984.7    3.1  172.0   78.8  444.0
2024  80  3 20 1300  -28.6  984.5    2.7  190.0   78.4  444.0
2024  80  3 20 1400  -29.0  984.3    3.5  166.0   78.8  444.0
2024  80  3 20 1500  -28.4  983.9    2.9  160.0   80.1  444.0
2024  80  3 20 1600  -27.0  983.5    1.9  139.0   81.3  444.0
2024  80  3 20 1700  -26.6  983.3    2.5  136.0   81.7  444.0
2024  80  3 20 1800  -27.1  983.0    3.1  198.0   80.5  444.0
2024  80  3 20 1900  -28.1  982.6    3.3  172.0   79.6  444.0
2024  80  3 20 2000  -27.0  982.3    3.9  169.0   80.1  444.0
2024  80  3 20 2100  -27.2  981.7    3.5  158.0   80.1  444.0
2024  80  3 20 2200  -26.0  981.4    3.7  187.0   79.2  444.0
2024  80  3 20 2300  -25.6  980.9    3.9  166.0   81.7  444.0
2024  81  3 21 0000  -24.4  980.5    4.7  180.0   76.7  444.0
2024  81  3 21 0100  -23.8  979.5    6.2  181.0   76.7  444.0
2024  81  3 21 0200  -23.1  979.1    5.5  169.0   77.5  444.0
2024  81  3 21 0300  -22.9  978.4    6.0  179.0   78.4  444.0
2024  81  3 21 0400  -22.1  978.0    4.9  177.0   78.0  444.0
2024  81  3 21 0500  -21.5  977.4    5.8  183.0   77.5  444.0
2024  81  3 21 0600  -22.0  977.1    4.9  177.0   79.2  444.0
2024  81  3 21 0700  -22.9  976.7    5.3  179.0   82.6  444.0
2024  81  3 21 0800  -22.1  976.5    5.8  180.0   84.7  444.0
2024  81  3 21 0900  -21.9  976.2    6.4  174.0   85.5  444.0
2024  81  3 21 1000  -21.0  976.0    5.5  167.0   86.4  444.0
2024  81  3 21 1100  -19.5  976.1    4.9  166.0   88.5  444.0
2024  81  3 21 1200  -17.2  976.3    3.5  134.0   91.0  444.0
2024  81  3 21 1300  -16.5  976.6    4.5  122.0   91.8  444.0
2024  81  3 21 1400  -17.1  977.0    3.9  136.0   90.6  444.0
2024  81  3 21 1500  -17.5  977.4    4.7  128.0   90.6  444.0
2024  81  3 21 1600  -18.2  977.8    4.9  134.0   89.7  444.0
2024  81  3 21 1700  -18.8  978.3    4.5  143.0   88.9  444.0
2024  81  3 21 1800  -19.9  979.0    4.7  128.0   88.0  444.0
2024  81  3 21 1900  -20.5  979.6    3.7  128.0   85.5  444.0
2024  81  3 21 2000  -21.9  980.0    3.5  138.0   80.5  444.0
2024  81  3 21 2100  -21.0  980.4    4.1  153.0   78.0  444.0
2024  81  3 21 2200  -21.2  980.8    5.3  149.0   75.9  444.0
2024  81  3 21 2300  -22.5  981.3    3.9  169.0   73.8  444.0
2024  82  3 22 0000  -23.2  981.5    4.3  167.0   74.2  444.0
2024  82  3 22 0100  -22.8  981.8    5.8  179.0   75.9  444.0
2024  82  3 22 0200  -22.1  982.1    6.4  174.0   80.5  444.0
2024  82  3 22 0300  -21.0  982.0    5.7  179.0   80.5  444.0
2024  82  3 22 0400  -22.1  981.9    5.5  187.0   80.9  444.0
2024  82  3 22 0500  -21.9  981.6    5.8  191.0   83.8  444.0
2024  82  3 22 0600  -22.5  981.6    5.3  205.0   85.1  444.0
2024  82  3 22 0700  -25.9  981.8    5.5  210.0   81.3  444.0
2024  82  3 22 0800  -26.9  981.6    5.1  202.0   80.5  444.0
2024  82  3 22 0900  -25.1  981.2    6.6  210.0   82.2  444.0
2024  82  3 22 1000  -23.5  980.5    6.2  208.0   84.3  444.0
2024  82  3 22 1100  -22.9  980.0    7.2  198.0   84.7  444.0
2024  82  3 22 1200  -23.4  979.8    6.0  195.0   84.3  444.0
2024  82  3 22 1300  -24.9  979.5    6.0  195.0   82.6  444.0
2024  82  3 22 1400  -27.2  979.2    5.7  195.0   79.2  444.0
2024  82  3 22 1500  -29.1  978.8    8.2  193.0   78.0  444.0
2024  82  3 22 1600  -28.6  978.7    7.6  195.0   79.2  444.0
2024  82  3 22 1700  -27.4  978.5    8.2  180.0   80.5  444.0
2024  82  3 22 1800  -26.8  978.0    7.4  191.0   80.9  444.0
2024  82  3 22 1900  -25.2  977.6   10.9  191.0   81.7  444.0
2024  82  3 22 2000  -24.6  977.1    9.9  194.0   81.7  444.0
2024  82  3 22 2100  -24.2  976.6    9.8  186.0   81.7  444.0
2024  82  3 22 2200  -23.5  975.8   10.1  197.0   81.7  444.0
2024  82  3 22 2300  -22.6  975.8    9.2  194.0   82.6  444.0
2024  83  3 23 0000  -22.0  975.5   12.1  191.0   83.0  444.0
2024  83  3 23 0100  -22.0  975.1   12.3  186.0   83.0  444.0
2024  83  3 23 0200  -22.6  975.1   12.1  188.0   83.0  444.0
2024  83  3 23 0300  -22.1  974.9   13.3  193.0   84.3  444.0
2024  83  3 23 0400  -22.0  974.3    9.9  195.0   84.7  444.0
2024  83  3 23 0500  -21.6  974.2   10.9  184.0   85.1  444.0
2024  83  3 23 0600  -20.8  974.3   11.3  190.0   87.2  444.0
2024  83  3 23 0700  -20.4  973.9   11.9  190.0   87.2  444.0
2024  83  3 23 0800  -21.9  974.2   10.7  194.0   85.9  444.0
2024  83  3 23 0900  -23.5  973.9   10.9  204.0   84.3  444.0
2024  83  3 23 1000  -23.9  974.0    9.8  207.0   83.4  444.0
2024  83  3 23 1100  -24.4  973.7   10.1  202.0   83.4  444.0
2024  83  3 23 1200  -24.6  973.7    9.2  211.0   83.0  444.0
2024  83  3 23 1300  -25.1  973.4   10.3  208.0   82.2  444.0
2024  83  3 23 1400  -25.5  973.5    7.8  207.0   82.2  444.0
2024  83  3 23 1500  -25.5  973.1    9.2  204.0   82.2  444.0
2024  83  3 23 1600  -25.1  973.0    9.4  202.0   82.6  444.0
2024  83  3 23 1700  -25.1  973.1    8.8  208.0   82.6  444.0
2024  83  3 23 1800  -26.0  973.1    8.6  210.0   81.3  444.0
2024  83  3 23 1900  -26.9  973.1    7.6  208.0   80.5  444.0
2024  83  3 23 2000  -27.4  973.2    5.7  201.0   79.2  444.0
2024  83  3 23 2100  -26.4  973.1    7.2  193.0   79.2  444.0
2024  83  3 23 2200  -25.9  973.4    6.4  200.0   79.2  444.0
2024  83  3 23 2300  -25.5  973.6    6.6  188.0   79.2  444.0
2024  84  3 24 0000  -24.9  973.6    6.8  194.0   78.8  444.0
2024  84  3 24 0100  -24.6  973.5    6.2  181.0   79.2  444.0
2024  84  3 24 0200  -24.6  973.5    4.7  172.0   79.6  444.0
2024  84  3 24 0300  -25.6  973.6    3.7  179.0   80.5  444.0
2024  84  3 24 0400  -24.2  973.4    5.8  167.0   81.3  444.0
2024  84  3 24 0500  -24.2  973.6    4.9  180.0   82.2  444.0
2024  84  3 24 0600  -23.9  973.7    4.7  172.0   83.0  444.0
2024  84  3 24 0700  -23.5  973.9    4.5  172.0   83.4  444.0
2024  84  3 24 0800  -23.2  974.1    4.9  153.0   83.4  444.0
2024  84  3 24 0900  -23.2  974.0    5.1  156.0   83.8  444.0
2024  84  3 24 1000  -23.4  973.9    6.8  148.0   83.8  444.0
2024  84  3 24 1100  -23.6  973.9    6.0  145.0   83.4  444.0
2024  84  3 24 1200  -23.8  974.1    7.0  143.0   83.4  444.0
2024  84  3 24 1300  -24.0  974.1    7.2  148.0   83.4  444.0
2024  84  3 24 1400  -23.9  974.2    5.5  139.0   83.8  444.0
2024  84  3 24 1500  -24.1  974.5    7.4  148.0   83.0  444.0
2024  84  3 24 1600  -24.2  974.6    7.0  143.0   83.0  444.0
2024  84  3 24 1700  -24.6  974.8    6.8  160.0   82.6  444.0
2024  84  3 24 1800  -24.2  975.0    8.0  158.0   83.0  444.0
2024  84  3 24 1900  -24.6  975.1   10.1  163.0   83.0  444.0
2024  84  3 24 2000  -24.0  975.4    8.8  167.0   83.0  444.0
2024  84  3 24 2100  -23.9  975.7   10.1  173.0   82.2  444.0
2024  84  3 24 2200  -24.0  976.2    9.8  172.0   81.7  444.0
2024  84  3 24 2300  -24.9  976.4    9.2  166.0   79.6  444.0
2024  85  3 25 0000  -24.6  976.6    8.6  177.0   78.4  444.0
2024  85  3 25 0100  -24.6  976.7    8.6  184.0   78.0  444.0
2024  85  3 25 0200  -23.6  976.7    9.6  177.0   81.3  444.0
2024  85  3 25 0300  -23.5  976.9   10.1  180.0   81.7  444.0
2024  85  3 25 0400  -24.5  976.9   11.3  198.0   81.3  444.0
2024  85  3 25 0500  -24.9  976.9   12.9  197.0   80.1  444.0
2024  85  3 25 0600  -25.8  977.0   10.5  190.0   80.5  444.0
2024  85  3 25 0700  -25.6  977.1    9.6  201.0   81.3  444.0
2024  85  3 25 0800  -25.6  976.9   13.1  211.0   80.9  444.0
2024  85  3 25 0900  -25.8  976.8   13.3  201.0   81.3  444.0
2024  85  3 25 1000  -26.4  977.5   13.1  191.0   80.5  444.0
2024  85  3 25 1100  -26.4  977.4   14.2  202.0   80.9  444.0
2024  85  3 25 1200  -27.4  977.3   13.8  208.0   79.6  444.0
2024  85  3 25 1300  -29.0  978.0   11.7  207.0   78.0  444.0
2024  85  3 25 1400  -27.1  977.6   13.1  210.0   80.5  444.0
2024  85  3 25 1500  -25.0  977.2   12.1  215.0   82.6  444.0
2024  85  3 25 1600  -23.8  977.0   13.1  214.0   83.8  444.0
2024  85  3 25 1700  -23.4  976.8   13.5  210.0   83.8  444.0
2024  85  3 25 1800  -23.2  977.0   13.3  207.0   84.3  444.0
2024  85  3 25 1900  -22.5  976.6   14.6  204.0   84.7  444.0
2024  85  3 25 2000  -22.1  976.1   12.3  212.0   84.7  444.0
2024  85  3 25 2100  -22.2  976.0   11.3  208.0   84.7  444.0
2024  85  3 25 2200  -21.9  976.2   14.2  207.0   84.3  444.0
2024  85  3 25 2300  -21.6  976.4   12.7  198.0   83.4  444.0
2024  86  3 26 0000  -20.8  976.8   11.7  202.0   83.4  444.0
2024  86  3 26 0100  -20.2  976.7   11.5  201.0   83.8  444.0
2024  86  3 26 0200  -19.5  977.0   11.9  188.0   84.7  444.0
2024  86  3 26 0300  -19.6  977.6   11.1  205.0   86.4  444.0
2024  86  3 26 0400  -21.6  978.2   11.5  215.0   83.8  444.0
2024  86  3 26 0500  -23.2  978.7    9.4  211.0   83.4  444.0
2024  86  3 26 0600  -24.6  978.9   11.7  226.0   82.2  444.0
2024  86  3 26 0700  -24.9  979.0   11.1  217.0   82.6  444.0
2024  86  3 26 0800  -24.4  979.3   10.7  218.0   83.0  444.0
2024  86  3 26 0900  -23.9  979.3   11.5  226.0   81.7  444.0
2024  86  3 26 1000  -24.9  979.8   10.3  226.0   80.9  444.0
2024  86  3 26 1100  -23.9  980.1   12.3  225.0   81.7  444.0
2024  86  3 26 1200  -25.0  980.9    8.2  228.0   78.8  444.0
2024  86  3 26 1300  -25.6  981.2    9.2  222.0   77.1  444.0
2024  86  3 26 1400  -25.2  981.7    7.4  235.0   76.3  444.0
2024  86  3 26 1500  -26.6  982.5    5.7  248.0   74.6  444.0
2024  86  3 26 1600  -27.5  982.7    4.7  253.0   73.8  444.0
2024  86  3 26 1700  -27.6  982.8    5.7  233.0   70.4  444.0
2024  86  3 26 1800  -28.6  983.3    4.7  256.0   71.2  444.0
2024  86  3 26 1900  -29.0  983.6    3.5  253.0   69.6  444.0
2024  86  3 26 2000  -29.1  983.8    4.7  256.0   67.9  444.0
2024  86  3 26 2100  -29.8  984.2    3.1  269.0   64.1  444.0
2024  86  3 26 2200  -29.8  984.5    2.1  273.0   59.9  444.0
2024  86  3 26 2300  -30.0  984.6    1.6  267.0   51.5  444.0
2024  87  3 27 0000  -29.9  984.5    1.9  285.0   56.1  444.0
2024  87  3 27 0100  -30.5  984.6    1.8  292.0   59.9  444.0
2024  87  3 27 0200  -30.5  984.5    2.1  270.0   54.4  444.0
2024  87  3 27 0300  -30.9  984.1    2.3  252.0   59.5  444.0
2024  87  3 27 0400  -31.6  983.8    2.1  255.0   62.0  444.0
2024  87  3 27 0500  -32.9  983.7    1.6  269.0   66.2  444.0
2024  87  3 27 0600  -33.1  983.4    1.9  260.0   72.1  444.0
2024  87  3 27 0700  -33.0  982.9    2.3  248.0   72.1  444.0
2024  87  3 27 0800  -33.9  981.9    3.1  228.0   70.8  444.0
2024  87  3 27 0900  -33.9  981.3    2.7  217.0   73.3  444.0
2024  87  3 27 1000  -33.4  980.5    1.0  156.0   74.2  444.0
2024  87  3 27 1100  -34.4  979.1    3.5  188.0   74.6  444.0
2024  87  3 27 1200  -34.0  978.2    3.3  183.0   76.3  444.0
2024  87  3 27 1300  -33.6  977.1    3.7  197.0   72.9  444.0
2024  87  3 27 1400  -32.1  975.9    4.1  190.0   74.6  444.0
2024  87  3 27 1500  -31.4  974.5    5.3  211.0   71.7  444.0
2024  87  3 27 1600  -30.9  973.9    5.1  212.0   72.1  444.0
2024  87  3 27 1700  -30.8  972.3    7.0  218.0   73.8  444.0
2024  87  3 27 1800  -31.9  970.9    6.2  212.0   73.3  444.0
2024  87  3 27 1900  -33.0  970.2    6.4  204.0   72.1  444.0
2024  87  3 27 2000  -33.4  969.3    6.2  200.0   71.2  444.0
2024  87  3 27 2100  -32.9  968.7    5.8  208.0   72.5  444.0
2024  87  3 27 2200  -28.8  967.9    7.4  205.0   76.7  444.0
2024  87  3 27 2300  -25.8  967.4    7.4  217.0   78.4  444.0
2024  88  3 28 0000  -23.8  966.9    6.6  214.0   80.9  444.0
2024  88  3 28 0100  -22.6  965.9    7.8  218.0   82.6  444.0
2024  88  3 28 0200  -22.0  965.3    6.0  218.0   83.0  444.0
2024  88  3 28 0300  -21.6  964.9    6.0  218.0   84.3  444.0
2024  88  3 28 0400  -21.4  964.3    7.2  210.0   85.9  444.0
2024  88  3 28 0500  -21.5  964.0    6.6  218.0   86.8  444.0
2024  88  3 28 0600  -21.0  963.6    7.2  215.0   86.8  444.0
2024  88  3 28 0700  -21.9  963.3    7.6  217.0   85.5  444.0
2024  88  3 28 0800  -22.9  963.2    6.6  204.0   85.1  444.0
2024  88  3 28 0900  -22.4  963.0    5.7  214.0   85.1  444.0
2024  88  3 28 1000  -21.9  963.0    5.7  226.0   86.8  444.0
2024  88  3 28 1100  -20.9  962.8    5.7  222.0   87.6  444.0
2024  88  3 28 1200  -20.4  962.4    5.3  228.0   87.6  444.0
2024  88  3 28 1300  -20.0  962.2    5.1  225.0   88.0  444.0
2024  88  3 28 1400  -19.9  962.1    6.2  225.0   88.0  444.0
2024  88  3 28 1500  -20.1  962.1    5.8  226.0   87.6  444.0
2024  88  3 28 1600  -20.8  962.2    6.0  224.0   87.6  444.0
2024  88  3 28 1700  -20.4  962.0    4.7  246.0   88.5  444.0
2024  88  3 28 1800  -20.2  962.0    3.7  253.0   87.6  444.0
2024  88  3 28 1900  -20.5  961.7    4.3  253.0   87.6  444.0
2024  88  3 28 2000  -20.2  962.1    3.3  281.0   87.6  444.0
2024  88  3 28 2100  -20.2  962.2    3.3  271.0   88.0  444.0
2024  88  3 28 2200  -20.2  962.5    2.9  255.0   88.0  444.0
2024  88  3 28 2300  -19.9  962.7    1.9  276.0   88.9  444.0
2024  89  3 29 0000  -19.6  444.0    1.6  318.0   85.1  444.0
2024  89  3 29 0100  -19.5  444.0    2.1  318.0   84.3  444.0
2024  89  3 29 0200  -19.5  967.4    2.7  297.0   85.5  444.0
2024  89  3 29 0300  -19.5  967.3    1.6  312.0   85.9  444.0
2024  89  3 29 0400  -19.5  967.3    1.4  292.0   85.5  444.0
2024  89  3 29 0500  -19.8  967.3    1.2  297.0   87.6  444.0
2024  89  3 29 0600  -20.1  967.4    0.6  266.0   87.6  444.0
2024  89  3 29 0700  -19.8  967.6    1.4  255.0   88.9  444.0
2024  89  3 29 0800  -20.2  967.7    0.6  197.0   88.0  444.0
2024  89  3 29 0900  -20.5  968.0    0.2   24.0   88.9  444.0
2024  89  3 29 1000  -20.2  967.9    2.1  153.0   88.0  444.0
2024  89  3 29 1100  -20.8  968.0    1.6  128.0   88.0  444.0
2024  89  3 29 1200  -21.1  967.9    2.1  138.0   87.2  444.0
2024  89  3 29 1300  -21.2  967.8    3.5  120.0   87.2  444.0
2024  89  3 29 1400  -20.4  968.1    3.7  139.0   86.8  444.0
2024  89  3 29 1500  -20.1  967.8    2.5  156.0   86.4  444.0
2024  89  3 29 1600  -21.6  967.7    2.3  217.0   85.5  444.0
2024  89  3 29 1700  -21.4  967.4    1.8  162.0   87.2  444.0
2024  89  3 29 1800  -22.1  967.3    1.0  155.0   86.4  444.0
2024  89  3 29 1900  -23.1  967.2    2.5  263.0   85.1  444.0
2024  89  3 29 2000  -23.1  966.8    3.3  215.0   84.7  444.0
2024  89  3 29 2100  -23.1  966.5    3.5  210.0   83.8  444.0
2024  89  3 29 2200  -23.4  966.1    3.3  201.0   81.7  444.0
2024  89  3 29 2300  -23.5  965.8    3.3  210.0   77.5  444.0
2024  90  3 30 0000  -23.2  965.2    3.5  190.0   75.4  444.0
2024  90  3 30 0100  -23.4  964.4    3.3  200.0   76.7  444.0
2024  90  3 30 0200  -23.4  963.6    4.1  195.0   77.1  444.0
2024  90  3 30 0300  -22.6  963.2    3.5  190.0   78.4  444.0
2024  90  3 30 0400  -22.6  962.7    5.5  205.0   79.2  444.0
2024  90  3 30 0500  -22.5  962.4    5.7  197.0   80.1  444.0
2024  90  3 30 0600  -22.1  961.8    6.0  195.0   81.7  444.0
2024  90  3 30 0700  -21.4  961.2    6.4  197.0   83.0  444.0
2024  90  3 30 0800  -21.2  960.6    6.8  198.0   84.7  444.0
2024  90  3 30 0900  -20.9  960.2    9.9  197.0   86.8  444.0
2024  90  3 30 1000  -20.9  959.6    9.9  191.0   86.8  444.0
2024  90  3 30 1100  -20.9  959.4   10.3  193.0   86.8  444.0
2024  90  3 30 1200  -21.2  958.8    8.8  188.0   86.4  444.0
2024  90  3 30 1300  -21.6  958.4   11.1  183.0   85.9  444.0
2024  90  3 30 1400  -22.8  958.0   11.3  193.0   85.1  444.0
2024  90  3 30 1500  -23.1  957.4   11.1  200.0   84.7  444.0
2024  90  3 30 1600  -22.8  956.8   11.1  200.0   85.1  444.0
2024  90  3 30 1700  -22.6  955.9   13.1  201.0   85.1  444.0
2024  90  3 30 1800  -21.9  955.7   12.3  204.0   86.4  444.0
2024  90  3 30 1900  -21.1  955.6   10.3  210.0   86.8  444.0
2024  90  3 30 2000  -21.2  955.3   11.5  205.0   86.4  444.0
2024  90  3 30 2100  -22.1  954.6   11.1  207.0   85.1  444.0
2024  90  3 30 2200  -22.6  954.5   13.1  208.0   84.7  444.0
2024  90  3 30 2300  -22.8  954.0   12.3  208.0   83.8  444.0
2024  91  3 31 0000  -22.8  953.5   10.9  207.0   83.8  444.0
2024  91  3 31 0100  -22.1  953.1   11.9  201.0   83.8  444.0
2024  91  3 31 0200  -21.9  952.7   10.5  205.0   84.7  444.0
2024  91  3 31 0300  -21.2  952.5    9.8  208.0   85.9  444.0
2024  91  3 31 0400  -20.4  952.0   11.3  207.0   87.2  444.0
2024  91  3 31 0500  -19.8  951.8   12.1  204.0   87.6  444.0
2024  91  3 31 0600  -20.9  951.9   10.1  198.0   87.2  444.0
2024  91  3 31 0700  -20.9  951.5   10.7  212.0   87.2  444.0
2024  91  3 31 0800  -20.8  951.3   11.9  195.0   87.6  444.0
2024  91  3 31 0900  -19.5  951.0   12.5  197.0   88.5  444.0
2024  91  3 31 1000  -19.5  950.8   14.0  200.0   88.5  444.0
2024  91  3 31 1100  -17.8  950.9   14.4  193.0   90.1  444.0
2024  91  3 31 1200  -17.6  952.0   10.3  201.0   89.7  444.0
2024  91  3 31 1300  -19.8  951.6   14.0  205.0   88.0  444.0
2024  91  3 31 1400  -20.2  951.7   12.9  207.0   87.2  444.0
2024  91  3 31 1500  -20.2  951.6   15.4  208.0   87.2  444.0
2024  91  3 31 1600  -20.1  951.7   13.1  207.0   87.2  444.0
2024  91  3 31 1700  -20.1  951.2    9.6  215.0   87.2  444.0
2024  91  3 31 1800  -21.2  951.6   10.3  217.0   85.9  444.0
2024  91  3 31 1900  -22.1  951.5   10.3  218.0   84.7  444.0
2024  91  3 31 2000  -22.6  951.6    9.4  211.0   83.8  444.0
2024  91  3 31 2100  -23.2  951.7   13.5  212.0   83.4  444.0
2024  91  3 31 2200  -23.9  952.7    9.9  222.0   81.7  444.0
2024  91  3 31 2300  -23.1  953.0    9.6  224.0   82.6  444.0
