Year: 2017  Month: 07  ID: VTO  ARGOS:  8931  Name: Vito                
Lat: 78.47S  Lon: 177.79E  Elev:   50m
2017 182  7  1 0000  -36.8  979.1    2.1  214.0   69.1  444.0
2017 182  7  1 0100  -38.5  978.9    3.7  225.0   68.3  444.0
2017 182  7  1 0200  -38.6  979.1    4.3  229.0   67.9  444.0
2017 182  7  1 0300  -37.4  978.2    5.7  232.0   69.6  444.0
2017 182  7  1 0400  -35.1  977.9    7.8  221.0   72.9  444.0
2017 182  7  1 0500  -34.8  977.1    7.6  211.0   72.9  444.0
2017 182  7  1 0600  -33.4  976.9    7.4  207.0   73.3  444.0
2017 182  7  1 0700  -33.6  977.1    6.0  191.0   73.8  444.0
2017 182  7  1 0800  -32.9  977.6    7.8  197.0   74.6  444.0
2017 182  7  1 0900  -31.8  978.1    8.6  193.0   75.9  444.0
2017 182  7  1 1000  -31.8  978.7    8.0  191.0   75.0  444.0
2017 182  7  1 1100  -31.8  979.6    8.8  194.0   75.0  444.0
2017 182  7  1 1200  -32.9  980.0    7.2  186.0   74.2  444.0
2017 182  7  1 1300  -32.8  980.3    7.6  187.0   74.2  444.0
2017 182  7  1 1400  -33.4  981.0    6.0  198.0   73.3  444.0
2017 182  7  1 1500  -34.0  981.6    6.4  184.0   72.9  444.0
2017 182  7  1 1600  -35.1  982.8    5.1  218.0   70.8  444.0
2017 182  7  1 1700  -35.9  983.2    6.0  204.0   70.8  444.0
2017 182  7  1 1800  -36.1  983.8    7.2  197.0   70.8  444.0
2017 182  7  1 1900  -36.8  984.1    4.1  211.0   69.6  444.0
2017 182  7  1 2000  -37.4  984.6    2.9  233.0   68.3  444.0
2017 182  7  1 2100  -38.6  985.0    3.9  240.0   67.5  444.0
2017 182  7  1 2200  -38.0  984.6    2.3  149.0   68.3  444.0
2017 182  7  1 2300  -38.1  984.4    0.0    0.0   67.9  444.0
2017 183  7  2 0000  -39.2  985.0    3.5  297.0   67.0  444.0
2017 183  7  2 0100  -39.1  984.5    0.8  300.0   66.6  444.0
2017 183  7  2 0200  -38.8  984.1    2.5  322.0   67.5  444.0
2017 183  7  2 0300  -38.2  983.6    3.1  338.0   67.5  444.0
2017 183  7  2 0400  -37.4  982.7    4.1  346.0   68.7  444.0
2017 183  7  2 0500  -35.8  982.0    4.5  342.0   70.8  444.0
2017 183  7  2 0600  -33.2  981.6    4.7  336.0   73.3  444.0
2017 183  7  2 0700  -33.5  981.2    2.7  335.0   72.5  444.0
2017 183  7  2 0800  -34.4  981.1    2.1  335.0   71.7  444.0
2017 183  7  2 0900  -34.1  980.9    1.9  335.0   72.5  444.0
2017 183  7  2 1000  -34.4  980.5    2.9  302.0   72.9  444.0
2017 183  7  2 1100  -34.4  980.5    2.1  283.0   72.9  444.0
2017 183  7  2 1200  -33.2  980.6    2.7  291.0   73.3  444.0
2017 183  7  2 1300  -33.1  979.7    1.8  300.0   74.6  444.0
2017 183  7  2 1400  -33.5  979.1    2.1  309.0   72.5  444.0
2017 183  7  2 1500  -33.9  978.9    3.7  262.0   73.3  444.0
2017 183  7  2 1600  -35.2  978.9    8.0  238.0   71.2  444.0
2017 183  7  2 1700  -36.0  978.7    5.7  263.0   70.4  444.0
2017 183  7  2 1800  -37.0  978.6    6.0  256.0   69.1  444.0
2017 183  7  2 1900  -38.1  978.5    7.6  235.0   67.5  444.0
2017 183  7  2 2000  -39.1  978.0    5.5  233.0   67.0  444.0
2017 183  7  2 2100  -39.8  977.9    4.9  243.0   65.8  444.0
2017 183  7  2 2200  -39.9  977.6    6.0  249.0   66.2  444.0
2017 183  7  2 2300  -39.4  977.2   10.5  236.0   66.2  444.0
2017 184  7  3 0000  -40.9  977.0    9.8  229.0   64.5  444.0
2017 184  7  3 0100  -40.5  976.9   11.7  219.0   65.4  444.0
2017 184  7  3 0200  -40.5  977.6    9.0  207.0   64.9  444.0
2017 184  7  3 0300  -41.0  977.5    9.4  204.0   64.1  444.0
2017 184  7  3 0400  -41.2  977.4    9.2  205.0   64.1  444.0
2017 184  7  3 0500  -41.5  977.9    9.4  204.0   64.1  444.0
2017 184  7  3 0600  -42.1  978.1    9.2  207.0   63.3  444.0
2017 184  7  3 0700  -42.4  978.1    8.4  207.0   63.3  444.0
2017 184  7  3 0800  -42.8  978.3    8.0  207.0   62.4  444.0
2017 184  7  3 0900  -42.5  978.2    8.6  215.0   62.8  444.0
2017 184  7  3 1000  -42.6  977.8    8.2  215.0   62.8  444.0
2017 184  7  3 1100  -42.5  977.6    7.2  219.0   62.8  444.0
2017 184  7  3 1200  -42.2  977.8    5.8  228.0   62.8  444.0
2017 184  7  3 1300  -41.8  976.8    7.8  214.0   63.7  444.0
2017 184  7  3 1400  -41.2  977.0    6.4  225.0   64.1  444.0
2017 184  7  3 1500  -42.1  977.0    6.4  217.0   62.8  444.0
2017 184  7  3 1600  -42.9  976.9    5.8  224.0   62.0  444.0
2017 184  7  3 1700  -43.9  976.7    5.1  226.0   61.6  444.0
2017 184  7  3 1800  -42.9  976.0    6.0  242.0   62.4  444.0
2017 184  7  3 1900  -42.5  975.7    5.3  229.0   62.8  444.0
2017 184  7  3 2000  -42.5  975.5    5.3  229.0   62.4  444.0
2017 184  7  3 2100  -42.4  975.2    5.3  248.0   62.8  444.0
2017 184  7  3 2200  -42.9  975.2    4.1  233.0   62.0  444.0
2017 184  7  3 2300  -43.2  975.1    3.1  228.0   61.6  444.0
2017 185  7  4 0000  -43.4  974.9    3.1  255.0   61.6  444.0
2017 185  7  4 0100  -43.4  974.9    4.5  235.0   61.6  444.0
2017 185  7  4 0200  -44.5  974.5    4.9  256.0   60.3  444.0
2017 185  7  4 0300  -44.1  974.5    4.7  246.0   60.7  444.0
2017 185  7  4 0400  -44.8  973.8    2.7  288.0   60.3  444.0
2017 185  7  4 0500  -42.5  973.3    3.7  278.0   63.3  444.0
2017 185  7  4 0600  -40.6  973.3    4.7  269.0   64.5  444.0
2017 185  7  4 0700  -39.8  972.9    6.8  252.0   66.6  444.0
2017 185  7  4 0800  -36.6  972.6    8.0  249.0   69.1  444.0
2017 185  7  4 0900  -37.8  973.0    6.4  232.0   67.5  444.0
2017 185  7  4 1000  -41.4  973.4    3.5  238.0   63.3  444.0
2017 185  7  4 1100  -43.2  973.7    3.7  257.0   61.6  444.0
2017 185  7  4 1200  -44.1  973.7    2.9  245.0   61.2  444.0
2017 185  7  4 1300  -44.9  973.9    2.3  239.0   59.1  444.0
2017 185  7  4 1400  -46.4  973.9    3.5  255.0   58.2  444.0
2017 185  7  4 1500  -46.2  974.2    2.5  240.0   58.2  444.0
2017 185  7  4 1600  -46.4  974.1    2.5  236.0   59.1  444.0
2017 185  7  4 1700  -46.6  973.6    2.5  300.0   57.4  444.0
2017 185  7  4 1800  -46.0  973.5    3.3  300.0   59.1  444.0
2017 185  7  4 1900  -44.5  972.7    2.7  318.0   60.7  444.0
2017 185  7  4 2000  -42.2  972.5    2.7  298.0   62.0  444.0
2017 185  7  4 2100  -43.0  972.7    3.1  277.0   61.6  444.0
2017 185  7  4 2200  -45.1  973.0    2.1  214.0   58.6  444.0
2017 185  7  4 2300  -47.4  973.5    3.1  233.0   56.5  444.0
2017 186  7  5 0000  -48.6  973.5    3.5  214.0   55.3  444.0
2017 186  7  5 0100  -49.5  973.7    2.7  226.0   54.4  444.0
2017 186  7  5 0200  -50.4  974.6    3.7  273.0   53.6  444.0
2017 186  7  5 0300  -51.0  974.3    2.7  224.0   52.8  444.0
2017 186  7  5 0400  -51.9  973.8    2.5  190.0   51.9  444.0
2017 186  7  5 0500  -52.4  974.4    2.9  211.0   51.5  444.0
2017 186  7  5 0600  -52.8  974.3    3.7  205.0   51.1  444.0
2017 186  7  5 0700  -52.9  974.6    4.9  215.0   50.7  444.0
2017 186  7  5 0800  -52.8  974.8    4.3  219.0   51.1  444.0
2017 186  7  5 0900  -52.8  974.6    4.7  235.0   51.1  444.0
2017 186  7  5 1000  -52.5  974.5    3.5  225.0   51.1  444.0
2017 186  7  5 1100  -52.4  973.9    3.9  245.0   51.1  444.0
2017 186  7  5 1200  -51.9  974.0    4.5  256.0   51.9  444.0
2017 186  7  5 1300  -51.4  973.9    3.5  246.0   51.9  444.0
2017 186  7  5 1400  -51.1  973.3    3.5  246.0   52.3  444.0
2017 186  7  5 1500  -50.4  973.3    5.3  259.0   53.2  444.0
2017 186  7  5 1600  -50.0  973.0    3.5  252.0   53.6  444.0
2017 186  7  5 1700  -50.4  973.0    4.1  252.0   53.2  444.0
2017 186  7  5 1800  -50.6  972.9    3.7  259.0   52.8  444.0
2017 186  7  5 1900  -50.2  972.6    3.1  273.0   53.2  444.0
2017 186  7  5 2000  -51.0  972.6    2.1  276.0   52.3  444.0
2017 186  7  5 2100  -51.1  972.0    1.8  231.0   52.3  444.0
2017 186  7  5 2200  -52.0  971.8    1.8  269.0   51.5  444.0
2017 186  7  5 2300  -51.6  971.4    1.9  302.0   51.5  444.0
2017 187  7  6 0000  -50.4  970.9    1.2  274.0   54.4  444.0
2017 187  7  6 0100  -51.9  971.0    1.4  311.0   51.5  444.0
2017 187  7  6 0200  -51.6  970.9    0.6  311.0   51.5  444.0
2017 187  7  6 0300  -51.4  970.3    0.8  314.0   51.9  444.0
2017 187  7  6 0400  -51.4  969.8    1.4  319.0   51.9  444.0
2017 187  7  6 0500  -49.9  969.2    2.1  319.0   54.0  444.0
2017 187  7  6 0600  -49.5  969.0    2.3  319.0   53.6  444.0
2017 187  7  6 0700  -49.0  968.8    1.4  300.0   54.4  444.0
2017 187  7  6 0800  -49.0  969.0    1.2  266.0   54.4  444.0
2017 187  7  6 0900  -46.5  968.9    2.5  259.0   57.8  444.0
2017 187  7  6 1000  -46.0  968.7    2.1  281.0   57.4  444.0
2017 187  7  6 1100  -45.5  968.5    3.3  260.0   58.6  444.0
2017 187  7  6 1200  -42.8  968.4    3.3  271.0   62.0  444.0
2017 187  7  6 1300  -41.5  968.2    3.5  285.0   62.4  444.0
2017 187  7  6 1400  -40.4  968.4    4.9  263.0   64.1  444.0
2017 187  7  6 1500  -39.1  967.8    7.4  262.0   65.8  444.0
2017 187  7  6 1600  -36.2  967.4    7.4  263.0   69.6  444.0
2017 187  7  6 1700  -35.2  966.5    7.2  267.0   70.4  444.0
2017 187  7  6 1800  -35.5  965.8    6.2  273.0   69.6  444.0
2017 187  7  6 1900  -36.5  965.3    6.2  273.0   69.1  444.0
2017 187  7  6 2000  -37.1  965.2    4.9  274.0   67.9  444.0
2017 187  7  6 2100  -37.0  965.0    4.7  269.0   70.0  444.0
2017 187  7  6 2200  -35.0  964.9    4.5  277.0   70.8  444.0
2017 187  7  6 2300  -33.8  964.4    3.9  278.0   72.5  444.0
2017 188  7  7 0000  -32.6  963.6    2.3  283.0   73.8  444.0
2017 188  7  7 0100  -32.9  963.5    0.4  294.0   72.9  444.0
2017 188  7  7 0200  -33.9  963.2    2.1  221.0   71.7  444.0
2017 188  7  7 0300  -35.5  963.5    2.7  221.0   70.0  444.0
2017 188  7  7 0400  -39.4  963.8    5.3  166.0   64.5  444.0
2017 188  7  7 0500  -42.6  964.1    5.5  179.0   61.2  444.0
2017 188  7  7 0600  -44.9  964.2    4.5  169.0   59.9  444.0
2017 188  7  7 0700  -45.6  964.8    5.7  188.0   59.1  444.0
2017 188  7  7 0800  -45.8  964.7    4.7  197.0   59.1  444.0
2017 188  7  7 0900  -45.2  965.4    5.5  190.0   59.5  444.0
2017 188  7  7 1000  -45.9  965.9    4.9  195.0   58.6  444.0
2017 188  7  7 1100  -45.0  966.3    6.6  207.0   60.7  444.0
2017 188  7  7 1200  -43.2  967.1    6.2  193.0   62.4  444.0
2017 188  7  7 1300  -41.8  966.8    5.1  198.0   63.7  444.0
2017 188  7  7 1400  -42.1  966.9    4.1  226.0   62.4  444.0
2017 188  7  7 1500  -42.6  966.3    4.5  242.0   62.4  444.0
2017 188  7  7 1600  -39.5  965.4    6.4  232.0   66.2  444.0
2017 188  7  7 1700  -37.0  964.7    8.6  225.0   69.6  444.0
2017 188  7  7 1800  -35.9  964.5    7.0  214.0   70.8  444.0
2017 188  7  7 1900  -33.4  964.4    8.4  210.0   73.8  444.0
2017 188  7  7 2000  -31.5  964.3    8.6  215.0   74.2  444.0
2017 188  7  7 2100  -34.0  964.8    9.0  204.0   71.7  444.0
2017 188  7  7 2200  -36.0  964.7    9.0  191.0   69.1  444.0
2017 188  7  7 2300  -38.9  965.4   11.9  172.0   65.4  444.0
2017 189  7  8 0000  -40.2  965.8    8.4  187.0   65.4  444.0
2017 189  7  8 0100  -39.9  966.4    8.6  197.0   66.2  444.0
2017 189  7  8 0200  -40.1  966.7    8.0  198.0   65.4  444.0
2017 189  7  8 0300  -40.5  967.0    7.0  202.0   64.9  444.0
2017 189  7  8 0400  -41.6  967.3    6.6  201.0   63.7  444.0
2017 189  7  8 0500  -41.6  967.4    7.0  187.0   63.3  444.0
2017 189  7  8 0600  -41.5  968.1    7.0  202.0   63.7  444.0
2017 189  7  8 0700  -41.1  968.6    6.8  205.0   64.5  444.0
2017 189  7  8 0800  -40.9  968.9    5.5  202.0   64.5  444.0
2017 189  7  8 0900  -41.6  969.2    5.5  204.0   63.3  444.0
2017 189  7  8 1000  -42.9  969.6    4.5  212.0   61.6  444.0
2017 189  7  8 1100  -43.5  969.5    4.1  231.0   61.6  444.0
2017 189  7  8 1200  -43.4  969.3    4.9  211.0   62.0  444.0
2017 189  7  8 1300  -43.0  969.4    3.3  198.0   61.2  444.0
2017 189  7  8 1400  -44.5  969.8    2.9  202.0   59.9  444.0
2017 189  7  8 1500  -45.0  969.8    4.9  207.0   59.5  444.0
2017 189  7  8 1600  -46.2  969.6    1.9  235.0   58.2  444.0
2017 189  7  8 1700  -47.0  969.8    3.1  233.0   57.8  444.0
2017 189  7  8 1800  -46.6  969.5    2.7  250.0   58.6  444.0
2017 189  7  8 1900  -47.2  969.7    1.0  256.0   57.0  444.0
2017 189  7  8 2000  -48.1  969.7    1.4  256.0   56.1  444.0
2017 189  7  8 2100  -46.9  969.7    2.5  257.0   58.6  444.0
2017 189  7  8 2200  -46.9  969.6    2.3  257.0   57.8  444.0
2017 189  7  8 2300  -47.1  969.6    1.0  256.0   57.0  444.0
2017 190  7  9 0000  -47.5  969.6    1.9  257.0   56.5  444.0
2017 190  7  9 0100  -47.0  969.8    2.3  256.0   57.8  444.0
2017 190  7  9 0200  -46.5  970.0    2.1  229.0   58.2  444.0
2017 190  7  9 0300  -46.6  970.3    2.1  239.0   57.8  444.0
2017 190  7  9 0400  -46.9  970.6    2.1  232.0   57.8  444.0
2017 190  7  9 0500  -45.6  970.8    2.5  239.0   58.6  444.0
2017 190  7  9 0600  -45.9  971.1    1.8  225.0   58.6  444.0
2017 190  7  9 0700  -45.6  971.9    1.8  222.0   58.6  444.0
2017 190  7  9 0800  -45.9  972.5    2.1  214.0   58.2  444.0
2017 190  7  9 0900  -43.5  973.0    1.6  231.0   61.6  444.0
2017 190  7  9 1000  -42.2  973.4    2.9  211.0   62.8  444.0
2017 190  7  9 1100  -41.5  974.2    1.4  224.0   63.3  444.0
2017 190  7  9 1200  -41.1  974.8    2.5  257.0   63.7  444.0
2017 190  7  9 1300  -40.5  975.2    1.9  239.0   64.1  444.0
2017 190  7  9 1400  -40.6  975.8    0.0    0.0   64.1  444.0
2017 190  7  9 1500  -41.1  976.4    1.9  255.0   63.3  444.0
2017 190  7  9 1600  -42.1  976.6    0.8  269.0   62.4  444.0
2017 190  7  9 1700  -42.6  976.8    1.6  277.0   61.6  444.0
2017 190  7  9 1800  -44.0  977.4    1.4  277.0   59.9  444.0
2017 190  7  9 1900  -44.6  978.2    2.1  277.0   59.9  444.0
2017 190  7  9 2000  -45.5  978.7    4.1  257.0   58.6  444.0
2017 190  7  9 2100  -46.4  979.5    4.7  240.0   57.4  444.0
2017 190  7  9 2200  -47.4  980.7    3.7  225.0   56.5  444.0
2017 190  7  9 2300  -48.2  981.9    2.3  257.0   55.7  444.0
2017 191  7 10 0000  -48.9  982.9    2.1  257.0   54.9  444.0
2017 191  7 10 0100  -49.4  983.6  444.0  444.0   54.4  444.0
2017 191  7 10 0200  -49.6  984.6    2.7  229.0   54.4  444.0
2017 191  7 10 0300  -49.5  985.6    2.1  215.0   54.4  444.0
2017 191  7 10 0400  -50.0  986.4    1.2  245.0   53.6  444.0
2017 191  7 10 0500  -49.9  987.1    1.4  242.0   54.0  444.0
2017 191  7 10 0600  -49.5  988.2    1.4  225.0   54.4  444.0
2017 191  7 10 0700  -50.0  989.5    1.0  163.0   53.6  444.0
2017 191  7 10 0800  -49.2  990.5    1.0  278.0   54.0  444.0
2017 191  7 10 0900  -49.0  991.2    0.0    0.0   55.3  444.0
2017 191  7 10 1000  -48.6  991.9    0.2  280.0   55.3  444.0
2017 191  7 10 1100  -48.6  992.6    0.8  280.0   55.3  444.0
2017 191  7 10 1200  -48.2  992.9    0.8  280.0   54.9  444.0
2017 191  7 10 1300  -48.2  994.0    1.6  280.0   55.3  444.0
2017 191  7 10 1400  -50.0  994.9    0.0    0.0   53.2  444.0
2017 191  7 10 1500  -50.4  995.5    2.1  280.0   52.8  444.0
2017 191  7 10 1600  -49.4  995.9    3.1   56.0   54.9  444.0
2017 191  7 10 1700  -48.9  996.4    1.2   56.0   53.6  444.0
2017 191  7 10 1800  -49.4  996.8    1.4   56.0   54.0  444.0
2017 191  7 10 1900  -47.2  997.0   11.9   79.0   57.8  444.0
2017 191  7 10 2000  -42.1  997.3    3.5   62.0   64.5  444.0
2017 191  7 10 2100  -39.9  997.9    2.7   63.0   64.9  444.0
2017 191  7 10 2200  -38.2  998.4    1.9   65.0   66.6  444.0
2017 191  7 10 2300  -37.6  998.4    2.1   65.0   67.5  444.0
2017 192  7 11 0000  -36.1  998.3    2.3   83.0   69.1  444.0
2017 192  7 11 0100  -34.8  997.9    3.1   94.0   70.8  444.0
2017 192  7 11 0200  -34.0  997.6    3.9  105.0   71.7  444.0
2017 192  7 11 0300  -33.0  997.2    4.5  101.0   72.9  444.0
2017 192  7 11 0400  -32.8  996.9    4.1  117.0   73.3  444.0
2017 192  7 11 0500  -31.4  996.4    5.5  125.0   74.6  444.0
2017 192  7 11 0600  -30.8  995.7    6.6  121.0   75.9  444.0
2017 192  7 11 0700  -30.4  994.8    7.6  118.0   75.9  444.0
2017 192  7 11 0800  -30.6  993.6    8.4  139.0   75.9  444.0
2017 192  7 11 0900  -30.9  992.4    7.6  132.0   75.4  444.0
2017 192  7 11 1000  -31.4  990.6    8.4  138.0   75.0  444.0
2017 192  7 11 1100  -31.8  989.3    9.4  148.0   74.6  444.0
2017 192  7 11 1200  -32.6  987.7   13.5  149.0   74.2  444.0
2017 192  7 11 1300  -32.8  985.4   11.3  158.0   73.8  444.0
2017 192  7 11 1400  -32.8  983.7   11.9  156.0   74.2  444.0
2017 192  7 11 1500  -32.6  982.7   13.3  153.0   73.8  444.0
2017 192  7 11 1600  -32.6  980.6   12.3  162.0   74.2  444.0
2017 192  7 11 1700  -33.0  978.5   13.6  172.0   73.8  444.0
2017 192  7 11 1800  -33.1  976.8   14.8  177.0   73.3  444.0
2017 192  7 11 1900  -35.1  975.2   14.4  173.0   71.2  444.0
2017 192  7 11 2000  -35.5  974.1   13.5  176.0   70.8  444.0
2017 192  7 11 2100  -36.1  973.1   15.4  188.0   70.0  444.0
2017 192  7 11 2200  -36.9  972.0   14.8  188.0   69.1  444.0
2017 192  7 11 2300  -36.9  971.1   14.2  190.0   69.6  444.0
2017 193  7 12 0000  -36.2  970.4   14.2  201.0   70.4  444.0
2017 193  7 12 0100  -37.4  970.6   15.0  201.0   68.7  444.0
2017 193  7 12 0200  -39.1  970.5   18.5  211.0   66.6  444.0
2017 193  7 12 0300  -40.9  970.7   16.2  222.0   64.5  444.0
2017 193  7 12 0400  -41.8  971.3   15.8  221.0   63.7  444.0
2017 193  7 12 0500  -41.8  971.8   14.6  232.0   63.7  444.0
2017 193  7 12 0600  -41.1  972.1   19.9  232.0   64.5  444.0
2017 193  7 12 0700  -40.2  972.3   16.6  236.0   65.8  444.0
2017 193  7 12 0800  -39.1  972.6   15.8  235.0   66.2  444.0
2017 193  7 12 0900  -40.0  973.5   13.8  240.0   66.2  444.0
2017 193  7 12 1000  -39.1  973.4   12.1  238.0   67.0  444.0
2017 193  7 12 1100  -38.6  973.9   11.1  233.0   67.5  444.0
2017 193  7 12 1200  -38.2  974.2    8.8  232.0   67.5  444.0
2017 193  7 12 1300  -38.9  974.8    8.0  266.0   66.6  444.0
2017 193  7 12 1400  -40.5  975.3    5.7  269.0   64.5  444.0
2017 193  7 12 1500  -40.6  975.2    5.1  249.0   65.4  444.0
2017 193  7 12 1600  -40.9  975.4    3.5  256.0   64.5  444.0
2017 193  7 12 1700  -40.1  975.2    2.3  256.0   65.8  444.0
2017 193  7 12 1800  -39.5  974.6    0.2  257.0   66.2  444.0
2017 193  7 12 1900  -38.6  974.6    0.6  257.0   67.0  444.0
2017 193  7 12 2000  -38.4  974.0    1.8  257.0   66.6  444.0
2017 193  7 12 2100  -38.9  973.6    2.5  278.0   66.2  444.0
2017 193  7 12 2200  -40.4  972.7    2.3  278.0   64.5  444.0
2017 193  7 12 2300  -40.4  971.7    3.5  278.0   64.9  444.0
2017 194  7 13 0000  -40.5  971.3  444.0  444.0   64.5  444.0
2017 194  7 13 0100  -40.9  970.1  444.0  444.0   64.5  444.0
2017 194  7 13 0200  -41.6  969.4  444.0  444.0   62.8  444.0
2017 194  7 13 0300  -42.5  968.9  444.0  444.0   62.4  444.0
2017 194  7 13 0400  -43.4  968.2  444.0  444.0   60.3  444.0
2017 194  7 13 0500  -43.9  967.7  444.0  444.0   61.2  444.0
2017 194  7 13 0600  -46.0  967.4  444.0  444.0   56.5  444.0
2017 194  7 13 0700  -47.4  967.5  444.0  444.0   57.4  444.0
2017 194  7 13 0800  -45.9  967.0  444.0  444.0   58.6  444.0
2017 194  7 13 0900  -45.9  967.1    3.9  229.0   59.1  444.0
2017 194  7 13 1000  -46.9  967.0    1.9  219.0   57.0  444.0
2017 194  7 13 1100  -47.2  966.4    2.5  277.0   57.4  444.0
2017 194  7 13 1200  -43.6  966.0    3.3  298.0   62.0  444.0
2017 194  7 13 1300  -40.1  965.6    6.4  273.0   65.4  444.0
2017 194  7 13 1400  -39.1  965.2    8.0  271.0   65.4  444.0
2017 194  7 13 1500  -38.1  965.3    8.2  267.0   67.0  444.0
2017 194  7 13 1600  -39.2  966.2    6.6  269.0   65.4  444.0
2017 194  7 13 1700  -41.1  966.6    4.5  264.0   63.7  444.0
2017 194  7 13 1800  -40.9  966.8    6.0  273.0   64.9  444.0
2017 194  7 13 1900  -39.8  966.9    6.2  287.0   65.4  444.0
2017 194  7 13 2000  -38.2  967.2    5.7  262.0   67.9  444.0
2017 194  7 13 2100  -38.2  967.8    6.4  259.0   67.0  444.0
2017 194  7 13 2200  -37.6  968.3    6.4  235.0   67.9  444.0
2017 194  7 13 2300  -40.1  968.7    2.3  269.0   64.5  444.0
2017 195  7 14 0000  -40.8  968.8    2.3  280.0   64.9  444.0
2017 195  7 14 0100  -40.9  969.3    2.1  280.0   64.1  444.0
2017 195  7 14 0200  -40.5  969.6    2.5  280.0   64.5  444.0
2017 195  7 14 0300  -43.4  969.7    1.9  292.0   61.6  444.0
2017 195  7 14 0400  -43.4  970.6    1.9  202.0   60.3  444.0
2017 195  7 14 0500  -44.6  970.5    3.3  276.0   60.3  444.0
2017 195  7 14 0600  -44.9  970.9    3.5  276.0   59.9  444.0
2017 195  7 14 0700  -42.6  970.7    5.1  267.0   61.2  444.0
2017 195  7 14 0800  -40.1  971.6    5.5  273.0   64.9  444.0
2017 195  7 14 0900  -41.5  972.1    3.9  291.0   62.4  444.0
2017 195  7 14 1000  -42.9  972.8    3.9  255.0   61.2  444.0
2017 195  7 14 1100  -44.5  973.1    4.9  224.0   59.5  444.0
2017 195  7 14 1200  -46.2  973.5    4.1  233.0   57.8  444.0
2017 195  7 14 1300  -47.8  974.5    5.5  215.0   56.1  444.0
2017 195  7 14 1400  -49.5  974.7    4.5  242.0   54.4  444.0
2017 195  7 14 1500  -50.0  975.4    4.1  243.0   54.0  444.0
2017 195  7 14 1600  -49.9  975.8    6.0  228.0   54.0  444.0
2017 195  7 14 1700  -51.0  976.7    4.5  233.0   52.8  444.0
2017 195  7 14 1800  -51.1  977.1    4.9  233.0   52.8  444.0
2017 195  7 14 1900  -51.6  978.0    5.5  236.0   52.3  444.0
2017 195  7 14 2000  -51.9  978.4    4.7  229.0   51.9  444.0
2017 195  7 14 2100  -52.1  978.7    3.9  219.0   51.5  444.0
2017 195  7 14 2200  -52.8  979.5    3.9  249.0   51.1  444.0
2017 195  7 14 2300  -52.2  979.9    4.5  225.0   51.1  444.0
2017 196  7 15 0000  -52.8  980.0    1.6  243.0   50.7  444.0
2017 196  7 15 0100  -53.4  980.6    0.4  259.0   49.8  444.0
2017 196  7 15 0200  -53.5  980.9    2.9  253.0   49.8  444.0
2017 196  7 15 0300  -53.4  980.9    1.0  276.0   50.2  444.0
2017 196  7 15 0400  -52.5  980.5    2.3  285.0   51.1  444.0
2017 196  7 15 0500  -52.6  980.5    2.5  292.0   51.1  444.0
2017 196  7 15 0600  -48.8  981.1    4.7  291.0   55.3  444.0
2017 196  7 15 0700  -46.4  980.6    2.9  277.0   57.4  444.0
2017 196  7 15 0800  -47.0  980.3    1.6  273.0   56.5  444.0
2017 196  7 15 0900  -44.8  980.8    3.1  264.0   60.3  444.0
2017 196  7 15 1000  -40.6  979.8    5.5  281.0   64.1  444.0
2017 196  7 15 1100  -42.1  979.5    5.3  281.0   62.0  444.0
2017 196  7 15 1200  -43.9  979.6    3.7  264.0   59.9  444.0
2017 196  7 15 1300  -46.5  980.5    3.5  224.0   57.4  444.0
2017 196  7 15 1400  -48.6  980.8    2.9  218.0   54.9  444.0
2017 196  7 15 1500  -50.0  981.5    4.1  232.0   53.6  444.0
2017 196  7 15 1600  -50.8  981.8    4.1  211.0   52.8  444.0
2017 196  7 15 1700  -52.1  982.7    2.5  195.0   51.1  444.0
2017 196  7 15 1800  -53.1  982.8    2.3  194.0   49.8  444.0
2017 196  7 15 1900  -54.1  983.5    3.3  212.0   49.0  444.0
2017 196  7 15 2000  -54.2  984.0    2.9  210.0   49.0  444.0
2017 196  7 15 2100  -54.6  984.6    2.9  225.0   48.6  444.0
2017 196  7 15 2200  -54.0  985.0    3.1  238.0   49.4  444.0
2017 196  7 15 2300  -53.4  985.3    3.1  228.0   49.8  444.0
2017 197  7 16 0000  -53.2  985.1    2.9  207.0   49.8  444.0
2017 197  7 16 0100  -53.4  985.3    1.8  221.0   49.4  444.0
2017 197  7 16 0200  -53.6  985.7    1.6  228.0   49.4  444.0
2017 197  7 16 0300  -53.6  986.1    1.8  253.0   49.0  444.0
2017 197  7 16 0400  -54.1  985.8    0.6  256.0   49.0  444.0
2017 197  7 16 0500  -51.4  986.0    2.5  217.0   56.1  444.0
2017 197  7 16 0600  -50.9  986.1    1.9  205.0   51.1  444.0
2017 197  7 16 0700  -52.4  986.4    0.0    0.0   51.1  444.0
2017 197  7 16 0800  -51.9  986.7    2.1  224.0   51.5  444.0
2017 197  7 16 0900  -51.6  986.8    0.2  205.0   53.2  444.0
2017 197  7 16 1000  -49.5  987.2    0.0    0.0   53.2  444.0
2017 197  7 16 1100  -49.9  987.5    0.0    0.0   53.2  444.0
2017 197  7 16 1200  -52.9  987.2    1.4  269.0   49.8  444.0
2017 197  7 16 1300  -51.8  987.1    1.0  269.0   51.9  444.0
2017 197  7 16 1400  -50.6  987.1    2.1  269.0   52.8  444.0
2017 197  7 16 1500  -49.2  986.6    1.9  269.0   53.6  444.0
2017 197  7 16 1600  -49.6  986.2    1.2  269.0   53.2  444.0
2017 197  7 16 1700  -49.6  986.3    2.1  281.0   53.2  444.0
2017 197  7 16 1800  -48.6  986.4    3.1  260.0   54.9  444.0
2017 197  7 16 1900  -47.8  986.0    2.7  249.0   54.9  444.0
2017 197  7 16 2000  -47.5  986.0    2.9  263.0   55.3  444.0
2017 197  7 16 2100  -48.0  986.1    2.1  226.0   55.7  444.0
2017 197  7 16 2200  -45.6  986.0    1.9  256.0   59.1  444.0
2017 197  7 16 2300  -42.6  985.7    2.5  255.0   62.0  444.0
2017 198  7 17 0000  -46.2  985.3    2.1  269.0   56.5  444.0
2017 198  7 17 0100  -46.2  985.2    0.0    0.0   56.1  444.0
2017 198  7 17 0200  -46.2  985.1    1.2  260.0   55.7  444.0
2017 198  7 17 0300  -43.2  984.8  444.0  444.0   62.0  444.0
2017 198  7 17 0400  -40.9  984.3  444.0  444.0   63.3  444.0
2017 198  7 17 0500  -39.9  984.0  444.0  444.0   64.5  444.0
2017 198  7 17 0600  -42.2  983.8  444.0  444.0   59.5  444.0
2017 198  7 17 0700  -40.6  983.9  444.0  444.0   63.7  444.0
2017 198  7 17 0800  -40.4  983.9  444.0  444.0   60.7  444.0
2017 198  7 17 0900  -39.1  983.6  444.0  444.0   64.5  444.0
2017 198  7 17 1000  -41.2  983.0  444.0  444.0   60.7  444.0
2017 198  7 17 1100  -43.4  982.5  444.0  444.0   61.6  444.0
2017 198  7 17 1200  -42.1  981.9  444.0  444.0   62.0  444.0
2017 198  7 17 1300  -40.9  981.2  444.0  444.0   63.7  444.0
2017 198  7 17 1400  -41.1  980.3  444.0  444.0   62.4  444.0
2017 198  7 17 1500  -42.5  979.4  444.0  444.0   61.2  444.0
2017 198  7 17 1600  -43.9  978.8  444.0  444.0   60.7  444.0
2017 198  7 17 1700  -43.9  978.4  444.0  444.0   59.5  444.0
2017 198  7 17 1800  -45.4  978.0  444.0  444.0   57.8  444.0
2017 198  7 17 1900  -47.8  977.7  444.0  444.0   55.7  444.0
2017 198  7 17 2000  -48.8  977.4  444.0  444.0   54.4  444.0
2017 198  7 17 2100  -49.6  977.6  444.0  444.0   54.0  444.0
2017 198  7 17 2200  -49.9  977.5  444.0  444.0   53.6  444.0
2017 198  7 17 2300  -50.1  977.1  444.0  444.0   53.2  444.0
2017 199  7 18 0000  -50.1  976.2  444.0  444.0   53.2  444.0
2017 199  7 18 0100  -50.5  975.1  444.0  444.0   52.8  444.0
2017 199  7 18 0200  -50.8  974.4  444.0  444.0   52.3  444.0
2017 199  7 18 0300  -51.0  973.4  444.0  444.0   52.3  444.0
2017 199  7 18 0400  -50.6  972.8  444.0  444.0   52.8  444.0
2017 199  7 18 0500  -49.8  971.9  444.0  444.0   53.6  444.0
2017 199  7 18 0600  -49.5  972.1  444.0  444.0   54.0  444.0
2017 199  7 18 0700  -49.4  970.8  444.0  444.0   54.0  444.0
2017 199  7 18 0800  -49.0  970.5  444.0  444.0   54.9  444.0
2017 199  7 18 0900  -47.4  970.3  444.0  444.0   56.1  444.0
2017 199  7 18 1000  -47.8  969.2  444.0  444.0   56.1  444.0
2017 199  7 18 1100  -47.2  968.9  444.0  444.0   56.1  444.0
2017 199  7 18 1200  -48.2  967.7  444.0  444.0   54.9  444.0
2017 199  7 18 1300  -48.4  967.0  444.0  444.0   54.4  444.0
2017 199  7 18 1400  -48.9  966.7  444.0  444.0   54.9  444.0
2017 199  7 18 1500  -49.4  965.9  444.0  444.0   53.6  444.0
2017 199  7 18 1600  -49.4  965.3  444.0  444.0   53.6  444.0
2017 199  7 18 1700  -49.5  964.6  444.0  444.0   53.6  444.0
2017 199  7 18 1800  -47.2  964.1  444.0  444.0   56.5  444.0
2017 199  7 18 1900  -46.2  963.7    4.1  231.0   57.8  444.0
2017 199  7 18 2000  -43.9  963.4    3.5  197.0   59.9  444.0
2017 199  7 18 2100  -44.2  962.7    2.5  204.0   58.6  444.0
2017 199  7 18 2200  -45.0  962.4    3.3  225.0   58.2  444.0
2017 199  7 18 2300  -44.5  962.2    3.1  208.0   59.1  444.0
2017 200  7 19 0000  -43.5  961.8    4.7  193.0   60.7  444.0
2017 200  7 19 0100  -43.2  961.5    4.7  204.0   61.6  444.0
2017 200  7 19 0200  -41.1  961.2    5.3  211.0   62.8  444.0
2017 200  7 19 0300  -42.5  961.4    5.7  204.0   61.6  444.0
2017 200  7 19 0400  -42.6  961.0    8.4  188.0   61.2  444.0
2017 200  7 19 0500  -43.0  961.7    6.4  193.0   60.7  444.0
2017 200  7 19 0600  -43.9  961.8    5.3  205.0   60.3  444.0
2017 200  7 19 0700  -43.9  962.1    4.3  207.0   60.3  444.0
2017 200  7 19 0800  -44.8  962.2    5.7  210.0   59.5  444.0
2017 200  7 19 0900  -44.5  962.0    5.7  215.0   59.1  444.0
2017 200  7 19 1000  -44.6  961.5    5.3  215.0   59.5  444.0
2017 200  7 19 1100  -44.5  961.4    5.1  215.0   59.5  444.0
2017 200  7 19 1200  -45.1  961.4    4.3  217.0   58.2  444.0
2017 200  7 19 1300  -45.4  961.6    5.1  214.0   58.2  444.0
2017 200  7 19 1400  -44.8  961.7    5.3  210.0   59.5  444.0
2017 200  7 19 1500  -44.2  962.1    5.3  205.0   59.9  444.0
2017 200  7 19 1600  -43.9  962.6    5.5  211.0   60.3  444.0
2017 200  7 19 1700  -44.1  962.8    5.8  191.0   59.9  444.0
2017 200  7 19 1800  -45.1  963.5    4.5  201.0   58.2  444.0
2017 200  7 19 1900  -46.2  963.7    3.9  205.0   57.0  444.0
2017 200  7 19 2000  -47.6  963.8    2.9  197.0   55.7  444.0
2017 200  7 19 2100  -48.2  964.0    2.3  181.0   54.9  444.0
2017 200  7 19 2200  -49.6  964.4    2.1  197.0   53.2  444.0
2017 200  7 19 2300  -51.0  964.8    1.6  179.0   51.9  444.0
2017 201  7 20 0000  -51.8  964.8    1.8  179.0   51.5  444.0
2017 201  7 20 0100  -52.4  965.1    1.2  184.0   50.7  444.0
2017 201  7 20 0200  -52.4  965.7    2.5  256.0   51.1  444.0
2017 201  7 20 0300  -53.1  966.0    1.9  228.0   49.8  444.0
2017 201  7 20 0400  -53.2  966.1    1.8  245.0   49.8  444.0
2017 201  7 20 0500  -52.4  966.5    1.2  238.0   50.7  444.0
2017 201  7 20 0600  -52.5  966.7    1.6  246.0   50.2  444.0
2017 201  7 20 0700  -52.6  967.3    0.4  221.0   49.8  444.0
2017 201  7 20 0800  -52.8  968.0    1.0  250.0   50.2  444.0
2017 201  7 20 0900  -52.2  968.1    2.1  184.0   51.9  444.0
2017 201  7 20 1000  -49.5  968.9    2.1  172.0   54.4  444.0
2017 201  7 20 1100  -50.4  970.2    2.5  172.0   52.3  444.0
2017 201  7 20 1200  -50.8  971.1    3.3  193.0   52.3  444.0
2017 201  7 20 1300  -50.0  971.8    5.3  181.0   53.2  444.0
2017 201  7 20 1400  -48.9  972.3    6.8  183.0   54.4  444.0
2017 201  7 20 1500  -47.4  972.4    8.0  193.0   57.8  444.0
2017 201  7 20 1600  -42.6  971.7    7.2  212.0   62.4  444.0
2017 201  7 20 1700  -41.0  970.9    9.6  218.0   63.3  444.0
2017 201  7 20 1800  -39.8  968.8   12.1  212.0   65.4  444.0
2017 201  7 20 1900  -38.5  966.8   12.9  235.0   66.2  444.0
2017 201  7 20 2000  -36.2  964.2   14.4  221.0   69.1  444.0
2017 201  7 20 2100  -34.0  962.7   17.7  210.0   72.1  444.0
2017 201  7 20 2200  -31.0  962.8   16.8  184.0   75.0  444.0
2017 201  7 20 2300  -31.1  962.9   13.6  190.0   74.6  444.0
2017 202  7 21 0000  -31.4  962.3   10.7  208.0   74.6  444.0
2017 202  7 21 0100  -30.4  961.0   12.5  195.0   76.3  444.0
2017 202  7 21 0200  -29.0  960.4   15.0  191.0   78.0  444.0
2017 202  7 21 0300  -26.8  959.9   14.2  194.0   81.3  444.0
2017 202  7 21 0400  -24.8  959.0   17.7  195.0   83.0  444.0
2017 202  7 21 0500  -23.4  959.0   19.7  202.0   84.3  444.0
2017 202  7 21 0600  -22.0  958.6   18.1  191.0   85.9  444.0
2017 202  7 21 0700  -20.8  958.4   20.3  195.0   86.8  444.0
2017 202  7 21 0800  -20.4  958.1   17.4  194.0   87.6  444.0
2017 202  7 21 0900  -20.0  957.8   14.4  194.0   87.6  444.0
2017 202  7 21 1000  -19.9  957.5   14.4  191.0   88.0  444.0
2017 202  7 21 1100  -20.8  957.8    7.4  179.0   86.8  444.0
2017 202  7 21 1200  -22.9  958.3    3.9  186.0   84.7  444.0
2017 202  7 21 1300  -22.8  958.3    3.9  198.0   85.5  444.0
2017 202  7 21 1400  -21.1  957.9    4.9  202.0   86.8  444.0
2017 202  7 21 1500  -20.4  957.2    5.1  202.0   87.2  444.0
2017 202  7 21 1600  -20.6  957.1    4.9  204.0   87.2  444.0
2017 202  7 21 1700  -21.2  957.2    2.7  202.0   86.4  444.0
2017 202  7 21 1800  -21.6  956.6    2.9  207.0   85.9  444.0
2017 202  7 21 1900  -22.0  957.1    6.6  198.0   85.9  444.0
2017 202  7 21 2000  -25.1  958.4    6.2  176.0   81.7  444.0
2017 202  7 21 2100  -26.6  960.0    1.0  167.0   81.7  444.0
2017 202  7 21 2200  -25.8  961.8   12.3   56.0   82.2  444.0
2017 202  7 21 2300  -26.8  965.2    9.8   63.0   80.9  444.0
2017 203  7 22 0000  -28.2  968.2    8.6   84.0   78.8  444.0
2017 203  7 22 0100  -29.9  971.1    9.4   90.0   77.1  444.0
2017 203  7 22 0200  -33.4  973.8    5.8  108.0   73.3  444.0
2017 203  7 22 0300  -36.2  976.6    6.2  135.0   70.0  444.0
2017 203  7 22 0400  -38.5  978.5    4.7  150.0   67.9  444.0
2017 203  7 22 0500  -40.1  979.8    3.7  159.0   66.2  444.0
2017 203  7 22 0600  -41.5  981.3    7.0  173.0   64.9  444.0
2017 203  7 22 0700  -42.1  981.6    3.3  159.0   63.7  444.0
2017 203  7 22 0800  -43.5  982.0    2.7  179.0   62.4  444.0
2017 203  7 22 0900  -44.6  982.4    2.7  179.0   61.2  444.0
2017 203  7 22 1000  -45.2  983.5    2.7  191.0   60.3  444.0
2017 203  7 22 1100  -45.6  984.3    2.9  191.0   60.3  444.0
2017 203  7 22 1200  -45.4  984.4    2.9  170.0   59.9  444.0
2017 203  7 22 1300  -45.8  985.6    2.7  180.0   59.5  444.0
2017 203  7 22 1400  -45.8  986.2    2.7  180.0   59.9  444.0
2017 203  7 22 1500  -46.2  987.0    3.1  180.0   59.1  444.0
2017 203  7 22 1600  -46.2  988.1    2.5  180.0   58.6  444.0
2017 203  7 22 1700  -47.5  989.1    2.9  195.0   57.4  444.0
2017 203  7 22 1800  -47.8  989.9    2.9  195.0   57.4  444.0
2017 203  7 22 1900  -47.5  990.1    2.9  195.0   57.0  444.0
2017 203  7 22 2000  -48.4  990.9    2.1  195.0   56.5  444.0
2017 203  7 22 2100  -47.8  991.8    1.9  195.0   57.0  444.0
2017 203  7 22 2200  -46.1  992.0    3.1  217.0   59.5  444.0
2017 203  7 22 2300  -43.6  993.0    4.3  207.0   62.0  444.0
2017 204  7 23 0000  -41.8  993.9  444.0  444.0   63.7  444.0
2017 204  7 23 0100  -40.6  993.9  444.0  444.0   65.4  444.0
2017 204  7 23 0200  -40.0  994.5  444.0  444.0   65.4  444.0
2017 204  7 23 0300  -41.8  994.3  444.0  444.0   63.3  444.0
2017 204  7 23 0400  -43.6  994.6  444.0  444.0   61.2  444.0
2017 204  7 23 0500  -44.9  995.3  444.0  444.0   59.9  444.0
2017 204  7 23 0600  -44.9  996.9  444.0  444.0   60.3  444.0
2017 204  7 23 0700  -45.4  997.6  444.0  444.0   59.1  444.0
2017 204  7 23 0800  -46.2  998.5  444.0  444.0   58.6  444.0
2017 204  7 23 0900  -46.1  999.8    3.5  167.0   59.1  444.0
2017 204  7 23 1000  -45.9 1000.7    2.5  149.0   58.6  444.0
2017 204  7 23 1100  -46.6 1001.4    0.8  195.0   57.4  444.0
2017 204  7 23 1200  -44.2 1001.4    3.7  166.0   62.4  444.0
2017 204  7 23 1300  -40.5 1002.4    4.7  167.0   65.8  444.0
2017 204  7 23 1400  -38.1 1002.4    4.5  165.0   67.5  444.0
2017 204  7 23 1500  -37.0 1002.3    4.9  176.0   69.1  444.0
2017 204  7 23 1600  -36.2 1002.4    5.8  179.0   69.6  444.0
2017 204  7 23 1700  -37.0 1002.4    6.2  179.0   68.3  444.0
2017 204  7 23 1800  -36.4 1002.2    4.9  174.0   70.0  444.0
2017 204  7 23 1900  -36.1 1001.6    4.1  186.0   69.6  444.0
2017 204  7 23 2000  -36.5 1001.0    5.1  190.0   69.6  444.0
2017 204  7 23 2100  -36.1 1000.3    5.7  177.0   70.0  444.0
2017 204  7 23 2200  -36.2  999.6    5.7  190.0   70.0  444.0
2017 204  7 23 2300  -35.4  998.8    6.0  184.0   71.2  444.0
2017 205  7 24 0000  -35.6  998.3    5.5  180.0   70.4  444.0
2017 205  7 24 0100  -34.5  997.3    5.8  180.0   72.1  444.0
2017 205  7 24 0200  -33.9  996.0    5.8  184.0   72.5  444.0
2017 205  7 24 0300  -33.0  995.9    5.5  169.0   73.8  444.0
2017 205  7 24 0400  -31.5  994.9    7.2  174.0   75.4  444.0
2017 205  7 24 0500  -28.6  994.6    6.4  169.0   78.8  444.0
2017 205  7 24 0600  -26.6  994.0    6.2  162.0   80.5  444.0
2017 205  7 24 0700  -26.0  993.6    6.4  163.0   81.7  444.0
2017 205  7 24 0800  -25.6  993.4    5.7  162.0   81.7  444.0
2017 205  7 24 0900  -26.2  993.2    6.2  166.0   80.9  444.0
2017 205  7 24 1000  -26.2  992.8    5.5  176.0   81.3  444.0
2017 205  7 24 1100  -26.1  992.4    6.0  179.0   81.3  444.0
2017 205  7 24 1200  -27.0  992.2    6.6  184.0   80.1  444.0
2017 205  7 24 1300  -27.9  992.0    5.8  184.0   79.2  444.0
2017 205  7 24 1400  -28.8  992.0    4.7  183.0   78.4  444.0
2017 205  7 24 1500  -29.0  991.9    5.1  184.0   78.4  444.0
2017 205  7 24 1600  -29.0  991.5    5.1  186.0   78.4  444.0
2017 205  7 24 1700  -28.1  991.3    4.7  180.0   79.2  444.0
2017 205  7 24 1800  -28.6  991.0    4.3  184.0   78.0  444.0
2017 205  7 24 1900  -29.9  990.7    4.3  186.0   76.7  444.0
2017 205  7 24 2000  -32.0  991.0    3.1  186.0   74.6  444.0
2017 205  7 24 2100  -31.2  990.9    3.9  195.0   76.7  444.0
2017 205  7 24 2200  -28.8  990.7    4.1  197.0   78.8  444.0
2017 205  7 24 2300  -27.9  990.5    3.9  193.0   79.2  444.0
2017 206  7 25 0000  -28.4  990.1    4.3  188.0   78.4  444.0
2017 206  7 25 0100  -30.6  989.8    4.5  186.0   75.4  444.0
2017 206  7 25 0200  -33.0  989.4    3.9  187.0   74.2  444.0
2017 206  7 25 0300  -33.0  989.1    2.7  184.0   74.2  444.0
2017 206  7 25 0400  -31.1  988.8    5.7  183.0   76.7  444.0
2017 206  7 25 0500  -30.6  988.8    5.5  174.0   76.7  444.0
2017 206  7 25 0600  -30.5  988.4    5.3  176.0   76.7  444.0
2017 206  7 25 0700  -30.0  988.2    4.5  176.0   77.1  444.0
2017 206  7 25 0800  -28.9  987.9    4.5  173.0   78.8  444.0
2017 206  7 25 0900  -28.6  987.3    6.4  186.0   78.4  444.0
2017 206  7 25 1000  -29.4  987.6    6.2  179.0   77.5  444.0
2017 206  7 25 1100  -30.4  986.8    7.2  173.0   76.3  444.0
2017 206  7 25 1200  -31.4  987.0    7.4  167.0   75.4  444.0
2017 206  7 25 1300  -31.8  985.8    9.0  166.0   75.4  444.0
2017 206  7 25 1400  -32.1  985.8    9.4  169.0   75.0  444.0
2017 206  7 25 1500  -32.6  985.3    8.4  167.0   74.6  444.0
2017 206  7 25 1600  -33.1  984.1   10.1  174.0   73.8  444.0
2017 206  7 25 1700  -33.9  983.4   10.7  174.0   72.9  444.0
2017 206  7 25 1800  -34.5  983.1   10.5  179.0   72.1  444.0
2017 206  7 25 1900  -34.2  982.0    9.6  179.0   73.3  444.0
2017 206  7 25 2000  -34.1  981.4   10.5  183.0   72.9  444.0
2017 206  7 25 2100  -33.2  980.0   10.1  183.0   74.2  444.0
2017 206  7 25 2200  -33.0  978.9   14.2  187.0   74.2  444.0
2017 206  7 25 2300  -33.4  978.7   12.9  183.0   73.3  444.0
2017 207  7 26 0000  -33.2  977.7   11.5  184.0   73.3  444.0
2017 207  7 26 0100  -33.6  976.8   13.1  188.0   72.9  444.0
2017 207  7 26 0200  -34.4  975.9   14.0  187.0   72.5  444.0
2017 207  7 26 0300  -34.4  975.3   14.0  186.0   72.5  444.0
2017 207  7 26 0400  -34.5  974.5   14.8  188.0   72.1  444.0
2017 207  7 26 0500  -34.4  973.4   13.6  197.0   72.5  444.0
2017 207  7 26 0600  -33.4  973.3   15.0  187.0   73.8  444.0
2017 207  7 26 0700  -32.2  972.1   16.2  191.0   75.0  444.0
2017 207  7 26 0800  -31.8  971.1   14.6  197.0   75.0  444.0
2017 207  7 26 0900  -31.4  971.2   12.1  181.0   75.9  444.0
2017 207  7 26 1000  -31.0  970.6   12.5  179.0   75.9  444.0
2017 207  7 26 1100  -30.5  970.0   13.6  167.0   76.7  444.0
2017 207  7 26 1200  -29.9  969.6   10.1  179.0   77.5  444.0
2017 207  7 26 1300  -29.2  968.9    9.9  176.0   78.0  444.0
2017 207  7 26 1400  -29.1  967.8    9.8  179.0   78.0  444.0
2017 207  7 26 1500  -29.1  967.9    8.8  173.0   78.0  444.0
2017 207  7 26 1600  -29.1  967.5    9.2  176.0   78.0  444.0
2017 207  7 26 1700  -29.0  967.0   10.7  180.0   78.4  444.0
2017 207  7 26 1800  -28.6  967.3    8.8  179.0   78.8  444.0
2017 207  7 26 1900  -28.0  967.2    8.0  180.0   79.6  444.0
2017 207  7 26 2000  -26.9  966.9    9.2  177.0   80.9  444.0
2017 207  7 26 2100  -26.9  967.0    9.4  186.0   80.1  444.0
2017 207  7 26 2200  -27.4  966.6    8.4  186.0   80.1  444.0
2017 207  7 26 2300  -27.2  966.7    9.4  188.0   80.1  444.0
2017 208  7 27 0000  -27.5  966.4    8.2  186.0   80.1  444.0
2017 208  7 27 0100  -27.6  966.9   11.9  194.0   79.6  444.0
2017 208  7 27 0200  -27.2  966.6   10.5  198.0   80.5  444.0
2017 208  7 27 0300  -26.2  965.9   10.5  201.0   81.7  444.0
2017 208  7 27 0400  -25.5  965.0   12.3  202.0   82.2  444.0
2017 208  7 27 0500  -25.5  964.4   13.1  205.0   82.6  444.0
2017 208  7 27 0600  -24.9  964.0   11.7  198.0   83.4  444.0
2017 208  7 27 0700  -24.4  963.8   12.5  205.0   83.0  444.0
2017 208  7 27 0800  -23.8  963.2   10.9  210.0   83.8  444.0
2017 208  7 27 0900  -22.8  962.8    9.8  210.0   83.8  444.0
2017 208  7 27 1000  -23.9  961.8    9.2  222.0   82.6  444.0
2017 208  7 27 1100  -25.2  961.1    9.8  221.0   82.6  444.0
2017 208  7 27 1200  -24.9  960.9    5.8  212.0   83.4  444.0
2017 208  7 27 1300  -23.5  961.1    7.4  202.0   83.8  444.0
2017 208  7 27 1400  -24.0  960.9    6.6  202.0   83.4  444.0
2017 208  7 27 1500  -26.2  960.8    5.7  201.0   81.3  444.0
2017 208  7 27 1600  -26.9  961.1    7.0  191.0   80.5  444.0
2017 208  7 27 1700  -25.9  961.5    7.4  207.0   83.4  444.0
2017 208  7 27 1800  -22.9  961.2    8.6  207.0   85.1  444.0
2017 208  7 27 1900  -22.1  961.4    8.0  210.0   85.5  444.0
2017 208  7 27 2000  -22.0  961.5    6.6  204.0   85.9  444.0
2017 208  7 27 2100  -21.9  961.8    9.6  202.0   85.9  444.0
2017 208  7 27 2200  -21.5  962.4    8.0  201.0   86.8  444.0
2017 208  7 27 2300  -21.6  962.7    7.4  201.0   86.4  444.0
2017 209  7 28 0000  -21.5  963.5    7.2  195.0   86.4  444.0
2017 209  7 28 0100  -21.9  963.7    8.0  193.0   86.4  444.0
2017 209  7 28 0200  -21.0  964.3    7.0  195.0   87.2  444.0
2017 209  7 28 0300  -20.8  964.9    7.0  205.0   86.8  444.0
2017 209  7 28 0400  -21.9  965.5    8.8  219.0   85.1  444.0
2017 209  7 28 0500  -23.9  965.7    9.4  226.0   83.8  444.0
2017 209  7 28 0600  -25.5  966.3    6.4  231.0   82.2  444.0
2017 209  7 28 0700  -25.8  966.7  444.0  444.0   82.2  444.0
2017 209  7 28 0800  -26.8  966.9  444.0  444.0   80.9  444.0
2017 209  7 28 0900  -26.6  967.4  444.0  444.0   81.7  444.0
2017 209  7 28 1000  -25.8  967.4  444.0  444.0   81.7  444.0
2017 209  7 28 1100  -26.0  967.7  444.0  444.0   81.7  444.0
2017 209  7 28 1200  -27.4  968.0  444.0  444.0   79.2  444.0
2017 209  7 28 1300  -28.2  968.1  444.0  444.0   80.1  444.0
2017 209  7 28 1400  -25.8  968.5  444.0  444.0   81.7  444.0
2017 209  7 28 1500  -25.0  968.5  444.0  444.0   83.4  444.0
2017 209  7 28 1600  -24.2  968.8    6.6  215.0   83.8  444.0
2017 209  7 28 1700  -24.0  968.9    5.8  215.0   83.4  444.0
2017 209  7 28 1800  -25.1  968.9    5.7  215.0   82.6  444.0
2017 209  7 28 1900  -25.6  969.0    6.0  215.0   82.6  444.0
2017 209  7 28 2000  -25.8  969.3    5.5  217.0   82.6  444.0
2017 209  7 28 2100  -27.2  969.1    5.3  218.0   79.6  444.0
2017 209  7 28 2200  -27.9  969.6    4.7  219.0   79.6  444.0
2017 209  7 28 2300  -27.9  969.3    5.3  211.0   79.6  444.0
2017 210  7 29 0000  -29.0  969.1    5.8  226.0   78.0  444.0
2017 210  7 29 0100  -30.2  968.6    5.3  211.0   77.1  444.0
2017 210  7 29 0200  -32.1  968.9    4.5  215.0   74.6  444.0
2017 210  7 29 0300  -34.4  968.2    4.1  214.0   72.5  444.0
2017 210  7 29 0400  -35.6  968.1    3.3  218.0   71.2  444.0
2017 210  7 29 0500  -36.8  968.2    2.3  218.0   70.0  444.0
2017 210  7 29 0600  -37.4  968.2    1.9  218.0   69.1  444.0
2017 210  7 29 0700  -37.8  968.1    1.4  218.0   68.7  444.0
2017 210  7 29 0800  -38.8  968.2    0.0    0.0   67.0  444.0
2017 210  7 29 0900  -39.4  968.4    1.0  224.0   66.6  444.0
2017 210  7 29 1000  -39.8  968.1    2.1  224.0   67.0  444.0
2017 210  7 29 1100  -39.8  968.7    3.1  224.0   66.6  444.0
2017 210  7 29 1200  -38.1  968.4    1.6  229.0   68.7  444.0
2017 210  7 29 1300  -34.8  968.3    2.5  229.0   72.9  444.0
2017 210  7 29 1400  -32.8  968.5    2.9  229.0   74.6  444.0
2017 210  7 29 1500  -31.8  968.4    2.9  229.0   75.4  444.0
2017 210  7 29 1600  -31.0  968.6    2.1  229.0   75.9  444.0
2017 210  7 29 1700  -30.6  969.1    3.9  211.0   76.7  444.0
2017 210  7 29 1800  -30.5  969.5    1.8  207.0   76.7  444.0
2017 210  7 29 1900  -30.8  969.4    0.2  207.0   75.9  444.0
2017 210  7 29 2000  -32.1  969.6    0.0    0.0   73.8  444.0
2017 210  7 29 2100  -33.0  970.2    3.5  235.0   72.9  444.0
2017 210  7 29 2200  -33.1  970.6    2.3  235.0   73.8  444.0
2017 210  7 29 2300  -32.1  970.9    2.5  235.0   75.0  444.0
2017 211  7 30 0000  -32.2  971.2    2.1  235.0   74.6  444.0
2017 211  7 30 0100  -32.2  971.7    1.9  235.0   74.6  444.0
2017 211  7 30 0200  -33.0  971.8    2.9  235.0   74.2  444.0
2017 211  7 30 0300  -33.0  972.5    3.7  235.0   73.3  444.0
2017 211  7 30 0400  -35.1  972.9    3.7  235.0   71.2  444.0
2017 211  7 30 0500  -33.9  973.3    5.5  218.0   73.3  444.0
2017 211  7 30 0600  -34.2  973.6    6.0  218.0   72.5  444.0
2017 211  7 30 0700  -35.2  974.1    5.3  215.0   71.2  444.0
2017 211  7 30 0800  -35.1  974.8    4.3  218.0   71.7  444.0
2017 211  7 30 0900  -35.0  975.3    4.9  212.0   71.7  444.0
2017 211  7 30 1000  -35.2  975.7    5.8  218.0   71.2  444.0
2017 211  7 30 1100  -35.8  975.9    5.1  228.0   70.4  444.0
2017 211  7 30 1200  -36.9  976.0    5.1  231.0   69.1  444.0
2017 211  7 30 1300  -37.8  976.2    4.3  231.0   68.3  444.0
2017 211  7 30 1400  -38.0  976.9    5.8  221.0   68.3  444.0
2017 211  7 30 1500  -39.1  976.8    7.0  217.0   66.6  444.0
2017 211  7 30 1600  -41.1  976.9    4.5  229.0   64.1  444.0
2017 211  7 30 1700  -43.0  977.0    4.7  231.0   62.4  444.0
2017 211  7 30 1800  -43.9  977.1    5.5  224.0   61.2  444.0
2017 211  7 30 1900  -45.0  977.2    4.7  231.0   59.9  444.0
2017 211  7 30 2000  -45.9  977.1    4.3  229.0   59.1  444.0
2017 211  7 30 2100  -46.9  977.5    3.7  229.0   58.2  444.0
2017 211  7 30 2200  -46.4  977.5    3.7  229.0   58.6  444.0
2017 211  7 30 2300  -45.4  977.4    2.1  229.0   59.9  444.0
2017 212  7 31 0000  -44.8  977.4    3.5  231.0   61.2  444.0
2017 212  7 31 0100  -42.2  977.8    4.1  193.0   63.3  444.0
2017 212  7 31 0200  -41.8  977.8    4.9  194.0   62.8  444.0
2017 212  7 31 0300  -43.4  977.7    2.9  211.0   61.6  444.0
2017 212  7 31 0400  -43.4  977.8    3.1  197.0   61.6  444.0
2017 212  7 31 0500  -44.0  977.7    3.1  210.0   60.7  444.0
2017 212  7 31 0600  -43.9  977.8    4.3  208.0   61.2  444.0
2017 212  7 31 0700  -43.2  977.9    4.9  204.0   62.0  444.0
2017 212  7 31 0800  -42.5  977.9    4.3  198.0   62.4  444.0
2017 212  7 31 0900  -43.5  977.9    3.7  217.0   61.6  444.0
2017 212  7 31 1000  -42.8  977.7    4.7  204.0   62.8  444.0
2017 212  7 31 1100  -41.2  977.8    5.5  208.0   64.1  444.0
2017 212  7 31 1200  -39.1  977.8    5.8  208.0   66.2  444.0
2017 212  7 31 1300  -40.9  977.8    5.1  214.0   63.7  444.0
2017 212  7 31 1400  -41.5  977.6    6.0  204.0   63.7  444.0
2017 212  7 31 1500  -41.8  977.4    5.7  217.0   63.3  444.0
2017 212  7 31 1600  -41.5  977.4    6.0  221.0   63.7  444.0
2017 212  7 31 1700  -42.5  977.5    5.5  225.0   62.4  444.0
2017 212  7 31 1800  -42.4  977.3    5.8  228.0   63.7  444.0
2017 212  7 31 1900  -42.1  977.1    6.2  233.0   63.3  444.0
2017 212  7 31 2000  -41.1  976.9    8.0  233.0   63.7  444.0
2017 212  7 31 2100  -41.9  977.1    6.8  225.0   62.8  444.0
2017 212  7 31 2200  -42.5  976.4    7.2  238.0   62.4  444.0
2017 212  7 31 2300  -43.9  976.6    7.2  236.0   60.7  444.0
