Year: 2024  Month: 06  ID: VTO  ARGOS:  8931  Name: Vito                
Lat: 78.41S  Lon: 177.83E  Elev:   50m
2024 153  6  1 0000  -20.1  973.6    1.0  302.0   88.0  444.0
2024 153  6  1 0100  -20.2  974.0    2.5  347.0   88.5  444.0
2024 153  6  1 0200  -19.8  973.8    2.7  352.0   88.5  444.0
2024 153  6  1 0300  -19.1  974.2    1.4  290.0   88.9  444.0
2024 153  6  1 0400  -19.2  974.3    2.5   18.0   88.9  444.0
2024 153  6  1 0500  -19.5  974.7    2.5   14.0   89.3  444.0
2024 153  6  1 0600  -20.2  975.0    2.3   25.0   87.6  444.0
2024 153  6  1 0700  -21.4  975.2    1.9   31.0   86.4  444.0
2024 153  6  1 0800  -22.1  975.5    1.6   35.0   86.4  444.0
2024 153  6  1 0900  -20.8  975.7    2.1   44.0   87.6  444.0
2024 153  6  1 1000  -19.8  975.9    1.6   21.0   88.5  444.0
2024 153  6  1 1100  -19.2  976.2    2.7   56.0   88.9  444.0
2024 153  6  1 1200  -19.0  976.6    2.9   32.0   89.3  444.0
2024 153  6  1 1300  -18.6  976.9    3.3   44.0   89.7  444.0
2024 153  6  1 1400  -18.6  977.2    3.1   44.0   89.3  444.0
2024 153  6  1 1500  -18.8  977.4    2.9   51.0   89.3  444.0
2024 153  6  1 1600  -19.0  978.0    3.5   48.0   88.9  444.0
2024 153  6  1 1700  -22.5  978.2    2.9   68.0   85.5  444.0
2024 153  6  1 1800  -25.2  978.6    2.9   68.0   82.6  444.0
2024 153  6  1 1900  -26.1  979.1    2.3   83.0   81.3  444.0
2024 153  6  1 2000  -26.9  979.4    1.9   98.0   81.3  444.0
2024 153  6  1 2100  -24.5  979.8    2.1  112.0   83.4  444.0
2024 153  6  1 2200  -24.0  980.2    2.3  149.0   84.3  444.0
2024 153  6  1 2300  -25.1  980.3    2.9  155.0   82.6  444.0
2024 154  6  2 0000  -26.4  980.2    3.3  155.0   81.3  444.0
2024 154  6  2 0100  -24.2  980.3    2.7  166.0   83.8  444.0
2024 154  6  2 0200  -23.5  980.5    3.7  142.0   84.7  444.0
2024 154  6  2 0300  -22.1  980.6    3.7  160.0   85.9  444.0
2024 154  6  2 0400  -21.6  981.0    4.1  160.0   86.4  444.0
2024 154  6  2 0500  -21.6  981.3    4.5  170.0   86.8  444.0
2024 154  6  2 0600  -21.9  981.6    4.5  160.0   86.4  444.0
2024 154  6  2 0700  -22.0  982.0    4.5  170.0   86.4  444.0
2024 154  6  2 0800  -22.5  982.2    4.3  177.0   85.5  444.0
2024 154  6  2 0900  -23.1  981.9    5.3  190.0   85.1  444.0
2024 154  6  2 1000  -23.1  981.8    5.5  183.0   85.1  444.0
2024 154  6  2 1100  -22.6  982.2    4.9  194.0   85.5  444.0
2024 154  6  2 1200  -22.6  982.3    5.5  188.0   85.5  444.0
2024 154  6  2 1300  -22.6  982.4    5.8  193.0   85.5  444.0
2024 154  6  2 1400  -22.8  982.5    6.4  195.0   85.1  444.0
2024 154  6  2 1500  -22.9  982.5    6.0  194.0   85.1  444.0
2024 154  6  2 1600  -23.2  982.4    6.8  194.0   84.7  444.0
2024 154  6  2 1700  -23.9  982.6    8.2  202.0   83.8  444.0
2024 154  6  2 1800  -25.1  982.9    7.0  207.0   83.0  444.0
2024 154  6  2 1900  -26.6  982.8    6.8  204.0   81.3  444.0
2024 154  6  2 2000  -27.6  982.8    6.4  202.0   80.1  444.0
2024 154  6  2 2100  -28.6  982.8    7.4  207.0   79.2  444.0
2024 154  6  2 2200  -29.6  982.7    7.2  198.0   78.0  444.0
2024 154  6  2 2300  -30.4  982.1    8.4  207.0   77.1  444.0
2024 155  6  3 0000  -27.9  982.0    9.4  207.0   80.1  444.0
2024 155  6  3 0100  -28.1  981.9    7.2  207.0   79.6  444.0
2024 155  6  3 0200  -29.4  981.7    8.2  198.0   78.4  444.0
2024 155  6  3 0300  -30.5  981.2    9.4  201.0   76.7  444.0
2024 155  6  3 0400  -32.0  980.9    9.4  201.0   75.4  444.0
2024 155  6  3 0500  -33.0  980.4    9.2  202.0   74.2  444.0
2024 155  6  3 0600  -32.1  979.5    9.6  194.0   75.4  444.0
2024 155  6  3 0700  -31.4  978.9    9.9  198.0   75.9  444.0
2024 155  6  3 0800  -31.4  978.4    9.2  201.0   75.9  444.0
2024 155  6  3 0900  -32.4  977.5    9.0  201.0   75.0  444.0
2024 155  6  3 1000  -31.6  976.6   10.5  202.0   75.9  444.0
2024 155  6  3 1100  -29.6  976.1    8.6  218.0   77.5  444.0
2024 155  6  3 1200  -28.8  975.9    9.4  201.0   78.8  444.0
2024 155  6  3 1300  -28.5  975.1   10.5  207.0   79.2  444.0
2024 155  6  3 1400  -28.2  974.4   10.7  212.0   79.6  444.0
2024 155  6  3 1500  -28.1  974.2    9.6  202.0   79.6  444.0
2024 155  6  3 1600  -28.0  973.6   10.9  214.0   79.6  444.0
2024 155  6  3 1700  -28.2  972.7    9.4  215.0   79.6  444.0
2024 155  6  3 1800  -29.1  971.8    9.6  215.0   78.4  444.0
2024 155  6  3 1900  -30.0  971.0    8.8  224.0   77.5  444.0
2024 155  6  3 2000  -30.4  969.8    9.4  222.0   77.1  444.0
2024 155  6  3 2100  -31.1  969.0    9.6  215.0   76.3  444.0
2024 155  6  3 2200  -29.6  968.9   10.3  211.0   78.0  444.0
2024 155  6  3 2300  -28.6  967.7    9.9  208.0   78.8  444.0
2024 156  6  4 0000  -28.0  967.4    9.9  224.0   79.6  444.0
2024 156  6  4 0100  -28.4  966.5    9.9  221.0   79.2  444.0
2024 156  6  4 0200  -29.0  966.6    8.0  212.0   78.8  444.0
2024 156  6  4 0300  -29.9  966.1    7.0  243.0   76.7  444.0
2024 156  6  4 0400  -31.5  965.3    9.8  233.0   76.3  444.0
2024 156  6  4 0500  -32.2  965.2    9.2  233.0   75.0  444.0
2024 156  6  4 0600  -32.6  965.1    6.8  238.0   74.6  444.0
2024 156  6  4 0700  -33.1  964.8    6.0  238.0   73.8  444.0
2024 156  6  4 0800  -33.6  964.9    6.2  257.0   73.3  444.0
2024 156  6  4 0900  -34.0  964.6    6.0  248.0   72.9  444.0
2024 156  6  4 1000  -34.1  964.5    5.3  262.0   72.5  444.0
2024 156  6  4 1100  -35.4  964.5    3.9  271.0   71.2  444.0
2024 156  6  4 1200  -37.6  964.3    2.3  302.0   68.7  444.0
2024 156  6  4 1300  -38.5  963.9    2.7  332.0   67.9  444.0
2024 156  6  4 1400  -36.5  963.2    1.9    7.0   70.0  444.0
2024 156  6  4 1500  -32.6  962.7    3.3  359.0   74.6  444.0
2024 156  6  4 1600  -32.9  962.4    2.9    3.0   74.6  444.0
2024 156  6  4 1700  -30.0  962.0    2.1  359.0   77.5  444.0
2024 156  6  4 1800  -26.4  961.7    4.7   14.0   81.3  444.0
2024 156  6  4 1900  -25.6  961.2    5.1   24.0   82.2  444.0
2024 156  6  4 2000  -24.9  961.1    4.9   20.0   83.4  444.0
2024 156  6  4 2100  -22.9  961.4    5.3   24.0   85.5  444.0
2024 156  6  4 2200  -21.2  961.2    7.0   27.0   87.2  444.0
2024 156  6  4 2300  -19.6  961.7    7.0  360.0   88.5  444.0
2024 157  6  5 0000  -19.5  962.5    7.4   21.0   88.9  444.0
2024 157  6  5 0100  -19.0  962.8    6.2   24.0   88.9  444.0
2024 157  6  5 0200  -19.5  963.5    7.4   28.0   88.9  444.0
2024 157  6  5 0300  -20.1  964.2    8.4   39.0   88.0  444.0
2024 157  6  5 0400  -21.2  964.6    8.8   46.0   86.8  444.0
2024 157  6  5 0500  -23.1  964.7    5.3   72.0   85.1  444.0
2024 157  6  5 0600  -23.6  964.8    6.0   65.0   84.7  444.0
2024 157  6  5 0700  -23.9  964.8    4.5   93.0   84.3  444.0
2024 157  6  5 0800  -24.6  964.7    3.7  101.0   83.4  444.0
2024 157  6  5 0900  -24.9  964.5    3.7  104.0   83.4  444.0
2024 157  6  5 1000  -24.6  964.1    5.5  132.0   83.4  444.0
2024 157  6  5 1100  -24.9  964.0    5.3  136.0   83.0  444.0
2024 157  6  5 1200  -25.2  964.0    5.5  146.0   83.0  444.0
2024 157  6  5 1300  -25.2  963.9    6.0  166.0   82.6  444.0
2024 157  6  5 1400  -25.2  964.0    6.4  166.0   82.6  444.0
2024 157  6  5 1500  -25.2  963.9    6.2  177.0   82.6  444.0
2024 157  6  5 1600  -25.5  964.1    7.0  187.0   82.6  444.0
2024 157  6  5 1700  -25.5  964.1    7.6  186.0   82.6  444.0
2024 157  6  5 1800  -25.1  964.1    8.2  194.0   83.0  444.0
2024 157  6  5 1900  -24.9  964.2    6.8  208.0   83.0  444.0
2024 157  6  5 2000  -24.6  964.1    7.6  204.0   83.4  444.0
2024 157  6  5 2100  -24.2  964.2    7.2  217.0   83.8  444.0
2024 157  6  5 2200  -24.0  964.1    5.7  210.0   83.8  444.0
2024 157  6  5 2300  -23.9  963.9    5.1  222.0   84.3  444.0
2024 158  6  6 0000  -23.5  963.6    5.3  215.0   84.7  444.0
2024 158  6  6 0100  -23.2  963.5    4.3  212.0   84.7  444.0
2024 158  6  6 0200  -22.6  963.5    3.9  194.0   85.5  444.0
2024 158  6  6 0300  -22.4  963.4    2.9  201.0   85.5  444.0
2024 158  6  6 0400  -22.1  962.8    5.1  222.0   85.9  444.0
2024 158  6  6 0500  -22.1  962.5    5.5  226.0   85.9  444.0
2024 158  6  6 0600  -20.8  961.9    5.1  212.0   87.6  444.0
2024 158  6  6 0700  -18.6  961.5    7.2  197.0   89.3  444.0
2024 158  6  6 0800  -18.1  961.0    7.6  193.0   90.1  444.0
2024 158  6  6 0900  -18.5  960.3    9.9  204.0   89.7  444.0
2024 158  6  6 1000  -18.6  444.0    9.8  202.0   89.3  444.0
2024 158  6  6 1100  -19.0  444.0    9.9  208.0   89.3  444.0
2024 158  6  6 1200  -19.5  958.4    9.9  201.0   88.5  444.0
2024 158  6  6 1300  -19.5  957.3   11.7  204.0   88.9  444.0
2024 158  6  6 1400  -19.0  956.3   10.5  214.0   89.3  444.0
2024 158  6  6 1500  -18.6  955.5   10.5  204.0   89.3  444.0
2024 158  6  6 1600  -18.8  954.8   11.7  202.0   89.3  444.0
2024 158  6  6 1700  -19.1  954.6    9.9  198.0   88.9  444.0
2024 158  6  6 1800  -20.0  954.2   11.1  191.0   88.0  444.0
2024 158  6  6 1900  -21.0  953.7   11.1  207.0   87.2  444.0
2024 158  6  6 2000  -21.6  953.7   10.3  204.0   86.4  444.0
2024 158  6  6 2100  -22.1  953.8   11.5  201.0   85.9  444.0
2024 158  6  6 2200  -22.1  953.8   11.1  202.0   85.9  444.0
2024 158  6  6 2300  -22.1  953.9   10.5  195.0   85.9  444.0
2024 159  6  7 0000  -22.1  953.9   12.1  187.0   85.9  444.0
2024 159  6  7 0100  -23.4  954.4    9.8  195.0   84.7  444.0
2024 159  6  7 0200  -24.2  954.9    9.2  198.0   83.8  444.0
2024 159  6  7 0300  -24.6  954.9    9.8  201.0   83.4  444.0
2024 159  6  7 0400  -24.5  954.7    9.8  197.0   83.4  444.0
2024 159  6  7 0500  -24.5  954.9    9.6  202.0   83.4  444.0
2024 159  6  7 0600  -24.6  955.2    9.8  190.0   83.4  444.0
2024 159  6  7 0700  -25.2  955.5    7.2  207.0   82.6  444.0
2024 159  6  7 0800  -26.0  955.8    8.2  202.0   81.7  444.0
2024 159  6  7 0900  -26.4  956.1    6.6  187.0   81.3  444.0
2024 159  6  7 1000  -26.2  956.4    6.8  202.0   81.7  444.0
2024 159  6  7 1100  -25.6  956.8    7.2  186.0   82.2  444.0
2024 159  6  7 1200  -25.1  956.8    7.2  188.0   82.6  444.0
2024 159  6  7 1300  -23.9  956.8    8.2  172.0   84.3  444.0
2024 159  6  7 1400  -22.5  957.2    9.0  169.0   85.5  444.0
2024 159  6  7 1500  -23.5  957.6    7.6  179.0   84.7  444.0
2024 159  6  7 1600  -24.0  957.8    7.2  177.0   84.3  444.0
2024 159  6  7 1700  -24.1  957.8    7.0  177.0   83.8  444.0
2024 159  6  7 1800  -24.5  957.9    6.6  186.0   83.4  444.0
2024 159  6  7 1900  -24.2  958.0    8.2  194.0   83.4  444.0
2024 159  6  7 2000  -25.0  958.8    7.6  176.0   83.0  444.0
2024 159  6  7 2100  -25.0  958.9    7.2  170.0   83.0  444.0
2024 159  6  7 2200  -25.2  958.9    5.5  169.0   82.6  444.0
2024 159  6  7 2300  -25.5  958.9    6.8  172.0   82.6  444.0
2024 160  6  8 0000  -25.6  959.2    6.0  181.0   82.6  444.0
2024 160  6  8 0100  -25.1  959.5    6.8  183.0   83.0  444.0
2024 160  6  8 0200  -25.1  959.5    6.0  191.0   83.0  444.0
2024 160  6  8 0300  -25.6  959.4    7.0  195.0   82.6  444.0
2024 160  6  8 0400  -25.9  959.7    6.8  195.0   82.2  444.0
2024 160  6  8 0500  -25.5  960.2    6.2  198.0   82.6  444.0
2024 160  6  8 0600  -25.2  960.3    6.2  194.0   82.6  444.0
2024 160  6  8 0700  -25.5  960.8    5.7  184.0   82.6  444.0
2024 160  6  8 0800  -25.5  960.7    4.9  188.0   82.6  444.0
2024 160  6  8 0900  -25.2  960.6    5.3  200.0   82.6  444.0
2024 160  6  8 1000  -25.1  960.4    6.2  194.0   82.6  444.0
2024 160  6  8 1100  -25.0  960.3    5.7  200.0   83.0  444.0
2024 160  6  8 1200  -25.5  960.1    6.8  202.0   82.6  444.0
2024 160  6  8 1300  -26.0  959.8    7.8  205.0   82.2  444.0
2024 160  6  8 1400  -25.6  958.9    7.8  212.0   82.6  444.0
2024 160  6  8 1500  -24.4  958.2   10.5  212.0   83.4  444.0
2024 160  6  8 1600  -24.9  957.6   10.7  208.0   83.4  444.0
2024 160  6  8 1700  -23.6  956.8   10.7  211.0   84.3  444.0
2024 160  6  8 1800  -21.6  956.1    8.4  208.0   86.4  444.0
2024 160  6  8 1900  -19.2  955.4   10.1  201.0   88.9  444.0
2024 160  6  8 2000  -17.1  954.6    8.2  188.0   91.0  444.0
2024 160  6  8 2100  -15.9  954.4   11.3  184.0   92.2  444.0
2024 160  6  8 2200  -15.9  444.0   11.1  176.0   91.8  444.0
2024 160  6  8 2300  -17.8  953.6   13.6  179.0   90.1  444.0
2024 161  6  9 0000  -18.6  953.1   12.7  180.0   89.3  444.0
2024 161  6  9 0100  -19.6  952.8   12.3  188.0   88.5  444.0
2024 161  6  9 0200  -19.6  952.2   11.3  195.0   88.5  444.0
2024 161  6  9 0300  -19.6  951.4   12.3  195.0   88.5  444.0
2024 161  6  9 0400  -19.5  950.0   13.5  201.0   88.5  444.0
2024 161  6  9 0500  -19.5  949.0   13.1  197.0   88.9  444.0
2024 161  6  9 0600  -19.0  947.5   12.5  198.0   89.3  444.0
2024 161  6  9 0700  -19.0  946.3   11.1  205.0   89.3  444.0
2024 161  6  9 0800  -18.2  944.9   10.3  211.0   90.1  444.0
2024 161  6  9 0900  -17.4  944.1    9.8  211.0   90.6  444.0
2024 161  6  9 1000  -17.4  942.1   14.0  225.0   90.6  444.0
2024 161  6  9 1100  -17.1  940.8   14.2  229.0   91.0  444.0
2024 161  6  9 1200  -17.8  938.8   11.7  253.0   90.1  444.0
2024 161  6  9 1300  -17.4  937.4   12.5  249.0   90.6  444.0
2024 161  6  9 1400  -16.1  935.7   13.5  250.0   91.8  444.0
2024 161  6  9 1500  -15.1  934.5   15.0  236.0   92.7  444.0
2024 161  6  9 1600  -16.0  934.4   10.7  248.0   91.8  444.0
2024 161  6  9 1700  -15.5  934.6   12.3  245.0   92.2  444.0
2024 161  6  9 1800  -15.1  935.8    9.2  274.0   92.7  444.0
2024 161  6  9 1900  -14.4  936.2    8.8  271.0   93.5  444.0
2024 161  6  9 2000  -14.2  937.3   13.5  287.0   93.5  444.0
2024 161  6  9 2100  -13.8  938.9   13.5  271.0   93.9  444.0
2024 161  6  9 2200  -14.1  941.7   11.1  297.0   93.9  444.0
2024 161  6  9 2300  -16.4  944.7    6.0  269.0   91.4  444.0
2024 162  6 10 0000  -17.8  947.4   10.3  278.0   90.1  444.0
2024 162  6 10 0100  -18.9  950.0    9.2  285.0   89.3  444.0
2024 162  6 10 0200  -19.8  953.0    7.2  302.0   88.5  444.0
2024 162  6 10 0300  -21.4  955.5    7.4  277.0   86.8  444.0
2024 162  6 10 0400  -23.2  957.9    5.3  302.0   85.1  444.0
2024 162  6 10 0500  -24.8  960.0    5.1  311.0   83.8  444.0
2024 162  6 10 0600  -24.6  962.0    4.3  308.0   83.8  444.0
2024 162  6 10 0700  -26.0  964.2    3.9  340.0   82.2  444.0
2024 162  6 10 0800  -27.2  966.2    3.3  318.0   80.5  444.0
2024 162  6 10 0900  -26.9  967.4    5.7  281.0   80.5  444.0
2024 162  6 10 1000  -29.9  968.9    4.1  350.0   78.0  444.0
2024 162  6 10 1100  -30.2  969.6    3.3  338.0   77.5  444.0
2024 162  6 10 1200  -31.4  970.9    2.9  342.0   76.3  444.0
2024 162  6 10 1300  -30.9  971.7    2.3  308.0   77.1  444.0
2024 162  6 10 1400  -26.4  971.8    1.6  339.0   82.2  444.0
2024 162  6 10 1500  -30.2  972.6    1.8    7.0   77.5  444.0
2024 162  6 10 1600  -28.6  973.2    1.4    4.0   79.6  444.0
2024 162  6 10 1700  -27.6  973.6    0.4    4.0   80.1  444.0
2024 162  6 10 1800  -26.1  974.0    0.0    0.0   81.7  444.0
2024 162  6 10 1900  -26.1  974.2    1.8  111.0   81.7  444.0
2024 162  6 10 2000  -25.6  974.2    2.7  112.0   82.6  444.0
2024 162  6 10 2100  -24.9  973.9    5.1  148.0   83.4  444.0
2024 162  6 10 2200  -23.8  973.2    6.8  139.0   84.3  444.0
2024 162  6 10 2300  -22.6  972.3    8.0  152.0   85.5  444.0
2024 163  6 11 0000  -20.8  971.4    9.0  138.0   87.2  444.0
2024 163  6 11 0100  -18.9  970.6    9.8  134.0   89.3  444.0
2024 163  6 11 0200  -16.6  969.7    8.8   96.0   91.4  444.0
2024 163  6 11 0300  -15.9  969.3   10.1   97.0   92.2  444.0
2024 163  6 11 0400  -13.9  969.4    8.6   90.0   93.9  444.0
2024 163  6 11 0500  -13.1  444.0    9.0   89.0   94.3  444.0
2024 163  6 11 0600  -12.4  970.3    8.0   83.0   95.2  444.0
2024 163  6 11 0700  -12.1  971.5    4.9   37.0   95.2  444.0
2024 163  6 11 0800  -13.8  972.9    4.5   41.0   93.9  444.0
2024 163  6 11 0900  -15.5  974.3    3.7   31.0   92.2  444.0
2024 163  6 11 1000  -17.4  975.4    3.1    7.0   90.6  444.0
2024 163  6 11 1100  -17.8  976.1    0.0    0.0   90.1  444.0
2024 163  6 11 1200  -18.1  976.7    1.8  190.0   90.1  444.0
2024 163  6 11 1300  -18.1  977.0    2.9  222.0   90.1  444.0
2024 163  6 11 1400  -18.2  977.7    2.5  214.0   90.1  444.0
2024 163  6 11 1500  -18.1  978.4    2.7  225.0   90.1  444.0
2024 163  6 11 1600  -18.5  979.2    1.9   25.0   89.7  444.0
2024 163  6 11 1700  -19.5  979.8    1.8  326.0   88.9  444.0
2024 163  6 11 1800  -23.4  981.2    3.3   56.0   84.7  444.0
2024 163  6 11 1900  -21.9  982.2    2.5   96.0   86.4  444.0
2024 163  6 11 2000  -21.4  983.3    4.1   93.0   86.8  444.0
2024 163  6 11 2100  -20.8  984.9    4.5   96.0   87.6  444.0
2024 163  6 11 2200  -20.9  985.9    3.3  117.0   87.2  444.0
2024 163  6 11 2300  -22.4  987.3    3.1  135.0   85.5  444.0
2024 164  6 12 0000  -23.8  988.3    3.1  153.0   84.3  444.0
2024 164  6 12 0100  -22.6  989.4    2.5  162.0   85.5  444.0
2024 164  6 12 0200  -23.1  990.8    2.1  204.0   85.1  444.0
2024 164  6 12 0300  -23.1  992.0    2.7  231.0   84.7  444.0
2024 164  6 12 0400  -22.5  993.1    2.7  255.0   85.5  444.0
2024 164  6 12 0500  -23.6  993.8    2.7  253.0   84.3  444.0
2024 164  6 12 0600  -22.0  995.3    2.9  262.0   85.9  444.0
2024 164  6 12 0700  -24.5  996.3    3.1  249.0   83.0  444.0
2024 164  6 12 0800  -28.4  997.1    2.5  262.0   79.2  444.0
2024 164  6 12 0900  -29.6  997.9    2.7  222.0   78.4  444.0
2024 164  6 12 1000  -30.2  998.9    1.8  266.0   77.1  444.0
2024 164  6 12 1100  -32.2 1000.0    2.1  270.0   75.0  444.0
2024 164  6 12 1200  -33.2 1000.0    1.2  262.0   73.3  444.0
2024 164  6 12 1300  -32.4 1000.7    1.2  302.0   74.6  444.0
2024 164  6 12 1400  -33.1 1001.0    1.0  305.0   73.8  444.0
2024 164  6 12 1500  -33.1 1000.9    0.6  250.0   73.8  444.0
2024 164  6 12 1600  -33.0 1000.9    0.6  347.0   74.2  444.0
2024 164  6 12 1700  -31.8 1001.2    0.2  359.0   75.4  444.0
2024 164  6 12 1800  -31.1 1001.3    1.2   21.0   75.9  444.0
2024 164  6 12 1900  -30.6 1001.3    0.4   22.0   76.7  444.0
2024 164  6 12 2000  -29.6 1001.1    2.5   72.0   78.0  444.0
2024 164  6 12 2100  -28.8 1000.9    1.8   96.0   78.8  444.0
2024 164  6 12 2200  -28.6 1000.1    2.5   97.0   79.2  444.0
2024 164  6 12 2300  -27.4  999.7    3.1   94.0   80.5  444.0
2024 165  6 13 0000  -25.5  998.7    3.3  100.0   82.6  444.0
2024 165  6 13 0100  -23.9  998.0    3.1  100.0   83.8  444.0
2024 165  6 13 0200  -22.9  997.1    3.7   96.0   85.1  444.0
2024 165  6 13 0300  -22.0  996.0    4.1  111.0   86.4  444.0
2024 165  6 13 0400  -20.8  994.6    4.9  118.0   87.2  444.0
2024 165  6 13 0500  -20.1  992.8    5.8  108.0   88.5  444.0
2024 165  6 13 0600  -20.1  990.5    6.4  132.0   88.0  444.0
2024 165  6 13 0700  -20.1  988.1   11.1  125.0   88.0  444.0
2024 165  6 13 0800  -20.2  985.6   12.3  122.0   88.0  444.0
2024 165  6 13 0900  -19.5  982.9   12.3  124.0   88.9  444.0
2024 165  6 13 1000  -19.1  980.5   14.0  124.0   88.9  444.0
2024 165  6 13 1100  -18.2  978.5   15.6  122.0   89.7  444.0
2024 165  6 13 1200  -18.4  976.0   11.9  131.0   89.7  444.0
2024 165  6 13 1300  -17.6  973.1   12.5  110.0   90.6  444.0
2024 165  6 13 1400  -17.4  971.1   11.9  121.0   90.6  444.0
2024 165  6 13 1500  -15.9  969.0   10.5  111.0   92.2  444.0
2024 165  6 13 1600  -14.9  967.3   13.1  117.0   93.1  444.0
2024 165  6 13 1700  -14.9  966.2    9.2  115.0   93.1  444.0
2024 165  6 13 1800  -15.1  964.8    7.6  134.0   92.7  444.0
2024 165  6 13 1900  -15.5  964.0    8.8  146.0   92.2  444.0
2024 165  6 13 2000  -15.6  963.5    7.4  149.0   92.2  444.0
2024 165  6 13 2100  -15.9  963.7    7.6  167.0   91.8  444.0
2024 165  6 13 2200  -16.6  963.7    8.0  208.0   91.4  444.0
2024 165  6 13 2300  -18.8  964.0   10.3  210.0   89.3  444.0
2024 166  6 14 0000  -19.8  964.5   10.9  207.0   88.5  444.0
2024 166  6 14 0100  -21.9  966.0   11.5  224.0   86.4  444.0
2024 166  6 14 0200  -23.8  966.7   10.9  228.0   84.7  444.0
2024 166  6 14 0300  -24.2  967.3   12.9  231.0   83.8  444.0
2024 166  6 14 0400  -24.6  968.0   13.5  239.0   83.4  444.0
2024 166  6 14 0500  -26.0  968.9   12.5  229.0   82.2  444.0
2024 166  6 14 0600  -27.6  969.3   13.6  221.0   80.1  444.0
2024 166  6 14 0700  -28.2  969.4   13.1  217.0   79.6  444.0
2024 166  6 14 0800  -29.0  969.3    9.6  222.0   78.8  444.0
2024 166  6 14 0900  -29.1  969.2    9.8  229.0   78.8  444.0
2024 166  6 14 1000  -29.4  969.6    9.9  236.0   78.4  444.0
2024 166  6 14 1100  -29.4  969.6    8.0  236.0   78.4  444.0
2024 166  6 14 1200  -29.6  968.8   11.9  226.0   78.0  444.0
2024 166  6 14 1300  -29.4  968.4   11.5  224.0   78.4  444.0
2024 166  6 14 1400  -29.4  968.2    9.4  224.0   78.4  444.0
2024 166  6 14 1500  -29.2  967.6    9.8  225.0   78.4  444.0
2024 166  6 14 1600  -28.8  967.0    8.8  226.0   78.8  444.0
2024 166  6 14 1700  -28.2  966.6   10.5  235.0   79.6  444.0
2024 166  6 14 1800  -27.2  966.0    9.9  225.0   80.9  444.0
2024 166  6 14 1900  -26.9  965.5    8.8  232.0   80.9  444.0
2024 166  6 14 2000  -26.9  965.6    9.6  225.0   80.9  444.0
2024 166  6 14 2100  -26.6  965.4   11.5  225.0   81.3  444.0
2024 166  6 14 2200  -26.2  965.1   10.3  222.0   81.7  444.0
2024 166  6 14 2300  -27.4  965.0   10.5  226.0   80.5  444.0
2024 167  6 15 0000  -27.6  965.2   10.3  236.0   80.1  444.0
2024 167  6 15 0100  -28.5  965.0    9.6  153.0   78.8  444.0
2024 167  6 15 0200  -29.1  965.1    8.4  239.0   78.4  444.0
2024 167  6 15 0300  -29.1  964.4   10.9  231.0   78.4  444.0
2024 167  6 15 0400  -29.1  964.1   10.1  235.0   78.4  444.0
2024 167  6 15 0500  -29.2  963.9    9.2  242.0   78.4  444.0
2024 167  6 15 0600  -29.4  963.7   10.5  240.0   78.0  444.0
2024 167  6 15 0700  -29.0  962.6    9.2  243.0   78.8  444.0
2024 167  6 15 0800  -29.0  961.8    8.4  240.0   78.8  444.0
2024 167  6 15 0900  -29.1  961.4    8.2  232.0   78.4  444.0
2024 167  6 15 1000  -29.1  961.8    7.0  231.0   78.4  444.0
2024 167  6 15 1100  -30.4  962.1    6.2  224.0   77.1  444.0
2024 167  6 15 1200  -30.0  961.9    5.8  231.0   77.5  444.0
2024 167  6 15 1300  -28.5  961.9    7.0  221.0   79.2  444.0
2024 167  6 15 1400  -27.6  961.8    6.6  232.0   80.1  444.0
2024 167  6 15 1500  -26.6  961.0    5.3  232.0   81.3  444.0
2024 167  6 15 1600  -25.0  960.5    4.9  228.0   83.0  444.0
2024 167  6 15 1700  -24.9  960.4    4.9  207.0   83.0  444.0
2024 167  6 15 1800  -25.2  960.7    5.1  188.0   82.6  444.0
2024 167  6 15 1900  -26.0  961.3    4.1  188.0   82.2  444.0
2024 167  6 15 2000  -25.5  961.6    4.7  195.0   82.6  444.0
2024 167  6 15 2100  -23.9  962.2    7.0  193.0   83.8  444.0
2024 167  6 15 2200  -25.2  962.6    9.0  195.0   82.6  444.0
2024 167  6 15 2300  -26.6  963.3    8.2  186.0   81.3  444.0
2024 168  6 16 0000  -26.8  963.8    8.0  186.0   80.1  444.0
2024 168  6 16 0100  -28.2  964.3    7.0  207.0   79.6  444.0
2024 168  6 16 0200  -28.2  964.5    9.6  231.0   79.2  444.0
2024 168  6 16 0300  -28.1  964.5    8.4  215.0   79.2  444.0
2024 168  6 16 0400  -27.6  963.8    8.0  218.0   80.1  444.0
2024 168  6 16 0500  -24.9  962.6   11.3  222.0   83.0  444.0
2024 168  6 16 0600  -23.6  961.6   12.1  219.0   84.3  444.0
2024 168  6 16 0700  -22.0  961.2   12.7  232.0   85.9  444.0
2024 168  6 16 0800  -21.6  961.1   11.7  221.0   86.8  444.0
2024 168  6 16 0900  -22.0  960.8   14.8  215.0   85.9  444.0
2024 168  6 16 1000  -22.6  960.7   12.7  215.0   85.5  444.0
2024 168  6 16 1100  -23.1  960.9   12.9  221.0   85.1  444.0
2024 168  6 16 1200  -22.5  961.3   13.3  212.0   85.5  444.0
2024 168  6 16 1300  -22.6  961.5   12.5  219.0   85.5  444.0
2024 168  6 16 1400  -22.4  961.9    8.8  210.0   85.9  444.0
2024 168  6 16 1500  -22.5  962.4    9.4  214.0   85.5  444.0
2024 168  6 16 1600  -23.9  962.7    6.2  207.0   84.3  444.0
2024 168  6 16 1700  -23.9  962.4    4.3  202.0   84.3  444.0
2024 168  6 16 1800  -24.2  962.8    1.2  218.0   83.8  444.0
2024 168  6 16 1900  -24.2  963.5    0.2  181.0   83.8  444.0
2024 168  6 16 2000  -26.8  964.7    3.5  112.0   80.9  444.0
2024 168  6 16 2100  -31.6  966.4    5.1  145.0   75.9  444.0
2024 168  6 16 2200  -32.6  968.1    6.6  153.0   75.0  444.0
2024 168  6 16 2300  -33.4  969.7    7.4  153.0   73.8  444.0
2024 169  6 17 0000  -35.0  970.9    7.2  173.0   72.1  444.0
2024 169  6 17 0100  -33.9  971.8    6.6  180.0   73.3  444.0
2024 169  6 17 0200  -33.1  972.9    7.2  180.0   74.2  444.0
2024 169  6 17 0300  -31.8  973.7    9.0  176.0   75.4  444.0
2024 169  6 17 0400  -30.5  974.7    7.4  180.0   76.7  444.0
2024 169  6 17 0500  -30.0  975.8    6.6  183.0   77.5  444.0
2024 169  6 17 0600  -29.4  976.8    7.0  170.0   78.4  444.0
2024 169  6 17 0700  -27.9  977.6    6.4  152.0   79.6  444.0
2024 169  6 17 0800  -27.5  978.5    5.5  167.0   80.1  444.0
2024 169  6 17 0900  -27.2  979.0    7.4  158.0   80.5  444.0
2024 169  6 17 1000  -28.1  979.6    7.6  200.0   79.6  444.0
2024 169  6 17 1100  -27.2  980.2    9.2  184.0   80.5  444.0
2024 169  6 17 1200  -26.6  980.7    8.4  177.0   81.3  444.0
2024 169  6 17 1300  -27.0  981.1    9.9  181.0   80.5  444.0
2024 169  6 17 1400  -29.0  981.5    8.4  167.0   78.4  444.0
2024 169  6 17 1500  -31.0  982.2    7.8  173.0   76.3  444.0
2024 169  6 17 1600  -32.0  982.4    7.6  176.0   75.0  444.0
2024 169  6 17 1700  -34.4  983.2    7.0  188.0   72.5  444.0
2024 169  6 17 1800  -35.8  983.2    5.3  186.0   70.8  444.0
2024 169  6 17 1900  -36.8  983.4    5.3  197.0   70.0  444.0
2024 169  6 17 2000  -37.4  983.6    6.0  204.0   69.1  444.0
2024 169  6 17 2100  -38.0  983.2    3.9  197.0   68.3  444.0
2024 169  6 17 2200  -38.1  982.7    3.3  211.0   67.9  444.0
2024 169  6 17 2300  -39.8  982.3    3.9  224.0   66.2  444.0
2024 170  6 18 0000  -40.8  982.0    5.1  212.0   64.9  444.0
2024 170  6 18 0100  -41.2  982.1    3.7  212.0   64.1  444.0
2024 170  6 18 0200  -41.8  982.1    3.7  224.0   63.7  444.0
2024 170  6 18 0300  -42.2  982.1    3.5  231.0   63.3  444.0
2024 170  6 18 0400  -42.6  981.8    4.1  224.0   62.8  444.0
2024 170  6 18 0500  -42.9  981.8    3.9  218.0   62.4  444.0
2024 170  6 18 0600  -42.5  981.8    4.5  215.0   62.8  444.0
2024 170  6 18 0700  -42.9  981.8    4.5  229.0   62.4  444.0
2024 170  6 18 0800  -41.0  981.7    4.3  222.0   64.5  444.0
2024 170  6 18 0900  -39.1  981.4    6.6  229.0   66.2  444.0
2024 170  6 18 1000  -36.5  981.3    6.2  243.0   69.6  444.0
2024 170  6 18 1100  -37.0  981.3    6.4  215.0   69.1  444.0
2024 170  6 18 1200  -37.5  981.3    6.2  218.0   68.3  444.0
2024 170  6 18 1300  -37.5  981.3    8.2  204.0   68.3  444.0
2024 170  6 18 1400  -38.0  982.2    8.6  217.0   67.9  444.0
2024 170  6 18 1500  -38.8  982.1    5.5  221.0   67.0  444.0
2024 170  6 18 1600  -38.8  982.5    5.3  211.0   67.0  444.0
2024 170  6 18 1700  -36.9  982.2    4.9  226.0   69.1  444.0
2024 170  6 18 1800  -38.8  982.4    5.3  224.0   67.0  444.0
2024 170  6 18 1900  -39.4  982.1    6.2  236.0   66.2  444.0
2024 170  6 18 2000  -40.0  982.0    6.0  219.0   65.8  444.0
2024 170  6 18 2100  -41.2  982.1    5.8  225.0   64.1  444.0
2024 170  6 18 2200  -38.8  981.9    5.7  226.0   67.0  444.0
2024 170  6 18 2300  -37.9  981.4    3.9  257.0   67.9  444.0
2024 171  6 19 0000  -38.8  980.5    4.5  270.0   67.5  444.0
2024 171  6 19 0100  -36.2  979.6    5.7  255.0   69.6  444.0
2024 171  6 19 0200  -36.1  979.4    7.2  239.0   70.0  444.0
2024 171  6 19 0300  -35.6  978.5    5.8  264.0   70.0  444.0
2024 171  6 19 0400  -31.4  977.7    8.0  238.0   75.0  444.0
2024 171  6 19 0500  -29.4  977.2    7.6  233.0   77.5  444.0
2024 171  6 19 0600  -28.2  976.5    9.6  243.0   78.8  444.0
2024 171  6 19 0700  -27.0  975.6    9.8  243.0   80.5  444.0
2024 171  6 19 0800  -28.1  974.9    9.8  250.0   79.2  444.0
2024 171  6 19 0900  -27.0  973.6    8.6  259.0   80.5  444.0
2024 171  6 19 1000  -27.2  972.8    9.0  245.0   80.5  444.0
2024 171  6 19 1100  -26.6  971.8   10.1  238.0   81.3  444.0
2024 171  6 19 1200  -25.9  971.2    9.0  250.0   81.7  444.0
2024 171  6 19 1300  -26.8  970.2    8.2  249.0   80.9  444.0
2024 171  6 19 1400  -26.2  969.5   11.1  256.0   81.3  444.0
2024 171  6 19 1500  -25.0  968.5   10.3  259.0   83.0  444.0
2024 171  6 19 1600  -24.5  968.1   10.1  270.0   83.4  444.0
2024 171  6 19 1700  -23.8  967.3    9.9  281.0   83.8  444.0
2024 171  6 19 1800  -25.5  966.4    8.4  290.0   82.6  444.0
2024 171  6 19 1900  -25.1  965.2   11.7  285.0   82.6  444.0
2024 171  6 19 2000  -24.9  964.2    9.2  298.0   83.0  444.0
2024 171  6 19 2100  -26.1  963.2    9.4  291.0   81.7  444.0
2024 171  6 19 2200  -27.2  962.7    7.8  297.0   80.9  444.0
2024 171  6 19 2300  -27.4  962.0    8.6  300.0   80.9  444.0
2024 172  6 20 0000  -26.8  961.1    7.6  298.0   81.3  444.0
2024 172  6 20 0100  -26.9  960.6    8.0  302.0   81.3  444.0
2024 172  6 20 0200  -26.8  960.3    8.8  305.0   81.3  444.0
2024 172  6 20 0300  -27.4  959.6    7.4  316.0   80.5  444.0
2024 172  6 20 0400  -27.6  958.8    8.0  314.0   80.1  444.0
2024 172  6 20 0500  -27.4  958.3    8.2  325.0   80.5  444.0
2024 172  6 20 0600  -26.9  957.7    8.2  314.0   81.3  444.0
2024 172  6 20 0700  -26.4  957.3    8.8  328.0   81.3  444.0
2024 172  6 20 0800  -26.2  956.9    9.9  325.0   82.2  444.0
2024 172  6 20 0900  -25.8  956.8    7.6  330.0   82.2  444.0
2024 172  6 20 1000  -24.4  956.6    9.2  318.0   83.4  444.0
2024 172  6 20 1100  -23.8  956.8    8.6  326.0   84.3  444.0
2024 172  6 20 1200  -23.5  957.1    8.8  323.0   84.7  444.0
2024 172  6 20 1300  -23.1  957.2    9.2  323.0   85.1  444.0
2024 172  6 20 1400  -23.1  957.4    8.2  326.0   85.1  444.0
2024 172  6 20 1500  -22.9  958.1    8.4  291.0   85.1  444.0
2024 172  6 20 1600  -22.9  958.7    6.0  345.0   85.1  444.0
2024 172  6 20 1700  -22.8  959.2    6.6  342.0   85.5  444.0
2024 172  6 20 1800  -22.5  960.2    8.0  347.0   85.5  444.0
2024 172  6 20 1900  -22.4  961.4    6.0  339.0   85.9  444.0
2024 172  6 20 2000  -22.5  962.4    5.5  346.0   85.5  444.0
2024 172  6 20 2100  -22.8  963.7    4.5  354.0   85.1  444.0
2024 172  6 20 2200  -23.5  964.7    5.5  360.0   84.3  444.0
2024 172  6 20 2300  -24.2  966.1    4.3   32.0   83.8  444.0
2024 173  6 21 0000  -23.6  967.1    4.5   11.0   84.3  444.0
2024 173  6 21 0100  -23.8  968.4    4.3   25.0   84.3  444.0
2024 173  6 21 0200  -24.5  969.6    3.5   18.0   83.4  444.0
2024 173  6 21 0300  -24.9  970.4    3.3    8.0   83.0  444.0
2024 173  6 21 0400  -26.6  971.0    3.5   17.0   81.3  444.0
2024 173  6 21 0500  -26.4  971.4    3.9   24.0   81.3  444.0
2024 173  6 21 0600  -26.0  971.9    2.5   18.0   81.7  444.0
2024 173  6 21 0700  -26.5  972.0    2.9   48.0   81.3  444.0
2024 173  6 21 0800  -26.4  972.5    2.7   44.0   81.7  444.0
2024 173  6 21 0900  -26.6  972.8    1.8  360.0   81.3  444.0
2024 173  6 21 1000  -26.6  973.3    0.4   76.0   80.9  444.0
2024 173  6 21 1100  -26.9  973.8    0.0    0.0   80.9  444.0
2024 173  6 21 1200  -25.8  974.2    5.1  104.0   81.7  444.0
2024 173  6 21 1300  -26.4  974.6    5.1  100.0   81.3  444.0
2024 173  6 21 1400  -26.1  975.2    4.1  117.0   81.7  444.0
2024 173  6 21 1500  -28.0  975.9    5.1  129.0   80.1  444.0
2024 173  6 21 1600  -32.2  976.4    4.1  146.0   75.0  444.0
2024 173  6 21 1700  -33.1  976.6    3.5  149.0   74.2  444.0
2024 173  6 21 1800  -33.9  976.7    3.5  163.0   73.3  444.0
2024 173  6 21 1900  -36.1  977.0    3.1  181.0   70.8  444.0
2024 173  6 21 2000  -36.1  976.9    1.4  181.0   70.4  444.0
2024 173  6 21 2100  -38.1  977.1  444.0  444.0   68.3  444.0
2024 173  6 21 2200  -39.4  977.2  444.0  444.0   66.6  444.0
2024 173  6 21 2300  -38.2  977.2  444.0  444.0   68.3  444.0
2024 174  6 22 0000  -38.5  977.3  444.0  444.0   67.5  444.0
2024 174  6 22 0100  -39.1  977.5  444.0  444.0   66.6  444.0
2024 174  6 22 0200  -39.9  977.3  444.0  444.0   65.8  444.0
2024 174  6 22 0300  -40.9  977.5  444.0  444.0   64.9  444.0
2024 174  6 22 0400  -42.4  977.6  444.0  444.0   63.3  444.0
2024 174  6 22 0500  -43.2  977.8  444.0  444.0   62.0  444.0
2024 174  6 22 0600  -43.4  978.1  444.0  444.0   62.0  444.0
2024 174  6 22 0700  -44.0  978.1  444.0  444.0   60.7  444.0
2024 174  6 22 0800  -44.0  978.4  444.0  444.0   60.7  444.0
2024 174  6 22 0900  -44.6  978.6    2.3  214.0   60.3  444.0
2024 174  6 22 1000  -44.6  979.0    1.4  215.0   59.9  444.0
2024 174  6 22 1100  -44.9  979.3    1.2  221.0   59.9  444.0
2024 174  6 22 1200  -45.6  979.2    1.8  221.0   59.1  444.0
2024 174  6 22 1300  -45.4  979.8    1.0  222.0   59.1  444.0
2024 174  6 22 1400  -45.6  980.0    1.4  232.0   58.6  444.0
2024 174  6 22 1500  -45.1  980.4    3.1  210.0   59.5  444.0
2024 174  6 22 1600  -42.8  980.8    2.5  212.0   62.0  444.0
2024 174  6 22 1700  -44.1  980.8    2.9  212.0   60.3  444.0
2024 174  6 22 1800  -44.2  980.6    1.0  284.0   59.9  444.0
2024 174  6 22 1900  -44.1  981.2    2.3  205.0   60.3  444.0
2024 174  6 22 2000  -44.1  981.4    2.9  284.0   60.3  444.0
2024 174  6 22 2100  -44.9  981.6    1.9  249.0   59.5  444.0
2024 174  6 22 2200  -43.8  981.7    4.1  212.0   60.7  444.0
2024 174  6 22 2300  -43.9  982.1    2.7  224.0   60.7  444.0
2024 175  6 23 0000  -44.1  981.9    3.1  242.0   60.3  444.0
2024 175  6 23 0100  -44.0  981.6    3.9  246.0   60.3  444.0
2024 175  6 23 0200  -44.5  981.6    3.9  263.0   59.9  444.0
2024 175  6 23 0300  -44.1  981.2    3.5  245.0   59.9  444.0
2024 175  6 23 0400  -44.6  980.9    2.7  243.0   59.5  444.0
2024 175  6 23 0500  -45.1  980.8    3.5  257.0   59.1  444.0
2024 175  6 23 0600  -44.6  980.4    2.7  236.0   59.5  444.0
2024 175  6 23 0700  -44.9  980.0    2.9  233.0   59.5  444.0
2024 175  6 23 0800  -45.1  979.9    1.8  271.0   58.6  444.0
2024 175  6 23 0900  -44.2  979.6    1.9  249.0   59.5  444.0
2024 175  6 23 1000  -44.1  979.2    1.6  226.0   59.9  444.0
2024 175  6 23 1100  -45.1  978.9    1.6  287.0   58.6  444.0
2024 175  6 23 1200  -45.1  978.5    1.9  325.0   59.5  444.0
2024 175  6 23 1300  -41.8  977.8  444.0  444.0   62.4  444.0
2024 175  6 23 1400  -41.2  977.5  444.0  444.0   62.8  444.0
2024 175  6 23 1500  -39.8  977.2  444.0  444.0   64.5  444.0
2024 175  6 23 1600  -41.5  976.7  444.0  444.0   63.3  444.0
2024 175  6 23 1700  -39.1  976.4  444.0  444.0   65.8  444.0
2024 175  6 23 1800  -38.8  975.7  444.0  444.0   66.2  444.0
2024 175  6 23 1900  -39.4  975.6  444.0  444.0   65.8  444.0
2024 175  6 23 2000  -40.4  975.2  444.0  444.0   64.1  444.0
2024 175  6 23 2100  -40.5  975.1  444.0  444.0   64.9  444.0
2024 175  6 23 2200  -39.8  974.9  444.0  444.0   65.4  444.0
2024 175  6 23 2300  -40.1  974.7  444.0  444.0   64.9  444.0
2024 176  6 24 0000  -39.8  974.2  444.0  444.0   65.4  444.0
2024 176  6 24 0100  -38.8  973.8  444.0  444.0   65.8  444.0
2024 176  6 24 0200  -41.1  973.4  444.0  444.0   63.7  444.0
2024 176  6 24 0300  -40.5  973.3  444.0  444.0   64.5  444.0
2024 176  6 24 0400  -38.6  973.3  444.0  444.0   65.8  444.0
2024 176  6 24 0500  -38.9  972.9  444.0  444.0   65.8  444.0
2024 176  6 24 0600  -38.6  972.8  444.0  444.0   65.4  444.0
2024 176  6 24 0700  -37.5  972.5  444.0  444.0   66.6  444.0
2024 176  6 24 0800  -39.4  972.0  444.0  444.0   65.4  444.0
2024 176  6 24 0900  -42.9  971.3  444.0  444.0   62.0  444.0
2024 176  6 24 1000  -43.2  971.0  444.0  444.0   61.6  444.0
2024 176  6 24 1100  -42.8  970.3  444.0  444.0   61.6  444.0
2024 176  6 24 1200  -42.9  969.5  444.0  444.0   61.6  444.0
2024 176  6 24 1300  -42.6  969.0  444.0  444.0   62.0  444.0
2024 176  6 24 1400  -41.1  968.4  444.0  444.0   63.7  444.0
2024 176  6 24 1500  -42.5  967.7  444.0  444.0   62.4  444.0
2024 176  6 24 1600  -41.5  967.1  444.0  444.0   63.3  444.0
2024 176  6 24 1700  -41.8  966.1  444.0  444.0   63.3  444.0
2024 176  6 24 1800  -41.2  965.2  444.0  444.0   63.7  444.0
2024 176  6 24 1900  -41.2  964.1  444.0  444.0   63.7  444.0
2024 176  6 24 2000  -40.2  963.4  444.0  444.0   64.9  444.0
2024 176  6 24 2100  -41.5  962.4  444.0  444.0   63.7  444.0
2024 176  6 24 2200  -41.4  961.6  444.0  444.0   63.7  444.0
2024 176  6 24 2300  -41.5  961.0  444.0  444.0   63.3  444.0
2024 177  6 25 0000  -41.2  960.5  444.0  444.0   63.7  444.0
2024 177  6 25 0100  -40.0  960.1  444.0  444.0   65.4  444.0
2024 177  6 25 0200  -38.6  959.8  444.0  444.0   66.6  444.0
2024 177  6 25 0300  -38.0  960.3  444.0  444.0   67.5  444.0
2024 177  6 25 0400  -37.6  960.0  444.0  444.0   67.9  444.0
2024 177  6 25 0500  -37.9  960.1  444.0  444.0   67.9  444.0
2024 177  6 25 0600  -38.1  960.7  444.0  444.0   67.5  444.0
2024 177  6 25 0700  -38.8  961.6  444.0  444.0   67.0  444.0
2024 177  6 25 0800  -38.9  962.3  444.0  444.0   66.6  444.0
2024 177  6 25 0900  -41.5  962.9  444.0  444.0   64.1  444.0
2024 177  6 25 1000  -41.2  963.4  444.0  444.0   63.7  444.0
2024 177  6 25 1100  -41.1  964.3  444.0  444.0   64.1  444.0
2024 177  6 25 1200  -40.0  965.4  444.0  444.0   65.8  444.0
2024 177  6 25 1300  -40.5  966.9  444.0  444.0   64.9  444.0
2024 177  6 25 1400  -41.1  968.4  444.0  444.0   64.5  444.0
2024 177  6 25 1500  -41.2  969.8  444.0  444.0   64.1  444.0
2024 177  6 25 1600  -41.1  970.8  444.0  444.0   64.1  444.0
2024 177  6 25 1700  -42.9  972.0  444.0  444.0   62.0  444.0
2024 177  6 25 1800  -44.6  973.3  444.0  444.0   59.9  444.0
2024 177  6 25 1900  -45.9  974.1  444.0  444.0   58.6  444.0
2024 177  6 25 2000  -45.1  975.1  444.0  444.0   59.5  444.0
2024 177  6 25 2100  -43.2  976.0  444.0  444.0   61.6  444.0
2024 177  6 25 2200  -43.4  975.9  444.0  444.0   60.7  444.0
2024 177  6 25 2300  -43.6  976.3  444.0  444.0   60.7  444.0
2024 178  6 26 0000  -39.9  976.8  444.0  444.0   65.4  444.0
2024 178  6 26 0100  -38.6  976.8  444.0  444.0   66.6  444.0
2024 178  6 26 0200  -37.4  976.8  444.0  444.0   68.3  444.0
2024 178  6 26 0300  -37.0  976.2  444.0  444.0   68.3  444.0
2024 178  6 26 0400  -34.5  976.1  444.0  444.0   71.2  444.0
2024 178  6 26 0500  -32.9  976.1  444.0  444.0   73.3  444.0
2024 178  6 26 0600  -36.6  976.2  444.0  444.0   69.1  444.0
2024 178  6 26 0700  -40.1  976.5  444.0  444.0   65.4  444.0
2024 178  6 26 0800  -42.6  977.3  444.0  444.0   62.4  444.0
2024 178  6 26 0900  -44.0  977.5  444.0  444.0   61.2  444.0
2024 178  6 26 1000  -40.5  978.4  444.0  444.0   64.9  444.0
2024 178  6 26 1100  -40.5  978.6  444.0  444.0   64.5  444.0
2024 178  6 26 1200  -43.5  979.4  444.0  444.0   61.6  444.0
2024 178  6 26 1300  -45.2  980.3  444.0  444.0   59.5  444.0
2024 178  6 26 1400  -46.2  980.4  444.0  444.0   58.6  444.0
2024 178  6 26 1500  -47.0  980.8  444.0  444.0   57.4  444.0
2024 178  6 26 1600  -46.9  980.4  444.0  444.0   57.4  444.0
2024 178  6 26 1700  -47.1  980.2  444.0  444.0   57.4  444.0
2024 178  6 26 1800  -47.1  980.4  444.0  444.0   57.4  444.0
2024 178  6 26 1900  -47.4  979.4  444.0  444.0   56.5  444.0
2024 178  6 26 2000  -47.6  979.3  444.0  444.0   56.1  444.0
2024 178  6 26 2100  -47.2  978.2  444.0  444.0   57.0  444.0
2024 178  6 26 2200  -47.5  978.1  444.0  444.0   56.5  444.0
2024 178  6 26 2300  -47.6  976.9  444.0  444.0   56.5  444.0
2024 179  6 27 0000  -48.8  976.4  444.0  444.0   54.9  444.0
2024 179  6 27 0100  -48.4  974.7  444.0  444.0   55.3  444.0
2024 179  6 27 0200  -48.1  973.6  444.0  444.0   55.7  444.0
2024 179  6 27 0300  -48.2  972.2  444.0  444.0   55.3  444.0
2024 179  6 27 0400  -46.0  971.1  444.0  444.0   57.8  444.0
2024 179  6 27 0500  -43.2  969.3  444.0  444.0   60.7  444.0
2024 179  6 27 0600  -41.8  967.8  444.0  444.0   62.4  444.0
2024 179  6 27 0700  -40.4  966.5  444.0  444.0   64.1  444.0
2024 179  6 27 0800  -40.2  965.5  444.0  444.0   64.9  444.0
2024 179  6 27 0900  -37.5  964.1  444.0  444.0   67.9  444.0
2024 179  6 27 1000  -37.0  963.3  444.0  444.0   68.3  444.0
2024 179  6 27 1100  -36.2  962.6  444.0  444.0   69.1  444.0
2024 179  6 27 1200  -36.2  961.7  444.0  444.0   69.6  444.0
2024 179  6 27 1300  -36.2  961.5  444.0  444.0   69.6  444.0
2024 179  6 27 1400  -34.6  960.9  444.0  444.0   71.2  444.0
2024 179  6 27 1500  -34.0  959.8  444.0  444.0   72.1  444.0
2024 179  6 27 1600  -33.9  959.2  444.0  444.0   72.5  444.0
2024 179  6 27 1700  -33.0  957.7  444.0  444.0   73.8  444.0
2024 179  6 27 1800  -32.1  957.0  444.0  444.0   74.6  444.0
2024 179  6 27 1900  -30.9  955.5   11.9  295.0   76.3    0.1
2024 179  6 27 2000  -29.8  955.1   11.9  290.0   78.4  444.0
2024 179  6 27 2100  -28.1  954.7   11.3  292.0   79.2  444.0
2024 179  6 27 2200  -27.2  954.3   10.5  292.0   80.5  444.0
2024 179  6 27 2300  -27.0  953.8    9.4  302.0   80.5  444.0
2024 180  6 28 0000  -26.9  954.0    7.4  312.0   80.9  444.0
2024 180  6 28 0100  -31.4  954.9    7.4  169.0   74.2  444.0
2024 180  6 28 0200  -35.6  956.8    6.6  201.0   71.2  444.0
2024 180  6 28 0300  -35.5  957.8    7.8  219.0   71.7  444.0
2024 180  6 28 0400  -35.2  959.4    8.0  231.0   71.7  444.0
2024 180  6 28 0500  -34.5  960.0    6.8  248.0   72.5  444.0
2024 180  6 28 0600  -33.9  960.5    7.8  250.0   72.9  444.0
2024 180  6 28 0700  -34.0  961.3    9.4  252.0   72.9  444.0
2024 180  6 28 0800  -34.0  962.4    6.4  252.0   72.9  444.0
2024 180  6 28 0900  -33.8  963.2    5.8  256.0   72.9  444.0
2024 180  6 28 1000  -34.4  964.4    7.8  233.0   72.5  444.0
2024 180  6 28 1100  -34.6  965.8    6.4  232.0   72.1  444.0
2024 180  6 28 1200  -34.5  966.9    7.8  238.0   72.1  444.0
2024 180  6 28 1300  -34.6  968.1    8.2  242.0   72.1  444.0
2024 180  6 28 1400  -34.0  969.6    6.4  198.0   72.9  444.0
2024 180  6 28 1500  -35.4  971.8    5.7  202.0   71.2  444.0
2024 180  6 28 1600  -35.2  973.3    3.5  221.0   71.2  444.0
2024 180  6 28 1700  -35.9  974.6    4.3  179.0   70.4  444.0
2024 180  6 28 1800  -34.5  976.3    6.0  181.0   72.1  444.0
2024 180  6 28 1900  -35.9  978.0    6.6  197.0   70.4  444.0
2024 180  6 28 2000  -38.1  978.8    5.7  190.0   67.9  444.0
2024 180  6 28 2100  -36.9  979.9    5.5  191.0   69.6  444.0
2024 180  6 28 2200  -36.5  980.9    5.3  204.0   70.0  444.0
2024 180  6 28 2300  -37.0  982.0    4.9  224.0   69.1  444.0
2024 181  6 29 0000  -38.0  982.6    6.4  231.0   68.3  444.0
2024 181  6 29 0100  -39.0  983.1    5.8  229.0   67.0  444.0
2024 181  6 29 0200  -38.6  983.3    3.3  218.0   67.5  444.0
2024 181  6 29 0300  -39.9  984.1    1.6  240.0   66.2  444.0
2024 181  6 29 0400  -41.5  983.9    0.8  260.0   63.7  444.0
2024 181  6 29 0500  -43.0  984.5    2.1  267.0   62.0  444.0
2024 181  6 29 0600  -43.5  985.1    1.4  276.0   61.6  444.0
2024 181  6 29 0700  -43.9  985.7  444.0  444.0   61.6  444.0
2024 181  6 29 0800  -43.6  986.1  444.0  444.0   61.2  444.0
2024 181  6 29 0900  -42.8  986.1  444.0  444.0   62.4  444.0
2024 181  6 29 1000  -39.4  985.9  444.0  444.0   66.2  444.0
2024 181  6 29 1100  -37.8  986.2  444.0  444.0   68.3  444.0
2024 181  6 29 1200  -35.8  986.2  444.0  444.0   70.4  444.0
2024 181  6 29 1300  -34.4  986.2  444.0  444.0   72.1  444.0
2024 181  6 29 1400  -33.8  986.8  444.0  444.0   72.9  444.0
2024 181  6 29 1500  -33.0  986.8  444.0  444.0   73.3  444.0
2024 181  6 29 1600  -33.0  986.7  444.0  444.0   73.8  444.0
2024 181  6 29 1700  -33.4  987.2  444.0  444.0   72.9  444.0
2024 181  6 29 1800  -35.0  987.3  444.0  444.0   71.7  444.0
2024 181  6 29 1900  -35.1  987.6  444.0  444.0   71.2  444.0
2024 181  6 29 2000  -35.6  987.8  444.0  444.0   70.8  444.0
2024 181  6 29 2100  -36.5  987.7    2.5  255.0   69.6  444.0
2024 181  6 29 2200  -38.5  987.9    3.5  252.0   67.5  444.0
2024 181  6 29 2300  -39.2  988.1    5.1  229.0   66.6  444.0
2024 182  6 30 0000  -39.9  988.7    6.0  226.0   65.8  444.0
2024 182  6 30 0100  -38.5  988.7    3.3  232.0   67.5  444.0
2024 182  6 30 0200  -36.5  988.8    4.5  248.0   69.6  444.0
2024 182  6 30 0300  -36.6  988.3    4.5  255.0   69.1  444.0
2024 182  6 30 0400  -34.4  988.4    4.7  229.0   71.7  444.0
2024 182  6 30 0500  -31.8  988.9    5.7  226.0   74.6  444.0
2024 182  6 30 0600  -30.8  989.3    4.3  226.0   75.9  444.0
2024 182  6 30 0700  -29.6  989.6    5.5  219.0   77.5  444.0
2024 182  6 30 0800  -30.4  990.0    4.9  225.0   76.7  444.0
2024 182  6 30 0900  -31.1  990.3    5.1  212.0   75.9  444.0
2024 182  6 30 1000  -32.8  990.8    4.3  228.0   73.8  444.0
2024 182  6 30 1100  -32.8  990.8    3.9  212.0   74.2  444.0
2024 182  6 30 1200  -33.1  991.1    3.9  198.0   73.3  444.0
2024 182  6 30 1300  -33.9  991.1    4.3  190.0   72.5  444.0
2024 182  6 30 1400  -33.6  991.1    4.5  204.0   72.9  444.0
2024 182  6 30 1500  -34.5  991.1    6.0  186.0   72.1  444.0
2024 182  6 30 1600  -36.0  991.4    4.5  183.0   70.4  444.0
2024 182  6 30 1700  -36.8  990.9    6.0  170.0   69.6  444.0
2024 182  6 30 1800  -38.1  990.7    5.3  166.0   67.9  444.0
2024 182  6 30 1900  -39.5  991.2    2.9  165.0   66.2  444.0
2024 182  6 30 2000  -40.5  991.0    3.3  188.0   65.4  444.0
2024 182  6 30 2100  -40.9  990.7    4.5  179.0   64.5  444.0
2024 182  6 30 2200  -41.6  990.6    4.1  169.0   63.7  444.0
2024 182  6 30 2300  -41.9  990.0    4.7  150.0   63.7  444.0
