Year: 2017  Month: 08  ID: VTO  ARGOS:  8931  Name: Vito                
Lat: 78.47S  Lon: 177.79E  Elev:   50m
2017 213  8  1 0000  -45.0  976.7    5.1  236.0   59.5  444.0
2017 213  8  1 0100  -46.2  976.8    4.5  236.0   58.2  444.0
2017 213  8  1 0200  -46.4  976.9    3.5  236.0   57.8  444.0
2017 213  8  1 0300  -47.2  977.1    4.3  236.0   57.0  444.0
2017 213  8  1 0400  -47.6  977.0    3.5  236.0   56.5  444.0
2017 213  8  1 0500  -47.4  976.6    2.5  236.0   56.5  444.0
2017 213  8  1 0600  -47.8  976.3  444.0  444.0   56.1  444.0
2017 213  8  1 0700  -47.2  976.4  444.0  444.0   57.0  444.0
2017 213  8  1 0800  -45.9  976.6  444.0  444.0   58.2  444.0
2017 213  8  1 0900  -45.2  976.5  444.0  444.0   58.6  444.0
2017 213  8  1 1000  -44.9  976.7  444.0  444.0   58.6  444.0
2017 213  8  1 1100  -46.1  976.7  444.0  444.0   57.8  444.0
2017 213  8  1 1200  -46.6  976.3  444.0  444.0   57.8  444.0
2017 213  8  1 1300  -46.5  975.6  444.0  444.0   57.8  444.0
2017 213  8  1 1400  -45.9  975.5  444.0  444.0   58.2  444.0
2017 213  8  1 1500  -46.2  975.1  444.0  444.0   57.8  444.0
2017 213  8  1 1600  -46.9  975.1  444.0  444.0   57.8  444.0
2017 213  8  1 1700  -44.8  974.8  444.0  444.0   59.5  444.0
2017 213  8  1 1800  -44.2  974.5  444.0  444.0   60.3  444.0
2017 213  8  1 1900  -44.9  974.6  444.0  444.0   58.6  444.0
2017 213  8  1 2000  -44.6  974.6  444.0  444.0   59.5  444.0
2017 213  8  1 2100  -45.4  974.8  444.0  444.0   58.2  444.0
2017 213  8  1 2200  -43.4  974.3  444.0  444.0   61.6  444.0
2017 213  8  1 2300  -42.6  973.8  444.0  444.0   62.4  444.0
2017 214  8  2 0000  -41.5  973.7    5.1  242.0   63.3  444.0
2017 214  8  2 0100  -43.9  973.8    3.5  242.0   59.9  444.0
2017 214  8  2 0200  -44.8  973.6    3.7  242.0   59.1  444.0
2017 214  8  2 0300  -45.6  973.4    4.5  242.0   58.6  444.0
2017 214  8  2 0400  -45.4  973.5    5.3  242.0   59.1  444.0
2017 214  8  2 0500  -45.1  973.2    4.9  242.0   59.5  444.0
2017 214  8  2 0600  -43.6  973.2    6.2  229.0   61.2  444.0
2017 214  8  2 0700  -43.9  973.2    5.1  236.0   60.7  444.0
2017 214  8  2 0800  -42.6  973.4    5.7  221.0   62.0  444.0
2017 214  8  2 0900  -42.5  973.4    5.1  218.0   62.0  444.0
2017 214  8  2 1000  -42.6  973.8    4.5  225.0   62.0  444.0
2017 214  8  2 1100  -42.8  973.9    4.1  221.0   61.6  444.0
2017 214  8  2 1200  -43.0  974.0    3.3  229.0   60.3  444.0
2017 214  8  2 1300  -44.5  974.1    3.7  233.0   59.5  444.0
2017 214  8  2 1400  -43.0  974.0    4.1  233.0   62.0  444.0
2017 214  8  2 1500  -42.1  974.4    4.5  219.0   63.3  444.0
2017 214  8  2 1600  -41.5  974.3    4.7  222.0   63.7  444.0
2017 214  8  2 1700  -42.1  974.5    5.1  211.0   64.1  444.0
2017 214  8  2 1800  -40.6  974.9    3.9  218.0   62.8  444.0
2017 214  8  2 1900  -41.4  975.2    4.9  212.0   63.3  444.0
2017 214  8  2 2000  -42.1  975.1    4.1  221.0   62.4  444.0
2017 214  8  2 2100  -43.0  975.3    3.9  228.0   61.2  444.0
2017 214  8  2 2200  -43.9  975.5    4.1  231.0   60.7  444.0
2017 214  8  2 2300  -43.9  975.8    3.9  232.0   60.3  444.0
2017 215  8  3 0000  -44.0  976.0    4.1  232.0   60.3  444.0
2017 215  8  3 0100  -42.8  976.1    4.1  215.0   61.6  444.0
2017 215  8  3 0200  -43.9  976.2    3.9  215.0   60.3  444.0
2017 215  8  3 0300  -42.6  976.1    3.9  221.0   62.0  444.0
2017 215  8  3 0400  -43.5  976.2    3.1  225.0   60.3  444.0
2017 215  8  3 0500  -43.5  975.8    4.5  204.0   62.4  444.0
2017 215  8  3 0600  -42.6  976.3    3.3  228.0   61.2  444.0
2017 215  8  3 0700  -43.4  976.1    4.9  224.0   62.0  444.0
2017 215  8  3 0800  -43.4  975.8    4.3  232.0   60.7  444.0
2017 215  8  3 0900  -42.6  976.2    4.7  229.0   61.6  444.0
2017 215  8  3 1000  -43.8  976.0    3.9  217.0   60.7  444.0
2017 215  8  3 1100  -43.6  976.0    4.1  231.0   60.3  444.0
2017 215  8  3 1200  -43.6  975.9    3.9  226.0   60.7  444.0
2017 215  8  3 1300  -44.6  975.8    3.3  228.0   59.5  444.0
2017 215  8  3 1400  -45.0  975.6    3.9  235.0   59.1  444.0
2017 215  8  3 1500  -44.1  975.1    4.9  236.0   60.3  444.0
2017 215  8  3 1600  -43.4  975.3    4.3  236.0   61.2  444.0
2017 215  8  3 1700  -43.9  974.9    4.9  238.0   60.3  444.0
2017 215  8  3 1800  -43.6  975.3    4.3  238.0   60.3  444.0
2017 215  8  3 1900  -43.4  975.4    4.5  238.0   61.2  444.0
2017 215  8  3 2000  -43.2  975.6    4.9  226.0   61.2  444.0
2017 215  8  3 2100  -41.1  975.8    6.2  228.0   64.1  444.0
2017 215  8  3 2200  -41.1  976.3    4.9  229.0   63.7  444.0
2017 215  8  3 2300  -40.2  976.5    6.0  235.0   64.5  444.0
2017 216  8  4 0000  -39.2  976.5    4.9  229.0   65.8  444.0
2017 216  8  4 0100  -38.2  976.3    7.4  226.0   67.5  444.0
2017 216  8  4 0200  -37.4  976.5    7.6  221.0   67.5  444.0
2017 216  8  4 0300  -37.5  976.1    6.8  236.0   67.5  444.0
2017 216  8  4 0400  -37.9  975.9    7.0  243.0   67.5  444.0
2017 216  8  4 0500  -38.0  975.9    6.4  240.0   67.0  444.0
2017 216  8  4 0600  -39.8  975.7    5.7  238.0   64.9  444.0
2017 216  8  4 0700  -41.6  976.1    5.3  224.0   62.8  444.0
2017 216  8  4 0800  -43.4  976.3    5.8  228.0   61.2  444.0
2017 216  8  4 0900  -44.2  976.3    5.3  229.0   59.9  444.0
2017 216  8  4 1000  -45.0  976.2    3.3  231.0   59.1  444.0
2017 216  8  4 1100  -45.1  975.6    4.3  235.0   59.9  444.0
2017 216  8  4 1200  -44.1  975.1    1.8  235.0   59.5  444.0
2017 216  8  4 1300  -42.5  974.6    4.7  236.0   62.4  444.0
2017 216  8  4 1400  -41.9  974.2    4.5  236.0   62.8  444.0
2017 216  8  4 1500  -43.4  973.9    2.3  236.0   60.7  444.0
2017 216  8  4 1600  -41.8  973.5    3.1  236.0   62.8  444.0
2017 216  8  4 1700  -42.1  973.5    1.8  236.0   62.0  444.0
2017 216  8  4 1800  -41.2  973.5    2.9  236.0   63.7  444.0
2017 216  8  4 1900  -42.1  973.2    2.5  236.0   62.8  444.0
2017 216  8  4 2000  -41.0  973.1    4.1  219.0   64.1  444.0
2017 216  8  4 2100  -41.2  972.9    4.5  205.0   63.7  444.0
2017 216  8  4 2200  -41.0  972.9    5.1  204.0   63.7  444.0
2017 216  8  4 2300  -41.5  973.1    5.8  201.0   63.3  444.0
2017 217  8  5 0000  -41.8  973.0    5.5  212.0   63.3  444.0
2017 217  8  5 0100  -41.1  973.7    5.8  205.0   63.7  444.0
2017 217  8  5 0200  -40.9  973.7    6.6  214.0   64.5  444.0
2017 217  8  5 0300  -40.5  974.2    4.7  215.0   64.1  444.0
2017 217  8  5 0400  -40.9  974.2    4.7  215.0   64.1  444.0
2017 217  8  5 0500  -40.9  974.2    4.9  201.0   64.1  444.0
2017 217  8  5 0600  -40.6  974.4    5.3  200.0   64.1  444.0
2017 217  8  5 0700  -40.2  974.5    6.8  197.0   64.5  444.0
2017 217  8  5 0800  -40.4  975.2    5.7  201.0   64.5  444.0
2017 217  8  5 0900  -40.9  975.8    7.8  191.0   64.1  444.0
2017 217  8  5 1000  -41.8  976.8    5.8  193.0   63.3  444.0
2017 217  8  5 1100  -42.4  977.2    5.5  198.0   62.4  444.0
2017 217  8  5 1200  -42.4  977.3    4.7  205.0   62.8  444.0
2017 217  8  5 1300  -42.4  977.5    4.9  214.0   62.4  444.0
2017 217  8  5 1400  -41.5  977.3    6.4  232.0   63.7  444.0
2017 217  8  5 1500  -40.5  977.0    7.2  222.0   64.9  444.0
2017 217  8  5 1600  -39.1  976.9    7.4  215.0   66.6  444.0
2017 217  8  5 1700  -37.8  977.0    8.2  212.0   67.9  444.0
2017 217  8  5 1800  -37.5  977.0    8.6  212.0   67.9  444.0
2017 217  8  5 1900  -37.5  977.1    8.4  219.0   67.5  444.0
2017 217  8  5 2000  -37.4  976.5    8.8  218.0   68.7  444.0
2017 217  8  5 2100  -37.0  977.5    7.8  212.0   68.7  444.0
2017 217  8  5 2200  -37.4  977.9    7.6  226.0   67.9  444.0
2017 217  8  5 2300  -36.5  978.1    9.0  219.0   69.6  444.0
2017 218  8  6 0000  -36.2  978.1    7.8  210.0   70.0  444.0
2017 218  8  6 0100  -35.6  978.5    8.6  212.0   70.4  444.0
2017 218  8  6 0200  -35.4  978.6    8.8  198.0   70.8  444.0
2017 218  8  6 0300  -35.0  978.7    7.6  202.0   71.2  444.0
2017 218  8  6 0400  -35.4  978.9    6.6  208.0   70.4  444.0
2017 218  8  6 0500  -35.6  979.4    6.8  215.0   71.2  444.0
2017 218  8  6 0600  -35.2  979.6    7.6  219.0   70.4  444.0
2017 218  8  6 0700  -35.6  980.0    6.8  219.0   70.4  444.0
2017 218  8  6 0800  -35.1  979.9    5.8  219.0   71.2  444.0
2017 218  8  6 0900  -35.6  979.8    6.6  218.0   70.4  444.0
2017 218  8  6 1000  -36.8  979.8    6.2  221.0   69.1  444.0
2017 218  8  6 1100  -36.9  980.4    7.0  219.0   69.1  444.0
2017 218  8  6 1200  -36.9  980.3    6.2  215.0   69.1  444.0
2017 218  8  6 1300  -36.9  980.9    6.6  218.0   69.6  444.0
2017 218  8  6 1400  -37.4  981.7    4.3  210.0   68.3  444.0
2017 218  8  6 1500  -37.4  981.8    5.7  210.0   69.6  444.0
2017 218  8  6 1600  -36.5  981.2    5.5  217.0   69.6  444.0
2017 218  8  6 1700  -36.8  980.8    5.8  221.0   68.7  444.0
2017 218  8  6 1800  -36.2  980.3    6.2  229.0   69.6  444.0
2017 218  8  6 1900  -35.6  980.4    6.8  217.0   70.8  444.0
2017 218  8  6 2000  -35.1  980.8    6.0  218.0   70.8  444.0
2017 218  8  6 2100  -36.2  980.7    7.0  221.0   69.6  444.0
2017 218  8  6 2200  -36.6  980.9    6.2  218.0   69.1  444.0
2017 218  8  6 2300  -36.9  980.9    5.8  226.0   69.1  444.0
2017 219  8  7 0000  -36.2  980.4    6.8  222.0   70.0  444.0
2017 219  8  7 0100  -36.0  980.0    7.2  224.0   70.4  444.0
2017 219  8  7 0200  -35.4  979.9    8.4  218.0   71.2  444.0
2017 219  8  7 0300  -35.6  980.0    8.4  222.0   70.0  444.0
2017 219  8  7 0400  -36.9  980.3    5.8  221.0   68.7  444.0
2017 219  8  7 0500  -37.0  980.4    9.2  212.0   69.6  444.0
2017 219  8  7 0600  -36.6  980.8    7.2  208.0   69.6  444.0
2017 219  8  7 0700  -36.5  980.4    7.6  218.0   70.0  444.0
2017 219  8  7 0800  -36.6  980.8    8.4  202.0   69.6  444.0
2017 219  8  7 0900  -36.1  980.5    8.8  207.0   70.0  444.0
2017 219  8  7 1000  -35.2  980.6    7.8  205.0   70.8  444.0
2017 219  8  7 1100  -35.6  980.6    7.2  200.0   70.4  444.0
2017 219  8  7 1200  -35.8  980.8    8.2  205.0   70.4  444.0
2017 219  8  7 1300  -36.1  980.5    9.8  202.0   70.0  444.0
2017 219  8  7 1400  -36.4  980.9    9.2  205.0   69.1  444.0
2017 219  8  7 1500  -38.1  981.6    8.6  190.0   67.0  444.0
2017 219  8  7 1600  -39.8  981.6    8.6  190.0   66.2  444.0
2017 219  8  7 1700  -40.5  982.0    7.2  190.0   64.9  444.0
2017 219  8  7 1800  -40.8  982.6    5.3  179.0   64.5  444.0
2017 219  8  7 1900  -40.9  982.7    6.6  194.0   65.4  444.0
2017 219  8  7 2000  -40.1  982.8    6.8  201.0   65.4  444.0
2017 219  8  7 2100  -40.4  982.1    7.6  204.0   65.4  444.0
2017 219  8  7 2200  -40.0  981.6    7.0  207.0   65.8  444.0
2017 219  8  7 2300  -40.0  981.6    8.0  207.0   65.8  444.0
2017 220  8  8 0000  -39.5  981.3    6.0  200.0   65.8  444.0
2017 220  8  8 0100  -39.8  981.2    6.2  204.0   65.8  444.0
2017 220  8  8 0200  -39.8  980.6   12.1  224.0   65.4  444.0
2017 220  8  8 0300  -41.1  979.5    2.7  218.0   64.1  444.0
2017 220  8  8 0400  -41.9  978.4    2.5  225.0   62.8  444.0
2017 220  8  8 0500  -42.6  977.8    3.7  240.0   62.4  444.0
2017 220  8  8 0600  -43.0  976.6    1.6  240.0   61.6  444.0
2017 220  8  8 0700  -42.5  975.0    0.6  240.0   62.4  444.0
2017 220  8  8 0800  -41.2  973.7    3.5  248.0   64.1  444.0
2017 220  8  8 0900  -38.1  971.9    4.3  249.0   68.3  444.0
2017 220  8  8 1000  -39.4  971.0  444.0  444.0   65.8  444.0
2017 220  8  8 1100  -36.9  969.3  444.0  444.0   68.7  444.0
2017 220  8  8 1200  -36.6  967.8  444.0  444.0   68.3  444.0
2017 220  8  8 1300  -35.9  966.8  444.0  444.0   70.0  444.0
2017 220  8  8 1400  -36.9  966.2  444.0  444.0   69.6  444.0
2017 220  8  8 1500  -35.2  965.3  444.0  444.0   71.2  444.0
2017 220  8  8 1600  -34.8  964.7  444.0  444.0   70.8  444.0
2017 220  8  8 1700  -35.0  964.6  444.0  444.0   71.2  444.0
2017 220  8  8 1800  -35.0  964.3  444.0  444.0   71.2  444.0
2017 220  8  8 1900  -36.5  964.0  444.0  444.0   68.7  444.0
2017 220  8  8 2000  -36.2  963.8  444.0  444.0   70.0  444.0
2017 220  8  8 2100  -34.8  963.3  444.0  444.0   70.0  444.0
2017 220  8  8 2200  -36.1  963.6  444.0  444.0   70.0  444.0
2017 220  8  8 2300  -36.5  963.1  444.0  444.0   69.6  444.0
2017 221  8  9 0000  -36.2  962.7  444.0  444.0   69.6  444.0
2017 221  8  9 0100  -37.5  962.7  444.0  444.0   68.3  444.0
2017 221  8  9 0200  -37.5  963.3  444.0  444.0   68.3  444.0
2017 221  8  9 0300  -38.8  963.6  444.0  444.0   66.2  444.0
2017 221  8  9 0400  -40.1  964.1  444.0  444.0   64.9  444.0
2017 221  8  9 0500  -41.2  964.9  444.0  444.0   63.3  444.0
2017 221  8  9 0600  -42.1  965.7    7.2  191.0   62.8  444.0
2017 221  8  9 0700  -42.5  966.2    6.6  215.0   62.8  444.0
2017 221  8  9 0800  -42.2  967.1    7.6  202.0   63.7  444.0
2017 221  8  9 0900  -40.6  967.4    7.2  201.0   65.4  444.0
2017 221  8  9 1000  -36.8  968.1    5.5  166.0   72.5  444.0
2017 221  8  9 1100  -33.2  969.3    5.8  169.0   72.9  444.0
2017 221  8  9 1200  -33.6  970.7    6.0  146.0   72.1  444.0
2017 221  8  9 1300  -34.5  971.2    6.6  172.0   71.2  444.0
2017 221  8  9 1400  -35.8  971.8    7.6  170.0   69.6  444.0
2017 221  8  9 1500  -37.8  972.4    7.0  174.0   67.0  444.0
2017 221  8  9 1600  -39.1  973.3    5.7  180.0   66.6  444.0
2017 221  8  9 1700  -39.0  973.6    6.4  172.0   67.0  444.0
2017 221  8  9 1800  -39.1  974.2    6.0  167.0   66.6  444.0
2017 221  8  9 1900  -38.8  974.6    5.5  176.0   67.5  444.0
2017 221  8  9 2000  -38.4  975.1    6.2  177.0   67.9  444.0
2017 221  8  9 2100  -38.0  975.4    6.8  174.0   67.9  444.0
2017 221  8  9 2200  -37.5  975.7    7.0  184.0   68.3  444.0
2017 221  8  9 2300  -37.4  975.5    6.6  184.0   68.7  444.0
2017 222  8 10 0000  -37.4  975.9    7.0  191.0   68.7  444.0
2017 222  8 10 0100  -37.5  975.9    7.4  195.0   67.9  444.0
2017 222  8 10 0200  -38.6  976.1    6.6  201.0   66.6  444.0
2017 222  8 10 0300  -40.4  976.3    5.3  198.0   64.5  444.0
2017 222  8 10 0400  -41.9  976.4    5.5  202.0   63.3  444.0
2017 222  8 10 0500  -42.6  976.1    5.3  205.0   62.4  444.0
2017 222  8 10 0600  -43.2  976.5    4.5  191.0   62.0  444.0
2017 222  8 10 0700  -43.8  976.3    4.5  202.0   61.2  444.0
2017 222  8 10 0800  -44.6  975.9    3.9  201.0   59.9  444.0
2017 222  8 10 0900  -45.5  976.3    3.5  204.0   59.5  444.0
2017 222  8 10 1000  -46.2  976.6    4.5  212.0   58.2  444.0
2017 222  8 10 1100  -47.1  976.2    2.5  219.0   57.4  444.0
2017 222  8 10 1200  -47.5  975.7    2.3  226.0   57.0  444.0
2017 222  8 10 1300  -47.6  975.2    1.8  226.0   56.5  444.0
2017 222  8 10 1400  -47.6  974.6    3.3  238.0   57.4  444.0
2017 222  8 10 1500  -46.4  973.8    3.3  238.0   58.2  444.0
2017 222  8 10 1600  -45.6  973.2    3.5  242.0   59.1  444.0
2017 222  8 10 1700  -43.5  972.9    4.1  242.0   61.6  444.0
2017 222  8 10 1800  -42.2  972.6    4.1  240.0   63.3  444.0
2017 222  8 10 1900  -42.9  971.9    3.3  238.0   61.2  444.0
2017 222  8 10 2000  -44.5  971.3    4.3  239.0   59.9  444.0
2017 222  8 10 2100  -44.5  971.1    5.1  242.0   60.7  444.0
2017 222  8 10 2200  -43.9  971.5    4.3  236.0   61.6  444.0
2017 222  8 10 2300  -43.4  971.5    4.7  235.0   61.6  444.0
2017 223  8 11 0000  -42.4  971.2    4.3  233.0   62.8  444.0
2017 223  8 11 0100  -43.2  971.8    2.7  229.0   60.7  444.0
2017 223  8 11 0200  -43.5  971.4    4.1  221.0   62.4  444.0
2017 223  8 11 0300  -41.8  970.9    3.7  235.0   62.8  444.0
2017 223  8 11 0400  -43.2  970.8    2.7  236.0   61.6  444.0
2017 223  8 11 0500  -42.6  970.9    3.9  240.0   63.3  444.0
2017 223  8 11 0600  -42.2  971.4    4.3  246.0   62.8  444.0
2017 223  8 11 0700  -41.8  971.3    3.9  246.0   62.8  444.0
2017 223  8 11 0800  -42.1  971.7    2.5  246.0   62.4  444.0
2017 223  8 11 0900  -42.6  971.4    4.1  246.0   62.4  444.0
2017 223  8 11 1000  -42.5  971.7    3.5  246.0   62.0  444.0
2017 223  8 11 1100  -42.1  971.6    3.9  246.0   62.8  444.0
2017 223  8 11 1200  -40.6  971.6  444.0  444.0   64.5  444.0
2017 223  8 11 1300  -42.2  972.1  444.0  444.0   61.6  444.0
2017 223  8 11 1400  -43.8  972.1  444.0  444.0   60.7  444.0
2017 223  8 11 1500  -45.1  972.2  444.0  444.0   59.1  444.0
2017 223  8 11 1600  -46.4  972.4  444.0  444.0   57.8  444.0
2017 223  8 11 1700  -46.9  972.5  444.0  444.0   57.4  444.0
2017 223  8 11 1800  -46.6  972.7  444.0  444.0   57.8  444.0
2017 223  8 11 1900  -45.8  973.3  444.0  444.0   58.6  444.0
2017 223  8 11 2000  -46.6  973.1  444.0  444.0   57.4  444.0
2017 223  8 11 2100  -45.4  973.8  444.0  444.0   59.1  444.0
2017 223  8 11 2200  -43.9  974.3  444.0  444.0   60.7  444.0
2017 223  8 11 2300  -42.1  975.0  444.0  444.0   62.4  444.0
2017 224  8 12 0000  -41.2  975.3  444.0  444.0   63.3  444.0
2017 224  8 12 0100  -40.9  975.1  444.0  444.0   64.1  444.0
2017 224  8 12 0200  -40.6  975.6  444.0  444.0   63.7  444.0
2017 224  8 12 0300  -40.9  975.6  444.0  444.0   63.7  444.0
2017 224  8 12 0400  -41.4  975.9  444.0  444.0   62.8  444.0
2017 224  8 12 0500  -41.6  976.4  444.0  444.0   62.8  444.0
2017 224  8 12 0600  -41.6  976.7  444.0  444.0   62.8  444.0
2017 224  8 12 0700  -42.2  976.7  444.0  444.0   62.4  444.0
2017 224  8 12 0800  -42.1  977.1  444.0  444.0   62.8  444.0
2017 224  8 12 0900  -42.1  977.0  444.0  444.0   62.0  444.0
2017 224  8 12 1000  -42.6  976.7  444.0  444.0   61.6  444.0
2017 224  8 12 1100  -42.5  976.6  444.0  444.0   62.0  444.0
2017 224  8 12 1200  -43.9  976.3  444.0  444.0   60.7  444.0
2017 224  8 12 1300  -43.8  975.8  444.0  444.0   60.7  444.0
2017 224  8 12 1400  -44.0  975.2  444.0  444.0   60.3  444.0
2017 224  8 12 1500  -44.8  974.3  444.0  444.0   59.1  444.0
2017 224  8 12 1600  -45.4  974.0  444.0  444.0   58.6  444.0
2017 224  8 12 1700  -44.9  973.5  444.0  444.0   59.1  444.0
2017 224  8 12 1800  -45.6  973.4  444.0  444.0   58.2  444.0
2017 224  8 12 1900  -46.9  973.4    2.9  180.0   57.0  444.0
2017 224  8 12 2000  -47.2  973.0    3.7  183.0   56.5  444.0
2017 224  8 12 2100  -47.2  972.9    6.2  180.0   57.0  444.0
2017 224  8 12 2200  -47.2  972.7    6.4  181.0   57.0  444.0
2017 224  8 12 2300  -46.2  972.2    7.4  179.0   57.8  444.0
2017 225  8 13 0000  -46.9  971.5    9.0  183.0   56.5  444.0
2017 225  8 13 0100  -47.1  971.2    8.6  177.0   57.0  444.0
2017 225  8 13 0200  -47.1  970.3   12.3  184.0   56.5  444.0
2017 225  8 13 0300  -46.6  969.6   10.5  179.0   57.8  444.0
2017 225  8 13 0400  -44.8  968.5   14.4  186.0   59.9  444.0
2017 225  8 13 0500  -43.5  967.5   12.9  183.0   60.7  444.0
2017 225  8 13 0600  -42.8  965.8   13.5  194.0   61.6  444.0
2017 225  8 13 0700  -42.2  965.3   15.2  186.0   62.0  444.0
2017 225  8 13 0800  -41.9  964.0   14.2  194.0   62.8  444.0
2017 225  8 13 0900  -41.5  962.9   17.2  184.0   63.3  444.0
2017 225  8 13 1000  -39.1  961.6   15.6  197.0   66.2  444.0
2017 225  8 13 1100  -37.8  960.2   15.6  198.0   67.9  444.0
2017 225  8 13 1200  -36.8  959.0   15.2  204.0   68.3  444.0
2017 225  8 13 1300  -35.6  957.5   19.5  195.0   70.4  444.0
2017 225  8 13 1400  -34.4  956.9   15.4  200.0   71.2  444.0
2017 225  8 13 1500  -32.4  956.2   17.0  186.0   74.2  444.0
2017 225  8 13 1600  -29.8  956.3   15.6  191.0   77.1  444.0
2017 225  8 13 1700  -28.8  955.8   13.5  177.0   78.0  444.0
2017 225  8 13 1800  -28.8  955.9   13.6  184.0   77.5  444.0
2017 225  8 13 1900  -28.6  956.5   12.5  181.0   78.4  444.0
2017 225  8 13 2000  -28.1  957.0   13.6  179.0   78.8  444.0
2017 225  8 13 2100  -27.9  957.0   13.8  176.0   79.2  444.0
2017 225  8 13 2200  -27.6  957.6   12.1  180.0   79.6  444.0
2017 225  8 13 2300  -27.9  958.1   12.5  179.0   79.2  444.0
2017 226  8 14 0000  -28.0  957.9   11.5  179.0   79.2  444.0
2017 226  8 14 0100  -28.0  958.0    8.4  173.0   79.2  444.0
2017 226  8 14 0200  -27.9  958.2    9.9  187.0   79.2  444.0
2017 226  8 14 0300  -27.9  958.7    7.2  186.0   79.6  444.0
2017 226  8 14 0400  -27.5  958.8    8.6  190.0   80.1  444.0
2017 226  8 14 0500  -27.2  958.4    9.6  190.0   80.1  444.0
2017 226  8 14 0600  -26.9  958.5    7.8  183.0   80.5  444.0
2017 226  8 14 0700  -26.4  958.2    8.6  194.0   81.3  444.0
2017 226  8 14 0800  -25.5  957.8    7.2  197.0   82.2  444.0
2017 226  8 14 0900  -25.0  957.3    8.4  204.0   82.6  444.0
2017 226  8 14 1000  -24.2  956.9    7.2  205.0   83.8  444.0
2017 226  8 14 1100  -23.2  956.4    7.8  205.0   84.7  444.0
2017 226  8 14 1200  -22.9  956.3    7.0  193.0   84.7  444.0
2017 226  8 14 1300  -22.9  955.7    7.4  184.0   84.7  444.0
2017 226  8 14 1400  -22.9  955.4    7.6  187.0   84.7  444.0
2017 226  8 14 1500  -23.2  955.3    7.2  173.0   84.3  444.0
2017 226  8 14 1600  -24.1  955.6    5.7  156.0   83.0  444.0
2017 226  8 14 1700  -26.4  956.2    4.5  155.0   80.9  444.0
2017 226  8 14 1800  -27.0  956.8    5.5  160.0   80.5  444.0
2017 226  8 14 1900  -27.6  957.8    4.9  152.0   79.6  444.0
2017 226  8 14 2000  -28.8  959.0    4.9  155.0   78.0  444.0
2017 226  8 14 2100  -30.0  960.2    5.8  152.0   76.7  444.0
2017 226  8 14 2200  -32.1  961.2    4.7  160.0   75.0  444.0
2017 226  8 14 2300  -33.4  962.0    5.1  180.0   73.8  444.0
2017 227  8 15 0000  -34.0  962.6    6.8  167.0   72.9  444.0
2017 227  8 15 0100  -34.6  963.1    7.0  170.0   72.1  444.0
2017 227  8 15 0200  -35.8  963.5    8.2  179.0   71.2  444.0
2017 227  8 15 0300  -35.8  964.2    7.4  181.0   71.2  444.0
2017 227  8 15 0400  -35.0  964.9    8.0  170.0   72.5  444.0
2017 227  8 15 0500  -35.0  965.7    6.0  176.0   71.7  444.0
2017 227  8 15 0600  -34.6  966.0    7.0  177.0   72.9  444.0
2017 227  8 15 0700  -34.5  965.8    6.2  183.0   72.5  444.0
2017 227  8 15 0800  -34.5  966.2    6.0  200.0   72.9  444.0
2017 227  8 15 0900  -32.9  965.6    6.2  210.0   74.2  444.0
2017 227  8 15 1000  -31.4  965.3    5.7  217.0   75.9  444.0
2017 227  8 15 1100  -29.6  964.1    1.9  218.0   78.0  444.0
2017 227  8 15 1200  -28.2  962.6    0.6  218.0   79.2  444.0
2017 227  8 15 1300  -26.1  961.2    2.3  225.0   81.7  444.0
2017 227  8 15 1400  -25.2  960.1    4.1  229.0   82.6  444.0
2017 227  8 15 1500  -24.8  959.2    6.4  212.0   82.6  444.0
2017 227  8 15 1600  -25.8  959.5    7.8  215.0   81.3  444.0
2017 227  8 15 1700  -26.5  959.6    6.6  202.0   81.3  444.0
2017 227  8 15 1800  -26.9  959.4    7.8  191.0   80.5  444.0
2017 227  8 15 1900  -27.6  960.2    8.0  201.0   79.6  444.0
2017 227  8 15 2000  -29.1  960.9    4.7  218.0   77.5  444.0
2017 227  8 15 2100  -29.9  960.7    6.4  219.0   78.0  444.0
2017 227  8 15 2200  -27.4  961.2    7.0  219.0   80.1  444.0
2017 227  8 15 2300  -26.4  961.5    8.4  204.0   80.9  444.0
2017 228  8 16 0000  -27.5  961.6    6.8  214.0   79.6  444.0
2017 228  8 16 0100  -26.6  961.4    8.4  228.0   81.3  444.0
2017 228  8 16 0200  -24.9  961.3    9.0  222.0   83.8  444.0
2017 228  8 16 0300  -24.4  960.8    9.9  214.0   83.4  444.0
2017 228  8 16 0400  -24.2  961.4   10.5  211.0   83.8  444.0
2017 228  8 16 0500  -24.1  961.9    9.0  217.0   83.8  444.0
2017 228  8 16 0600  -24.0  961.6   10.1  210.0   83.8  444.0
2017 228  8 16 0700  -23.5  961.6   12.3  208.0   84.7  444.0
2017 228  8 16 0800  -23.1  962.1   11.5  201.0   84.7  444.0
2017 228  8 16 0900  -23.1  963.4   11.3  211.0   84.7  444.0
2017 228  8 16 1000  -23.1  964.8   11.7  194.0   84.7  444.0
2017 228  8 16 1100  -23.1  965.5    9.8  205.0   84.3  444.0
2017 228  8 16 1200  -23.5  966.2   10.3  205.0   84.7  444.0
2017 228  8 16 1300  -23.4  967.1   10.1  208.0   84.3  444.0
2017 228  8 16 1400  -23.1  967.8    9.6  212.0   85.1  444.0
2017 228  8 16 1500  -22.2  969.1   10.1  210.0   85.5  444.0
2017 228  8 16 1600  -22.2  969.4    9.8  212.0   85.5  444.0
2017 228  8 16 1700  -22.0  970.2    8.4  214.0   85.5  444.0
2017 228  8 16 1800  -22.0  970.6    8.6  221.0   85.5  444.0
2017 228  8 16 1900  -21.2  972.2    7.6  214.0   86.8  444.0
2017 228  8 16 2000  -20.9  972.9    7.0  224.0   86.8  444.0
2017 228  8 16 2100  -21.5  973.8    8.8  211.0   86.8  444.0
2017 228  8 16 2200  -21.6  975.3    8.4  214.0   87.2  444.0
2017 228  8 16 2300  -20.8  976.6    9.9  217.0   87.2  444.0
2017 229  8 17 0000  -21.6  977.7    9.9  207.0   86.8  444.0
2017 229  8 17 0100  -21.2  979.0    9.0  211.0   86.8  444.0
2017 229  8 17 0200  -21.6  980.3    9.2  204.0   86.4  444.0
2017 229  8 17 0300  -22.1  981.7    7.2  201.0   85.5  444.0
2017 229  8 17 0400  -22.9  983.3    6.4  221.0   84.3  444.0
2017 229  8 17 0500  -25.5  984.6    7.0  225.0   83.0  444.0
2017 229  8 17 0600  -23.9  985.2    9.2  221.0   84.7  444.0
2017 229  8 17 0700  -25.1  986.7    8.0  214.0   83.0  444.0
2017 229  8 17 0800  -24.8  987.3    7.2  187.0   82.6  444.0
2017 229  8 17 0900  -26.4  988.7    5.5  198.0   80.5  444.0
2017 229  8 17 1000  -28.2  990.0    4.7  187.0   78.8  444.0
2017 229  8 17 1100  -30.2  991.0    3.1  211.0   76.3  444.0
2017 229  8 17 1200  -32.6  991.9    3.5  198.0   74.2  444.0
2017 229  8 17 1300  -33.1  993.3    3.1  226.0   72.9  444.0
2017 229  8 17 1400  -34.8  994.5    3.5  200.0   72.1  444.0
2017 229  8 17 1500  -35.2  995.6    3.3  219.0   71.7  444.0
2017 229  8 17 1600  -36.1  996.1    2.3  219.0   70.4  444.0
2017 229  8 17 1700  -37.0  996.6    2.9  222.0   69.6  444.0
2017 229  8 17 1800  -36.2  997.5    3.1  222.0   70.8  444.0
2017 229  8 17 1900  -34.4  998.7    2.9  222.0   72.9  444.0
2017 229  8 17 2000  -33.4  999.2    2.9  217.0   74.2  444.0
2017 229  8 17 2100  -32.1  999.5    3.7  186.0   75.4  444.0
2017 229  8 17 2200  -31.2 1000.5    3.3  197.0   75.9  444.0
2017 229  8 17 2300  -31.4 1001.4    3.3  207.0   75.9  444.0
2017 230  8 18 0000  -31.6 1002.0    3.1  193.0   75.0  444.0
2017 230  8 18 0100  -31.5 1002.1    3.5  177.0   75.4  444.0
2017 230  8 18 0200  -31.1 1003.0    2.5  186.0   76.3  444.0
2017 230  8 18 0300  -31.5 1003.7    1.6  173.0   75.0  444.0
2017 230  8 18 0400  -30.2 1003.0    3.9  160.0   78.0  444.0
2017 230  8 18 0500  -27.9 1003.3    3.5  160.0   79.6  444.0
2017 230  8 18 0600  -26.8 1003.4    3.9  152.0   80.9  444.0
2017 230  8 18 0700  -26.8 1003.3    3.9  167.0   80.5  444.0
2017 230  8 18 0800  -25.6 1002.9    4.5  170.0   82.2  444.0
2017 230  8 18 0900  -24.4 1002.6    5.7  145.0   83.4  444.0
2017 230  8 18 1000  -24.2 1002.3    4.7  146.0   83.0  444.0
2017 230  8 18 1100  -24.2 1002.0    6.2  153.0   83.4  444.0
2017 230  8 18 1200  -24.4 1001.4    6.2  134.0   83.4  444.0
2017 230  8 18 1300  -23.5 1000.4    6.8  138.0   84.3  444.0
2017 230  8 18 1400  -23.5  999.9    7.2  132.0   83.8  444.0
2017 230  8 18 1500  -24.2  999.1    6.6  127.0   83.4  444.0
2017 230  8 18 1600  -24.4  997.5    8.0  139.0   83.0  444.0
2017 230  8 18 1700  -24.8  996.2    7.0  139.0   83.0  444.0
2017 230  8 18 1800  -25.5  995.3    8.8  138.0   82.2  444.0
2017 230  8 18 1900  -25.8  994.2    8.6  142.0   82.2  444.0
2017 230  8 18 2000  -25.1  993.2    9.8  134.0   83.0  444.0
2017 230  8 18 2100  -25.0  991.9    8.2  136.0   83.0  444.0
2017 230  8 18 2200  -24.8  990.6   10.7  136.0   83.0  444.0
2017 230  8 18 2300  -24.9  989.7   10.9  142.0   82.6  444.0
2017 231  8 19 0000  -24.9  988.3    9.4  138.0   83.4  444.0
2017 231  8 19 0100  -23.5  986.7   11.5  136.0   84.3  444.0
2017 231  8 19 0200  -22.9  985.4   11.1  128.0   85.1  444.0
2017 231  8 19 0300  -21.6  984.4   10.5  125.0   86.4  444.0
2017 231  8 19 0400  -20.4  983.3   11.7  127.0   87.6  444.0
2017 231  8 19 0500  -19.5  982.0   13.5  120.0   88.9  444.0
2017 231  8 19 0600  -18.9  981.4   10.7  127.0   88.9  444.0
2017 231  8 19 0700  -18.0  980.8   12.1  124.0   89.7  444.0
2017 231  8 19 0800  -17.8  980.7    9.4  108.0   90.6  444.0
2017 231  8 19 0900  -16.2  981.1    6.8   90.0   91.4  444.0
2017 231  8 19 1000  -15.5  981.5    5.8   56.0   92.2  444.0
2017 231  8 19 1100  -16.0  982.0    5.8   46.0   91.4  444.0
2017 231  8 19 1200  -17.4  444.0    6.0   49.0   91.0  444.0
2017 231  8 19 1300  -18.1  444.0    5.5   66.0   89.7  444.0
2017 231  8 19 1400  -17.5  444.0    5.7   49.0   90.6  444.0
2017 231  8 19 1500  -17.4  444.0    4.9   44.0   90.6  444.0
2017 231  8 19 1600  -17.4  444.0    5.5   38.0   90.6  444.0
2017 231  8 19 1700  -17.6  444.0    4.9   56.0   90.1  444.0
2017 231  8 19 1800  -17.6  444.0    5.5   60.0   90.1  444.0
2017 231  8 19 1900  -17.6  444.0    7.6   68.0   90.1  444.0
2017 231  8 19 2000  -17.6  444.0    6.4   66.0   90.6  444.0
2017 231  8 19 2100  -18.4  444.0    5.5   65.0   89.3  444.0
2017 231  8 19 2200  -19.1  444.0    4.1   89.0   88.9  444.0
2017 231  8 19 2300  -18.8  444.0    5.5   87.0   88.9  444.0
2017 232  8 20 0000  -20.2  444.0    3.9   90.0   86.8  444.0
2017 232  8 20 0100  -21.4  444.0    4.7   72.0   86.8  444.0
2017 232  8 20 0200  -21.0  444.0    3.1   66.0   87.2  444.0
2017 232  8 20 0300  -21.0  444.0    3.3   66.0   87.2  444.0
2017 232  8 20 0400  -20.9  444.0    3.1  177.0   87.2  444.0
2017 232  8 20 0500  -20.6  444.0    2.5   68.0   87.6  444.0
2017 232  8 20 0600  -19.9  444.0    3.3   89.0   88.0  444.0
2017 232  8 20 0700  -19.9  444.0    4.3   89.0   88.0  444.0
2017 232  8 20 0800  -19.6  444.0    3.9   90.0   88.0  444.0
2017 232  8 20 0900  -19.9  444.0    3.3   90.0   88.0  444.0
2017 232  8 20 1000  -20.4  444.0    3.1  112.0   87.2  444.0
2017 232  8 20 1100  -21.0  444.0    2.5  132.0   86.8  444.0
2017 232  8 20 1200  -22.0  444.0    3.1  156.0   85.1  444.0
2017 232  8 20 1300  -22.0  444.0    3.5  202.0   85.9  444.0
2017 232  8 20 1400  -22.1  444.0    4.9  190.0   85.9  444.0
2017 232  8 20 1500  -21.9  444.0    5.7  204.0   85.9  444.0
2017 232  8 20 1600  -21.9  444.0    6.8  190.0   86.4  444.0
2017 232  8 20 1700  -21.6  444.0    5.8  207.0   86.4  444.0
2017 232  8 20 1800  -21.4  444.0    7.6  198.0   86.8  444.0
2017 232  8 20 1900  -21.0  444.0    9.0  184.0   87.2  444.0
2017 232  8 20 2000  -21.0  444.0    9.2  194.0   86.8  444.0
2017 232  8 20 2100  -21.2  444.0    9.8  194.0   86.8  444.0
2017 232  8 20 2200  -21.0  444.0    8.4  191.0   87.2  444.0
2017 232  8 20 2300  -20.8  444.0    9.8  191.0   87.2  444.0
2017 233  8 21 0000  -21.0  444.0    9.4  201.0   87.2  444.0
2017 233  8 21 0100  -21.2  444.0   11.5  197.0   86.8  444.0
2017 233  8 21 0200  -21.6  444.0   10.5  211.0   86.4  444.0
2017 233  8 21 0300  -22.1  444.0   11.9  214.0   85.9  444.0
2017 233  8 21 0400  -22.5  444.0   11.1  205.0   85.5  444.0
2017 233  8 21 0500  -22.5  444.0   12.5  212.0   85.5  444.0
2017 233  8 21 0600  -22.5  444.0   10.5  210.0   85.5  444.0
2017 233  8 21 0700  -22.4  444.0   10.7  214.0   85.5  444.0
2017 233  8 21 0800  -21.9  444.0   10.7  217.0   86.4  444.0
2017 233  8 21 0900  -21.4  444.0    9.8  212.0   86.8  444.0
2017 233  8 21 1000  -21.4  444.0    7.8  226.0   86.8  444.0
2017 233  8 21 1100  -20.9  444.0    9.0  212.0   87.2  444.0
2017 233  8 21 1200  -20.8  444.0    6.0  221.0   87.2  444.0
2017 233  8 21 1300  -21.0  444.0    6.6  228.0   87.2  444.0
2017 233  8 21 1400  -21.2  444.0    4.3  238.0   86.8  444.0
2017 233  8 21 1500  -21.6  444.0    3.5  238.0   85.9  444.0
2017 233  8 21 1600  -23.1  444.0    1.6  240.0   84.3  444.0
2017 233  8 21 1700  -24.5  444.0    1.4  243.0   83.0  444.0
2017 233  8 21 1800  -25.2  444.0    1.0  243.0   82.2  444.0
2017 233  8 21 1900  -26.6  944.6    0.4  253.0   83.0  444.0
2017 233  8 21 2000  -26.4  944.8    0.0    0.0   81.7  444.0
2017 233  8 21 2100  -26.4  945.3    1.4  253.0   81.3  444.0
2017 233  8 21 2200  -26.4  945.7    0.6  253.0   82.2  444.0
2017 233  8 21 2300  -24.2  946.5  444.0  444.0   83.8  444.0
2017 234  8 22 0000  -20.8  947.4  444.0  444.0   87.6  444.0
2017 234  8 22 0100  -22.2  948.1  444.0  444.0   85.1  444.0
2017 234  8 22 0200  -23.5  949.5  444.0  444.0   84.7  444.0
2017 234  8 22 0300  -23.1  950.0  444.0  444.0   85.1  444.0
2017 234  8 22 0400  -24.1  950.9  444.0  444.0   83.8  444.0
2017 234  8 22 0500  -24.0  951.3  444.0  444.0   83.4  444.0
2017 234  8 22 0600  -23.8  952.2  444.0  444.0   84.7  444.0
2017 234  8 22 0700  -23.5  953.2  444.0  444.0   84.3  444.0
2017 234  8 22 0800  -23.1  954.2  444.0  444.0   85.1  444.0
2017 234  8 22 0900  -22.4  954.5  444.0  444.0   85.5  444.0
2017 234  8 22 1000  -22.4  954.6  444.0  444.0   85.5  444.0
2017 234  8 22 1100  -23.8  954.8  444.0  444.0   84.3  444.0
2017 234  8 22 1200  -24.4  955.8  444.0  444.0   83.4  444.0
2017 234  8 22 1300  -23.5  956.0  444.0  444.0   84.7  444.0
2017 234  8 22 1400  -22.9  956.0  444.0  444.0   85.1  444.0
2017 234  8 22 1500  -22.5  956.2  444.0  444.0   85.5  444.0
2017 234  8 22 1600  -22.0  956.3  444.0  444.0   85.9  444.0
2017 234  8 22 1700  -21.5  956.3  444.0  444.0   86.8  444.0
2017 234  8 22 1800  -20.4  956.6  444.0  444.0   87.6  444.0
2017 234  8 22 1900  -19.9  956.8  444.0  444.0   88.0  444.0
2017 234  8 22 2000  -19.6  957.0  444.0  444.0   88.0  444.0
2017 234  8 22 2100  -19.5  957.4  444.0  444.0   88.5  444.0
2017 234  8 22 2200  -19.5  957.7  444.0  444.0   88.5  444.0
2017 234  8 22 2300  -19.6  957.8  444.0  444.0   88.5  444.0
2017 235  8 23 0000  -19.6  958.0  444.0  444.0   88.5  444.0
2017 235  8 23 0100  -19.6  444.0  444.0  444.0   88.5  444.0
2017 235  8 23 0200  -19.5  444.0  444.0  444.0   88.5  444.0
2017 235  8 23 0300  -19.9  444.0  444.0  444.0   87.6  444.0
2017 235  8 23 0400  -21.9  444.0  444.0  444.0   85.5  444.0
2017 235  8 23 0500  -23.1  444.0  444.0  444.0   83.8  444.0
2017 235  8 23 0600  -26.0  444.0  444.0  444.0   80.9  444.0
2017 235  8 23 0700  -28.2  444.0  444.0  444.0   79.2  444.0
2017 235  8 23 0800  -28.8  959.7  444.0  444.0   78.4  444.0
2017 235  8 23 0900  -29.0  960.1  444.0  444.0   78.4  444.0
2017 235  8 23 1000  -29.6  960.4  444.0  444.0   77.1  444.0
2017 235  8 23 1100  -30.5  960.9  444.0  444.0   76.3  444.0
2017 235  8 23 1200  -30.2  961.3  444.0  444.0   76.3  444.0
2017 235  8 23 1300  -33.8  961.5  444.0  444.0   73.3  444.0
2017 235  8 23 1400  -32.2  962.0  444.0  444.0   75.4  444.0
2017 235  8 23 1500  -30.0  962.0  444.0  444.0   78.0  444.0
2017 235  8 23 1600  -27.9  962.1  444.0  444.0   80.1  444.0
2017 235  8 23 1700  -26.2  962.3  444.0  444.0   81.7  444.0
2017 235  8 23 1800  -24.5  962.5  444.0  444.0   83.4  444.0
2017 235  8 23 1900  -22.9  962.7  444.0  444.0   85.5  444.0
2017 235  8 23 2000  -21.0  962.7  444.0  444.0   87.6  444.0
2017 235  8 23 2100  -20.6  962.9  444.0  444.0   87.2  444.0
2017 235  8 23 2200  -20.4  963.1  444.0  444.0   87.6  444.0
2017 235  8 23 2300  -20.4  962.9  444.0  444.0   87.2  444.0
2017 236  8 24 0000  -21.2  962.9  444.0  444.0   86.4  444.0
2017 236  8 24 0100  -22.1  962.7  444.0  444.0   86.4  444.0
2017 236  8 24 0200  -22.5  962.7  444.0  444.0   84.7  444.0
2017 236  8 24 0300  -22.9  962.6  444.0  444.0   85.5  444.0
2017 236  8 24 0400  -22.2  962.7  444.0  444.0   85.9  444.0
2017 236  8 24 0500  -21.9  962.2  444.0  444.0   86.4  444.0
2017 236  8 24 0600  -21.2  962.0  444.0  444.0   87.2  444.0
2017 236  8 24 0700  -20.8  961.4  444.0  444.0   87.2  444.0
2017 236  8 24 0800  -20.0  961.0  444.0  444.0   88.0  444.0
2017 236  8 24 0900  -19.5  961.0  444.0  444.0   88.9  444.0
2017 236  8 24 1000  -19.0  960.9  444.0  444.0   89.3  444.0
2017 236  8 24 1100  -19.0  960.7  444.0  444.0   89.3  444.0
2017 236  8 24 1200  -18.5  961.0  444.0  444.0   89.7  444.0
2017 236  8 24 1300  -18.0  444.0  444.0  444.0   90.1  444.0
2017 236  8 24 1400  -17.8  444.0  444.0  444.0   90.1  444.0
2017 236  8 24 1500  -17.6  444.0    9.6  217.0   90.1  444.0
2017 236  8 24 1600  -17.6  444.0   10.7  222.0   90.1  444.0
2017 236  8 24 1700  -17.8  444.0    9.8  215.0   90.1  444.0
2017 236  8 24 1800  -18.1  444.0    9.9  222.0   89.7  444.0
2017 236  8 24 1900  -18.5  444.0    8.8  221.0   89.7  444.0
2017 236  8 24 2000  -18.8  444.0   12.1  224.0   88.9  444.0
2017 236  8 24 2100  -19.0  444.0    9.9  233.0   89.3  444.0
2017 236  8 24 2200  -19.0  444.0    8.0  240.0   89.3  444.0
2017 236  8 24 2300  -19.0  444.0    9.9  240.0   89.3  444.0
2017 237  8 25 0000  -18.6  444.0   10.9  245.0   89.3  444.0
2017 237  8 25 0100  -19.0  444.0   11.9  239.0   88.9  444.0
2017 237  8 25 0200  -19.1  444.0    9.4  240.0   88.9  444.0
2017 237  8 25 0300  -19.8  444.0    8.8  226.0   88.0  444.0
2017 237  8 25 0400  -20.5  444.0    9.4  238.0   87.6  444.0
2017 237  8 25 0500  -21.6  444.0    6.8  245.0   86.4  444.0
2017 237  8 25 0600  -21.6  444.0    7.0  238.0   86.8  444.0
2017 237  8 25 0700  -21.1  444.0    4.9  260.0   87.2  444.0
2017 237  8 25 0800  -20.0  444.0    5.5  245.0   88.0  444.0
2017 237  8 25 0900  -19.8  444.0    3.5  255.0   88.0  444.0
2017 237  8 25 1000  -20.1  444.0    2.9  259.0   87.6  444.0
2017 237  8 25 1100  -21.6  444.0    2.7  262.0   85.1  444.0
2017 237  8 25 1200  -25.6  444.0    1.9  262.0   81.3  444.0
2017 237  8 25 1300  -28.5  974.8    1.2  262.0   78.8  444.0
2017 237  8 25 1400  -29.9  974.7    1.2  262.0   77.1  444.0
2017 237  8 25 1500  -31.4  974.3    0.0    0.0   75.9  444.0
2017 237  8 25 1600  -30.4  974.2    0.6  262.0   77.1  444.0
2017 237  8 25 1700  -30.2  973.5    0.4  262.0   76.7  444.0
2017 237  8 25 1800  -30.9  972.9    0.2  262.0   77.1  444.0
2017 237  8 25 1900  -29.0  972.7    3.1  167.0   78.8  444.0
2017 237  8 25 2000  -28.8  972.3    2.3  158.0   79.2  444.0
2017 237  8 25 2100  -27.6  971.3    4.7  169.0   80.1  444.0
2017 237  8 25 2200  -26.6  970.4    4.7  163.0   81.3  444.0
2017 237  8 25 2300  -26.9  969.7    5.5  163.0   80.9  444.0
2017 238  8 26 0000  -26.4  968.8    8.2  176.0   81.3  444.0
2017 238  8 26 0100  -26.8  968.2    6.2  174.0   80.9  444.0
2017 238  8 26 0200  -27.5  967.2    6.2  191.0   80.1  444.0
2017 238  8 26 0300  -27.9  965.9    6.0  194.0   79.6  444.0
2017 238  8 26 0400  -28.1  964.6    7.0  190.0   79.6  444.0
2017 238  8 26 0500  -28.5  963.8    9.6  200.0   79.2  444.0
2017 238  8 26 0600  -29.0  963.2    7.2  197.0   78.8  444.0
2017 238  8 26 0700  -29.2  962.5    7.4  210.0   78.4  444.0
2017 238  8 26 0800  -29.6  961.7    8.0  195.0   78.0  444.0
2017 238  8 26 0900  -29.0  961.4    8.8  204.0   78.8  444.0
2017 238  8 26 1000  -29.0  960.7    8.8  202.0   78.8  444.0
2017 238  8 26 1100  -28.8  960.3   10.5  208.0   78.8  444.0
2017 238  8 26 1200  -28.2  960.2    9.4  212.0   79.6  444.0
2017 238  8 26 1300  -27.5  960.1   10.1  208.0   80.1  444.0
2017 238  8 26 1400  -26.6  960.5    7.6  207.0   81.3  444.0
2017 238  8 26 1500  -26.6  960.7    9.2  214.0   80.9  444.0
2017 238  8 26 1600  -26.4  961.0    9.4  212.0   81.3  444.0
2017 238  8 26 1700  -26.9  961.4    9.6  218.0   80.5  444.0
2017 238  8 26 1800  -28.0  961.6   10.3  217.0   79.6  444.0
2017 238  8 26 1900  -27.4  962.4    7.6  218.0   80.5  444.0
2017 238  8 26 2000  -26.6  962.3    9.0  210.0   81.3  444.0
2017 238  8 26 2100  -25.6  962.6    7.8  215.0   82.2  444.0
2017 238  8 26 2200  -25.2  962.7    8.6  228.0   82.6  444.0
2017 238  8 26 2300  -25.6  963.1    9.2  226.0   82.2  444.0
2017 239  8 27 0000  -26.6  963.3    8.0  224.0   80.9  444.0
2017 239  8 27 0100  -27.4  963.4   10.1  218.0   80.1  444.0
2017 239  8 27 0200  -27.9  963.6    8.2  226.0   80.1  444.0
2017 239  8 27 0300  -27.6  963.7    8.0  222.0   80.1  444.0
2017 239  8 27 0400  -28.8  964.0    7.2  215.0   78.4  444.0
2017 239  8 27 0500  -30.5  964.1    7.2  226.0   76.3  444.0
2017 239  8 27 0600  -32.0  963.7    6.8  229.0   75.4  444.0
2017 239  8 27 0700  -32.9  963.9    6.6  218.0   74.6  444.0
2017 239  8 27 0800  -33.4  964.3    5.8  235.0   74.2  444.0
2017 239  8 27 0900  -33.4  964.5    4.7  236.0   73.8  444.0
2017 239  8 27 1000  -34.4  964.5    5.3  215.0   72.5  444.0
2017 239  8 27 1100  -35.5  964.6    4.5  242.0   71.7  444.0
2017 239  8 27 1200  -36.0  964.7    4.9  238.0   71.2  444.0
2017 239  8 27 1300  -36.2  964.2    3.9  243.0   70.8  444.0
2017 239  8 27 1400  -36.8  963.8    2.9  249.0   69.6  444.0
2017 239  8 27 1500  -37.6  963.8    2.9  255.0   68.7  444.0
2017 239  8 27 1600  -37.9  963.9    3.1  255.0   68.7  444.0
2017 239  8 27 1700  -37.8  963.8    3.3  255.0   69.1  444.0
2017 239  8 27 1800  -36.2  963.9    1.9  250.0   70.8  444.0
2017 239  8 27 1900  -35.4  963.9    2.1  250.0   71.2  444.0
2017 239  8 27 2000  -35.6  964.0    1.2  256.0   70.8  444.0
2017 239  8 27 2100  -36.9  963.9    0.8  256.0   69.1  444.0
2017 239  8 27 2200  -37.9  964.0    1.0  257.0   68.3  444.0
2017 239  8 27 2300  -38.5  964.1    1.6  257.0   67.5  444.0
2017 240  8 28 0000  -38.2  963.9    0.2  257.0   67.9  444.0
2017 240  8 28 0100  -37.1  963.8  444.0  444.0   70.4  444.0
2017 240  8 28 0200  -36.4  963.5  444.0  444.0   70.0  444.0
2017 240  8 28 0300  -36.0  963.3  444.0  444.0   70.8  444.0
2017 240  8 28 0400  -35.0  963.2  444.0  444.0   71.2  444.0
2017 240  8 28 0500  -35.2  963.2  444.0  444.0   71.2  444.0
2017 240  8 28 0600  -35.5  963.2  444.0  444.0   71.2  444.0
2017 240  8 28 0700  -35.0  963.2  444.0  444.0   71.7  444.0
2017 240  8 28 0800  -34.5  963.3  444.0  444.0   72.5  444.0
2017 240  8 28 0900  -33.4  963.4  444.0  444.0   73.8  444.0
2017 240  8 28 1000  -33.5  963.4  444.0  444.0   72.9  444.0
2017 240  8 28 1100  -33.9  963.6  444.0  444.0   72.5  444.0
2017 240  8 28 1200  -34.4  963.8  444.0  444.0   72.1  444.0
2017 240  8 28 1300  -35.8  964.3  444.0  444.0   70.8  444.0
2017 240  8 28 1400  -36.1  964.5  444.0  444.0   70.4  444.0
2017 240  8 28 1500  -36.5  965.0  444.0  444.0   70.0  444.0
2017 240  8 28 1600  -36.5  965.3  444.0  444.0   70.4  444.0
2017 240  8 28 1700  -35.4  965.6    4.5  170.0   71.2  444.0
2017 240  8 28 1800  -35.0  966.1    4.3  183.0   71.7  444.0
2017 240  8 28 1900  -36.2  966.6    5.3  179.0   70.4  444.0
2017 240  8 28 2000  -36.2  967.3    5.5  174.0   70.0  444.0
2017 240  8 28 2100  -37.4  967.9    6.0  188.0   69.1  444.0
2017 240  8 28 2200  -37.8  968.5    6.2  180.0   68.7  444.0
2017 240  8 28 2300  -38.2  969.3    6.2  190.0   67.9  444.0
2017 241  8 29 0000  -38.9  969.6    7.6  197.0   67.5  444.0
2017 241  8 29 0100  -38.9  970.2    6.4  188.0   67.5  444.0
2017 241  8 29 0200  -39.5  970.7    5.5  210.0   66.6  444.0
2017 241  8 29 0300  -40.0  971.0    6.2  208.0   65.8  444.0
2017 241  8 29 0400  -40.9  971.7    5.7  212.0   64.9  444.0
2017 241  8 29 0500  -41.1  971.7    6.4  215.0   64.9  444.0
2017 241  8 29 0600  -41.9  971.7    4.3  221.0   63.7  444.0
2017 241  8 29 0700  -42.2  971.8    3.9  232.0   63.3  444.0
2017 241  8 29 0800  -43.0  972.0    3.3  242.0   62.4  444.0
2017 241  8 29 0900  -43.4  972.0    4.1  233.0   62.0  444.0
2017 241  8 29 1000  -43.4  972.2    3.1  250.0   61.6  444.0
2017 241  8 29 1100  -43.6  972.5    2.9  259.0   61.6  444.0
2017 241  8 29 1200  -44.1  972.6    3.7  262.0   60.7  444.0
2017 241  8 29 1300  -44.2  972.5    4.1  250.0   60.7  444.0
2017 241  8 29 1400  -44.6  972.2    4.1  259.0   60.7  444.0
2017 241  8 29 1500  -44.1  972.5    2.9  262.0   60.7  444.0
2017 241  8 29 1600  -45.1  972.5    2.5  262.0   59.5  444.0
2017 241  8 29 1700  -45.4  972.4    2.5  263.0   59.1  444.0
2017 241  8 29 1800  -46.2  972.5    2.9  263.0   58.6  444.0
2017 241  8 29 1900  -46.2  972.5    3.3  250.0   58.2  444.0
2017 241  8 29 2000  -47.2  972.9    1.9  259.0   57.4  444.0
2017 241  8 29 2100  -47.2  973.0    2.1  259.0   57.4  444.0
2017 241  8 29 2200  -47.5  973.2    2.1  246.0   57.0  444.0
2017 241  8 29 2300  -48.1  973.2    1.8  212.0   56.5  444.0
2017 242  8 30 0000  -47.8  973.3    0.8  255.0   57.0  444.0
2017 242  8 30 0100  -47.1  973.5    0.8  255.0   57.8  444.0
2017 242  8 30 0200  -47.6  973.4    0.8  255.0   57.0  444.0
2017 242  8 30 0300  -48.1  973.4    0.8  255.0   56.1  444.0
2017 242  8 30 0400  -48.8  973.6    0.4  255.0   55.3  444.0
2017 242  8 30 0500  -49.2  973.9    0.2  255.0   54.9  444.0
2017 242  8 30 0600  -48.6  974.0    1.6  170.0   55.7  444.0
2017 242  8 30 0700  -49.2  973.9    1.8  173.0   54.9  444.0
2017 242  8 30 0800  -49.4  974.1    7.8  153.0   55.3  444.0
2017 242  8 30 0900  -50.0  974.0    1.9  179.0   53.6  444.0
2017 242  8 30 1000  -50.0  974.2    1.9  167.0   54.0  444.0
2017 242  8 30 1100  -50.1  973.8    2.5  160.0   54.0  444.0
2017 242  8 30 1200  -49.5  974.0    2.5  167.0   54.4  444.0
2017 242  8 30 1300  -49.0  973.3    2.1  170.0   55.3  444.0
2017 242  8 30 1400  -49.5  973.4    2.7  180.0   54.0  444.0
2017 242  8 30 1500  -48.9  973.1    4.1  170.0   55.3  444.0
2017 242  8 30 1600  -49.2  972.7    3.3  190.0   55.3  444.0
2017 242  8 30 1700  -47.5  972.4    3.7  174.0   56.5  444.0
2017 242  8 30 1800  -47.1  972.0    5.3  180.0   57.4  444.0
2017 242  8 30 1900  -44.6  971.6    4.5  183.0   60.3  444.0
2017 242  8 30 2000  -43.5  971.2    5.1  190.0   61.6  444.0
2017 242  8 30 2100  -38.9  970.2    6.4  198.0   68.7  444.0
2017 242  8 30 2200  -38.8  969.3    6.4  210.0   65.8  444.0
2017 242  8 30 2300  -40.1  968.4    9.9  205.0   64.5  444.0
2017 243  8 31 0000  -41.0  967.6   10.5  201.0   64.1  444.0
2017 243  8 31 0100  -41.9  966.9    8.2  188.0   62.8  444.0
2017 243  8 31 0200  -42.8  967.0    8.2  198.0   61.6  444.0
2017 243  8 31 0300  -43.6  967.0    9.0  207.0   60.7  444.0
2017 243  8 31 0400  -44.1  966.9   11.5  207.0   60.3  444.0
2017 243  8 31 0500  -44.5  967.3    9.8  208.0   60.3  444.0
2017 243  8 31 0600  -43.8  967.4   10.9  210.0   61.6  444.0
2017 243  8 31 0700  -42.2  967.0    9.9  211.0   63.3  444.0
2017 243  8 31 0800  -41.4  967.0   10.9  210.0   63.3  444.0
2017 243  8 31 0900  -41.6  966.7   11.5  210.0   63.3  444.0
2017 243  8 31 1000  -41.8  966.5   11.1  205.0   62.8  444.0
2017 243  8 31 1100  -42.2  966.5   11.1  218.0   62.4  444.0
2017 243  8 31 1200  -42.5  965.6   11.5  217.0   62.0  444.0
2017 243  8 31 1300  -42.1  965.3    9.2  198.0   62.4  444.0
2017 243  8 31 1400  -41.2  964.7   12.5  202.0   64.1  444.0
2017 243  8 31 1500  -39.8  963.9   12.5  201.0   66.2  444.0
2017 243  8 31 1600  -37.6  963.5   12.1  221.0   68.7  444.0
2017 243  8 31 1700  -36.0  962.6   13.1  224.0   69.6  444.0
2017 243  8 31 1800  -35.9  962.0   11.7  221.0   70.0  444.0
2017 243  8 31 1900  -36.1  961.0   11.1  226.0   69.6  444.0
2017 243  8 31 2000  -35.8  960.1   11.9  229.0   70.0  444.0
2017 243  8 31 2100  -36.0  959.6    9.8  233.0   70.0  444.0
2017 243  8 31 2200  -35.6  958.8   11.7  226.0   70.4  444.0
2017 243  8 31 2300  -35.0  957.2   13.6  229.0   71.2  444.0
