Year: 2018  Month: 09  ID: VTO  ARGOS:  8931  Name: Vito                
Lat: 78.47S  Lon: 177.79E  Elev:   50m
2018 244  9  1 0000  -45.1  974.0    1.6  322.0   57.8  444.0
2018 244  9  1 0100  -44.2  973.8    0.6  326.0   59.9  444.0
2018 244  9  1 0200  -43.9  973.7    0.0    0.0   60.7  444.0
2018 244  9  1 0300  -44.6  973.1    0.0    0.0   58.6  444.0
2018 244  9  1 0400  -45.4  972.9    0.0    0.0   58.2  444.0
2018 244  9  1 0500  -43.9  973.0    0.0    0.0   59.9  444.0
2018 244  9  1 0600  -44.2  972.6    0.0    0.0   59.1  444.0
2018 244  9  1 0700  -43.2  972.5    0.6  360.0   61.6  444.0
2018 244  9  1 0800  -41.6  972.6    2.3    3.0   62.8  444.0
2018 244  9  1 0900  -40.6  972.7    2.1    7.0   67.0  444.0
2018 244  9  1 1000  -36.8  972.5    2.3   11.0   68.3  444.0
2018 244  9  1 1100  -35.6  971.9    2.7    8.0   70.8  444.0
2018 244  9  1 1200  -34.5  972.1    2.9  352.0   71.7  444.0
2018 244  9  1 1300  -35.1  972.3    2.5  347.0   71.2  444.0
2018 244  9  1 1400  -35.5  972.3    2.5  346.0   71.7  444.0
2018 244  9  1 1500  -36.8  973.1    3.7  342.0   68.3  444.0
2018 244  9  1 1600  -36.6  973.5    2.9  347.0   69.1  444.0
2018 244  9  1 1700  -36.1  973.9    0.0    0.0   70.4  444.0
2018 244  9  1 1800  -35.0  974.3    1.9  360.0   72.1  444.0
2018 244  9  1 1900  -34.5  974.3    0.0    0.0   71.2  444.0
2018 244  9  1 2000  -34.5  975.0    0.0    0.0   71.2  444.0
2018 244  9  1 2100  -34.4  975.1    0.6  291.0   71.7  444.0
2018 244  9  1 2200  -34.6  974.7    1.2  246.0   71.7  444.0
2018 244  9  1 2300  -34.1  974.3    1.2  245.0   71.7  444.0
2018 245  9  2 0000  -32.9  973.5    1.0  245.0   72.5  444.0
2018 245  9  2 0100  -31.6  972.6    4.1  155.0   73.8  444.0
2018 245  9  2 0200  -30.2  971.3    7.0  141.0   75.4  444.0
2018 245  9  2 0300  -27.9  970.4    8.0  156.0   78.4  444.0
2018 245  9  2 0400  -28.2  969.1    9.8  142.0   78.4  444.0
2018 245  9  2 0500  -28.2  968.1    9.6  139.0   78.4  444.0
2018 245  9  2 0600  -29.0  966.8    9.9  149.0   78.0  444.0
2018 245  9  2 0700  -29.2  965.8   10.9  142.0   77.5  444.0
2018 245  9  2 0800  -29.9  965.5   10.7  145.0   77.1  444.0
2018 245  9  2 0900  -30.2  964.4   10.9  167.0   76.7  444.0
2018 245  9  2 1000  -30.6  962.5   14.2  177.0   76.3  444.0
2018 245  9  2 1100  -31.4  960.7   14.0  191.0   75.0  444.0
2018 245  9  2 1200  -33.9  959.2   14.0  193.0   72.5  444.0
2018 245  9  2 1300  -36.2  957.6   13.6  194.0   70.0  444.0
2018 245  9  2 1400  -33.5  955.5   11.5  191.0   73.3  444.0
2018 245  9  2 1500  -31.8  952.9   15.0  179.0   75.0  444.0
2018 245  9  2 1600  -31.4  951.0   21.6  170.0   75.4  444.0
2018 245  9  2 1700  -31.8  949.2   20.5  176.0   74.6  444.0
2018 245  9  2 1800  -32.6  947.8   19.5  186.0   74.2  444.0
2018 245  9  2 1900  -33.9  946.0   22.4  181.0   72.5  444.0
2018 245  9  2 2000  -35.2  945.6   18.7  190.0   70.8  444.0
2018 245  9  2 2100  -35.8  943.6   18.7  188.0   70.8  444.0
2018 245  9  2 2200  -35.0  941.1   19.3  193.0   72.1  444.0
2018 245  9  2 2300  -33.0  939.5   14.8  195.0   73.8  444.0
2018 246  9  3 0000  -31.0  937.6   17.4  195.0   76.3  444.0
2018 246  9  3 0100  -29.6  936.2   17.9  193.0   77.1  444.0
2018 246  9  3 0200  -29.2  934.6   18.1  190.0   77.5  444.0
2018 246  9  3 0300  -28.9  933.2   16.2  190.0   78.0  444.0
2018 246  9  3 0400  -28.6  932.3   18.5  198.0   78.4  444.0
2018 246  9  3 0500  -28.6  930.7   17.5  191.0   78.4  444.0
2018 246  9  3 0600  -28.4  930.0   19.5  191.0   78.8  444.0
2018 246  9  3 0700  -28.6  929.7   16.0  190.0   78.4  444.0
2018 246  9  3 0800  -28.6  929.7   16.0  198.0   78.4  444.0
2018 246  9  3 0900  -29.0  930.0   15.4  197.0   78.0  444.0
2018 246  9  3 1000  -29.4  929.6   15.0  190.0   77.5  444.0
2018 246  9  3 1100  -29.4  929.6   11.9  201.0   78.0  444.0
2018 246  9  3 1200  -29.0  930.0   10.5  201.0   78.4  444.0
2018 246  9  3 1300  -28.6  930.3   11.1  198.0   78.4  444.0
2018 246  9  3 1400  -28.4  930.3   10.3  200.0   78.8  444.0
2018 246  9  3 1500  -28.1  930.4   10.5  193.0   79.2  444.0
2018 246  9  3 1600  -27.9  930.9    6.6  193.0   79.2  444.0
2018 246  9  3 1700  -28.0  931.3    8.0  202.0   79.2  444.0
2018 246  9  3 1800  -28.2  931.4    5.5  202.0   78.8  444.0
2018 246  9  3 1900  -29.1  932.0    5.3  195.0   78.0  444.0
2018 246  9  3 2000  -28.4  931.7    4.7  200.0   78.8  444.0
2018 246  9  3 2100  -29.4  932.3    3.7  205.0   78.0  444.0
2018 246  9  3 2200  -29.9  933.1    4.5  194.0   77.1  444.0
2018 246  9  3 2300  -28.8  932.7    4.9  201.0   79.2  444.0
2018 247  9  4 0000  -28.1  932.9    4.9  195.0   79.6  444.0
2018 247  9  4 0100  -27.6  933.4    5.3  202.0   80.1  444.0
2018 247  9  4 0200  -27.9  933.9    4.5  197.0   80.1  444.0
2018 247  9  4 0300  -28.0  934.5    4.7  184.0   79.2  444.0
2018 247  9  4 0400  -28.8  935.2    3.9  186.0   78.4  444.0
2018 247  9  4 0500  -29.9  935.9    3.9  183.0   77.1  444.0
2018 247  9  4 0600  -29.9  937.0    4.7  200.0   77.1  444.0
2018 247  9  4 0700  -30.2  937.7    5.3  207.0   77.1  444.0
2018 247  9  4 0800  -30.2  938.5    6.4  210.0   77.1  444.0
2018 247  9  4 0900  -29.9  939.2    6.8  211.0   77.5  444.0
2018 247  9  4 1000  -28.6  939.7    7.0  215.0   78.8  444.0
2018 247  9  4 1100  -28.0  940.3    6.4  208.0   79.2  444.0
2018 247  9  4 1200  -28.8  940.7    6.8  215.0   78.4  444.0
2018 247  9  4 1300  -30.2  941.1    7.0  212.0   76.7  444.0
2018 247  9  4 1400  -31.8  942.0    9.0  198.0   74.6  444.0
2018 247  9  4 1500  -33.1  942.9    8.4  202.0   73.3  444.0
2018 247  9  4 1600  -34.4  943.4    8.4  202.0   72.5  444.0
2018 247  9  4 1700  -35.1  944.1    9.4  205.0   71.7  444.0
2018 247  9  4 1800  -35.2  944.8    9.8  210.0   71.7  444.0
2018 247  9  4 1900  -35.4  945.8    8.4  215.0   71.2  444.0
2018 247  9  4 2000  -35.2  946.2   10.3  208.0   71.2  444.0
2018 247  9  4 2100  -34.8  946.5   10.7  207.0   71.7  444.0
2018 247  9  4 2200  -34.8  947.4    8.8  229.0   71.7  444.0
2018 247  9  4 2300  -34.4  948.1   10.3  219.0   72.5  444.0
2018 248  9  5 0000  -34.1  948.9   11.9  217.0   72.5  444.0
2018 248  9  5 0100  -34.4  949.5   10.1  214.0   72.1  444.0
2018 248  9  5 0200  -34.4  950.2    9.0  212.0   72.1  444.0
2018 248  9  5 0300  -34.4  951.3   10.1  215.0   72.1  444.0
2018 248  9  5 0400  -34.4  952.0    8.8  222.0   72.1  444.0
2018 248  9  5 0500  -34.8  952.7    9.2  219.0   71.2  444.0
2018 248  9  5 0600  -35.0  953.9    7.8  204.0   71.2  444.0
2018 248  9  5 0700  -34.4  954.6    8.2  204.0   71.7  444.0
2018 248  9  5 0800  -35.8  955.6    6.8  202.0   70.4  444.0
2018 248  9  5 0900  -37.9  956.3    6.8  210.0   67.9  444.0
2018 248  9  5 1000  -38.8  957.0    7.0  211.0   66.6  444.0
2018 248  9  5 1100  -39.4  957.4    7.0  205.0   66.2  444.0
2018 248  9  5 1200  -40.4  958.3    6.0  204.0   64.9  444.0
2018 248  9  5 1300  -41.1  959.1    5.7  200.0   64.1  444.0
2018 248  9  5 1400  -41.6  959.5    6.2  217.0   63.7  444.0
2018 248  9  5 1500  -42.2  959.9    5.7  211.0   63.3  444.0
2018 248  9  5 1600  -42.1  959.9    4.9  225.0   62.8  444.0
2018 248  9  5 1700  -42.5  960.1    6.4  233.0   62.4  444.0
2018 248  9  5 1800  -42.2  960.4    5.5  221.0   62.8  444.0
2018 248  9  5 1900  -43.0  961.0    5.1  233.0   61.6  444.0
2018 248  9  5 2000  -43.5  961.3    6.0  211.0   61.6  444.0
2018 248  9  5 2100  -43.5  961.5    7.4  214.0   61.6  444.0
2018 248  9  5 2200  -43.2  962.0    7.0  207.0   62.0  444.0
2018 248  9  5 2300  -43.0  962.6    6.6  204.0   62.4  444.0
2018 249  9  6 0000  -42.6  963.7    6.0  205.0   62.8  444.0
2018 249  9  6 0100  -41.8  964.0    6.0  211.0   64.1  444.0
2018 249  9  6 0200  -40.9  964.1    7.8  212.0   64.9  444.0
2018 249  9  6 0300  -40.6  964.4    7.0  211.0   64.9  444.0
2018 249  9  6 0400  -40.1  965.0    5.3  219.0   64.9  444.0
2018 249  9  6 0500  -39.8  964.7    6.8  204.0   65.8  444.0
2018 249  9  6 0600  -39.9  965.1    8.4  228.0   65.4  444.0
2018 249  9  6 0700  -39.1  965.4    6.6  207.0   66.2  444.0
2018 249  9  6 0800  -38.2  965.2    7.2  219.0   67.5  444.0
2018 249  9  6 0900  -37.8  965.7    6.6  221.0   67.9  444.0
2018 249  9  6 1000  -35.9  965.5   10.7  210.0   70.4  444.0
2018 249  9  6 1100  -36.0  965.8    9.8  215.0   69.6  444.0
2018 249  9  6 1200  -36.6  965.9    8.8  219.0   69.1  444.0
2018 249  9  6 1300  -36.2  965.9    9.4  212.0   69.6  444.0
2018 249  9  6 1400  -36.4  966.0    7.4  218.0   69.6  444.0
2018 249  9  6 1500  -36.2  966.2    7.0  232.0   69.1  444.0
2018 249  9  6 1600  -35.6  966.4    8.4  217.0   70.0  444.0
2018 249  9  6 1700  -35.4  966.6    9.0  225.0   70.4  444.0
2018 249  9  6 1800  -36.6  966.9    5.7  205.0   68.7  444.0
2018 249  9  6 1900  -35.5  966.6    9.0  201.0   70.4  444.0
2018 249  9  6 2000  -36.1  966.9    7.8  218.0   69.6  444.0
2018 249  9  6 2100  -36.6  967.0    7.6  235.0   69.1  444.0
2018 249  9  6 2200  -36.5  967.1    7.8  222.0   69.6  444.0
2018 249  9  6 2300  -36.1  967.0   10.5  225.0   70.0  444.0
2018 250  9  7 0000  -37.4  967.0    7.4  226.0   68.7  444.0
2018 250  9  7 0100  -37.4  966.7    8.6  236.0   69.1  444.0
2018 250  9  7 0200  -38.2  966.7    6.2  233.0   67.5  444.0
2018 250  9  7 0300  -38.1  966.6    8.0  238.0   67.5  444.0
2018 250  9  7 0400  -38.4  966.1    6.8  236.0   67.0  444.0
2018 250  9  7 0500  -36.5  965.3   10.3  221.0   70.0  444.0
2018 250  9  7 0600  -35.2  965.1    8.4  224.0   70.4  444.0
2018 250  9  7 0700  -35.4  965.1    9.4  231.0   70.4  444.0
2018 250  9  7 0800  -35.2  964.7   11.7  233.0   70.8  444.0
2018 250  9  7 0900  -34.6  964.5   10.1  221.0   71.7  444.0
2018 250  9  7 1000  -34.1  964.3   11.7  226.0   72.1  444.0
2018 250  9  7 1100  -33.5  964.5    9.4  226.0   72.9  444.0
2018 250  9  7 1200  -33.4  963.8   11.1  207.0   72.9  444.0
2018 250  9  7 1300  -33.0  963.7   11.1  217.0   73.3  444.0
2018 250  9  7 1400  -33.0  964.0   10.7  222.0   73.3  444.0
2018 250  9  7 1500  -32.9  963.9   10.5  232.0   73.8  444.0
2018 250  9  7 1600  -33.4  963.7    9.4  233.0   72.9  444.0
2018 250  9  7 1700  -33.8  963.1    7.4  232.0   72.9  444.0
2018 250  9  7 1800  -33.2  963.0    9.6  238.0   73.3  444.0
2018 250  9  7 1900  -31.5  962.5    9.6  238.0   75.0  444.0
2018 250  9  7 2000  -31.1  962.8    9.6  232.0   75.4  444.0
2018 250  9  7 2100  -30.4  961.9   12.3  240.0   76.7  444.0
2018 250  9  7 2200  -29.9  962.1   11.1  239.0   77.1  444.0
2018 250  9  7 2300  -28.8  961.8   12.7  231.0   78.0  444.0
2018 251  9  8 0000  -29.1  961.5   12.9  221.0   78.0  444.0
2018 251  9  8 0100  -29.0  961.6   12.7  239.0   78.0  444.0
2018 251  9  8 0200  -29.1  961.6   13.3  235.0   78.0  444.0
2018 251  9  8 0300  -29.6  963.1   11.9  214.0   77.5  444.0
2018 251  9  8 0400  -29.9  963.5   11.7  226.0   77.1  444.0
2018 251  9  8 0500  -30.2  964.4    9.8  210.0   76.7  444.0
2018 251  9  8 0600  -30.0  965.4    9.6  210.0   76.7  444.0
2018 251  9  8 0700  -30.4  966.0    8.4  219.0   76.7  444.0
2018 251  9  8 0800  -30.9  966.7    8.2  215.0   76.3  444.0
2018 251  9  8 0900  -30.8  967.6    9.6  212.0   76.3  444.0
2018 251  9  8 1000  -30.9  968.3    8.4  215.0   76.3  444.0
2018 251  9  8 1100  -30.6  969.0    9.8  215.0   76.3  444.0
2018 251  9  8 1200  -30.2  969.5   10.3  222.0   77.1  444.0
2018 251  9  8 1300  -30.2  970.5   11.5  219.0   76.7  444.0
2018 251  9  8 1400  -29.9  970.8    9.6  231.0   77.5  444.0
2018 251  9  8 1500  -30.0  971.6    8.0  211.0   76.7  444.0
2018 251  9  8 1600  -30.2  971.9    7.8  228.0   77.1  444.0
2018 251  9  8 1700  -31.1  972.4    7.6  215.0   75.4  444.0
2018 251  9  8 1800  -32.6  973.1    8.4  221.0   74.2  444.0
2018 251  9  8 1900  -32.6  973.4    6.4  225.0   74.6  444.0
2018 251  9  8 2000  -33.1  974.1    7.6  218.0   73.3  444.0
2018 251  9  8 2100  -34.0  974.6    6.6  214.0   72.9  444.0
2018 251  9  8 2200  -33.1  975.1    5.7  224.0   73.8  444.0
2018 251  9  8 2300  -32.8  975.6    6.8  221.0   73.8  444.0
2018 252  9  9 0000  -33.1  975.8    8.4  214.0   73.8  444.0
2018 252  9  9 0100  -31.8  975.9    8.4  226.0   75.0  444.0
2018 252  9  9 0200  -32.1  975.8    8.6  224.0   75.0  444.0
2018 252  9  9 0300  -31.5  976.0    8.6  231.0   75.4  444.0
2018 252  9  9 0400  -32.2  977.3    7.4  215.0   74.2  444.0
2018 252  9  9 0500  -33.6  978.4    6.0  219.0   72.9  444.0
2018 252  9  9 0600  -34.4  978.5    8.4  218.0   72.1  444.0
2018 252  9  9 0700  -34.8  979.1    6.8  210.0   71.7  444.0
2018 252  9  9 0800  -36.0  980.0    5.3  225.0   70.0  444.0
2018 252  9  9 0900  -36.5  980.2    7.4  214.0   69.6  444.0
2018 252  9  9 1000  -37.6  981.4    5.7  212.0   68.3  444.0
2018 252  9  9 1100  -37.6  981.7    7.0  221.0   68.3  444.0
2018 252  9  9 1200  -37.4  981.8    7.2  215.0   69.1  444.0
2018 252  9  9 1300  -37.5  982.7    5.1  232.0   67.9  444.0
2018 252  9  9 1400  -37.4  982.9    5.1  224.0   68.3  444.0
2018 252  9  9 1500  -37.8  983.4    3.5  225.0   68.3  444.0
2018 252  9  9 1600  -36.9  983.8    6.6  225.0   70.4  444.0
2018 252  9  9 1700  -36.0  984.9    4.3  252.0   69.6  444.0
2018 252  9  9 1800  -37.4  984.8    4.9  240.0   68.3  444.0
2018 252  9  9 1900  -37.4  985.4    6.2  224.0   69.1  444.0
2018 252  9  9 2000  -38.8  986.0    3.9  236.0   67.5  444.0
2018 252  9  9 2100  -37.4  986.4    4.9  228.0   68.3  444.0
2018 252  9  9 2200  -37.4  986.5    4.7  248.0   68.7  444.0
2018 252  9  9 2300  -38.4  987.3    3.7  250.0   68.3  444.0
2018 253  9 10 0000  -37.8  987.4    3.9  266.0   68.7  444.0
2018 253  9 10 0100  -38.1  987.4    3.1  274.0   69.1  444.0
2018 253  9 10 0200  -38.1  987.3    2.7  281.0   69.1  444.0
2018 253  9 10 0300  -37.8  987.1    3.5  294.0   70.0  444.0
2018 253  9 10 0400  -36.2  987.1    4.7  228.0   68.3  444.0
2018 253  9 10 0500  -39.1  986.6    2.1  297.0   65.8  444.0
2018 253  9 10 0600  -40.2  986.2    1.4  280.0   64.5  444.0
2018 253  9 10 0700  -41.6  986.5    4.1  219.0   63.3  444.0
2018 253  9 10 0800  -43.2  987.3    6.4  211.0   61.6  444.0
2018 253  9 10 0900  -43.6  987.4    4.5  190.0   61.2  444.0
2018 253  9 10 1000  -43.9  988.0    2.7  212.0   61.2  444.0
2018 253  9 10 1100  -44.2  988.5    2.5  260.0   60.3  444.0
2018 253  9 10 1200  -43.5  988.8    5.3  235.0   61.6  444.0
2018 253  9 10 1300  -42.2  989.1    4.3  211.0   62.8  444.0
2018 253  9 10 1400  -42.8  989.7    5.1  228.0   62.0  444.0
2018 253  9 10 1500  -41.1  989.9    4.9  197.0   64.1  444.0
2018 253  9 10 1600  -41.2  990.8    3.1  219.0   63.7  444.0
2018 253  9 10 1700  -41.8  991.6    4.3  221.0   62.8  444.0
2018 253  9 10 1800  -42.5  992.1    2.5  231.0   62.4  444.0
2018 253  9 10 1900  -42.8  992.4    0.0    0.0   61.2  444.0
2018 253  9 10 2000  -40.8  992.5    0.0    0.0   63.7  444.0
2018 253  9 10 2100  -38.6  993.1    2.3  335.0   66.6  444.0
2018 253  9 10 2200  -40.0  993.4    2.1  300.0   65.8  444.0
2018 253  9 10 2300  -40.4  993.3    3.3  298.0   66.2  444.0
2018 254  9 11 0000  -39.1  993.8    1.8  318.0   67.9  444.0
2018 254  9 11 0100  -40.1  993.7    2.7  245.0   67.0  444.0
2018 254  9 11 0200  -40.5  994.0    1.4  304.0   66.2  444.0
2018 254  9 11 0300  -40.4  994.2    1.6  316.0   66.6  444.0
2018 254  9 11 0400  -40.5  994.1    2.1  297.0   64.9  444.0
2018 254  9 11 0500  -42.2  994.2    2.7  287.0   62.8  444.0
2018 254  9 11 0600  -42.9  993.8    1.8  315.0   61.6  444.0
2018 254  9 11 0700  -43.4  993.6    2.7  350.0   60.7  444.0
2018 254  9 11 0800  -42.5  993.1    3.1  319.0   62.4  444.0
2018 254  9 11 0900  -39.4  992.5    3.7  343.0   65.8  444.0
2018 254  9 11 1000  -38.2  992.6    2.3  315.0   66.2  444.0
2018 254  9 11 1100  -39.2  992.7    2.5  302.0   65.8  444.0
2018 254  9 11 1200  -39.8  992.5    2.1  294.0   64.9  444.0
2018 254  9 11 1300  -40.9  992.2    1.6  300.0   63.7  444.0
2018 254  9 11 1400  -42.4  991.8    1.2  314.0   62.0  444.0
2018 254  9 11 1500  -43.2  992.1    1.4  298.0   61.2  444.0
2018 254  9 11 1600  -42.8  991.5    1.6  298.0   62.0  444.0
2018 254  9 11 1700  -42.5  991.4    1.4  302.0   62.0  444.0
2018 254  9 11 1800  -40.6  991.0    1.4  319.0   64.5  444.0
2018 254  9 11 1900  -41.2  990.8    2.3  326.0   63.7  444.0
2018 254  9 11 2000  -40.9  990.6    1.9   11.0   64.1  444.0
2018 254  9 11 2100  -40.0  990.1    2.7  347.0   64.9  444.0
2018 254  9 11 2200  -38.6  990.2    1.9  319.0   67.9  444.0
2018 254  9 11 2300  -38.1  990.4    2.3  283.0   68.3  444.0
2018 255  9 12 0000  -37.8  990.2    1.4  288.0   69.6  444.0
2018 255  9 12 0100  -38.1  990.3    1.4  173.0   70.4  444.0
2018 255  9 12 0200  -37.5  990.4    1.6  294.0   70.4  444.0
2018 255  9 12 0300  -38.1  990.3    2.1  319.0   69.1  444.0
2018 255  9 12 0400  -39.1  989.4    2.3  332.0   65.8  444.0
2018 255  9 12 0500  -40.0  989.8    1.6  278.0   64.9  444.0
2018 255  9 12 0600  -42.8  989.7    1.6  266.0   61.6  444.0
2018 255  9 12 0700  -44.6  989.9    2.1  224.0   59.9  444.0
2018 255  9 12 0800  -45.2  989.9    2.3  236.0   59.1  444.0
2018 255  9 12 0900  -45.6  990.1    2.3  228.0   59.1  444.0
2018 255  9 12 1000  -46.0  990.3    2.1  243.0   58.2  444.0
2018 255  9 12 1100  -46.2  990.2    1.4  243.0   58.2  444.0
2018 255  9 12 1200  -46.4  990.3    2.1  224.0   57.8  444.0
2018 255  9 12 1300  -45.9  989.7    2.5  165.0   58.2  444.0
2018 255  9 12 1400  -45.6  989.5    1.6  162.0   58.2  444.0
2018 255  9 12 1500  -45.4  989.4    0.4  315.0   58.6  444.0
2018 255  9 12 1600  -45.1  988.9    1.2  333.0   59.1  444.0
2018 255  9 12 1700  -45.9  988.8    0.0    0.0   58.2  444.0
2018 255  9 12 1800  -46.1  988.4    0.0    0.0   57.8  444.0
2018 255  9 12 1900  -46.4  988.2    0.6  160.0   57.4  444.0
2018 255  9 12 2000  -45.9  987.8    0.8  138.0   58.6  444.0
2018 255  9 12 2100  -44.9  987.3    0.6  138.0   60.3  444.0
2018 255  9 12 2200  -43.4  987.1    0.8  115.0   62.0  444.0
2018 255  9 12 2300  -42.1  986.7    2.9   75.0   63.7  444.0
2018 256  9 13 0000  -40.8  986.3    2.9   62.0   65.8  444.0
2018 256  9 13 0100  -39.1  985.5    2.9   72.0   67.0  444.0
2018 256  9 13 0200  -37.0  985.0    4.5   70.0   69.1  444.0
2018 256  9 13 0300  -35.5  984.3    4.9   79.0   70.8  444.0
2018 256  9 13 0400  -33.9  984.0    3.7   60.0   72.5  444.0
2018 256  9 13 0500  -32.8  983.3    3.7   65.0   73.3  444.0
2018 256  9 13 0600  -31.0  982.9    3.9   56.0   75.0  444.0
2018 256  9 13 0700  -29.2  982.3    4.1   65.0   77.1  444.0
2018 256  9 13 0800  -28.8  982.2    3.1   44.0   78.0  444.0
2018 256  9 13 0900  -28.9  982.1    2.5   52.0   77.5  444.0
2018 256  9 13 1000  -27.9  982.2    2.1   31.0   79.2  444.0
2018 256  9 13 1100  -26.6  982.1    1.8  325.0   80.1  444.0
2018 256  9 13 1200  -27.2  981.9    2.3  283.0   79.6  444.0
2018 256  9 13 1300  -29.1  981.9    2.7  238.0   77.5  444.0
2018 256  9 13 1400  -30.4  981.9    2.7  260.0   76.3  444.0
2018 256  9 13 1500  -32.2  982.0    2.3  255.0   74.2  444.0
2018 256  9 13 1600  -33.5  982.3    2.7  259.0   72.5  444.0
2018 256  9 13 1700  -36.2  982.1    3.3  232.0   70.0  444.0
2018 256  9 13 1800  -38.0  982.2    1.6  257.0   67.9  444.0
2018 256  9 13 1900  -36.8  982.1    2.3  235.0   70.0  444.0
2018 256  9 13 2000  -36.1  981.9    3.3  246.0   70.4  444.0
2018 256  9 13 2100  -35.6  981.8    4.5  228.0   71.2  444.0
2018 256  9 13 2200  -35.8  982.1    4.1  222.0   70.8  444.0
2018 256  9 13 2300  -35.8  981.9    4.7  211.0   71.2  444.0
2018 257  9 14 0000  -35.9  981.7    5.7  215.0   70.4  444.0
2018 257  9 14 0100  -36.1  981.9    6.6  214.0   70.4  444.0
2018 257  9 14 0200  -36.9  981.5    6.0  217.0   69.1  444.0
2018 257  9 14 0300  -37.0  980.9    7.4  224.0   69.1  444.0
2018 257  9 14 0400  -37.4  981.0    6.4  215.0   68.7  444.0
2018 257  9 14 0500  -37.8  980.9    6.8  207.0   67.9  444.0
2018 257  9 14 0600  -38.0  981.1    5.5  208.0   67.9  444.0
2018 257  9 14 0700  -38.2  980.3    6.6  222.0   67.5  444.0
2018 257  9 14 0800  -37.5  980.0    7.4  211.0   68.3  444.0
2018 257  9 14 0900  -37.8  979.6    5.3  214.0   67.9  444.0
2018 257  9 14 1000  -38.8  979.3    5.1  229.0   66.6  444.0
2018 257  9 14 1100  -38.1  978.9    5.7  226.0   67.9  444.0
2018 257  9 14 1200  -37.5  978.3    5.7  217.0   68.7  444.0
2018 257  9 14 1300  -36.9  977.9    7.8  204.0   69.1  444.0
2018 257  9 14 1400  -36.6  978.1    7.0  202.0   69.1  444.0
2018 257  9 14 1500  -36.9  977.9    7.4  198.0   69.1  444.0
2018 257  9 14 1600  -37.1  978.1    8.6  198.0   68.7  444.0
2018 257  9 14 1700  -38.4  978.2    8.6  201.0   66.6  444.0
2018 257  9 14 1800  -40.4  978.2    7.2  205.0   64.5  444.0
2018 257  9 14 1900  -42.6  978.3    7.0  198.0   62.4  444.0
2018 257  9 14 2000  -43.5  978.5    6.8  208.0   61.6  444.0
2018 257  9 14 2100  -44.1  978.9    6.2  186.0   61.2  444.0
2018 257  9 14 2200  -44.6  978.2    7.6  190.0   60.3  444.0
2018 257  9 14 2300  -44.8  978.6    5.7  194.0   60.7  444.0
2018 258  9 15 0000  -44.5  978.6    7.6  179.0   60.7  444.0
2018 258  9 15 0100  -44.0  978.5    6.6  183.0   61.6  444.0
2018 258  9 15 0200  -42.6  978.3    7.6  197.0   62.8  444.0
2018 258  9 15 0300  -42.6  978.4    7.2  197.0   62.8  444.0
2018 258  9 15 0400  -42.1  977.9    6.6  186.0   63.3  444.0
2018 258  9 15 0500  -40.9  978.3    6.6  186.0   64.1  444.0
2018 258  9 15 0600  -41.5  978.2    7.0  195.0   63.3  444.0
2018 258  9 15 0700  -41.1  977.7    6.8  183.0   64.1  444.0
2018 258  9 15 0800  -41.1  977.1    6.4  181.0   63.7  444.0
2018 258  9 15 0900  -41.9  976.9    7.0  181.0   62.8  444.0
2018 258  9 15 1000  -42.5  976.8    7.2  176.0   62.0  444.0
2018 258  9 15 1100  -43.5  976.9    8.4  169.0   61.2  444.0
2018 258  9 15 1200  -44.2  976.9    8.0  208.0   59.9  444.0
2018 258  9 15 1300  -44.8  976.6    7.0  193.0   59.5  444.0
2018 258  9 15 1400  -44.9  976.1    7.4  183.0   59.5  444.0
2018 258  9 15 1500  -44.9  976.2    5.8  194.0   59.5  444.0
2018 258  9 15 1600  -44.1  976.0    7.6  187.0   60.3  444.0
2018 258  9 15 1700  -43.9  975.4    7.0  197.0   60.7  444.0
2018 258  9 15 1800  -43.4  975.1    8.2  181.0   61.2  444.0
2018 258  9 15 1900  -42.2  975.0    9.6  191.0   62.8  444.0
2018 258  9 15 2000  -40.5  974.2   10.5  187.0   64.5  444.0
2018 258  9 15 2100  -39.2  973.7    9.8  193.0   65.8  444.0
2018 258  9 15 2200  -37.5  973.6   13.5  188.0   68.3  444.0
2018 258  9 15 2300  -36.8  973.5   12.3  181.0   69.1  444.0
2018 259  9 16 0000  -36.1  972.7   13.1  187.0   70.0  444.0
2018 259  9 16 0100  -34.5  971.8   10.3  195.0   71.7  444.0
2018 259  9 16 0200  -34.1  971.4    9.6  194.0   72.1  444.0
2018 259  9 16 0300  -33.5  971.2    6.4  200.0   72.5  444.0
2018 259  9 16 0400  -33.1  970.9    9.9  194.0   73.3  444.0
2018 259  9 16 0500  -33.4  969.8   12.1  191.0   72.9  444.0
2018 259  9 16 0600  -33.5  969.6   11.7  200.0   72.5  444.0
2018 259  9 16 0700  -33.9  969.3   11.1  191.0   72.1  444.0
2018 259  9 16 0800  -34.8  968.7   12.1  200.0   71.2  444.0
2018 259  9 16 0900  -35.4  968.5   13.1  198.0   70.4  444.0
2018 259  9 16 1000  -35.5  967.5   12.7  198.0   70.4  444.0
2018 259  9 16 1100  -35.1  967.0   10.9  200.0   71.2  444.0
2018 259  9 16 1200  -34.1  966.7   11.1  198.0   72.1  444.0
2018 259  9 16 1300  -33.5  966.6   13.1  205.0   72.9  444.0
2018 259  9 16 1400  -33.4  966.5   11.9  202.0   72.9  444.0
2018 259  9 16 1500  -33.0  966.2   10.9  201.0   73.3  444.0
2018 259  9 16 1600  -32.0  966.5    8.8  204.0   74.2  444.0
2018 259  9 16 1700  -31.1  966.5    9.6  208.0   75.4  444.0
2018 259  9 16 1800  -29.9  966.7    7.8  197.0   77.1  444.0
2018 259  9 16 1900  -26.9  967.2    4.9  187.0   80.5  444.0
2018 259  9 16 2000  -22.9  967.6    2.7  132.0   85.1  444.0
2018 259  9 16 2100  -21.2  968.1    3.7  155.0   86.8  444.0
2018 259  9 16 2200  -20.4  968.3    5.1  166.0   87.6  444.0
2018 259  9 16 2300  -20.6  968.4    6.0  165.0   87.6  444.0
2018 260  9 17 0000  -20.2  968.6    5.8  176.0   88.5  444.0
2018 260  9 17 0100  -19.9  968.5    7.4  166.0   88.5  444.0
2018 260  9 17 0200  -19.1  968.5    7.2  158.0   88.9  444.0
2018 260  9 17 0300  -19.5  968.4    7.8  156.0   88.5  444.0
2018 260  9 17 0400  -18.6  968.1    8.2  160.0   89.3  444.0
2018 260  9 17 0500  -19.0  968.2    9.6  153.0   88.9  444.0
2018 260  9 17 0600  -19.0  968.4    8.2  159.0   88.5  444.0
2018 260  9 17 0700  -20.0  444.0    9.0  163.0   87.6  444.0
2018 260  9 17 0800  -20.4  444.0    7.8  159.0   87.2  444.0
2018 260  9 17 0900  -20.9  444.0    8.0  181.0   86.8  444.0
2018 260  9 17 1000  -22.0  969.4    9.9  173.0   85.5  444.0
2018 260  9 17 1100  -23.5  968.7   10.9  181.0   83.8  444.0
2018 260  9 17 1200  -24.4  968.0   12.3  193.0   83.4  444.0
2018 260  9 17 1300  -25.1  968.3   12.3  174.0   82.6  444.0
2018 260  9 17 1400  -25.2  968.5    9.4  172.0   82.6  444.0
2018 260  9 17 1500  -25.9  968.9   10.5  174.0   81.7  444.0
2018 260  9 17 1600  -26.6  968.8   11.5  184.0   80.9  444.0
2018 260  9 17 1700  -26.8  969.4    9.6  173.0   80.5  444.0
2018 260  9 17 1800  -27.4  969.4    9.2  180.0   80.1  444.0
2018 260  9 17 1900  -27.6  969.6    9.8  183.0   80.1  444.0
2018 260  9 17 2000  -28.2  969.4    8.8  191.0   79.2  444.0
2018 260  9 17 2100  -28.4  969.3   10.1  191.0   79.6  444.0
2018 260  9 17 2200  -28.2  969.4    6.8  186.0   80.1  444.0
2018 260  9 17 2300  -27.9  968.7    9.8  186.0   80.5  444.0
2018 261  9 18 0000  -28.1  968.2    9.0  191.0   80.1  444.0
2018 261  9 18 0100  -28.2  968.5    9.8  180.0   80.1  444.0
2018 261  9 18 0200  -27.4  968.3    7.0  172.0   80.9  444.0
2018 261  9 18 0300  -26.6  968.1    9.4  177.0   81.3  444.0
2018 261  9 18 0400  -25.9  967.9    7.6  180.0   82.2  444.0
2018 261  9 18 0500  -25.5  968.3    9.2  177.0   82.2  444.0
2018 261  9 18 0600  -26.1  968.1   10.1  190.0   81.3  444.0
2018 261  9 18 0700  -26.6  968.1    9.9  191.0   80.9  444.0
2018 261  9 18 0800  -27.4  967.7    8.4  190.0   80.1  444.0
2018 261  9 18 0900  -27.9  967.8    6.2  184.0   79.6  444.0
2018 261  9 18 1000  -28.4  967.4    3.7  187.0   78.8  444.0
2018 261  9 18 1100  -28.6  966.7    4.5  204.0   78.8  444.0
2018 261  9 18 1200  -28.8  965.9    5.8  200.0   78.4  444.0
2018 261  9 18 1300  -29.4  965.0    5.5  208.0   78.0  444.0
2018 261  9 18 1400  -30.4  964.2    7.2  197.0   76.7  444.0
2018 261  9 18 1500  -30.6  963.4    7.6  198.0   76.7  444.0
2018 261  9 18 1600  -30.4  962.3    7.8  202.0   77.1  444.0
2018 261  9 18 1700  -30.0  961.6    7.8  204.0   77.5  444.0
2018 261  9 18 1800  -28.9  961.0    7.8  193.0   78.4  444.0
2018 261  9 18 1900  -28.1  960.6    9.9  190.0   79.2  444.0
2018 261  9 18 2000  -27.2  959.9    9.0  194.0   80.5  444.0
2018 261  9 18 2100  -27.0  959.7    9.0  200.0   80.5  444.0
2018 261  9 18 2200  -27.4  959.3    8.2  195.0   80.1  444.0
2018 261  9 18 2300  -27.9  957.9    9.9  200.0   79.6  444.0
2018 262  9 19 0000  -27.6  957.4    9.9  205.0   80.1  444.0
2018 262  9 19 0100  -27.9  956.8    9.4  205.0   79.6  444.0
2018 262  9 19 0200  -27.9  956.3   11.1  200.0   80.1  444.0
2018 262  9 19 0300  -27.6  955.8   11.5  200.0   80.1  444.0
2018 262  9 19 0400  -27.4  955.4    9.9  207.0   80.1  444.0
2018 262  9 19 0500  -26.2  955.3   11.7  201.0   81.3  444.0
2018 262  9 19 0600  -27.4  955.1   10.1  202.0   79.2  444.0
2018 262  9 19 0700  -28.1  954.9   11.5  201.0   79.2  444.0
2018 262  9 19 0800  -27.6  955.1   12.1  198.0   79.6  444.0
2018 262  9 19 0900  -27.6  954.4   12.5  207.0   79.6  444.0
2018 262  9 19 1000  -28.1  954.3   11.3  205.0   79.2  444.0
2018 262  9 19 1100  -27.2  954.6   11.3  207.0   80.1  444.0
2018 262  9 19 1200  -28.2  954.3   12.9  207.0   79.2  444.0
2018 262  9 19 1300  -28.4  954.6   12.3  207.0   79.2  444.0
2018 262  9 19 1400  -28.8  954.8   10.3  214.0   78.4  444.0
2018 262  9 19 1500  -28.8  955.1   11.3  211.0   78.8  444.0
2018 262  9 19 1600  -29.2  955.9    9.6  210.0   77.5  444.0
2018 262  9 19 1700  -29.8  956.1   10.5  208.0   77.5  444.0
2018 262  9 19 1800  -29.9  956.3    8.0  214.0   77.5  444.0
2018 262  9 19 1900  -29.6  956.9   11.5  214.0   77.5  444.0
2018 262  9 19 2000  -29.9  957.3    9.2  224.0   77.1  444.0
2018 262  9 19 2100  -29.1  957.6   10.1  226.0   78.0  444.0
2018 262  9 19 2200  -28.2  957.9   10.9  212.0   78.8  444.0
2018 262  9 19 2300  -27.2  958.3    9.0  225.0   80.1  444.0
2018 263  9 20 0000  -26.2  958.8    9.2  212.0   81.3  444.0
2018 263  9 20 0100  -26.2  959.4    9.4  219.0   80.5  444.0
2018 263  9 20 0200  -24.6  959.9   10.9  233.0   83.0  444.0
2018 263  9 20 0300  -25.5  960.6   10.7  225.0   81.3  444.0
2018 263  9 20 0400  -25.6  961.0   11.1  210.0   81.7  444.0
2018 263  9 20 0500  -25.5  961.9   10.9  222.0   82.2  444.0
2018 263  9 20 0600  -25.8  962.6    7.8  224.0   81.3  444.0
2018 263  9 20 0700  -25.8  963.4    9.0  215.0   82.2  444.0
2018 263  9 20 0800  -25.8  963.6    9.0  219.0   81.7  444.0
2018 263  9 20 0900  -25.5  963.9    9.9  218.0   82.2  444.0
2018 263  9 20 1000  -25.2  964.1    8.4  225.0   82.6  444.0
2018 263  9 20 1100  -23.8  965.0    8.8  217.0   84.3  444.0
2018 263  9 20 1200  -24.1  965.5    9.9  204.0   83.0  444.0
2018 263  9 20 1300  -26.6  966.8   10.9  191.0   80.5  444.0
2018 263  9 20 1400  -25.6  967.4    9.4  210.0   82.6  444.0
2018 263  9 20 1500  -25.2  968.2    9.0  200.0   82.6  444.0
2018 263  9 20 1600  -26.0  968.8    7.0  208.0   80.9  444.0
2018 263  9 20 1700  -28.1  969.2    7.4  215.0   79.2  444.0
2018 263  9 20 1800  -28.8  969.9    6.2  224.0   78.8  444.0
2018 263  9 20 1900  -27.6  969.7    6.6  226.0   80.1  444.0
2018 263  9 20 2000  -26.8  970.2    6.4  217.0   80.5  444.0
2018 263  9 20 2100  -27.2  970.8    7.0  211.0   80.1  444.0
2018 263  9 20 2200  -27.6  971.9    6.2  226.0   79.6  444.0
2018 263  9 20 2300  -27.4  972.3    4.7  224.0   80.1  444.0
2018 264  9 21 0000  -26.9  973.7    4.9  212.0   80.5  444.0
2018 264  9 21 0100  -27.9  974.1    3.3  245.0   81.3  444.0
2018 264  9 21 0200  -28.5  974.6    2.9  238.0   79.2  444.0
2018 264  9 21 0300  -29.0  975.1    3.7  267.0   78.8  444.0
2018 264  9 21 0400  -30.0  975.4    2.9  249.0   76.7  444.0
2018 264  9 21 0500  -32.0  975.6    2.3  253.0   75.0  444.0
2018 264  9 21 0600  -32.9  975.7    2.7  281.0   73.8  444.0
2018 264  9 21 0700  -33.6  975.9    2.3  287.0   73.3  444.0
2018 264  9 21 0800  -34.0  975.5    1.6  285.0   73.3  444.0
2018 264  9 21 0900  -33.5  976.0    1.6  298.0   73.8  444.0
2018 264  9 21 1000  -31.8  976.5    2.1  291.0   75.4  444.0
2018 264  9 21 1100  -33.5  977.6    1.4  246.0   72.9  444.0
2018 264  9 21 1200  -34.8  977.9    1.0  235.0   72.1  444.0
2018 264  9 21 1300  -35.0  978.0    1.0  229.0   71.7  444.0
2018 264  9 21 1400  -32.4  978.6    1.0  187.0   73.8  444.0
2018 264  9 21 1500  -34.1  978.4    0.4  283.0   71.7  444.0
2018 264  9 21 1600  -32.2  978.6    1.9  243.0   74.6  444.0
2018 264  9 21 1700  -34.4  979.4    2.5  197.0   71.7  444.0
2018 264  9 21 1800  -36.5  979.9    2.3  207.0   70.0  444.0
2018 264  9 21 1900  -36.8  980.3    2.3  204.0   70.4  444.0
2018 264  9 21 2000  -35.1  980.8    2.1  180.0   73.8  444.0
2018 264  9 21 2100  -33.8  981.1    2.7  180.0   74.6  444.0
2018 264  9 21 2200  -34.1  981.6    2.1  187.0   74.6  444.0
2018 264  9 21 2300  -33.9  981.7    2.5  180.0   75.4  444.0
2018 265  9 22 0000  -33.6  981.9    2.3  190.0   75.4  444.0
2018 265  9 22 0100  -32.9  982.3    3.5  173.0   75.9  444.0
2018 265  9 22 0200  -32.8  982.8    3.1  174.0   75.9  444.0
2018 265  9 22 0300  -33.1  982.8    4.5  174.0   74.6  444.0
2018 265  9 22 0400  -33.0  983.0    3.1  180.0   74.2  444.0
2018 265  9 22 0500  -33.1  983.4    3.5  167.0   73.8  444.0
2018 265  9 22 0600  -33.0  983.8    2.9  177.0   73.8  444.0
2018 265  9 22 0700  -33.2  983.9    3.5  181.0   73.3  444.0
2018 265  9 22 0800  -33.1  983.9    3.9  176.0   73.3  444.0
2018 265  9 22 0900  -33.2  984.1    3.7  176.0   73.3  444.0
2018 265  9 22 1000  -33.4  984.2    3.5  173.0   73.3  444.0
2018 265  9 22 1100  -33.4  984.1    3.9  170.0   73.3  444.0
2018 265  9 22 1200  -33.5  984.1    4.5  183.0   72.9  444.0
2018 265  9 22 1300  -33.9  984.1    4.5  162.0   72.5  444.0
2018 265  9 22 1400  -33.4  984.2    4.3  160.0   73.3  444.0
2018 265  9 22 1500  -33.1  984.0    3.9  167.0   73.3  444.0
2018 265  9 22 1600  -33.1  983.8    4.7  172.0   73.3  444.0
2018 265  9 22 1700  -32.6  983.2    6.0  179.0   73.8  444.0
2018 265  9 22 1800  -32.6  983.1    5.3  174.0   74.2  444.0
2018 265  9 22 1900  -32.6  982.7    5.3  184.0   74.6  444.0
2018 265  9 22 2000  -31.6  983.0    3.9  174.0   75.9  444.0
2018 265  9 22 2100  -30.8  982.5    5.7  188.0   77.1  444.0
2018 265  9 22 2200  -31.1  982.1    6.8  190.0   76.3  444.0
2018 265  9 22 2300  -31.4  981.9    7.8  191.0   76.3  444.0
2018 266  9 23 0000  -30.9  982.0    6.6  176.0   77.5  444.0
2018 266  9 23 0100  -30.9  981.6    7.4  191.0   77.1  444.0
2018 266  9 23 0200  -31.4  981.5    7.2  179.0   76.7  444.0
2018 266  9 23 0300  -31.1  981.6    7.6  170.0   76.3  444.0
2018 266  9 23 0400  -31.4  981.7    6.8  181.0   75.9  444.0
2018 266  9 23 0500  -32.1  981.5    6.6  174.0   75.0  444.0
2018 266  9 23 0600  -33.0  981.6    6.2  187.0   73.8  444.0
2018 266  9 23 0700  -33.4  981.1    7.0  190.0   73.3  444.0
2018 266  9 23 0800  -32.8  981.0    7.2  186.0   74.2  444.0
2018 266  9 23 0900  -33.0  981.3    5.5  181.0   73.8  444.0
2018 266  9 23 1000  -33.9  980.9    6.4  190.0   72.5  444.0
2018 266  9 23 1100  -34.8  980.8    6.8  188.0   71.7  444.0
2018 266  9 23 1200  -35.2  980.8    7.0  188.0   70.8  444.0
2018 266  9 23 1300  -35.8  980.8    9.2  183.0   70.8  444.0
2018 266  9 23 1400  -36.4  980.7    8.6  180.0   70.0  444.0
2018 266  9 23 1500  -36.8  980.8    8.0  173.0   69.6  444.0
2018 266  9 23 1600  -36.8  980.8    8.2  184.0   69.6  444.0
2018 266  9 23 1700  -36.1  980.9    7.4  181.0   70.4  444.0
2018 266  9 23 1800  -36.1  981.0    6.2  181.0   70.0  444.0
2018 266  9 23 1900  -37.4  981.5    5.5  184.0   69.1  444.0
2018 266  9 23 2000  -37.6  981.5    5.5  187.0   68.7  444.0
2018 266  9 23 2100  -38.2  981.4    4.9  190.0   68.3  444.0
2018 266  9 23 2200  -38.5  981.2    6.0  190.0   68.7  444.0
2018 266  9 23 2300  -37.9  981.1    5.5  183.0   70.0  444.0
2018 267  9 24 0000  -36.8  981.2    4.5  197.0   70.8  444.0
2018 267  9 24 0100  -37.0  981.1    4.3  201.0   71.2  444.0
2018 267  9 24 0200  -36.8  980.8    5.7  200.0   71.2  444.0
2018 267  9 24 0300  -36.5  980.6    5.1  201.0   70.4  444.0
2018 267  9 24 0400  -37.0  980.6    4.9  194.0   70.0  444.0
2018 267  9 24 0500  -37.8  980.4    4.5  201.0   68.3  444.0
2018 267  9 24 0600  -38.2  980.4    3.5  211.0   67.5  444.0
2018 267  9 24 0700  -39.4  980.3    3.3  204.0   66.2  444.0
2018 267  9 24 0800  -40.6  980.3    3.3  207.0   64.5  444.0
2018 267  9 24 0900  -41.4  980.2    3.3  210.0   64.1  444.0
2018 267  9 24 1000  -42.2  980.3    2.9  214.0   62.8  444.0
2018 267  9 24 1100  -42.6  980.0    2.3  193.0   62.4  444.0
2018 267  9 24 1200  -43.2  979.7    3.7  218.0   62.0  444.0
2018 267  9 24 1300  -43.6  979.4    3.1  215.0   61.6  444.0
2018 267  9 24 1400  -43.9  979.4    2.5  240.0   60.7  444.0
2018 267  9 24 1500  -44.8  979.0    1.9  231.0   59.9  444.0
2018 267  9 24 1600  -45.4  978.7    2.1  238.0   59.1  444.0
2018 267  9 24 1700  -46.0  978.9    3.3  232.0   58.6  444.0
2018 267  9 24 1800  -46.0  978.6    3.7  217.0   58.2  444.0
2018 267  9 24 1900  -45.6  978.5    3.3  211.0   59.1  444.0
2018 267  9 24 2000  -44.5  978.5    3.7  204.0   60.3  444.0
2018 267  9 24 2100  -43.5  978.5    2.9  205.0   62.4  444.0
2018 267  9 24 2200  -42.4  978.5    2.5  214.0   63.7  444.0
2018 267  9 24 2300  -42.6  978.5    1.9  218.0   63.7  444.0
2018 268  9 25 0000  -42.4  978.4    2.9  235.0   63.3  444.0
2018 268  9 25 0100  -41.4  978.4    1.9  270.0   66.2  444.0
2018 268  9 25 0200  -41.1  977.8    2.3  257.0   66.6  444.0
2018 268  9 25 0300  -40.0  977.2    2.9  291.0   67.0  444.0
2018 268  9 25 0400  -39.2  977.0    2.5  271.0   66.2  444.0
2018 268  9 25 0500  -39.9  976.8    4.1  271.0   65.4  444.0
2018 268  9 25 0600  -40.5  976.7    3.9  252.0   64.5  444.0
2018 268  9 25 0700  -41.5  976.7    2.9  249.0   63.3  444.0
2018 268  9 25 0800  -41.6  976.9    2.9  256.0   62.8  444.0
2018 268  9 25 0900  -42.6  977.1    2.5  259.0   62.0  444.0
2018 268  9 25 1000  -43.4  977.1    2.1  264.0   61.2  444.0
2018 268  9 25 1100  -43.9  976.9    2.3  267.0   60.3  444.0
2018 268  9 25 1200  -44.6  976.6    2.1  266.0   59.9  444.0
2018 268  9 25 1300  -43.4  976.6    2.1  260.0   61.6  444.0
2018 268  9 25 1400  -43.4  976.5    1.8  252.0   61.2  444.0
2018 268  9 25 1500  -43.9  976.4    2.5  245.0   60.7  444.0
2018 268  9 25 1600  -40.5  976.2    2.3  278.0   64.9  444.0
2018 268  9 25 1700  -39.4  976.0    2.3  302.0   65.4  444.0
2018 268  9 25 1800  -38.8  975.8    2.3  273.0   66.6  444.0
2018 268  9 25 1900  -37.8  976.2    2.5  257.0   66.6  444.0
2018 268  9 25 2000  -40.5  976.5    2.9  231.0   63.7  444.0
2018 268  9 25 2100  -42.1  976.5    4.7  207.0   63.3  444.0
2018 268  9 25 2200  -41.8  976.8    2.9  201.0   65.4  444.0
2018 268  9 25 2300  -41.1  977.1    2.5  197.0   67.9  444.0
2018 269  9 26 0000  -41.8  977.4    1.2  194.0   67.0  444.0
2018 269  9 26 0100  -39.8  977.3    1.9  159.0   70.0  444.0
2018 269  9 26 0200  -36.9  977.6  444.0  444.0   71.7  444.0
2018 269  9 26 0300  -36.9  977.6  444.0  444.0   72.5  444.0
2018 269  9 26 0400  -35.0  977.6  444.0  444.0   69.6  444.0
2018 269  9 26 0500  -40.1  977.8  444.0  444.0   65.4  444.0
2018 269  9 26 0600  -41.1  978.1  444.0  444.0   63.7  444.0
2018 269  9 26 0700  -38.1  978.1  444.0  444.0   67.9  444.0
2018 269  9 26 0800  -40.1  978.0  444.0  444.0   64.9  444.0
2018 269  9 26 0900  -37.9  977.9  444.0  444.0   67.0  444.0
2018 269  9 26 1000  -40.4  977.7  444.0  444.0   64.5  444.0
2018 269  9 26 1100  -38.9  977.5  444.0  444.0   65.8  444.0
2018 269  9 26 1200  -40.1  977.3  444.0  444.0   64.1  444.0
2018 269  9 26 1300  -39.5  977.1  444.0  444.0   65.4  444.0
2018 269  9 26 1400  -41.5  976.8    2.9  176.0   63.3  444.0
2018 269  9 26 1500  -44.9  976.4    2.9  150.0   59.5  444.0
2018 269  9 26 1600  -44.8  976.0    3.3  167.0   59.9  444.0
2018 269  9 26 1700  -44.5  975.6    4.1  184.0   60.3  444.0
2018 269  9 26 1800  -44.1  975.4    3.7  181.0   60.7  444.0
2018 269  9 26 1900  -43.9  975.0    3.7  186.0   61.6  444.0
2018 269  9 26 2000  -40.4  974.3    4.7  187.0   65.8  444.0
2018 269  9 26 2100  -37.4  973.7    5.8  179.0   69.6  444.0
2018 269  9 26 2200  -35.8  972.7    6.6  184.0   70.8  444.0
2018 269  9 26 2300  -35.6  972.1    7.4  186.0   71.2  444.0
2018 270  9 27 0000  -35.0  971.0    9.6  184.0   71.7  444.0
2018 270  9 27 0100  -34.8  969.8   10.1  193.0   71.2  444.0
2018 270  9 27 0200  -33.5  967.8   11.1  201.0   72.5  444.0
2018 270  9 27 0300  -32.6  965.7   11.9  197.0   73.3  444.0
2018 270  9 27 0400  -32.2  964.0   12.5  202.0   74.2  444.0
2018 270  9 27 0500  -32.0  962.2    9.8  204.0   74.2  444.0
2018 270  9 27 0600  -32.2  960.4   13.8  212.0   73.8  444.0
2018 270  9 27 0700  -33.9  958.5   15.6  170.0   72.1  444.0
2018 270  9 27 0800  -35.4  957.2   15.6  204.0   70.8  444.0
2018 270  9 27 0900  -35.6  954.5   13.8  219.0   70.4  444.0
2018 270  9 27 1000  -35.9  953.0   14.4  218.0   70.4  444.0
2018 270  9 27 1100  -35.8  950.7   12.5  218.0   70.8  444.0
2018 270  9 27 1200  -34.1  949.3   12.7  221.0   72.5  444.0
2018 270  9 27 1300  -32.0  947.5   11.5  226.0   74.6  444.0
2018 270  9 27 1400  -29.8  945.6   13.6  228.0   77.5  444.0
2018 270  9 27 1500  -27.2  943.9   12.5  226.0   80.1  444.0
2018 270  9 27 1600  -25.5  942.9   11.1  235.0   82.2  444.0
2018 270  9 27 1700  -23.5  942.0   10.7  246.0   83.8  444.0
2018 270  9 27 1800  -22.5  941.1    7.8  245.0   85.1  444.0
2018 270  9 27 1900  -21.9  940.4    7.2  250.0   85.9  444.0
2018 270  9 27 2000  -21.5  940.6    4.5  292.0   85.9  444.0
2018 270  9 27 2100  -20.8  940.4    4.3  301.0   86.8  444.0
2018 270  9 27 2200  -20.0  940.2    6.8  300.0   86.8  444.0
2018 270  9 27 2300  -20.0  940.3    5.1  316.0   87.2  444.0
2018 271  9 28 0000  -19.0  940.2    6.0  319.0   87.6  444.0
2018 271  9 28 0100  -17.4  940.2    6.6  314.0   89.3  444.0
2018 271  9 28 0200  -17.1  940.7    8.8  319.0   89.3  444.0
2018 271  9 28 0300  -16.9  941.1   13.8  325.0   90.1  444.0
2018 271  9 28 0400  -16.0  942.4   15.0  326.0   91.0  444.0
2018 271  9 28 0500  -16.6  943.4   12.1  333.0   90.6  444.0
2018 271  9 28 0600  -17.1  944.8   12.9  349.0   90.1  444.0
2018 271  9 28 0700  -17.8  946.3   13.5  342.0   89.7  444.0
2018 271  9 28 0800  -18.5  948.0   11.1  352.0   88.9  444.0
2018 271  9 28 0900  -19.5  949.2   11.3  359.0   88.0  444.0
2018 271  9 28 1000  -21.6  950.7    8.8    1.0   85.5  444.0
2018 271  9 28 1100  -23.4  951.8    6.2   15.0   84.3  444.0
2018 271  9 28 1200  -23.6  952.4    4.9   24.0   84.7  444.0
2018 271  9 28 1300  -23.8  953.0    4.7   31.0   83.0  444.0
2018 271  9 28 1400  -25.6  953.6    4.5   52.0   82.2  444.0
2018 271  9 28 1500  -24.9  953.8    4.1   69.0   82.6  444.0
2018 271  9 28 1600  -26.0  954.3    4.7   79.0   81.7  444.0
2018 271  9 28 1700  -28.0  954.5    4.3   82.0   79.6  444.0
2018 271  9 28 1800  -29.0  955.2    4.3   93.0   79.2  444.0
2018 271  9 28 1900  -27.9  956.0    4.3   91.0   80.1  444.0
2018 271  9 28 2000  -26.8  956.4    3.3  100.0   80.9  444.0
2018 271  9 28 2100  -25.8  956.8    3.7  107.0   81.7  444.0
2018 271  9 28 2200  -24.8  957.0    3.7  112.0   82.6  444.0
2018 271  9 28 2300  -24.4  957.0    3.3  129.0   82.6  444.0
2018 272  9 29 0000  -23.8  957.0    2.7  118.0   82.6  444.0
2018 272  9 29 0100  -23.8  957.1    2.7  135.0   81.7  444.0
2018 272  9 29 0200  -23.9  957.0    3.1  156.0   82.2  444.0
2018 272  9 29 0300  -24.6  956.9    2.9  173.0   82.6  444.0
2018 272  9 29 0400  -25.5  956.4    2.5  179.0   81.3  444.0
2018 272  9 29 0500  -25.9  956.1    3.3  195.0   80.9  444.0
2018 272  9 29 0600  -26.6  955.7    2.7  219.0   80.5  444.0
2018 272  9 29 0700  -27.1  955.1    3.7  233.0   80.5  444.0
2018 272  9 29 0800  -26.9  954.4    4.5  224.0   80.5  444.0
2018 272  9 29 0900  -27.5  953.9    3.9  240.0   79.6  444.0
2018 272  9 29 1000  -28.2  953.7    3.7  238.0   79.2  444.0
2018 272  9 29 1100  -28.6  953.2    3.7  240.0   78.8  444.0
2018 272  9 29 1200  -28.5  953.0    4.1  238.0   78.8  444.0
2018 272  9 29 1300  -28.2  953.0    4.5  246.0   79.2  444.0
2018 272  9 29 1400  -27.9  953.1    4.9  249.0   79.6  444.0
2018 272  9 29 1500  -27.6  953.1    5.7  242.0   80.1  444.0
2018 272  9 29 1600  -27.2  953.4    4.1  243.0   80.1  444.0
2018 272  9 29 1700  -27.9  954.0    2.9  263.0   79.2  444.0
2018 272  9 29 1800  -28.2  954.8    2.9  283.0   79.2  444.0
2018 272  9 29 1900  -27.6  955.5    3.3  284.0   79.2  444.0
2018 272  9 29 2000  -28.2  956.2    3.7  290.0   78.0  444.0
2018 272  9 29 2100  -27.4  957.0    3.9  277.0   77.1  444.0
2018 272  9 29 2200  -28.8  957.8    5.5  291.0   77.1  444.0
2018 272  9 29 2300  -27.0  958.4    5.7  287.0   78.8  444.0
2018 273  9 30 0000  -27.2  959.0    4.3  305.0   75.9  444.0
2018 273  9 30 0100  -27.9  959.4    4.3  311.0   75.9  444.0
2018 273  9 30 0200  -27.2  960.1    4.1  290.0   76.7  444.0
2018 273  9 30 0300  -27.6  960.8    4.7  311.0   75.4  444.0
2018 273  9 30 0400  -28.1  961.2    4.9  321.0   77.5  444.0
2018 273  9 30 0500  -29.0  961.5    4.1  332.0   77.1  444.0
2018 273  9 30 0600  -29.9  962.1    4.5  342.0   76.3  444.0
2018 273  9 30 0700  -30.4  962.6    3.5  336.0   77.5  444.0
2018 273  9 30 0800  -33.5  963.0    3.5  360.0   74.2  444.0
2018 273  9 30 0900  -33.9  963.5    2.9   31.0   73.3  444.0
2018 273  9 30 1000  -33.4  963.8    2.3   32.0   75.0  444.0
2018 273  9 30 1100  -31.6  963.9    1.8   62.0   75.9  444.0
2018 273  9 30 1200  -29.9  964.1    2.1   68.0   78.0  444.0
2018 273  9 30 1300  -28.6  963.8    2.7   89.0   79.2  444.0
2018 273  9 30 1400  -26.1  963.4    4.3  103.0   81.7  444.0
2018 273  9 30 1500  -23.6  963.1    5.7  117.0   83.8  444.0
2018 273  9 30 1600  -22.6  962.9    6.2  120.0   85.1  444.0
2018 273  9 30 1700  -21.5  962.5    7.6  125.0   86.4  444.0
2018 273  9 30 1800  -20.9  962.1    9.2  118.0   87.2  444.0
2018 273  9 30 1900  -20.4  961.9    7.4  120.0   87.6  444.0
2018 273  9 30 2000  -19.6  961.6   10.3  115.0   88.5  444.0
2018 273  9 30 2100  -19.5  961.2   10.1  118.0   87.6  444.0
2018 273  9 30 2200  -19.5  961.0    8.0  118.0   87.2  444.0
2018 273  9 30 2300  -19.5  960.8   10.9  121.0   86.8  444.0
