Year: 2022  Month: 03  ID: VTO  ARGOS:  8931  Name: Vito                
Lat: 78.47S  Lon: 177.79E  Elev:   50m
2022  60  3  1 0000  -17.9  983.9    5.3  187.0   77.1  444.0
2022  60  3  1 0100  -19.1  984.2    3.5  190.0   62.0  444.0
2022  60  3  1 0200  -20.2  984.6    3.5  183.0   56.1  444.0
2022  60  3  1 0300  -21.9  984.8    3.1  188.0   55.7  444.0
2022  60  3  1 0400  -22.6  985.2    2.7  194.0   54.4  444.0
2022  60  3  1 0500  -23.2  985.5    2.1  194.0   55.7  444.0
2022  60  3  1 0600  -23.8  986.0    0.6  246.0   61.2  444.0
2022  60  3  1 0700  -26.8  986.3    1.8  253.0   75.4  444.0
2022  60  3  1 0800  -28.6  986.8    1.2  221.0   80.5  444.0
2022  60  3  1 0900  444.0  987.2    0.8  205.0   85.5  444.0
2022  60  3  1 1000  -30.4  987.5    1.9  271.0   83.8  444.0
2022  60  3  1 1100  -29.9  987.5    1.4  267.0   79.2  444.0
2022  60  3  1 1200  444.0  987.5    0.8  263.0   80.5  444.0
2022  60  3  1 1300  444.0  987.5    0.0    0.0   81.7  444.0
2022  60  3  1 1400  -23.9  987.9    1.8  246.0   83.8  444.0
2022  60  3  1 1500  -23.8  988.1    1.2  305.0   83.4  444.0
2022  60  3  1 1600  -23.8  988.0    1.4  263.0   83.8  444.0
2022  60  3  1 1700  -24.9  988.1    1.4  285.0   83.8  444.0
2022  60  3  1 1800  -24.4  988.5    2.3  280.0   82.6  444.0
2022  60  3  1 1900  -22.6  444.0    1.9  252.0   79.6  444.0
2022  60  3  1 2000  -21.5  444.0    2.1  284.0   75.9  444.0
2022  60  3  1 2100  -21.6  444.0    2.1  280.0   50.7  444.0
2022  60  3  1 2200  -20.4  444.0    2.9  262.0   59.5  444.0
2022  60  3  1 2300  -20.9  444.0    2.7  260.0   51.5  444.0
2022  61  3  2 0000  -20.0  444.0    3.9  263.0   56.1  444.0
2022  61  3  2 0100  -20.2  444.0    4.1  263.0   62.0  444.0
2022  61  3  2 0200  -22.0  444.0    4.3  271.0   68.3  444.0
2022  61  3  2 0300  -21.5  444.0    3.7  253.0   63.3  444.0
2022  61  3  2 0400  -20.9  444.0    3.7  242.0   68.7  444.0
2022  61  3  2 0500  -20.0  444.0    6.2  240.0   73.3  444.0
2022  61  3  2 0600  -21.9  444.0    4.9  283.0   73.3  444.0
2022  61  3  2 0700  -21.2  444.0    5.3  270.0   79.6  444.0
2022  61  3  2 0800  -22.9  444.0    5.8  266.0   82.2  444.0
2022  61  3  2 0900  -22.2  444.0    6.0  257.0   84.7  444.0
2022  61  3  2 1000  -20.1  444.0    6.8  256.0   85.9  444.0
2022  61  3  2 1100  -20.4  444.0    7.2  260.0   86.4  444.0
2022  61  3  2 1200  -18.6  444.0    6.6  260.0   86.4  444.0
2022  61  3  2 1300  -18.9  444.0    6.4  256.0   85.5  444.0
2022  61  3  2 1400  -19.1  444.0    5.5  262.0   85.9  444.0
2022  61  3  2 1500  -18.6  444.0    5.7  256.0   86.4  444.0
2022  61  3  2 1600  -19.1  444.0    6.6  236.0   87.2  444.0
2022  61  3  2 1700  -22.8  444.0    3.5  225.0   81.3  444.0
2022  61  3  2 1800  -26.9  444.0    3.5  222.0   74.2  444.0
2022  61  3  2 1900  -26.9  444.0    4.7  239.0   72.5  444.0
2022  61  3  2 2000  -24.1  444.0    4.5  226.0   74.2  444.0
2022  61  3  2 2100  -23.8  444.0    5.8  226.0   72.9  444.0
2022  61  3  2 2200  -23.4  444.0    5.7  221.0   72.1  444.0
2022  61  3  2 2300  -22.6  444.0    6.0  219.0   70.8  444.0
2022  62  3  3 0000  -22.5  444.0    6.6  215.0   70.8  444.0
2022  62  3  3 0100  -22.5  444.0    7.2  222.0   72.1  444.0
2022  62  3  3 0200  -22.1  444.0    5.7  224.0   69.1  444.0
2022  62  3  3 0300  -22.5  444.0    6.6  222.0   72.9  444.0
2022  62  3  3 0400  -22.1  444.0    6.2  215.0   73.8  444.0
2022  62  3  3 0500  -22.2  444.0    6.4  229.0   78.8  444.0
2022  62  3  3 0600  -21.9  444.0    5.7  222.0   81.7  444.0
2022  62  3  3 0700  -21.5  444.0    5.3  225.0   83.4  444.0
2022  62  3  3 0800  -21.4  444.0    5.1  231.0   84.7  444.0
2022  62  3  3 0900  -21.6  444.0    6.6  205.0   84.7  444.0
2022  62  3  3 1000  -22.5  444.0    6.0  205.0   83.8  444.0
2022  62  3  3 1100  -22.5  444.0    6.2  210.0   84.7  444.0
2022  62  3  3 1200  -22.2  444.0    7.4  204.0   84.7  444.0
2022  62  3  3 1300  -23.4  444.0    5.3  187.0   83.4  444.0
2022  62  3  3 1400  -25.1  444.0    4.7  176.0   81.7  444.0
2022  62  3  3 1500  -25.5  444.0    6.6  177.0   81.3  444.0
2022  62  3  3 1600  -29.0  444.0    3.5  177.0   79.2  444.0
2022  62  3  3 1700  -29.5  444.0    3.9  181.0   78.4  444.0
2022  62  3  3 1800  -29.4  444.0    2.7  194.0   77.5  444.0
2022  62  3  3 1900  -25.9  444.0    6.0  193.0   78.8  444.0
2022  62  3  3 2000  -24.6  444.0    7.0  190.0   79.6  444.0
2022  62  3  3 2100  -23.1  444.0    7.2  201.0   79.6  444.0
2022  62  3  3 2200  -21.4  444.0    9.4  194.0   80.9  444.0
2022  62  3  3 2300  -20.9  444.0    7.0  187.0   81.3  444.0
2022  63  3  4 0000  -20.4  444.0    6.0  190.0   80.9  444.0
2022  63  3  4 0100  -20.1  444.0    7.6  200.0   80.5  444.0
2022  63  3  4 0200  -20.8  444.0    7.2  200.0   80.5  444.0
2022  63  3  4 0300  -20.2  444.0    7.6  194.0   81.3  444.0
2022  63  3  4 0400  -19.6  444.0    6.6  179.0   83.4  444.0
2022  63  3  4 0500  -19.8  444.0    6.6  162.0   83.0  444.0
2022  63  3  4 0600  -20.1  444.0    5.1  174.0   83.4  444.0
2022  63  3  4 0700  -20.4  444.0    5.8  173.0   85.1  444.0
2022  63  3  4 0800  -20.4  444.0    6.8  174.0   86.8  444.0
2022  63  3  4 0900  -20.4  444.0    4.9  156.0   87.2  444.0
2022  63  3  4 1000  -20.8  444.0    3.5  172.0   86.8  444.0
2022  63  3  4 1100  -22.9  444.0    2.3  180.0   84.7  444.0
2022  63  3  4 1200  -22.0  444.0    3.3  183.0   86.4  444.0
2022  63  3  4 1300  -21.6  444.0    3.7  184.0   85.1  444.0
2022  63  3  4 1400  -21.9  444.0    4.5  186.0   84.7  444.0
2022  63  3  4 1500  -22.8  444.0    6.2  188.0   83.0  444.0
2022  63  3  4 1600  -25.1  444.0    6.0  174.0   80.5  444.0
2022  63  3  4 1700  -25.5  444.0    4.9  162.0   80.9  444.0
2022  63  3  4 1800  -24.6  444.0    5.8  166.0   82.2  444.0
2022  63  3  4 1900  -23.8  444.0    7.0  166.0   78.8  444.0
2022  63  3  4 2000  -24.1  444.0    6.0  165.0   75.9  444.0
2022  63  3  4 2100  -23.5  444.0    6.4  169.0   79.6  444.0
2022  63  3  4 2200  -22.0  444.0    7.8  165.0   80.9  444.0
2022  63  3  4 2300  -22.9  444.0    8.2  173.0   78.4  444.0
2022  64  3  5 0000  -23.1  444.0    6.0  170.0   70.8  444.0
2022  64  3  5 0100  -21.9  444.0    7.4  172.0   80.5  444.0
2022  64  3  5 0200  -23.9  444.0    5.7  173.0   75.0  444.0
2022  64  3  5 0300  -24.4  444.0    6.6  174.0   74.6  444.0
2022  64  3  5 0400  -24.5  444.0    5.7  183.0   75.0  444.0
2022  64  3  5 0500  -24.6  444.0    5.1  188.0   72.1  444.0
2022  64  3  5 0600  -25.9  444.0    6.2  193.0   75.4  444.0
2022  64  3  5 0700  -27.4  444.0    4.9  188.0   80.1  444.0
2022  64  3  5 0800  -27.4  444.0    5.7  169.0   81.3  444.0
2022  64  3  5 0900  -29.4  444.0    3.5  190.0   78.0  444.0
2022  64  3  5 1000  -28.9  444.0    5.1  191.0   78.8  444.0
2022  64  3  5 1100  -30.0  444.0    4.7  217.0   77.5  444.0
2022  64  3  5 1200  -29.4  444.0    6.0  201.0   78.4  444.0
2022  64  3  5 1300  -30.9  444.0    5.5  191.0   75.9  444.0
2022  64  3  5 1400  -31.6  444.0    8.6  198.0   75.4  444.0
2022  64  3  5 1500  -31.1  444.0    9.0  193.0   75.4  444.0
2022  64  3  5 1600  -29.6  444.0    9.2  191.0   77.1  444.0
2022  64  3  5 1700  -28.2  444.0    9.0  201.0   78.4  444.0
2022  64  3  5 1800  -28.0  444.0   10.5  191.0   78.8  444.0
2022  64  3  5 1900  -26.8  444.0    9.2  194.0   80.1  444.0
2022  64  3  5 2000  -25.5  444.0    8.4  188.0   81.3  444.0
2022  64  3  5 2100  -24.6  444.0   11.9  194.0   82.2  444.0
2022  64  3  5 2200  -24.1  444.0   11.7  194.0   83.0  444.0
2022  64  3  5 2300  -23.8  444.0    8.6  187.0   83.4  444.0
2022  65  3  6 0000  -23.5  444.0    9.9  195.0   81.7  444.0
2022  65  3  6 0100  -23.8  444.0   11.5  201.0   81.7  444.0
2022  65  3  6 0200  -23.4  444.0    9.4  197.0   81.3  444.0
2022  65  3  6 0300  -23.1  444.0   11.1  208.0   79.6  444.0
2022  65  3  6 0400  -22.8  444.0   11.3  205.0   81.7  444.0
2022  65  3  6 0500  -22.0  444.0    9.9  215.0   83.4  444.0
2022  65  3  6 0600  -22.0  444.0    8.8  215.0   84.3  444.0
2022  65  3  6 0700  -22.0  444.0   10.9  211.0   85.1  444.0
2022  65  3  6 0800  -21.9  444.0    8.8  208.0   85.1  444.0
2022  65  3  6 0900  -21.9  444.0    8.2  207.0   85.5  444.0
2022  65  3  6 1000  -20.9  444.0    7.2  204.0   86.8  444.0
2022  65  3  6 1100  -19.5  444.0    6.4  179.0   88.5  444.0
2022  65  3  6 1200  -18.2  444.0    5.1  176.0   89.7  444.0
2022  65  3  6 1300  -17.4  444.0    3.7   72.0   90.6  444.0
2022  65  3  6 1400  -19.5  444.0    3.9   68.0   88.5  444.0
2022  65  3  6 1500  -21.2  444.0    3.3   73.0   86.4  444.0
2022  65  3  6 1600  -22.5  444.0    2.5   83.0   85.1  444.0
2022  65  3  6 1700  -24.9  444.0    1.6  132.0   82.2  444.0
2022  65  3  6 1800  -26.9  444.0    1.6  124.0   80.9  444.0
2022  65  3  6 1900  -26.6  444.0    1.9  138.0   82.6  444.0
2022  65  3  6 2000  -22.5  444.0    2.1  155.0   85.5  444.0
2022  65  3  6 2100  -20.4  444.0    2.3  156.0   87.6  444.0
2022  65  3  6 2200  -19.1  444.0    2.7  173.0   88.9  444.0
2022  65  3  6 2300  -18.4  444.0    3.3  169.0   89.3  444.0
2022  66  3  7 0000  -18.0  444.0    5.1  169.0   89.3  444.0
2022  66  3  7 0100  -17.1  444.0    4.5  186.0   90.1  444.0
2022  66  3  7 0200  -16.0  444.0    3.1  190.0   87.6  444.0
2022  66  3  7 0300  -17.1  444.0    4.9  128.0   86.4  444.0
2022  66  3  7 0400  -19.5  444.0    3.7  143.0   83.4  444.0
2022  66  3  7 0500  -19.9  444.0    5.3  125.0   83.4  444.0
2022  66  3  7 0600  -20.9  444.0    4.5  131.0   83.0  444.0
2022  66  3  7 0700  -22.0  444.0    6.0  141.0   83.8  444.0
2022  66  3  7 0800  -23.5  444.0    4.7  138.0   83.8  444.0
2022  66  3  7 0900  -24.0  444.0    5.8  135.0   83.8  444.0
2022  66  3  7 1000  -24.6  444.0    4.9  143.0   83.0  444.0
2022  66  3  7 1100  -25.0  444.0    4.5  160.0   83.0  444.0
2022  66  3  7 1200  -25.2  444.0    3.7  180.0   82.6  444.0
2022  66  3  7 1300  -25.5  444.0    4.3  174.0   82.2  444.0
2022  66  3  7 1400  -25.6  444.0    4.1  176.0   82.2  444.0
2022  66  3  7 1500  -25.6  444.0    3.1  177.0   82.2  444.0
2022  66  3  7 1600  -25.5  444.0    5.7  193.0   82.2  444.0
2022  66  3  7 1700  -24.9  444.0    4.9  197.0   82.6  444.0
2022  66  3  7 1800  -24.0  444.0    5.3  193.0   83.8  444.0
2022  66  3  7 1900  -22.9  444.0    5.3  183.0   84.3  444.0
2022  66  3  7 2000  -22.9  444.0    6.6  181.0   83.4  444.0
2022  66  3  7 2100  -21.6  444.0    6.8  177.0   83.4  444.0
2022  66  3  7 2200  -21.9  444.0    4.7  179.0   81.7  444.0
2022  66  3  7 2300  -20.4  444.0    4.1  191.0   80.9  444.0
2022  67  3  8 0000  -19.5  444.0    4.5  191.0   80.5  444.0
2022  67  3  8 0100  -19.1  444.0    4.9  187.0   79.2  444.0
2022  67  3  8 0200  -18.6  444.0    4.9  191.0   80.1  444.0
2022  67  3  8 0300  -18.2  444.0    4.9  187.0   78.4  444.0
2022  67  3  8 0400  -18.6  444.0    5.3  190.0   80.5  444.0
2022  67  3  8 0500  -19.9  444.0    4.3  197.0   81.3  444.0
2022  67  3  8 0600  -21.5  444.0    3.7  205.0   80.9  444.0
2022  67  3  8 0700  -24.2  444.0    3.7  191.0   82.6  444.0
2022  67  3  8 0800  -23.8  444.0    4.7  191.0   83.0  444.0
2022  67  3  8 0900  -23.4  444.0    4.7  184.0   83.8  444.0
2022  67  3  8 1000  -22.8  444.0    4.7  186.0   83.8  444.0
2022  67  3  8 1100  -22.5  444.0    4.5  191.0   83.4  444.0
2022  67  3  8 1200  -23.1  444.0    4.9  194.0   83.0  444.0
2022  67  3  8 1300  -24.5  444.0    4.7  204.0   81.7  444.0
2022  67  3  8 1400  -25.1  444.0    5.8  198.0   81.3  444.0
2022  67  3  8 1500  -25.6  444.0    6.0  195.0   80.9  444.0
2022  67  3  8 1600  -25.2  444.0    4.9  193.0   82.2  444.0
2022  67  3  8 1700  -25.5  444.0    5.1  198.0   81.3  444.0
2022  67  3  8 1800  -25.1  444.0    5.7  184.0   80.5  444.0
2022  67  3  8 1900  -25.5  444.0    5.8  188.0   78.8  444.0
2022  67  3  8 2000  -25.0  444.0    6.6  194.0   77.1  444.0
2022  67  3  8 2100  -24.2  444.0    6.4  187.0   75.9  444.0
2022  67  3  8 2200  -23.5  444.0    5.8  190.0   76.7  444.0
2022  67  3  8 2300  -22.0  444.0    6.2  190.0   78.0  444.0
2022  68  3  9 0000  -21.2  444.0    7.4  188.0   78.0  444.0
2022  68  3  9 0100  -20.4  444.0    7.4  186.0   78.4  444.0
2022  68  3  9 0200  -20.1  444.0    8.0  181.0   78.0  444.0
2022  68  3  9 0300  -19.9  444.0    8.6  188.0   79.2  444.0
2022  68  3  9 0400  -19.9  444.0    8.0  181.0   80.1  444.0
2022  68  3  9 0500  -19.8  444.0    8.2  181.0   80.5  444.0
2022  68  3  9 0600  -19.5  444.0    8.6  184.0   80.9  444.0
2022  68  3  9 0700  -19.5  444.0    8.6  180.0   83.4  444.0
2022  68  3  9 0800  -18.6  444.0    8.2  176.0   85.9  444.0
2022  68  3  9 0900  -18.4  444.0    7.4  183.0   86.4  444.0
2022  68  3  9 1000  -18.2  444.0    8.6  187.0   84.3  444.0
2022  68  3  9 1100  -18.0  444.0    8.8  184.0   85.5  444.0
2022  68  3  9 1200  -17.8  444.0    8.4  181.0   87.6  444.0
2022  68  3  9 1300  -17.8  444.0    7.2  195.0   88.9  444.0
2022  68  3  9 1400  -18.0  444.0    8.4  191.0   88.9  444.0
2022  68  3  9 1500  -17.8  444.0    8.2  190.0   88.9  444.0
2022  68  3  9 1600  -17.8  444.0    7.2  187.0   88.9  444.0
2022  68  3  9 1700  -18.0  444.0    7.0  190.0   88.0  444.0
2022  68  3  9 1800  -18.2  444.0    8.0  187.0   87.2  444.0
2022  68  3  9 1900  -17.8  444.0    7.2  190.0   85.5  444.0
2022  68  3  9 2000  -17.2  444.0    5.8  194.0   84.7  444.0
2022  68  3  9 2100  -17.2  444.0    7.6  194.0   83.0  444.0
2022  68  3  9 2200  -17.2  444.0    6.6  180.0   81.3  444.0
2022  68  3  9 2300  -17.1  444.0    6.6  193.0   80.1  444.0
2022  69  3 10 0000  -16.8  444.0    6.4  194.0   80.1  444.0
2022  69  3 10 0100  -16.9  444.0    7.0  194.0   79.2  444.0
2022  69  3 10 0200  -17.2  444.0    5.7  201.0   80.1  444.0
2022  69  3 10 0300  -17.6  444.0    7.8  198.0   79.2  444.0
2022  69  3 10 0400  -17.8  444.0    7.2  202.0   81.7  444.0
2022  69  3 10 0500  -18.2  444.0    7.8  198.0   81.7  444.0
2022  69  3 10 0600  -18.8  444.0    7.2  204.0   83.4  444.0
2022  69  3 10 0700  -19.5  444.0    6.0  205.0   84.7  444.0
2022  69  3 10 0800  -19.6  444.0    5.3  204.0   86.4  444.0
2022  69  3 10 0900  -19.5  444.0    6.0  204.0   87.2  444.0
2022  69  3 10 1000  -19.1  444.0    5.7  207.0   87.2  444.0
2022  69  3 10 1100  -19.6  444.0    5.5  195.0   86.8  444.0
2022  69  3 10 1200  -19.9  444.0    6.6  207.0   85.9  444.0
2022  69  3 10 1300  -20.2  444.0    6.6  205.0   85.9  444.0
2022  69  3 10 1400  -20.2  444.0    5.7  217.0   85.5  444.0
2022  69  3 10 1500  -20.4  444.0    5.5  210.0   85.5  444.0
2022  69  3 10 1600  -20.0  444.0    6.4  224.0   86.4  444.0
2022  69  3 10 1700  -19.9  444.0    6.8  217.0   85.9  444.0
2022  69  3 10 1800  -20.2  444.0    5.7  218.0   84.3  444.0
2022  69  3 10 1900  -20.9  444.0    6.6  208.0   83.0  444.0
2022  69  3 10 2000  -20.4  444.0    6.2  211.0   81.3  444.0
2022  69  3 10 2100  -20.4  444.0    5.8  222.0   79.2  444.0
2022  69  3 10 2200  -20.2  444.0    6.6  219.0   76.3  444.0
2022  69  3 10 2300  -20.6  444.0    6.0  224.0   73.3  444.0
2022  70  3 11 0000  -20.8  444.0    5.8  240.0   74.2  444.0
2022  70  3 11 0100  -20.2  444.0    7.0  236.0   75.0  444.0
2022  70  3 11 0200  -19.9  444.0    5.7  233.0   75.0  444.0
2022  70  3 11 0300  -20.0  444.0    6.8  240.0   77.1  444.0
2022  70  3 11 0400  -19.9  444.0    7.0  240.0   77.1  444.0
2022  70  3 11 0500  -19.8  444.0    6.6  245.0   81.3  444.0
2022  70  3 11 0600  -19.9  444.0    4.9  242.0   83.4  444.0
2022  70  3 11 0700  -19.5  444.0    5.1  242.0   86.8  444.0
2022  70  3 11 0800  -19.0  444.0    4.5  263.0   87.6  444.0
2022  70  3 11 0900  -19.0  444.0    5.5  263.0   88.0  444.0
2022  70  3 11 1000  -19.0  444.0    6.0  267.0   88.5  444.0
2022  70  3 11 1100  -18.9  444.0    5.7  256.0   88.5  444.0
2022  70  3 11 1200  -18.5  444.0    5.1  269.0   88.0  444.0
2022  70  3 11 1300  -20.1  444.0    4.1  283.0   88.5  444.0
2022  70  3 11 1400  -19.5  444.0    4.7  283.0   88.9  444.0
2022  70  3 11 1500  -21.6  444.0    4.3  284.0   86.4  444.0
2022  70  3 11 1600  -23.1  444.0    4.5  288.0   85.5  444.0
2022  70  3 11 1700  -22.1  444.0    5.1  288.0   84.3  444.0
2022  70  3 11 1800  -22.2  444.0    3.7  284.0   77.1  444.0
2022  70  3 11 1900  -23.9  444.0    3.1  300.0   76.7  444.0
2022  70  3 11 2000  -23.5  444.0    3.1  312.0   73.8  444.0
2022  70  3 11 2100  -23.9  444.0    1.6  262.0   56.1  444.0
2022  70  3 11 2200  -22.8  444.0    2.1  308.0   52.3  444.0
2022  70  3 11 2300  -23.1  444.0    1.2  315.0   66.2  444.0
2022  71  3 12 0000  -22.8  444.0    0.8  235.0   58.6  444.0
2022  71  3 12 0100  444.0  444.0    0.0    0.0   49.4  444.0
2022  71  3 12 0200  444.0  444.0    0.8  103.0   57.8  444.0
2022  71  3 12 0300  444.0  444.0    1.4   89.0   70.8  444.0
2022  71  3 12 0400  -15.4  444.0    1.9   94.0   73.8  444.0
2022  71  3 12 0500  -15.0  444.0    1.9   90.0   78.8  444.0
2022  71  3 12 0600  -14.8  444.0    2.3   93.0   83.8  444.0
2022  71  3 12 0700  -14.8  444.0    2.1  110.0   86.4  444.0
2022  71  3 12 0800  -14.8  444.0    2.9  122.0   88.5  444.0
2022  71  3 12 0900  -14.8  444.0    2.9  120.0   88.5  444.0
2022  71  3 12 1000  -14.5  444.0    3.7  134.0   89.7  444.0
2022  71  3 12 1100  -14.1  444.0    5.1  118.0   91.8  444.0
2022  71  3 12 1200  -14.5  444.0    4.3  143.0   91.8  444.0
2022  71  3 12 1300  -15.0  444.0    3.7  152.0   92.7  444.0
2022  71  3 12 1400  -14.5  444.0    4.3  148.0   93.1  444.0
2022  71  3 12 1500  -14.1  444.0    4.5  146.0   93.9  444.0
2022  71  3 12 1600  -15.5  444.0    4.7  163.0   92.2  444.0
2022  71  3 12 1700  -14.2  444.0    5.1  156.0   92.7  444.0
2022  71  3 12 1800  -15.0  444.0    5.1  172.0   90.6  444.0
2022  71  3 12 1900  -16.2  444.0    5.3  186.0   86.8  444.0
2022  71  3 12 2000  -16.0  444.0    5.7  180.0   86.4  444.0
2022  71  3 12 2100  -15.1  444.0    7.0  183.0   83.8  444.0
2022  71  3 12 2200  -15.4  444.0    4.9  186.0   83.8  444.0
2022  71  3 12 2300  -15.1  444.0    6.0  184.0   83.4  444.0
2022  72  3 13 0000  -13.9  444.0    6.6  177.0   83.4  444.0
2022  72  3 13 0100  -14.1  444.0    7.0  180.0   81.7  444.0
2022  72  3 13 0200  -14.9  444.0    7.0  197.0   80.5  444.0
2022  72  3 13 0300  -14.8  444.0    9.2  194.0   85.5  444.0
2022  72  3 13 0400  -14.5  444.0    9.8  191.0   86.8  444.0
2022  72  3 13 0500  -14.2  444.0    9.2  195.0   89.3  444.0
2022  72  3 13 0600  -14.2  974.1   10.3  198.0   91.4  444.0
2022  72  3 13 0700  -14.5  973.7   10.5  197.0   92.7  444.0
2022  72  3 13 0800  -14.8  973.5   10.3  195.0   92.2  444.0
2022  72  3 13 0900  -15.0  973.3    9.8  190.0   91.8  444.0
2022  72  3 13 1000  -15.0  972.9   12.1  186.0   92.2  444.0
2022  72  3 13 1100  -15.5  972.8   11.3  187.0   91.8  444.0
2022  72  3 13 1200  -15.5  972.9   11.7  180.0   91.8  444.0
2022  72  3 13 1300  -15.1  973.1   12.3  167.0   92.2  444.0
2022  72  3 13 1400  -15.5  973.4   10.5  177.0   91.4  444.0
2022  72  3 13 1500  -16.2  973.8   11.1  179.0   91.4  444.0
2022  72  3 13 1600  -17.2  974.1   10.7  194.0   90.1  444.0
2022  72  3 13 1700  -17.8  974.1    8.8  198.0   89.7  444.0
2022  72  3 13 1800  -18.5  974.2   11.1  197.0   88.5  444.0
2022  72  3 13 1900  -18.5  973.8    9.4  198.0   88.0  444.0
2022  72  3 13 2000  -19.0  973.3    9.6  204.0   86.4  444.0
2022  72  3 13 2100  -19.5  972.7   10.9  211.0   85.9  444.0
2022  72  3 13 2200  -18.6  971.9    8.6  210.0   86.4  444.0
2022  72  3 13 2300  -19.1  971.7    9.4  205.0   84.7  444.0
2022  73  3 14 0000  -18.2  970.7    9.0  204.0   84.3  444.0
2022  73  3 14 0100  -18.5  970.2    9.8  211.0   84.7  444.0
2022  73  3 14 0200  -18.6  969.2    9.9  224.0   84.3  444.0
2022  73  3 14 0300  -18.6  968.6    9.9  224.0   85.1  444.0
2022  73  3 14 0400  -18.0  967.8   10.1  218.0   86.4  444.0
2022  73  3 14 0500  -17.1  967.1    9.8  224.0   88.0  444.0
2022  73  3 14 0600  -17.5  966.4    9.6  221.0   88.5  444.0
2022  73  3 14 0700  -17.8  966.1    8.4  228.0   88.9  444.0
2022  73  3 14 0800  -17.4  966.0   10.1  236.0   90.1  444.0
2022  73  3 14 0900  -17.1  965.7   10.5  233.0   90.1  444.0
2022  73  3 14 1000  -17.4  965.4    9.4  236.0   89.3  444.0
2022  73  3 14 1100  -17.8  964.8    9.0  246.0   88.5  444.0
2022  73  3 14 1200  -17.8  964.0    9.4  243.0   88.9  444.0
2022  73  3 14 1300  -17.2  963.5   10.9  252.0   89.7  444.0
2022  73  3 14 1400  -17.2  963.7   11.3  248.0   89.7  444.0
2022  73  3 14 1500  -17.2  963.5    9.6  239.0   89.3  444.0
2022  73  3 14 1600  -17.4  963.3   10.3  242.0   89.7  444.0
2022  73  3 14 1700  -17.8  963.4    8.4  242.0   89.7  444.0
2022  73  3 14 1800  -18.2  963.5    9.0  242.0   89.3  444.0
2022  73  3 14 1900  -17.6  963.7   10.5  239.0   88.9  444.0
2022  73  3 14 2000  -17.2  963.9   10.9  239.0   88.5  444.0
2022  73  3 14 2100  -16.8  964.1   11.7  239.0   86.8  444.0
2022  73  3 14 2200  -16.1  964.4   12.5  235.0   87.6  444.0
2022  73  3 14 2300  -15.9  964.6   10.3  240.0   85.9  444.0
2022  74  3 15 0000  -16.4  964.8   12.5  232.0   85.5  444.0
2022  74  3 15 0100  -16.4  965.2   12.9  232.0   86.8  444.0
2022  74  3 15 0200  -16.0  965.1   13.3  232.0   86.8  444.0
2022  74  3 15 0300  -15.9  965.1   10.7  242.0   88.0  444.0
2022  74  3 15 0400  -14.8  965.3    9.0  236.0   89.7  444.0
2022  74  3 15 0500  -14.5  965.4    9.9  228.0   90.1  444.0
2022  74  3 15 0600  -14.8  965.6    8.8  236.0   90.6  444.0
2022  74  3 15 0700  -13.8  966.1    8.2  231.0   93.5  444.0
2022  74  3 15 0800  -12.1  966.5    8.4  221.0   94.8  444.0
2022  74  3 15 0900  -13.1  967.0    8.2  225.0   93.9  444.0
2022  74  3 15 1000  -12.6  967.4    8.2  224.0   94.3  444.0
2022  74  3 15 1100  -12.4  967.9   10.1  228.0   94.8  444.0
2022  74  3 15 1200  -11.8  968.7    9.9  205.0   95.2  444.0
2022  74  3 15 1300  -13.1  969.8    8.2  191.0   94.3  444.0
2022  74  3 15 1400  -15.0  971.1   10.5  190.0   92.2  444.0
2022  74  3 15 1500  -14.1  972.0    7.6  202.0   94.8  444.0
2022  74  3 15 1600  -12.0  972.6    9.6  204.0   95.2  444.0
2022  74  3 15 1700  -12.8  973.6    9.6  201.0   94.3  444.0
2022  74  3 15 1800  -12.9  974.5    8.4  200.0   93.9  444.0
2022  74  3 15 1900  -12.8  975.3    7.8  200.0   93.1  444.0
2022  74  3 15 2000  -12.4  975.8    8.4  204.0   91.8  444.0
2022  74  3 15 2100  -12.4  976.5    7.8  207.0   90.1  444.0
2022  74  3 15 2200  -12.6  976.7    7.6  211.0   90.1  444.0
2022  74  3 15 2300  -13.0  977.1    7.6  204.0   87.6  444.0
2022  75  3 16 0000  -12.9  976.3    9.4  219.0   89.3  444.0
2022  75  3 16 0100  -12.8  976.6   10.7  208.0   88.5  444.0
2022  75  3 16 0200  -13.1  976.9    8.4  214.0   88.0  444.0
2022  75  3 16 0300  -14.1  977.1    9.8  219.0   83.0  444.0
2022  75  3 16 0400  -13.5  976.5    9.6  224.0   91.4  444.0
2022  75  3 16 0500  -11.1  975.7   11.5  198.0   92.2  444.0
2022  75  3 16 0600  -11.2  974.9   12.3  198.0   93.9  444.0
2022  75  3 16 0700  -11.8  974.5   11.3  207.0   94.3  444.0
2022  75  3 16 0800  -12.0  974.5   10.9  188.0   94.8  444.0
2022  75  3 16 0900  -12.0  975.3    9.8  187.0   95.2  444.0
2022  75  3 16 1000  -11.9  975.8    9.2  194.0   95.2  444.0
2022  75  3 16 1100  -12.4  975.8   13.5  197.0   94.8  444.0
2022  75  3 16 1200  -12.6  976.5   13.3  183.0   94.8  444.0
2022  75  3 16 1300  -12.5  977.4   13.6  191.0   94.3  444.0
2022  75  3 16 1400  -12.9  978.0   10.7  187.0   94.3  444.0
2022  75  3 16 1500  -13.0  979.0   14.0  188.0   94.3  444.0
2022  75  3 16 1600  -13.1  979.9    9.8  190.0   94.3  444.0
2022  75  3 16 1700  -13.0  981.0    8.0  197.0   94.3  444.0
2022  75  3 16 1800  -12.9  982.2    8.8  193.0   93.9  444.0
2022  75  3 16 1900  -13.4  982.9    9.2  202.0   92.7  444.0
2022  75  3 16 2000  -13.2  983.9    9.4  190.0   92.2  444.0
2022  75  3 16 2100  -12.8  984.9    9.2  188.0   91.8  444.0
2022  75  3 16 2200  -12.8  985.9   10.1  187.0   90.1  444.0
2022  75  3 16 2300  -12.6  987.0    9.6  179.0   83.4  444.0
2022  76  3 17 0000  -13.4  988.0    9.4  183.0   88.5  444.0
2022  76  3 17 0100  -13.4  988.9    6.6  197.0   86.8  444.0
2022  76  3 17 0200  -14.9  989.7    7.2  212.0   88.5  444.0
2022  76  3 17 0300  -14.9  990.3    8.0  190.0   82.6  444.0
2022  76  3 17 0400  -15.9  990.7    8.4  187.0   86.8  444.0
2022  76  3 17 0500  -17.1  991.6    7.8  195.0   89.3  444.0
2022  76  3 17 0600  -17.1  992.5    8.0  204.0   90.1  444.0
2022  76  3 17 0700  -16.5  993.3    7.0  217.0   91.0  444.0
2022  76  3 17 0800  -15.8  994.1    9.0  197.0   91.4  444.0
2022  76  3 17 0900  -15.5  994.4    9.4  205.0   91.4  444.0
2022  76  3 17 1000  -16.9  994.6    7.6  202.0   90.1  444.0
2022  76  3 17 1100  -17.6  994.8    7.6  202.0   90.1  444.0
2022  76  3 17 1200  -18.6  995.0    6.8  212.0   88.5  444.0
2022  76  3 17 1300  -19.2  994.7    6.8  204.0   87.2  444.0
2022  76  3 17 1400  -19.6  994.2    8.4  212.0   85.9  444.0
2022  76  3 17 1500  -20.9  993.7    6.0  215.0   84.3  444.0
2022  76  3 17 1600  -21.9  992.9    4.5  224.0   83.0  444.0
2022  76  3 17 1700  -23.4  992.4    3.9  226.0   83.8  444.0
2022  76  3 17 1800  -23.8  991.2    2.5  228.0   83.0  444.0
2022  76  3 17 1900  -24.1  990.2    4.3  249.0   82.2  444.0
2022  76  3 17 2000  -23.8  988.6    2.9  235.0   78.0  444.0
2022  76  3 17 2100  -22.8  987.3    3.5  250.0   75.9  444.0
2022  76  3 17 2200  -22.0  985.5    3.7  253.0   74.6  444.0
2022  76  3 17 2300  -21.0  983.9    4.1  260.0   67.9  444.0
2022  77  3 18 0000  -19.5  982.5    6.0  250.0   73.3  444.0
2022  77  3 18 0100  -18.5  981.4    6.0  248.0   70.0  444.0
2022  77  3 18 0200  -18.6  980.8    4.1  270.0   63.7  444.0
2022  77  3 18 0300  -17.8  979.5    2.7  235.0   74.6  444.0
2022  77  3 18 0400  -15.4  978.0    1.9  314.0   69.6  444.0
2022  77  3 18 0500  444.0  977.1    1.2  318.0   76.7  444.0
2022  77  3 18 0600  -21.5  978.2    2.1  134.0   83.0  444.0
2022  77  3 18 0700  -23.2  979.1    2.9  166.0   84.3  444.0
2022  77  3 18 0800  -22.9  981.2    5.3  172.0   85.5  444.0
2022  77  3 18 0900  -25.2  982.0    5.7  177.0   83.0  444.0
2022  77  3 18 1000  -26.4  982.7    5.7  176.0   81.3  444.0
2022  77  3 18 1100  -27.4  982.9    2.7  180.0   80.5  444.0
2022  77  3 18 1200  -29.1  982.7    2.7  235.0   78.4  444.0
2022  77  3 18 1300  -29.8  982.3    3.5  198.0   78.0  444.0
2022  77  3 18 1400  -30.5  981.8    4.1  228.0   77.1  444.0
2022  77  3 18 1500  -31.0  981.3    2.5  235.0   76.3  444.0
2022  77  3 18 1600  -31.5  980.7    1.2  240.0   75.9  444.0
2022  77  3 18 1700  -32.1  980.6    2.7  225.0   75.9  444.0
2022  77  3 18 1800  -31.6  980.0    1.9  238.0   75.4  444.0
2022  77  3 18 1900  -32.2  444.0    1.8  221.0   74.6  444.0
2022  77  3 18 2000  -31.1  444.0    6.0  214.0   74.6  444.0
2022  77  3 18 2100  -30.4  976.2    4.1  207.0   73.3  444.0
2022  77  3 18 2200  -28.5  976.3    4.1  236.0   67.5  444.0
2022  77  3 18 2300  -27.4  976.0    7.4  205.0   69.6  444.0
2022  78  3 19 0000  -25.0  976.4    7.6  200.0   70.0  444.0
2022  78  3 19 0100  -22.1  976.8    6.8  194.0   70.8  444.0
2022  78  3 19 0200  -21.5  977.1    7.4  202.0   69.1  444.0
2022  78  3 19 0300  -21.4  977.4    7.2  207.0   71.2  444.0
2022  78  3 19 0400  -24.4  977.7    7.0  211.0   74.6  444.0
2022  78  3 19 0500  -24.5  977.4    6.4  210.0   73.8  444.0
2022  78  3 19 0600  -24.6  977.2    6.0  215.0   76.3  444.0
2022  78  3 19 0700  -26.2  977.0    5.1  222.0   77.5  444.0
2022  78  3 19 0800  -27.6  976.7    6.2  245.0   78.8  444.0
2022  78  3 19 0900  -28.1  975.5    4.7  222.0   77.5  444.0
2022  78  3 19 1000  -28.0  974.7    3.9  225.0   73.3  444.0
2022  78  3 19 1100  -30.0  974.5    3.5  264.0   75.9  444.0
2022  78  3 19 1200  -29.1  973.7    3.1  243.0   76.7  444.0
2022  78  3 19 1300  -30.0  972.3    1.8  238.0   77.1  444.0
2022  78  3 19 1400  -31.1  971.6    2.3  273.0   75.9  444.0
2022  78  3 19 1500  -31.5  971.4    1.9  190.0   77.1  444.0
2022  78  3 19 1600  -31.8  971.6    2.9  294.0   74.6  444.0
2022  78  3 19 1700  444.0  970.8    1.0  335.0   75.9  444.0
2022  78  3 19 1800  444.0  970.2    0.8   76.0   73.8  444.0
2022  78  3 19 1900  -25.2  969.9    1.4   46.0   73.8  444.0
2022  78  3 19 2000  -22.9  969.6    1.0   41.0   70.4  444.0
2022  78  3 19 2100  444.0  968.9    1.0   90.0   73.8  444.0
2022  78  3 19 2200  -21.2  969.0    1.4  120.0   62.8  444.0
2022  78  3 19 2300  -20.8  968.3    1.6  125.0   58.6  444.0
2022  79  3 20 0000  -20.8  968.5    3.7  183.0   66.6  444.0
2022  79  3 20 0100  -21.9  968.5    6.0  183.0   64.5  444.0
2022  79  3 20 0200  -24.0  968.7    4.1  200.0   60.3  444.0
2022  79  3 20 0300  -24.4  969.1    3.3  224.0   58.6  444.0
2022  79  3 20 0400  -25.6  969.1    7.4  197.0   67.0  444.0
2022  79  3 20 0500  -27.2  968.8    6.4  193.0   71.7  444.0
2022  79  3 20 0600  -28.5  968.7    5.3  197.0   73.3  444.0
2022  79  3 20 0700  -29.6  969.4    2.9  191.0   75.0  444.0
2022  79  3 20 0800  -30.8  969.1    4.3  191.0   75.4  444.0
2022  79  3 20 0900  -31.6  969.0    2.1  195.0   75.0  444.0
2022  79  3 20 1000  -32.8  969.3    3.1  214.0   73.8  444.0
2022  79  3 20 1100  -32.1  969.1    4.5  204.0   74.2  444.0
2022  79  3 20 1200  -32.6  969.3    3.3  190.0   73.3  444.0
2022  79  3 20 1300  -33.2  969.5    3.5  219.0   72.5  444.0
2022  79  3 20 1400  -34.0  969.2    3.5  233.0   72.9  444.0
2022  79  3 20 1500  -33.9  969.0    2.9  236.0   72.9  444.0
2022  79  3 20 1600  -33.5  968.4    4.1  257.0   73.3  444.0
2022  79  3 20 1700  -33.8  967.9    5.7  259.0   73.3  444.0
2022  79  3 20 1800  -32.6  967.5    5.3  235.0   75.0  444.0
2022  79  3 20 1900  -31.6  967.7    5.1  224.0   72.1  444.0
2022  79  3 20 2000  -31.4  967.4    4.9  219.0   70.4  444.0
2022  79  3 20 2100  -30.4  967.5    5.1  218.0   67.9  444.0
2022  79  3 20 2200  -31.0  967.1    7.0  208.0   64.1  444.0
2022  79  3 20 2300  -31.4  967.5    5.7  204.0   58.6  444.0
2022  80  3 21 0000  -31.0  967.4    4.5  200.0   57.4  444.0
2022  80  3 21 0100  -30.6  967.6    6.8  190.0   65.4  444.0
2022  80  3 21 0200  -30.0  967.9    5.8  193.0   70.8  444.0
2022  80  3 21 0300  -29.4  968.3    6.0  194.0   73.3  444.0
2022  80  3 21 0400  -28.8  968.4    8.0  194.0   75.4  444.0
2022  80  3 21 0500  -28.2  968.9    6.2  193.0   77.1  444.0
2022  80  3 21 0600  -28.0  969.1    5.5  197.0   78.4  444.0
2022  80  3 21 0700  -27.9  969.6    5.5  197.0   78.4  444.0
2022  80  3 21 0800  -27.4  969.8    5.8  188.0   78.8  444.0
2022  80  3 21 0900  -27.9  970.3    6.0  194.0   78.0  444.0
2022  80  3 21 1000  -29.1  970.5    4.5  193.0   76.3  444.0
2022  80  3 21 1100  -28.8  970.9    6.8  188.0   76.7  444.0
2022  80  3 21 1200  -29.0  971.4    3.5  200.0   77.1  444.0
2022  80  3 21 1300  -28.9  971.5    5.1  205.0   77.5  444.0
2022  80  3 21 1400  -29.6  972.0    4.7  195.0   76.3  444.0
2022  80  3 21 1500  -30.2  972.3    6.8  195.0   75.0  444.0
2022  80  3 21 1600  -31.4  972.8    5.3  201.0   74.2  444.0
2022  80  3 21 1700  -31.9  973.7    5.5  197.0   74.2  444.0
2022  80  3 21 1800  -32.4  974.4    4.7  204.0   73.3  444.0
2022  80  3 21 1900  -33.0  974.8    4.3  197.0   72.1  444.0
2022  80  3 21 2000  -32.9  975.3    4.3  208.0   69.1  444.0
2022  80  3 21 2100  -32.4  975.6    4.5  194.0   66.2  444.0
2022  80  3 21 2200  -31.4  975.9    3.9  200.0   62.4  444.0
2022  80  3 21 2300  -31.0  976.0    3.9  207.0   59.1  444.0
2022  81  3 22 0000  -29.8  975.9    5.3  190.0   58.2  444.0
2022  81  3 22 0100  -29.4  975.8    4.5  181.0   57.8  444.0
2022  81  3 22 0200  -29.0  975.5    4.5  153.0   58.6  444.0
2022  81  3 22 0300  -29.2  975.8    2.1  183.0   59.1  444.0
2022  81  3 22 0400  -30.8  975.7    1.9  187.0   61.6  444.0
2022  81  3 22 0500  444.0  975.4    0.0    0.0   64.9  444.0
2022  81  3 22 0600  -30.0  976.0    1.9  181.0   67.5  444.0
2022  81  3 22 0700  -30.4  975.8    1.6  138.0   70.0  444.0
2022  81  3 22 0800  -31.6  975.9    1.6  156.0   70.8  444.0
2022  81  3 22 0900  -33.0  976.2    0.8  163.0   72.9  444.0
2022  81  3 22 1000  444.0  976.4    0.4  160.0   74.2  444.0
2022  81  3 22 1100  444.0  976.4    0.4   39.0   75.0  444.0
2022  81  3 22 1200  -33.4  976.2    1.8  162.0   75.9  444.0
2022  81  3 22 1300  -35.6  976.6    1.8  195.0   71.7  444.0
2022  81  3 22 1400  -36.5  976.5    2.3  181.0   72.1  444.0
2022  81  3 22 1500  -34.4  444.0    1.2  174.0   73.8  444.0
2022  81  3 22 1600  -33.1  976.2    1.4  166.0   78.4  444.0
2022  81  3 22 1700  444.0  976.0    1.0  100.0   75.9  444.0
2022  81  3 22 1800  -28.2  976.5    1.6  122.0   78.8  444.0
2022  81  3 22 1900  -25.8  976.8    4.3  194.0   76.3  444.0
2022  81  3 22 2000  -25.6  976.8    5.1  198.0   73.3  444.0
2022  81  3 22 2100  -25.9  977.0    3.5  193.0   71.2  444.0
2022  81  3 22 2200  -25.9  977.4    5.1  224.0   68.3  444.0
2022  81  3 22 2300  -27.5  977.3    5.7  221.0   62.0  444.0
2022  82  3 23 0000  -28.8  977.6    4.1  236.0   57.8  444.0
2022  82  3 23 0100  -29.0  977.4    2.3  221.0   55.3  444.0
2022  82  3 23 0200  -29.8  977.0    1.2  269.0   45.2  444.0
2022  82  3 23 0300  -30.2  976.8    4.1  264.0   57.8  444.0
2022  82  3 23 0400  -31.6  976.7    2.9  256.0   63.7  444.0
2022  82  3 23 0500  -33.1  976.3    3.1  235.0   67.5  444.0
2022  82  3 23 0600  -34.8  976.1    3.3  226.0   70.8  444.0
2022  82  3 23 0700  -36.8  976.4    3.3  215.0   69.1  444.0
2022  82  3 23 0800  -38.1  976.6    3.7  210.0   67.9  444.0
2022  82  3 23 0900  -38.5  977.0    1.2  214.0   67.0  444.0
2022  82  3 23 1000  -37.8  977.1    2.9  228.0   69.6  444.0
2022  82  3 23 1100  -35.9  977.3    4.5  210.0   73.3  444.0
2022  82  3 23 1200  -35.0  977.4    3.9  212.0   71.7  444.0
2022  82  3 23 1300  -35.1  977.5    2.9  214.0   71.7  444.0
2022  82  3 23 1400  -33.2  977.5    4.7  215.0   72.5  444.0
2022  82  3 23 1500  -34.0  977.7    4.7  215.0   72.1  444.0
2022  82  3 23 1600  -33.9  977.6    3.1  236.0   70.8  444.0
2022  82  3 23 1700  -31.9  977.6    6.6  225.0   67.5  444.0
2022  82  3 23 1800  -32.1  977.5    4.5  222.0   67.9  444.0
2022  82  3 23 1900  -32.8  977.7    4.5  246.0   66.6  444.0
2022  82  3 23 2000  -34.5  977.7    3.9  266.0   67.0  444.0
2022  82  3 23 2100  -34.0  977.7    4.3  259.0   67.0  444.0
2022  82  3 23 2200  -33.1  978.2    5.5  262.0   59.1  444.0
2022  82  3 23 2300  -31.4  978.4    5.3  249.0   58.2  444.0
2022  83  3 24 0000  -31.6  978.7    5.8  245.0   57.4  444.0
2022  83  3 24 0100  -30.9  978.7    4.7  250.0   61.2  444.0
2022  83  3 24 0200  -30.5  978.6    4.3  264.0   60.7  444.0
2022  83  3 24 0300  -29.9  978.8    4.1  245.0   64.9  444.0
2022  83  3 24 0400  -29.2  978.9    5.5  248.0   69.1  444.0
2022  83  3 24 0500  -30.9  979.2    3.7  260.0   70.0  444.0
2022  83  3 24 0600  -30.9  979.1    4.5  250.0   73.3  444.0
2022  83  3 24 0700  -32.6  979.3    3.5  255.0   75.9  444.0
2022  83  3 24 0800  -33.4  979.3    2.1  280.0   74.2  444.0
2022  83  3 24 0900  -35.1  979.4    2.7  316.0   73.8  444.0
2022  83  3 24 1000  -35.5  979.0    2.7  291.0   76.7  444.0
2022  83  3 24 1100  -34.4  979.0    4.3  267.0   74.6  444.0
2022  83  3 24 1200  -34.6  979.2    5.3  242.0   72.5  444.0
2022  83  3 24 1300  -35.9  979.6    4.9  246.0   71.7  444.0
2022  83  3 24 1400  -36.1  979.6    3.7  238.0   70.4  444.0
2022  83  3 24 1500  -37.4  979.9    3.1  259.0   68.7  444.0
2022  83  3 24 1600  -38.2  979.7    2.5  222.0   67.9  444.0
2022  83  3 24 1700  -39.1  979.4    2.5  252.0   66.6  444.0
2022  83  3 24 1800  -39.4  979.3    2.3  262.0   66.2  444.0
2022  83  3 24 1900  -39.8  979.3    1.6  283.0   65.8  444.0
2022  83  3 24 2000  -39.1  979.1    2.7  266.0   66.6  444.0
2022  83  3 24 2100  -38.1  978.6    4.3  239.0   66.6  444.0
2022  83  3 24 2200  -37.1  978.9    3.3  248.0   64.5  444.0
2022  83  3 24 2300  -37.4  978.5    4.1  236.0   59.9  444.0
2022  84  3 25 0000  -36.9  978.1    4.1  228.0   56.5  444.0
2022  84  3 25 0100  -36.8  977.9    3.9  238.0   56.5  444.0
2022  84  3 25 0200  -36.5  977.5    3.3  239.0   57.4  444.0
2022  84  3 25 0300  -36.8  977.3    3.1  250.0   58.6  444.0
2022  84  3 25 0400  -36.8  976.9    5.3  235.0   63.3  444.0
2022  84  3 25 0500  -37.4  976.9    5.1  225.0   64.5  444.0
2022  84  3 25 0600  -38.5  977.1    4.1  218.0   65.8  444.0
2022  84  3 25 0700  -39.5  977.3    3.5  229.0   66.2  444.0
2022  84  3 25 0800  -39.5  977.9    4.5  211.0   65.8  444.0
2022  84  3 25 0900  -40.0  978.2    3.5  224.0   64.5  444.0
2022  84  3 25 1000  -40.0  978.5    3.3  212.0   64.9  444.0
2022  84  3 25 1100  -40.0  978.6    3.7  232.0   65.8  444.0
2022  84  3 25 1200  -40.2  979.0    2.5  248.0   64.5  444.0
2022  84  3 25 1300  -41.0  978.9    3.3  249.0   64.5  444.0
2022  84  3 25 1400  -40.2  978.8    3.9  248.0   65.8  444.0
2022  84  3 25 1500  -40.0  979.0    3.3  252.0   66.2  444.0
2022  84  3 25 1600  -40.2  979.3    3.1  266.0   65.4  444.0
2022  84  3 25 1700  -39.1  979.0    3.7  243.0   67.0  444.0
2022  84  3 25 1800  -38.2  979.2    3.7  243.0   68.7  444.0
2022  84  3 25 1900  -38.1  979.6    2.9  253.0   67.5  444.0
2022  84  3 25 2000  -38.5  979.6    4.5  224.0   65.8  444.0
2022  84  3 25 2100  -37.6  980.1    3.9  225.0   64.9  444.0
2022  84  3 25 2200  -37.5  980.5    3.9  228.0   60.3  444.0
2022  84  3 25 2300  -37.6  980.5    4.7  221.0   55.7  444.0
2022  85  3 26 0000  -37.4  980.6    3.3  231.0   48.6  444.0
2022  85  3 26 0100  -37.1  981.0    3.1  233.0   50.2  444.0
2022  85  3 26 0200  -37.1  980.9    2.5  243.0   49.8  444.0
2022  85  3 26 0300  -37.4  980.9    3.3  225.0   55.3  444.0
2022  85  3 26 0400  -37.8  980.8    3.5  228.0   59.5  444.0
2022  85  3 26 0500  -38.5  980.6    1.8  243.0   62.4  444.0
2022  85  3 26 0600  -38.9  980.4    3.3  248.0   67.5  444.0
2022  85  3 26 0700  -38.2  980.0    3.1  239.0   69.1  444.0
2022  85  3 26 0800  -37.1  979.8    4.3  231.0   68.7  444.0
2022  85  3 26 0900  -35.9  979.7    4.3  226.0   69.6  444.0
2022  85  3 26 1000  -36.4  979.4    4.1  243.0   68.7  444.0
2022  85  3 26 1100  -35.9  979.3    5.1  229.0   69.6  444.0
2022  85  3 26 1200  -34.8  978.8    5.5  229.0   70.0  444.0
2022  85  3 26 1300  -34.4  978.1    6.4  228.0   69.1  444.0
2022  85  3 26 1400  -34.1  978.1    4.7  226.0   66.6  444.0
2022  85  3 26 1500  -33.4  977.9    7.0  219.0   67.9  444.0
2022  85  3 26 1600  -33.5  977.4    6.2  211.0   66.6  444.0
2022  85  3 26 1700  -33.5  977.1    6.2  219.0   65.8  444.0
2022  85  3 26 1800  -32.8  977.0    6.4  224.0   66.6  444.0
2022  85  3 26 1900  -32.2  977.1    7.2  205.0   67.0  444.0
2022  85  3 26 2000  -30.9  976.8    6.0  210.0   62.8  444.0
2022  85  3 26 2100  -30.6  976.5    6.0  212.0   62.0  444.0
2022  85  3 26 2200  -29.0  976.4    8.4  215.0   61.2  444.0
2022  85  3 26 2300  -29.0  976.0    7.8  219.0   59.5  444.0
2022  86  3 27 0000  -28.2  975.9    6.4  221.0   58.6  444.0
2022  86  3 27 0100  -28.2  975.9    7.0  202.0   58.2  444.0
2022  86  3 27 0200  -28.0  975.7    6.4  217.0   64.1  444.0
2022  86  3 27 0300  -29.0  975.8    5.8  210.0   64.5  444.0
2022  86  3 27 0400  -30.2  975.2    5.5  215.0   65.8  444.0
2022  86  3 27 0500  -33.1  975.4    4.1  219.0   68.7  444.0
2022  86  3 27 0600  -34.0  975.2    4.1  221.0   70.4  444.0
2022  86  3 27 0700  -34.1  975.2    5.5  215.0   71.2  444.0
2022  86  3 27 0800  -34.0  975.4    4.9  208.0   71.2  444.0
2022  86  3 27 0900  -32.6  975.1    7.2  187.0   69.6  444.0
2022  86  3 27 1000  -35.2  975.3    4.7  184.0   68.7  444.0
2022  86  3 27 1100  -36.5  975.6    5.5  177.0   67.5  444.0
2022  86  3 27 1200  -38.0  975.8    4.1  194.0   67.5  444.0
2022  86  3 27 1300  -38.6  975.6    3.7  191.0   66.6  444.0
2022  86  3 27 1400  -39.1  975.6    4.3  188.0   66.6  444.0
2022  86  3 27 1500  -39.8  975.3    3.5  205.0   66.2  444.0
2022  86  3 27 1600  -37.4  975.3    3.7  208.0   67.9  444.0
2022  86  3 27 1700  -35.5  975.1    4.9  207.0   69.6  444.0
2022  86  3 27 1800  -34.1  974.5    2.5  245.0   69.6  444.0
2022  86  3 27 1900  -33.1  974.1    2.9  271.0   69.1  444.0
2022  86  3 27 2000  -32.8  973.9    2.9  280.0   68.7  444.0
2022  86  3 27 2100  -34.0  973.1    2.5  264.0   63.3  444.0
2022  86  3 27 2200  -34.5  973.0    4.5  210.0   62.0  444.0
2022  86  3 27 2300  -35.0  973.0    3.5  224.0   55.3  444.0
2022  87  3 28 0000  -35.2  973.4    4.5  212.0   58.6  444.0
2022  87  3 28 0100  -35.5  973.5    5.1  193.0   59.1  444.0
2022  87  3 28 0200  -36.5  973.9    4.5  188.0   61.6  444.0
2022  87  3 28 0300  -37.4  974.3    3.3  198.0   59.9  444.0
2022  87  3 28 0400  -38.1  974.2    3.1  201.0   60.7  444.0
2022  87  3 28 0500  -39.1  974.4    2.5  218.0   64.9  444.0
2022  87  3 28 0600  -40.1  974.8    1.8  208.0   68.3  444.0
2022  87  3 28 0700  -41.0  974.8    2.9  245.0   66.6  444.0
2022  87  3 28 0800  -40.6  975.2    2.1  222.0   66.6  444.0
2022  87  3 28 0900  -40.5  975.2    2.5  219.0   66.6  444.0
2022  87  3 28 1000  -41.0  975.6    3.3  219.0   64.9  444.0
2022  87  3 28 1100  -40.8  976.3    2.9  212.0   65.8  444.0
2022  87  3 28 1200  -39.8  976.6    3.5  225.0   67.9  444.0
2022  87  3 28 1300  -38.2  976.8    3.7  224.0   67.9  444.0
2022  87  3 28 1400  -37.9  977.5    3.3  217.0   67.5  444.0
2022  87  3 28 1500  -37.6  977.9    3.1  176.0   68.3  444.0
2022  87  3 28 1600  -38.1  978.3    2.5  177.0   67.5  444.0
2022  87  3 28 1700  -39.5  978.9    2.3  243.0   65.4  444.0
2022  87  3 28 1800  -39.0  979.8    2.7  238.0   66.2  444.0
2022  87  3 28 1900  -39.0  980.3    2.1  222.0   66.6  444.0
2022  87  3 28 2000  -38.5  980.8    2.5  222.0   67.0  444.0
2022  87  3 28 2100  -37.5  981.4    2.5  218.0   67.9  444.0
2022  87  3 28 2200  -36.1  982.2    2.5  214.0   68.3  444.0
2022  87  3 28 2300  -35.6  982.8    2.3  218.0   71.2  444.0
2022  88  3 29 0000  -35.0  983.5    1.9  217.0   62.0  444.0
2022  88  3 29 0100  -35.6  984.1    2.1  217.0   59.1  444.0
2022  88  3 29 0200  -35.6  984.5    1.9  231.0   55.3  444.0
2022  88  3 29 0300  -36.8  985.0    1.9  238.0   57.8  444.0
2022  88  3 29 0400  -37.1  985.4    2.1  246.0   61.6  444.0
2022  88  3 29 0500  -38.2  985.7    2.1  245.0   64.1  444.0
2022  88  3 29 0600  -39.1  986.2    1.9  232.0   65.8  444.0
2022  88  3 29 0700  -39.9  986.8    2.7  262.0   65.8  444.0
2022  88  3 29 0800  -39.8  987.1    2.1  249.0   64.9  444.0
2022  88  3 29 0900  -39.5  987.5    3.1  224.0   66.2  444.0
2022  88  3 29 1000  -39.8  988.2    1.9  252.0   66.2  444.0
2022  88  3 29 1100  -40.4  988.1    2.5  277.0   65.8  444.0
2022  88  3 29 1200  -40.2  988.4    1.9  240.0   68.3  444.0
2022  88  3 29 1300  -40.1  988.8    2.3  262.0   67.0  444.0
2022  88  3 29 1400  -40.0  988.9    2.3  266.0   66.6  444.0
2022  88  3 29 1500  -38.6  989.0    1.9  274.0   67.0  444.0
2022  88  3 29 1600  -37.5  988.9    2.1  266.0   67.9  444.0
2022  88  3 29 1700  -37.1  988.2    4.3  260.0   68.3  444.0
2022  88  3 29 1800  -37.4  988.2    2.9  250.0   69.6  444.0
2022  88  3 29 1900  -37.6  988.0    2.3  269.0   68.3  444.0
2022  88  3 29 2000  -33.8  987.4    3.7  262.0   72.9  444.0
2022  88  3 29 2100  -32.1  986.6    4.3  243.0   73.3  444.0
2022  88  3 29 2200  -30.6  986.3    4.5  250.0   74.2  444.0
2022  88  3 29 2300  -29.6  985.8    3.5  242.0   75.9  444.0
2022  89  3 30 0000  -29.6  985.3    4.5  249.0   75.4  444.0
2022  89  3 30 0100  -27.6  984.5    3.3  257.0   72.1  444.0
2022  89  3 30 0200  -27.2  983.8    3.1  270.0   74.2  444.0
2022  89  3 30 0300  -25.9  983.2    4.5  243.0   78.0  444.0
2022  89  3 30 0400  -25.6  982.3    5.1  238.0   80.1  444.0
2022  89  3 30 0500  -25.6  981.7    4.5  238.0   80.5  444.0
2022  89  3 30 0600  -25.9  981.2    4.9  259.0   80.5  444.0
2022  89  3 30 0700  -25.6  980.6    5.3  235.0   80.5  444.0
2022  89  3 30 0800  -25.1  980.0    3.7  240.0   81.3  444.0
2022  89  3 30 0900  -24.9  980.1    1.6  233.0   82.2  444.0
2022  89  3 30 1000  -24.6  979.4    3.3  228.0   81.7  444.0
2022  89  3 30 1100  -25.0  979.0    4.1  188.0   80.1  444.0
2022  89  3 30 1200  -26.9  979.0    2.1  169.0   79.2  444.0
2022  89  3 30 1300  -29.8  979.0    2.7  176.0   78.8  444.0
2022  89  3 30 1400  -32.1  979.2    3.7  170.0   77.1  444.0
2022  89  3 30 1500  -31.0  979.4    3.7  169.0   76.7  444.0
2022  89  3 30 1600  -30.2  979.7    4.5  162.0   76.7  444.0
2022  89  3 30 1700  -33.0  980.0    5.3  172.0   74.2  444.0
2022  89  3 30 1800  -33.4  980.3    4.9  180.0   73.3  444.0
2022  89  3 30 1900  -27.9  980.5    5.8  165.0   79.6  444.0
2022  89  3 30 2000  -26.8  980.6    6.4  172.0   80.5  444.0
2022  89  3 30 2100  -26.1  980.5    5.8  169.0   80.9  444.0
2022  89  3 30 2200  -25.8  980.5    4.9  180.0   80.1  444.0
2022  89  3 30 2300  -25.5  980.5    4.9  184.0   78.4  444.0
2022  90  3 31 0000  -25.2  980.2    6.0  193.0   74.6  444.0
2022  90  3 31 0100  -25.8  980.0    4.3  193.0   75.9  444.0
2022  90  3 31 0200  -25.9  979.7    3.1  197.0   79.6  444.0
2022  90  3 31 0300  -25.6  979.3    2.9  214.0   83.8  444.0
2022  90  3 31 0400  -26.1  978.9    2.1  212.0   82.2  444.0
2022  90  3 31 0500  -26.6  978.4    1.9  224.0   81.3  444.0
2022  90  3 31 0600  -26.9  977.9    1.9  208.0   81.3  444.0
2022  90  3 31 0700  -27.4  977.8    1.9  191.0   80.5  444.0
2022  90  3 31 0800  444.0  978.0    1.4  193.0   80.5  444.0
2022  90  3 31 0900  444.0  977.7    1.2  181.0   80.5  444.0
2022  90  3 31 1000  444.0  977.7    1.2  200.0   80.5  444.0
2022  90  3 31 1100  -27.4  977.7    2.1  197.0   79.6  444.0
2022  90  3 31 1200  -28.0  977.4    2.7  202.0   79.2  444.0
2022  90  3 31 1300  -28.1  977.2    3.3  198.0   79.2  444.0
2022  90  3 31 1400  -29.6  976.9    2.3  219.0   77.5  444.0
2022  90  3 31 1500  -27.1  976.2    3.1  208.0   80.5  444.0
2022  90  3 31 1600  -26.9  975.6    3.7  181.0   80.5  444.0
2022  90  3 31 1700  -27.0  975.1    3.9  197.0   80.1  444.0
2022  90  3 31 1800  -29.6  974.7    4.1  200.0   77.5  444.0
2022  90  3 31 1900  -30.0  974.1    4.1  201.0   77.1  444.0
2022  90  3 31 2000  -30.2  973.8    4.3  198.0   76.7  444.0
2022  90  3 31 2100  -30.0  973.2    3.9  184.0   76.7  444.0
2022  90  3 31 2200  -30.9  972.8    4.5  194.0   75.4  444.0
2022  90  3 31 2300  -30.9  972.5    4.5  176.0   75.4  444.0
