Year: 2007  Month: 05  ID: MLA  ARGOS:  8905  Name: Manuela           
Lat: 74.95S  Lon: 163.70E  Elev:   78m                                
2007 121  5  1 0000  -18.1  998.5  444.0  444.0   47.7  444.0
2007 121  5  1 0100  -17.6  995.7  444.0  444.0   40.2  444.0
2007 121  5  1 0200  -17.9  444.0  444.0  444.0   41.8  444.0
2007 121  5  1 0300  -19.5  993.9  444.0  444.0   39.7  444.0
2007 121  5  1 0400  -19.5  993.7  444.0  444.0   38.1  444.0
2007 121  5  1 0500  -20.4  993.6  444.0  444.0   38.5  444.0
2007 121  5  1 0600  -21.4  993.0  444.0  444.0   38.5  444.0
2007 121  5  1 0700  -21.9  992.6  444.0  444.0   38.5  444.0
2007 121  5  1 0800  -21.9  991.9  444.0  444.0   38.9  444.0
2007 121  5  1 0900  -21.9  993.1  444.0  444.0   38.9  444.0
2007 121  5  1 1000  -21.9  992.9  444.0  444.0   37.2  444.0
2007 121  5  1 1100  -21.4  990.6  444.0  444.0   35.5  444.0
2007 121  5  1 1200  -21.1  990.3  444.0  444.0   34.3  444.0
2007 121  5  1 1300  -21.4  989.3  444.0  444.0   35.1  444.0
2007 121  5  1 1400  -21.6  988.9  444.0  444.0   35.5  444.0
2007 121  5  1 1500  -21.6  986.9  444.0  444.0   34.3  444.0
2007 121  5  1 1600  -21.1  986.3  444.0  444.0   34.7  444.0
2007 121  5  1 1700  -21.0  984.9  444.0  444.0   34.3  444.0
2007 121  5  1 1800  -21.0  983.4  444.0  444.0   34.7  444.0
2007 121  5  1 1900  -21.1  984.0  444.0  444.0   33.9  444.0
2007 121  5  1 2000  -21.5  984.6  444.0  444.0   35.1  444.0
2007 121  5  1 2100  -21.1  984.6  444.0  444.0   36.4  444.0
2007 121  5  1 2200  -21.4  984.8  444.0  444.0   34.7  444.0
2007 121  5  1 2300  -21.9  984.7  444.0  444.0   36.0  444.0
2007 122  5  2 0000  -22.4  983.6  444.0  444.0   33.9  444.0
2007 122  5  2 0100  -22.9  983.1  444.0  444.0   35.1  444.0
2007 122  5  2 0200  -23.6  983.2  444.0  444.0   34.7  444.0
2007 122  5  2 0300  -24.4  982.9  444.0  444.0   35.1  444.0
2007 122  5  2 0400  -24.8  982.4  444.0  444.0   36.0  444.0
2007 122  5  2 0500  -24.9  981.1  444.0  444.0   34.7  444.0
2007 122  5  2 0600  -25.1  981.7  444.0  444.0   34.3  444.0
2007 122  5  2 0700  -25.2  981.9  444.0  444.0   33.9  444.0
2007 122  5  2 0800  -24.5  981.9  444.0  444.0   34.7  444.0
2007 122  5  2 0900  -24.4  981.9  444.0  444.0   34.7  444.0
2007 122  5  2 1000  -24.0  981.6  444.0  444.0   33.9  444.0
2007 122  5  2 1100  -23.9  982.0  444.0  444.0   34.7  444.0
2007 122  5  2 1200  -24.2  982.7  444.0  444.0   36.0  444.0
2007 122  5  2 1300  -24.4  982.8  444.0  444.0   37.6  444.0
2007 122  5  2 1400  -25.5  983.7  444.0  444.0   37.6  444.0
2007 122  5  2 1500  -26.0  984.6  444.0  444.0   37.6  444.0
2007 122  5  2 1600  -26.8  984.4  444.0  444.0   37.2  444.0
2007 122  5  2 1700  -27.4  984.6  444.0  444.0   37.2  444.0
2007 122  5  2 1800  -27.5  984.7  444.0  444.0   36.4  444.0
2007 122  5  2 1900  -28.0  985.5  444.0  444.0   36.8  444.0
2007 122  5  2 2000  -28.4  985.2  444.0  444.0   37.2  444.0
2007 122  5  2 2100  -28.4  985.8  444.0  444.0   36.4  444.0
2007 122  5  2 2200  -28.0  986.3  444.0  444.0   36.4  444.0
2007 122  5  2 2300  -27.4  986.7  444.0  444.0   36.0  444.0
2007 123  5  3 0000  -27.2  987.8  444.0  444.0   36.0  444.0
2007 123  5  3 0100  -27.0  987.7  444.0  444.0   33.9  444.0
2007 123  5  3 0200  -27.4  987.8  444.0  444.0   35.5  444.0
2007 123  5  3 0300  -26.1  987.1  444.0  444.0   34.3  444.0
2007 123  5  3 0400  -25.6  988.0  444.0  444.0   33.9  444.0
2007 123  5  3 0500  -26.1  987.6  444.0  444.0   37.2  444.0
2007 123  5  3 0600  -25.6  987.3  444.0  444.0   36.8  444.0
2007 123  5  3 0700  -25.2  987.0  444.0  444.0   37.2  444.0
2007 123  5  3 0800  -24.4  985.5  444.0  444.0   37.2  444.0
2007 123  5  3 0900  -22.5  984.6  444.0  444.0   33.9  444.0
2007 123  5  3 1000  -22.5  984.1  444.0  444.0   35.5  444.0
2007 123  5  3 1100  -21.9  983.6  444.0  444.0   38.1  444.0
2007 123  5  3 1200  -21.9  983.1  444.0  444.0   35.5  444.0
2007 123  5  3 1300  -21.9  981.5  444.0  444.0   33.9  444.0
2007 123  5  3 1400  -24.0  982.2  444.0  444.0   41.0  444.0
2007 123  5  3 1500  -23.6  981.5  444.0  444.0   44.4  444.0
2007 123  5  3 1600  -20.9  980.4  444.0  444.0   37.2  444.0
2007 123  5  3 1700  -19.5  979.2  444.0  444.0   35.1  444.0
2007 123  5  3 1800  -19.5  978.3  444.0  444.0   36.0  444.0
2007 123  5  3 1900  -19.9  977.0  444.0  444.0   35.5  444.0
2007 123  5  3 2000  -19.5  977.6  444.0  444.0   33.9  444.0
2007 123  5  3 2100  -20.9  976.1  444.0  444.0   35.1  444.0
2007 123  5  3 2200  -18.5  977.2  444.0  444.0   35.1  444.0
2007 123  5  3 2300  -18.9  979.5  444.0  444.0   36.8  444.0
2007 124  5  4 0000  -18.9  980.7  444.0  444.0   40.2  444.0
2007 124  5  4 0100  -18.5  983.2  444.0  444.0   43.1  444.0
2007 124  5  4 0200  -18.9  984.3  444.0  444.0   53.2  444.0
2007 124  5  4 0300  -18.0  984.8  444.0  444.0   57.0  444.0
2007 124  5  4 0400  -19.1  985.5  444.0  444.0   58.2  444.0
2007 124  5  4 0500  -19.5  986.1  444.0  444.0   66.2  444.0
2007 124  5  4 0600  -18.2  986.8  444.0  444.0   65.8  444.0
2007 124  5  4 0700  -17.8  987.5  444.0  444.0   58.6  444.0
2007 124  5  4 0800  -18.6  986.1  444.0  444.0   57.4  444.0
2007 124  5  4 0900  -17.8  986.0  444.0  444.0   57.0  444.0
2007 124  5  4 1000  -16.6  985.5  444.0  444.0   52.3  444.0
2007 124  5  4 1100  -16.8  986.2  444.0  444.0   49.8  444.0
2007 124  5  4 1200  -16.2  985.6  444.0  444.0   49.0  444.0
2007 124  5  4 1300  -16.0  985.2  444.0  444.0   45.2  444.0
2007 124  5  4 1400  -16.5  984.6  444.0  444.0   45.2  444.0
2007 124  5  4 1500  -14.4  984.7  444.0  444.0   42.7  444.0
2007 124  5  4 1600  -15.4  985.5  444.0  444.0   45.6  444.0
2007 124  5  4 1700  -15.6  984.3  444.0  444.0   43.5  444.0
2007 124  5  4 1800  -14.9  984.7  444.0  444.0   43.9  444.0
2007 124  5  4 1900  -14.2  984.0  444.0  444.0   39.7  444.0
2007 124  5  4 2000  -14.4  985.6  444.0  444.0   44.4  444.0
2007 124  5  4 2100  -14.4  986.7  444.0  444.0   46.9  444.0
2007 124  5  4 2200  -14.5  987.2  444.0  444.0   48.1  444.0
2007 124  5  4 2300  -14.2  986.6  444.0  444.0   44.8  444.0
2007 125  5  5 0000  -14.4  986.7  444.0  444.0   44.8  444.0
2007 125  5  5 0100  -14.8  986.5  444.0  444.0   46.9  444.0
2007 125  5  5 0200  -14.0  986.8  444.0  444.0   44.8  444.0
2007 125  5  5 0300  -13.8  987.2  444.0  444.0   43.5  444.0
2007 125  5  5 0400  -13.8  987.1  444.0  444.0   44.8  444.0
2007 125  5  5 0500  -13.9  987.1  444.0  444.0   46.0  444.0
2007 125  5  5 0600  -14.4  987.6  444.0  444.0   54.4  444.0
2007 125  5  5 0700  -14.8  987.8  444.0  444.0   58.2  444.0
2007 125  5  5 0800  -14.9  988.0  444.0  444.0   66.6  444.0
2007 125  5  5 0900  -15.0  988.1  444.0  444.0   73.8  444.0
2007 125  5  5 1000  -14.8  987.9  444.0  444.0   74.6  444.0
2007 125  5  5 1100  -15.5  988.1  444.0  444.0   74.2  444.0
2007 125  5  5 1200  -15.2  988.1  444.0  444.0   74.6  444.0
2007 125  5  5 1300  -14.9  987.8  444.0  444.0   74.2  444.0
2007 125  5  5 1400  -14.8  987.7  444.0  444.0   72.1  444.0
2007 125  5  5 1500  -14.8  987.7  444.0  444.0   70.4  444.0
2007 125  5  5 1600  -13.5  987.5  444.0  444.0   67.0  444.0
2007 125  5  5 1700  -13.8  987.3  444.0  444.0   64.5  444.0
2007 125  5  5 1800  -12.9  987.3  444.0  444.0   61.6  444.0
2007 125  5  5 1900  -13.0  987.3  444.0  444.0   59.9  444.0
2007 125  5  5 2000  -14.1  987.1  444.0  444.0   63.3  444.0
2007 125  5  5 2100  -13.5  987.4  444.0  444.0   62.0  444.0
2007 125  5  5 2200  -12.1  987.2  444.0  444.0   59.9  444.0
2007 125  5  5 2300  -15.0  987.2  444.0  444.0   61.2  444.0
2007 126  5  6 0000  -14.1  986.8  444.0  444.0   63.3  444.0
2007 126  5  6 0100  -15.9  986.4  444.0  444.0   64.9  444.0
2007 126  5  6 0200  -13.9  986.1  444.0  444.0   69.1  444.0
2007 126  5  6 0300  -13.1  986.0  444.0  444.0   67.0  444.0
2007 126  5  6 0400  -12.4  985.5  444.0  444.0   70.8  444.0
2007 126  5  6 0500  -12.4  985.0  444.0  444.0   72.1  444.0
2007 126  5  6 0600  -17.4  984.6  444.0  444.0   65.8  444.0
2007 126  5  6 0700  -16.2  984.0  444.0  444.0   67.0  444.0
2007 126  5  6 0800  -14.8  983.7  444.0  444.0   66.6  444.0
2007 126  5  6 0900  -16.8  983.3  444.0  444.0   63.3  444.0
2007 126  5  6 1000  -15.0  983.0  444.0  444.0   69.1  444.0
2007 126  5  6 1100  -14.1  982.7  444.0  444.0   65.8  444.0
2007 126  5  6 1200  -15.0  982.1  444.0  444.0   65.4  444.0
2007 126  5  6 1300  -16.1  981.6  444.0  444.0   58.2  444.0
2007 126  5  6 1400  -14.9  981.3  444.0  444.0   52.3  444.0
2007 126  5  6 1500  -15.5  981.5  444.0  444.0   50.7  444.0
2007 126  5  6 1600  -14.9  982.1  444.0  444.0   49.0  444.0
2007 126  5  6 1700  -16.5  981.7  444.0  444.0   60.7  444.0
2007 126  5  6 1800  -17.6  981.0  444.0  444.0   67.9  444.0
2007 126  5  6 1900  -18.4  980.8  444.0  444.0   67.5  444.0
2007 126  5  6 2000  -18.2  980.9  444.0  444.0   65.8  444.0
2007 126  5  6 2100  -18.9  981.5  444.0  444.0   64.9  444.0
2007 126  5  6 2200  -19.1  982.1  444.0  444.0   59.5  444.0
2007 126  5  6 2300  -18.9  982.0  444.0  444.0   47.7  444.0
2007 127  5  7 0000  -19.0  983.9  444.0  444.0   49.0  444.0
2007 127  5  7 0100  -19.9  986.1  444.0  444.0   53.6  444.0
2007 127  5  7 0200  -19.9  986.8  444.0  444.0   52.3  444.0
2007 127  5  7 0300  -20.1  987.1  444.0  444.0   51.5  444.0
2007 127  5  7 0400  -20.0  987.8  444.0  444.0   50.2  444.0
2007 127  5  7 0500  -20.1  988.2  444.0  444.0   50.7  444.0
2007 127  5  7 0600  -20.2  988.2  444.0  444.0   51.1  444.0
2007 127  5  7 0700  -19.0  987.9  444.0  444.0   46.0  444.0
2007 127  5  7 0800  -19.2  988.4  444.0  444.0   48.1  444.0
2007 127  5  7 0900  -18.2  988.6  444.0  444.0   45.2  444.0
2007 127  5  7 1000  -18.5  988.6  444.0  444.0   47.3  444.0
2007 127  5  7 1100  -17.5  988.4  444.0  444.0   41.0  444.0
2007 127  5  7 1200  -18.2  988.2  444.0  444.0   43.1  444.0
2007 127  5  7 1300  -17.8  988.6  444.0  444.0   44.4  444.0
2007 127  5  7 1400  -17.2  988.8  444.0  444.0   43.5  444.0
2007 127  5  7 1500  -17.2  988.9  444.0  444.0   45.6  444.0
2007 127  5  7 1600  -16.9  988.2  444.0  444.0   43.5  444.0
2007 127  5  7 1700  -16.8  988.2  444.0  444.0   46.0  444.0
2007 127  5  7 1800  -16.8  987.7  444.0  444.0   43.1  444.0
2007 127  5  7 1900  -15.9  987.7  444.0  444.0   43.5  444.0
2007 127  5  7 2000  -16.5  987.5  444.0  444.0   43.5  444.0
2007 127  5  7 2100  -17.1  987.8  444.0  444.0   41.0  444.0
2007 127  5  7 2200  -16.9  987.7  444.0  444.0   39.7  444.0
2007 127  5  7 2300  -16.9  987.8  444.0  444.0   40.6  444.0
2007 128  5  8 0000  -16.6  987.5  444.0  444.0   40.6  444.0
2007 128  5  8 0100  -16.6  987.4  444.0  444.0   41.0  444.0
2007 128  5  8 0200  -16.2  986.9  444.0  444.0   39.3  444.0
2007 128  5  8 0300  -16.4  985.7  444.0  444.0   38.5  444.0
2007 128  5  8 0400  -17.1  985.4  444.0  444.0   38.9  444.0
2007 128  5  8 0500  -17.1  984.2  444.0  444.0   37.2  444.0
2007 128  5  8 0600  -16.4  983.3  444.0  444.0   36.0  444.0
2007 128  5  8 0700  -15.9  981.6  444.0  444.0   34.3  444.0
2007 128  5  8 0800  -16.5  981.1  444.0  444.0   33.9  444.0
2007 128  5  8 0900  -15.6  979.6  444.0  444.0   32.2  444.0
2007 128  5  8 1000  -16.5  979.7  444.0  444.0   33.4  444.0
2007 128  5  8 1100  -16.6  979.5  444.0  444.0   33.9  444.0
2007 128  5  8 1200  -17.1  980.2  444.0  444.0   35.1  444.0
2007 128  5  8 1300  -17.1  980.1  444.0  444.0   36.4  444.0
2007 128  5  8 1400  -17.5  979.3  444.0  444.0   35.1  444.0
2007 128  5  8 1500  -17.9  979.3  444.0  444.0   34.7  444.0
2007 128  5  8 1600  -18.8  979.5  444.0  444.0   36.4  444.0
2007 128  5  8 1700  -18.9  979.8  444.0  444.0   36.0  444.0
2007 128  5  8 1800  -19.1  980.1  444.0  444.0   34.7  444.0
2007 128  5  8 1900  -20.0  981.1  444.0  444.0   36.4  444.0
2007 128  5  8 2000  -20.9  981.3  444.0  444.0   38.1  444.0
2007 128  5  8 2100  -21.5  982.9  444.0  444.0   39.3  444.0
2007 128  5  8 2200  -21.9  984.1  444.0  444.0   41.8  444.0
2007 128  5  8 2300  -21.9  984.0  444.0  444.0   40.6  444.0
2007 129  5  9 0000  -21.9  983.9  444.0  444.0   39.3  444.0
2007 129  5  9 0100  -21.9  984.1  444.0  444.0   39.7  444.0
2007 129  5  9 0200  -21.5  983.7  444.0  444.0   39.3  444.0
2007 129  5  9 0300  -21.9  984.3  444.0  444.0   42.3  444.0
2007 129  5  9 0400  -21.9  984.2  444.0  444.0   41.0  444.0
2007 129  5  9 0500  -21.9  984.4  444.0  444.0   42.7  444.0
2007 129  5  9 0600  -21.9  984.7  444.0  444.0   42.7  444.0
2007 129  5  9 0700  -20.8  984.6  444.0  444.0   40.2  444.0
2007 129  5  9 0800  -21.0  984.4  444.0  444.0   44.8  444.0
2007 129  5  9 0900  -20.4  984.8  444.0  444.0   43.9  444.0
2007 129  5  9 1000  -19.9  985.0  444.0  444.0   43.9  444.0
2007 129  5  9 1100  -19.6  984.5  444.0  444.0   46.0  444.0
2007 129  5  9 1200  -19.6  984.3  444.0  444.0   47.3  444.0
2007 129  5  9 1300  -19.5  984.2  444.0  444.0   46.5  444.0
2007 129  5  9 1400  -19.2  984.0  444.0  444.0   48.1  444.0
2007 129  5  9 1500  -17.8  984.0  444.0  444.0   46.9  444.0
2007 129  5  9 1600  -17.8  983.8  444.0  444.0   47.3  444.0
2007 129  5  9 1700  -17.6  983.4  444.0  444.0   48.6  444.0
2007 129  5  9 1800  -17.8  983.3  444.0  444.0   51.1  444.0
2007 129  5  9 1900  -17.2  983.1  444.0  444.0   51.5  444.0
2007 129  5  9 2000  -16.8  982.6  444.0  444.0   49.8  444.0
2007 129  5  9 2100  -17.9  982.1  444.0  444.0   52.3  444.0
2007 129  5  9 2200  -18.0  981.6  444.0  444.0   52.3  444.0
2007 129  5  9 2300  -17.4  980.8  444.0  444.0   51.1  444.0
2007 130  5 10 0000  -16.9  980.4  444.0  444.0   46.0  444.0
2007 130  5 10 0100  -16.1  980.0  444.0  444.0   43.5  444.0
2007 130  5 10 0200  -16.8  979.9  444.0  444.0   44.8  444.0
2007 130  5 10 0300  -18.1  979.7  444.0  444.0   46.5  444.0
2007 130  5 10 0400  -19.2  978.5  444.0  444.0   46.0  444.0
2007 130  5 10 0500  -20.5  978.4  444.0  444.0   46.9  444.0
2007 130  5 10 0600  -21.1  978.6  444.0  444.0   46.0  444.0
2007 130  5 10 0700  -21.5  978.7  444.0  444.0   45.2  444.0
2007 130  5 10 0800  -21.5  978.8  444.0  444.0   44.8  444.0
2007 130  5 10 0900  -21.4  978.7  444.0  444.0   41.8  444.0
2007 130  5 10 1000  -21.9  979.2  444.0  444.0   41.8  444.0
2007 130  5 10 1100  -21.4  978.9  444.0  444.0   40.6  444.0
2007 130  5 10 1200  -21.5  978.0  444.0  444.0   38.5  444.0
2007 130  5 10 1300  -21.5  978.1  444.0  444.0   38.5  444.0
2007 130  5 10 1400  -21.9  978.0  444.0  444.0   42.3  444.0
2007 130  5 10 1500  -21.5  978.1  444.0  444.0   41.0  444.0
2007 130  5 10 1600  -21.9  978.2  444.0  444.0   42.7  444.0
2007 130  5 10 1700  -22.8  978.2  444.0  444.0   45.6  444.0
2007 130  5 10 1800  -23.4  976.8  444.0  444.0   47.3  444.0
2007 130  5 10 1900  -22.9  976.0  444.0  444.0   47.7  444.0
2007 130  5 10 2000  -20.9  975.7  444.0  444.0   41.0  444.0
2007 130  5 10 2100  -19.8  975.3  444.0  444.0   39.7  444.0
2007 130  5 10 2200  -19.1  975.1  444.0  444.0   37.2  444.0
2007 130  5 10 2300  -18.2  975.1  444.0  444.0   38.5  444.0
2007 131  5 11 0000  -19.1  974.7  444.0  444.0   38.1  444.0
2007 131  5 11 0100  -18.8  974.9  444.0  444.0   38.5  444.0
2007 131  5 11 0200  -18.8  974.8  444.0  444.0   37.6  444.0
2007 131  5 11 0300  -18.9  975.0  444.0  444.0   36.8  444.0
2007 131  5 11 0400  -19.5  974.9  444.0  444.0   41.4  444.0
2007 131  5 11 0500  -19.9  974.5  444.0  444.0   41.4  444.0
2007 131  5 11 0600  -20.0  975.6  444.0  444.0   42.7  444.0
2007 131  5 11 0700  -19.9  975.2  444.0  444.0   41.8  444.0
2007 131  5 11 0800  -19.9  976.3  444.0  444.0   42.7  444.0
2007 131  5 11 0900  -18.9  975.8  444.0  444.0   38.5  444.0
2007 131  5 11 1000  -18.2  975.0  444.0  444.0   36.8  444.0
2007 131  5 11 1100  -18.2  974.5  444.0  444.0   36.8  444.0
2007 131  5 11 1200  -18.5  974.3  444.0  444.0   37.6  444.0
2007 131  5 11 1300  -18.2  973.7  444.0  444.0   38.9  444.0
2007 131  5 11 1400  -17.6  973.8  444.0  444.0   38.1  444.0
2007 131  5 11 1500  -17.6  974.1  444.0  444.0   37.2  444.0
2007 131  5 11 1600  -17.5  974.1  444.0  444.0   39.7  444.0
2007 131  5 11 1700  -18.2  974.7  444.0  444.0   40.6  444.0
2007 131  5 11 1800  -18.2  974.4  444.0  444.0   41.0  444.0
2007 131  5 11 1900  -18.2  974.8  444.0  444.0   38.9  444.0
2007 131  5 11 2000  -18.9  976.8  444.0  444.0   40.6  444.0
2007 131  5 11 2100  -19.2  977.9  444.0  444.0   41.4  444.0
2007 131  5 11 2200  -20.0  978.2  444.0  444.0   40.6  444.0
2007 131  5 11 2300  -20.4  978.5  444.0  444.0   41.0  444.0
2007 132  5 12 0000  -20.6  978.7  444.0  444.0   41.0  444.0
2007 132  5 12 0100  -21.2  979.3  444.0  444.0   39.7  444.0
2007 132  5 12 0200  -21.9  979.1  444.0  444.0   39.3  444.0
2007 132  5 12 0300  -22.2  979.6  444.0  444.0   40.2  444.0
2007 132  5 12 0400  -22.8  980.1  444.0  444.0   41.8  444.0
2007 132  5 12 0500  -22.8  980.0  444.0  444.0   37.6  444.0
2007 132  5 12 0600  -22.9  980.3  444.0  444.0   37.2  444.0
2007 132  5 12 0700  -23.4  980.0  444.0  444.0   37.2  444.0
2007 132  5 12 0800  -23.2  980.5  444.0  444.0   36.0  444.0
2007 132  5 12 0900  -23.6  980.5  444.0  444.0   36.0  444.0
2007 132  5 12 1000  -23.5  979.8  444.0  444.0   33.9  444.0
2007 132  5 12 1100  -23.9  980.3  444.0  444.0   34.3  444.0
2007 132  5 12 1200  -24.2  980.2  444.0  444.0   34.7  444.0
2007 132  5 12 1300  -24.5  980.5  444.0  444.0   35.1  444.0
2007 132  5 12 1400  -25.1  980.5  444.0  444.0   35.1  444.0
2007 132  5 12 1500  -25.6  980.5  444.0  444.0   35.5  444.0
2007 132  5 12 1600  -26.0  980.8  444.0  444.0   35.5  444.0
2007 132  5 12 1700  -26.1  979.6  444.0  444.0   35.5  444.0
2007 132  5 12 1800  -26.9  980.8  444.0  444.0   38.1  444.0
2007 132  5 12 1900  -27.0  980.6  444.0  444.0   37.6  444.0
2007 132  5 12 2000  -27.4  980.9  444.0  444.0   39.7  444.0
2007 132  5 12 2100  -27.4  980.6  444.0  444.0   38.5  444.0
2007 132  5 12 2200  -27.9  981.4  444.0  444.0   38.9  444.0
2007 132  5 12 2300  -28.2  981.6  444.0  444.0   40.2  444.0
2007 133  5 13 0000  -28.5  980.5  444.0  444.0   38.5  444.0
2007 133  5 13 0100  -28.6  981.4  444.0  444.0   39.7  444.0
2007 133  5 13 0200  -28.8  980.9  444.0  444.0   39.3  444.0
2007 133  5 13 0300  -29.1  981.6  444.0  444.0   39.3  444.0
2007 133  5 13 0400  -29.6  981.0  444.0  444.0   38.5  444.0
2007 133  5 13 0500  -29.8  981.5  444.0  444.0   38.1  444.0
2007 133  5 13 0600  -29.6  981.5  444.0  444.0   36.4  444.0
2007 133  5 13 0700  -29.5  982.3  444.0  444.0   35.5  444.0
2007 133  5 13 0800  -29.2  981.5  444.0  444.0   35.5  444.0
2007 133  5 13 0900  -29.2  982.1  444.0  444.0   34.7  444.0
2007 133  5 13 1000  -29.2  982.9  444.0  444.0   33.9  444.0
2007 133  5 13 1100  -29.4  983.4  444.0  444.0   33.4  444.0
2007 133  5 13 1200  -29.5  983.6  444.0  444.0   33.4  444.0
2007 133  5 13 1300  -30.2  984.1  444.0  444.0   33.4  444.0
2007 133  5 13 1400  -30.5  983.4  444.0  444.0   33.0  444.0
2007 133  5 13 1500  -30.5  983.3  444.0  444.0   33.0  444.0
2007 133  5 13 1600  -30.9  984.3  444.0  444.0   32.2  444.0
2007 133  5 13 1700  -30.8  983.9  444.0  444.0   32.6  444.0
2007 133  5 13 1800  -30.8  984.7  444.0  444.0   33.0  444.0
2007 133  5 13 1900  -30.6  985.1  444.0  444.0   33.4  444.0
2007 133  5 13 2000  -30.6  985.9  444.0  444.0   34.3  444.0
2007 133  5 13 2100  -30.6  986.4  444.0  444.0   35.1  444.0
2007 133  5 13 2200  -30.5  986.0  444.0  444.0   34.3  444.0
2007 133  5 13 2300  -30.5  986.8  444.0  444.0   34.7  444.0
2007 134  5 14 0000  -30.2  986.2  444.0  444.0   33.9  444.0
2007 134  5 14 0100  -30.2  986.0  444.0  444.0   33.4  444.0
2007 134  5 14 0200  -30.0  986.0  444.0  444.0   33.9  444.0
2007 134  5 14 0300  -30.2  984.9  444.0  444.0   33.4  444.0
2007 134  5 14 0400  -29.5  984.4  444.0  444.0   33.0  444.0
2007 134  5 14 0500  -29.8  984.0  444.0  444.0   32.2  444.0
2007 134  5 14 0600  -29.5  984.8  444.0  444.0   32.2  444.0
2007 134  5 14 0700  -29.4  984.3  444.0  444.0   32.2  444.0
2007 134  5 14 0800  -29.8  985.0  444.0  444.0   32.6  444.0
2007 134  5 14 0900  -29.4  984.5  444.0  444.0   32.6  444.0
2007 134  5 14 1000  -29.2  985.0  444.0  444.0   33.4  444.0
2007 134  5 14 1100  -28.8  985.1  444.0  444.0   33.4  444.0
2007 134  5 14 1200  -28.6  985.5  444.0  444.0   34.3  444.0
2007 134  5 14 1300  -28.6  985.1  444.0  444.0   33.9  444.0
2007 134  5 14 1400  -28.8  985.9  444.0  444.0   35.1  444.0
2007 134  5 14 1500  -29.1  986.1  444.0  444.0   34.3  444.0
2007 134  5 14 1600  -29.1  985.8  444.0  444.0   34.3  444.0
2007 134  5 14 1700  -29.1  985.8  444.0  444.0   33.9  444.0
2007 134  5 14 1800  -29.1  985.5  444.0  444.0   33.4  444.0
2007 134  5 14 1900  -29.1  985.8  444.0  444.0   33.9  444.0
2007 134  5 14 2000  -29.0  985.6  444.0  444.0   34.3  444.0
2007 134  5 14 2100  -29.0  986.6  444.0  444.0   35.1  444.0
2007 134  5 14 2200  -29.4  986.9  444.0  444.0   36.0  444.0
2007 134  5 14 2300  -29.4  987.1  444.0  444.0   35.5  444.0
2007 135  5 15 0000  -29.1  986.7  444.0  444.0   36.4  444.0
2007 135  5 15 0100  -29.5  986.9  444.0  444.0   36.4  444.0
2007 135  5 15 0200  -29.5  987.1  444.0  444.0   37.6  444.0
2007 135  5 15 0300  -29.8  987.0  444.0  444.0   35.1  444.0
2007 135  5 15 0400  -28.9  986.8  444.0  444.0   36.0  444.0
2007 135  5 15 0500  -29.5  986.3  444.0  444.0   35.5  444.0
2007 135  5 15 0600  -29.4  986.4  444.0  444.0   36.4  444.0
2007 135  5 15 0700  -29.4  986.3  444.0  444.0   34.7  444.0
2007 135  5 15 0800  -28.8  986.0  444.0  444.0   33.9  444.0
2007 135  5 15 0900  -29.1  986.0  444.0  444.0   33.4  444.0
2007 135  5 15 1000  -28.6  985.6  444.0  444.0   33.4  444.0
2007 135  5 15 1100  -28.6  985.7  444.0  444.0   32.6  444.0
2007 135  5 15 1200  -28.6  986.1  444.0  444.0   32.6  444.0
2007 135  5 15 1300  -28.6  985.7  444.0  444.0   32.6  444.0
2007 135  5 15 1400  -28.6  986.5  444.0  444.0   33.0  444.0
2007 135  5 15 1500  -28.2  985.9  444.0  444.0   31.8  444.0
2007 135  5 15 1600  -28.2  986.5  444.0  444.0   32.6  444.0
2007 135  5 15 1700  -28.5  986.3  444.0  444.0   33.4  444.0
2007 135  5 15 1800  -28.5  986.0  444.0  444.0   32.2  444.0
2007 135  5 15 1900  -28.8  986.3  444.0  444.0   32.6  444.0
2007 135  5 15 2000  -29.1  987.5  444.0  444.0   33.0  444.0
2007 135  5 15 2100  -29.2  987.9  444.0  444.0   32.2  444.0
2007 135  5 15 2200  -29.8  989.0  444.0  444.0   33.9  444.0
2007 135  5 15 2300  -29.8  988.8  444.0  444.0   33.9  444.0
2007 136  5 16 0000  -30.5  989.5  444.0  444.0   34.3  444.0
2007 136  5 16 0100  -30.8  989.9  444.0  444.0   34.7  444.0
2007 136  5 16 0200  -31.0  990.4  444.0  444.0   35.5  444.0
2007 136  5 16 0300  -31.6  989.9  444.0  444.0   35.1  444.0
2007 136  5 16 0400  -31.8  990.5  444.0  444.0   35.1  444.0
2007 136  5 16 0500  -31.6  990.9  444.0  444.0   34.3  444.0
2007 136  5 16 0600  -32.0  991.5  444.0  444.0   35.1  444.0
2007 136  5 16 0700  -32.0  992.1  444.0  444.0   33.9  444.0
2007 136  5 16 0800  -31.9  992.6  444.0  444.0   33.4  444.0
2007 136  5 16 0900  -32.1  993.3  444.0  444.0   34.7  444.0
2007 136  5 16 1000  -32.4  993.3  444.0  444.0   33.9  444.0
2007 136  5 16 1100  -32.2  993.3  444.0  444.0   34.3  444.0
2007 136  5 16 1200  -32.1  993.5  444.0  444.0   34.3  444.0
2007 136  5 16 1300  -32.1  993.9  444.0  444.0   35.5  444.0
2007 136  5 16 1400  -32.4  994.4  444.0  444.0   36.0  444.0
2007 136  5 16 1500  -32.6  993.8  444.0  444.0   35.5  444.0
2007 136  5 16 1600  -32.9  994.0  444.0  444.0   33.4  444.0
2007 136  5 16 1700  -33.0  993.7  444.0  444.0   33.4  444.0
2007 136  5 16 1800  -33.4  993.3  444.0  444.0   33.4  444.0
2007 136  5 16 1900  -33.4  992.9  444.0  444.0   33.0  444.0
2007 136  5 16 2000  -33.2  992.6  444.0  444.0   32.6  444.0
2007 136  5 16 2100  -33.4  992.0  444.0  444.0   31.8  444.0
2007 136  5 16 2200  -33.4  991.5  444.0  444.0   31.8  444.0
2007 136  5 16 2300  -33.2  991.1  444.0  444.0   31.8  444.0
2007 137  5 17 0000  -33.4  990.7  444.0  444.0   33.9  444.0
2007 137  5 17 0100  -33.4  990.2  444.0  444.0   34.3  444.0
2007 137  5 17 0200  -33.1  989.5  444.0  444.0   34.3  444.0
2007 137  5 17 0300  -33.1  989.0  444.0  444.0   36.0  444.0
2007 137  5 17 0400  -32.1  988.3  444.0  444.0   34.7  444.0
2007 137  5 17 0500  -32.1  987.7  444.0  444.0   36.0  444.0
2007 137  5 17 0600  -32.1  987.4  444.0  444.0   31.8  444.0
2007 137  5 17 0700  -31.8  985.9  444.0  444.0   35.5  444.0
2007 137  5 17 0800  -31.6  986.0  444.0  444.0   31.8  444.0
2007 137  5 17 0900  -31.5  985.6  444.0  444.0   33.4  444.0
2007 137  5 17 1000  -31.6  985.2  444.0  444.0   33.0  444.0
2007 137  5 17 1100  -31.1  985.0  444.0  444.0   33.4  444.0
2007 137  5 17 1200  -31.8  985.0  444.0  444.0   33.9  444.0
2007 137  5 17 1300  -31.4  985.0  444.0  444.0   33.4  444.0
2007 137  5 17 1400  -30.9  985.1  444.0  444.0   35.5  444.0
2007 137  5 17 1500  -30.6  983.8  444.0  444.0   33.4  444.0
2007 137  5 17 1600  -31.1  983.9  444.0  444.0   31.3  444.0
2007 137  5 17 1700  -31.0  985.0  444.0  444.0   33.9  444.0
2007 137  5 17 1800  -31.5  985.9  444.0  444.0   34.3  444.0
2007 137  5 17 1900  -31.5  986.4  444.0  444.0   35.5  444.0
2007 137  5 17 2000  -31.9  987.4  444.0  444.0   37.2  444.0
2007 137  5 17 2100  -32.2  987.2  444.0  444.0   34.7  444.0
2007 137  5 17 2200  -33.0  988.1  444.0  444.0   34.7  444.0
2007 137  5 17 2300  -33.1  988.8  444.0  444.0   36.4  444.0
2007 138  5 18 0000  -33.4  989.0  444.0  444.0   35.5  444.0
2007 138  5 18 0100  -33.4  990.0  444.0  444.0   37.2  444.0
2007 138  5 18 0200  -33.2  990.0  444.0  444.0   35.1  444.0
2007 138  5 18 0300  -33.5  990.4  444.0  444.0   36.0  444.0
2007 138  5 18 0400  -33.5  990.5  444.0  444.0   36.4  444.0
2007 138  5 18 0500  -33.2  990.9  444.0  444.0   37.6  444.0
2007 138  5 18 0600  -33.0  990.6  444.0  444.0   35.5  444.0
2007 138  5 18 0700  -32.4  990.5  444.0  444.0   35.1  444.0
2007 138  5 18 0800  -32.2  990.9  444.0  444.0   36.4  444.0
2007 138  5 18 0900  -32.2  990.9  444.0  444.0   36.4  444.0
2007 138  5 18 1000  -32.0  990.8  444.0  444.0   36.0  444.0
2007 138  5 18 1100  -31.8  991.5  444.0  444.0   37.2  444.0
2007 138  5 18 1200  -31.8  991.1  444.0  444.0   35.5  444.0
2007 138  5 18 1300  -31.5  991.5  444.0  444.0   35.5  444.0
2007 138  5 18 1400  -31.4  991.8  444.0  444.0   37.2  444.0
2007 138  5 18 1500  -31.5  992.0  444.0  444.0   37.2  444.0
2007 138  5 18 1600  -31.6  992.4  444.0  444.0   37.2  444.0
2007 138  5 18 1700  -31.8  992.3  444.0  444.0   37.2  444.0
2007 138  5 18 1800  -31.4  991.7  444.0  444.0   36.8  444.0
2007 138  5 18 1900  -31.5  991.7  444.0  444.0   38.5  444.0
2007 138  5 18 2000  -32.2  992.1  444.0  444.0   38.1  444.0
2007 138  5 18 2100  -32.4  992.2  444.0  444.0   39.3  444.0
2007 138  5 18 2200  -32.4  991.2  444.0  444.0   36.8  444.0
2007 138  5 18 2300  -32.6  991.1  444.0  444.0   35.5  444.0
2007 139  5 19 0000  -32.9  990.6  444.0  444.0   36.0  444.0
2007 139  5 19 0100  -33.1  990.2  444.0  444.0   35.5  444.0
2007 139  5 19 0200  -33.5  989.3  444.0  444.0   34.7  444.0
2007 139  5 19 0300  -33.9  989.1  444.0  444.0   34.7  444.0
2007 139  5 19 0400  -34.1  988.1  444.0  444.0   33.4  444.0
2007 139  5 19 0500  -34.4  988.2  444.0  444.0   34.3  444.0
2007 139  5 19 0600  -34.6  988.4  444.0  444.0   34.3  444.0
2007 139  5 19 0700  -34.8  988.8  444.0  444.0   33.9  444.0
2007 139  5 19 0800  -35.1  988.4  444.0  444.0   34.7  444.0
2007 139  5 19 0900  -35.1  987.8  444.0  444.0   34.7  444.0
2007 139  5 19 1000  -35.6  988.1  444.0  444.0   33.9  444.0
2007 139  5 19 1100  -35.1  988.0  444.0  444.0   34.3  444.0
2007 139  5 19 1200  -35.1  987.5  444.0  444.0   33.9  444.0
2007 139  5 19 1300  -35.6  986.9  444.0  444.0   33.9  444.0
2007 139  5 19 1400  -34.2  987.1  444.0  444.0   34.3  444.0
2007 139  5 19 1500  -34.0  986.7  444.0  444.0   33.4  444.0
2007 139  5 19 1600  -33.9  986.5  444.0  444.0   32.6  444.0
2007 139  5 19 1700  -33.8  986.1  444.0  444.0   30.9  444.0
2007 139  5 19 1800  -33.9  985.3  444.0  444.0   31.8  444.0
2007 139  5 19 1900  -33.9  985.2  444.0  444.0   31.8  444.0
2007 139  5 19 2000  -33.5  985.2  444.0  444.0   32.6  444.0
2007 139  5 19 2100  -34.0  986.0  444.0  444.0   33.9  444.0
2007 139  5 19 2200  -33.8  444.0  444.0  444.0   35.5  444.0
2007 139  5 19 2300  -34.1  985.2  444.0  444.0   33.9  444.0
2007 140  5 20 0000  -34.5  985.0  444.0  444.0   36.0  444.0
2007 140  5 20 0100  -35.1  985.1  444.0  444.0   35.1  444.0
2007 140  5 20 0200  -34.5  984.5  444.0  444.0   34.3  444.0
2007 140  5 20 0300  -34.6  984.0  444.0  444.0   35.5  444.0
2007 140  5 20 0400  -34.1  983.6  444.0  444.0   35.1  444.0
2007 140  5 20 0500  -33.9  983.1  444.0  444.0   33.9  444.0
2007 140  5 20 0600  -34.5  982.5  444.0  444.0   36.0  444.0
2007 140  5 20 0700  -32.0  981.0  444.0  444.0   33.0  444.0
2007 140  5 20 0800  -32.9  980.6  444.0  444.0   34.3  444.0
2007 140  5 20 0900  -32.2  980.0  444.0  444.0   31.8  444.0
2007 140  5 20 1000  -31.8  979.1  444.0  444.0   33.0  444.0
2007 140  5 20 1100  -31.8  979.7  444.0  444.0   33.4  444.0
2007 140  5 20 1200  -31.8  978.8  444.0  444.0   34.3  444.0
2007 140  5 20 1300  -31.4  979.1  444.0  444.0   35.5  444.0
2007 140  5 20 1400  -31.1  978.2  444.0  444.0   33.9  444.0
2007 140  5 20 1500  -30.9  978.3  444.0  444.0   34.7  444.0
2007 140  5 20 1600  -30.9  978.2  444.0  444.0   35.1  444.0
2007 140  5 20 1700  -30.8  977.7  444.0  444.0   36.4  444.0
2007 140  5 20 1800  -30.4  977.0  444.0  444.0   36.0  444.0
2007 140  5 20 1900  -30.0  976.5  444.0  444.0   34.3  444.0
2007 140  5 20 2000  -29.6  976.9  444.0  444.0   33.4  444.0
2007 140  5 20 2100  -29.8  976.2  444.0  444.0   34.7  444.0
2007 140  5 20 2200  -29.1  976.3  444.0  444.0   33.9  444.0
2007 140  5 20 2300  -29.2  976.5  444.0  444.0   34.7  444.0
2007 141  5 21 0000  -28.4  976.7  444.0  444.0   36.0  444.0
2007 141  5 21 0100  -28.9  976.8  444.0  444.0   38.9  444.0
2007 141  5 21 0200  -28.8  976.5  444.0  444.0   37.2  444.0
2007 141  5 21 0300  -27.1  976.6  444.0  444.0   34.3  444.0
2007 141  5 21 0400  -27.0  976.1  444.0  444.0   36.4  444.0
2007 141  5 21 0500  -27.0  976.0  444.0  444.0   37.6  444.0
2007 141  5 21 0600  -26.4  976.2  444.0  444.0   35.5  444.0
2007 141  5 21 0700  -26.1  976.1  444.0  444.0   36.8  444.0
2007 141  5 21 0800  -26.1  976.9  444.0  444.0   40.6  444.0
2007 141  5 21 0900  -25.8  977.0  444.0  444.0   41.4  444.0
2007 141  5 21 1000  -25.5  975.4  444.0  444.0   38.9  444.0
2007 141  5 21 1100  -24.9  977.9  444.0  444.0   37.6  444.0
2007 141  5 21 1200  -25.0  976.4  444.0  444.0   39.7  444.0
2007 141  5 21 1300  -25.1  976.3  444.0  444.0   38.5  444.0
2007 141  5 21 1400  -24.2  978.1  444.0  444.0   39.7  444.0
2007 141  5 21 1500  -23.1  980.0  444.0  444.0   41.0  444.0
2007 141  5 21 1600  -24.2  980.4  444.0  444.0   47.7  444.0
2007 141  5 21 1700  -23.1  979.5  444.0  444.0   37.6  444.0
2007 141  5 21 1800  -22.8  979.0  444.0  444.0   36.4  444.0
2007 141  5 21 1900  -23.1  979.5  444.0  444.0   35.1  444.0
2007 141  5 21 2000  -23.1  980.7  444.0  444.0   36.0  444.0
2007 141  5 21 2100  -22.6  979.8  444.0  444.0   35.1  444.0
2007 141  5 21 2200  -22.5  981.5  444.0  444.0   36.4  444.0
2007 141  5 21 2300  -21.9  982.4  444.0  444.0   36.0  444.0
2007 142  5 22 0000  -21.8  981.0  444.0  444.0   34.7  444.0
2007 142  5 22 0100  -22.1  981.8  444.0  444.0   34.7  444.0
2007 142  5 22 0200  -22.2  982.4  444.0  444.0   34.3  444.0
2007 142  5 22 0300  -21.9  983.1  444.0  444.0   33.0  444.0
2007 142  5 22 0400  -22.6  983.1  444.0  444.0   32.6  444.0
2007 142  5 22 0500  -22.6  982.5  444.0  444.0   30.1  444.0
2007 142  5 22 0600  -22.6  982.1  444.0  444.0   30.5  444.0
2007 142  5 22 0700  -22.8  980.4  444.0  444.0   29.2  444.0
2007 142  5 22 0800  -22.8  981.6  444.0  444.0   29.7  444.0
2007 142  5 22 0900  -22.1  982.9  444.0  444.0   29.2  444.0
2007 142  5 22 1000  -21.9  982.2  444.0  444.0   28.4  444.0
2007 142  5 22 1100  -22.5  983.6  444.0  444.0   30.1  444.0
2007 142  5 22 1200  -22.8  985.4  444.0  444.0   31.3  444.0
2007 142  5 22 1300  -23.1  984.4  444.0  444.0   31.8  444.0
2007 142  5 22 1400  -22.1  985.8  444.0  444.0   30.9  444.0
2007 142  5 22 1500  -21.9  987.5  444.0  444.0   32.6  444.0
2007 142  5 22 1600  -21.5  986.6  444.0  444.0   33.4  444.0
2007 142  5 22 1700  -20.5  988.3  444.0  444.0   32.2  444.0
2007 142  5 22 1800  -19.5  989.3  444.0  444.0   32.6  444.0
2007 142  5 22 1900  -18.6  988.2  444.0  444.0   31.8  444.0
2007 142  5 22 2000  -18.8  989.5  444.0  444.0   31.8  444.0
2007 142  5 22 2100  -17.9  988.6  444.0  444.0   30.9  444.0
2007 142  5 22 2200  -17.5  987.4  444.0  444.0   29.2  444.0
2007 142  5 22 2300  -16.9  988.1  444.0  444.0   29.7  444.0
2007 143  5 23 0000  -16.8  988.5  444.0  444.0   30.5  444.0
2007 143  5 23 0100  -16.8  988.6  444.0  444.0   31.3  444.0
2007 143  5 23 0200  -16.8  988.9  444.0  444.0   31.3  444.0
2007 143  5 23 0300  -16.5  989.3  444.0  444.0   30.5  444.0
2007 143  5 23 0400  -17.1  444.0  444.0  444.0   31.3  444.0
2007 143  5 23 0500  -16.0  987.4  444.0  444.0   30.1  444.0
2007 143  5 23 0600  -16.0  986.0  444.0  444.0   30.9  444.0
2007 143  5 23 0700  -15.4  985.6  444.0  444.0   29.7  444.0
2007 143  5 23 0800  -16.5  987.8  444.0  444.0   29.2  444.0
2007 143  5 23 0900  -17.4  986.3  444.0  444.0   30.5  444.0
2007 143  5 23 1000  -17.1  984.9  444.0  444.0   28.4  444.0
2007 143  5 23 1100  -17.4  985.8  444.0  444.0   29.2  444.0
2007 143  5 23 1200  -17.1  986.4  444.0  444.0   29.2  444.0
2007 143  5 23 1300  -17.1  986.8  444.0  444.0   29.7  444.0
2007 143  5 23 1400  -17.1  987.2  444.0  444.0   28.0  444.0
2007 143  5 23 1500  -16.2  987.4  444.0  444.0   27.1  444.0
2007 143  5 23 1600  -16.1  987.8  444.0  444.0   27.1  444.0
2007 143  5 23 1700  -16.1  986.8  444.0  444.0   26.7  444.0
2007 143  5 23 1800  -15.9  444.0  444.0  444.0   25.5  444.0
2007 143  5 23 1900  -16.0  986.0  444.0  444.0   26.3  444.0
2007 143  5 23 2000  -15.5  985.2  444.0  444.0   26.3  444.0
2007 143  5 23 2100  -15.0  983.0  444.0  444.0   25.5  444.0
2007 143  5 23 2200  -14.9  982.7  444.0  444.0   26.3  444.0
2007 143  5 23 2300  -14.8  981.2  444.0  444.0   26.3  444.0
2007 144  5 24 0000  -15.8  981.9  444.0  444.0   25.5  444.0
2007 144  5 24 0100  -14.4  982.3  444.0  444.0   25.5  444.0
2007 144  5 24 0200  -14.5  981.0  444.0  444.0   25.9  444.0
2007 144  5 24 0300  -14.2  444.0  444.0  444.0   24.2  444.0
2007 144  5 24 0400  -14.5  981.6  444.0  444.0   24.6  444.0
2007 144  5 24 0500  -14.8  983.9  444.0  444.0   25.5  444.0
2007 144  5 24 0600  -14.8  983.7  444.0  444.0   26.3  444.0
2007 144  5 24 0700  -14.8  984.5  444.0  444.0   26.7  444.0
2007 144  5 24 0800  -14.4  983.9  444.0  444.0   26.7  444.0
2007 144  5 24 0900  -14.8  983.7  444.0  444.0   28.0  444.0
2007 144  5 24 1000  -15.0  983.0  444.0  444.0   27.6  444.0
2007 144  5 24 1100  -14.8  983.4  444.0  444.0   27.6  444.0
2007 144  5 24 1200  -15.8  982.2  444.0  444.0   29.7  444.0
2007 144  5 24 1300  -15.9  444.0  444.0  444.0   30.1  444.0
2007 144  5 24 1400  -16.1  980.7  444.0  444.0   31.8  444.0
2007 144  5 24 1500  -15.9  980.5  444.0  444.0   30.5  444.0
2007 144  5 24 1600  -15.8  980.5  444.0  444.0   29.2  444.0
2007 144  5 24 1700  -15.2  982.7  444.0  444.0   28.0  444.0
2007 144  5 24 1800  -15.0  982.7  444.0  444.0   26.7  444.0
2007 144  5 24 1900  -15.0  984.0  444.0  444.0   28.4  444.0
2007 144  5 24 2000  -15.0  982.5  444.0  444.0   28.0  444.0
2007 144  5 24 2100  -14.4  981.3  444.0  444.0   27.1  444.0
2007 144  5 24 2200  -14.9  983.2  444.0  444.0   28.4  444.0
2007 144  5 24 2300  -14.8  984.4  444.0  444.0   28.4  444.0
2007 145  5 25 0000  -14.8  983.7  444.0  444.0   28.0  444.0
2007 145  5 25 0100  -14.2  983.7  444.0  444.0   27.1  444.0
2007 145  5 25 0200  -14.2  983.7  444.0  444.0   27.1  444.0
2007 145  5 25 0300  -14.8  982.0  444.0  444.0   28.0  444.0
2007 145  5 25 0400  -14.1  983.2  444.0  444.0   27.6  444.0
2007 145  5 25 0500  -14.2  983.2  444.0  444.0   28.4  444.0
2007 145  5 25 0600  -13.9  983.7  444.0  444.0   28.8  444.0
2007 145  5 25 0700  -13.6  984.1  444.0  444.0   28.8  444.0
2007 145  5 25 0800  -13.5  985.1  444.0  444.0   29.2  444.0
2007 145  5 25 0900  -13.2  985.3  444.0  444.0   29.7  444.0
2007 145  5 25 1000  -13.0  986.6  444.0  444.0   29.2  444.0
2007 145  5 25 1100  -12.9  985.0  444.0  444.0   28.4  444.0
2007 145  5 25 1200  -13.0  986.1  444.0  444.0   29.2  444.0
2007 145  5 25 1300  -12.5  986.4  444.0  444.0   30.1  444.0
2007 145  5 25 1400  -13.1  987.2  444.0  444.0   35.5  444.0
2007 145  5 25 1500  -12.4  986.9  444.0  444.0   29.7  444.0
2007 145  5 25 1600  -12.6  986.4  444.0  444.0   28.8  444.0
2007 145  5 25 1700  -12.5  987.2  444.0  444.0   29.7  444.0
2007 145  5 25 1800  -12.4  986.7  444.0  444.0   28.4  444.0
2007 145  5 25 1900  -12.4  986.9  444.0  444.0   28.8  444.0
2007 145  5 25 2000  -12.4  986.7  444.0  444.0   29.2  444.0
2007 145  5 25 2100  -12.5  986.9  444.0  444.0   29.7  444.0
2007 145  5 25 2200  -12.4  986.6  444.0  444.0   29.7  444.0
2007 145  5 25 2300  -12.9  986.1  444.0  444.0   31.3  444.0
2007 146  5 26 0000  -12.9  984.3  444.0  444.0   28.8  444.0
2007 146  5 26 0100  -13.0  984.8  444.0  444.0   28.4  444.0
2007 146  5 26 0200  -13.5  984.4  444.0  444.0   29.2  444.0
2007 146  5 26 0300  -13.2  983.5  444.0  444.0   30.9  444.0
2007 146  5 26 0400  -13.0  983.9  444.0  444.0   30.1  444.0
2007 146  5 26 0500  -13.0  984.2  444.0  444.0   30.5  444.0
2007 146  5 26 0600  -13.5  984.8  444.0  444.0   33.0  444.0
2007 146  5 26 0700  -13.6  985.2  444.0  444.0   33.0  444.0
2007 146  5 26 0800  -13.6  985.4  444.0  444.0   32.6  444.0
2007 146  5 26 0900  -14.4  986.1  444.0  444.0   33.9  444.0
2007 146  5 26 1000  -14.8  985.9  444.0  444.0   35.5  444.0
2007 146  5 26 1100  -14.8  985.9  444.0  444.0   35.1  444.0
2007 146  5 26 1200  -14.5  985.3  444.0  444.0   32.6  444.0
2007 146  5 26 1300  -15.0  986.1  444.0  444.0   33.0  444.0
2007 146  5 26 1400  -15.2  986.6  444.0  444.0   31.8  444.0
2007 146  5 26 1500  -15.8  985.4  444.0  444.0   33.9  444.0
2007 146  5 26 1600  -15.0  984.5  444.0  444.0   32.6  444.0
2007 146  5 26 1700  -15.8  985.9  444.0  444.0   30.1  444.0
2007 146  5 26 1800  -15.8  985.0  444.0  444.0   29.2  444.0
2007 146  5 26 1900  -16.6  985.9  444.0  444.0   36.0  444.0
2007 146  5 26 2000  -16.5  986.1  444.0  444.0   34.3  444.0
2007 146  5 26 2100  -17.1  986.2  444.0  444.0   34.7  444.0
2007 146  5 26 2200  -17.8  986.5  444.0  444.0   36.4  444.0
2007 146  5 26 2300  -18.1  986.6  444.0  444.0   38.5  444.0
2007 147  5 27 0000  -18.1  986.5  444.0  444.0   39.7  444.0
2007 147  5 27 0100  -17.2  985.7  444.0  444.0   36.4  444.0
2007 147  5 27 0200  -17.2  985.3  444.0  444.0   35.5  444.0
2007 147  5 27 0300  -17.4  984.4  444.0  444.0   35.1  444.0
2007 147  5 27 0400  -17.4  984.0  444.0  444.0   34.3  444.0
2007 147  5 27 0500  -17.1  983.6  444.0  444.0   30.1  444.0
2007 147  5 27 0600  -16.6  983.0  444.0  444.0   32.6  444.0
2007 147  5 27 0700  -16.5  982.9  444.0  444.0   31.8  444.0
2007 147  5 27 0800  -16.8  983.4  444.0  444.0   32.6  444.0
2007 147  5 27 0900  -17.1  983.5  444.0  444.0   30.1  444.0
2007 147  5 27 1000  -15.9  983.2  444.0  444.0   27.6  444.0
2007 147  5 27 1100  -16.9  982.7  444.0  444.0   34.3  444.0
2007 147  5 27 1200  -16.1  981.8  444.0  444.0   32.2  444.0
2007 147  5 27 1300  -16.4  981.7  444.0  444.0   30.5  444.0
2007 147  5 27 1400  -17.5  982.1  444.0  444.0   30.5  444.0
2007 147  5 27 1500  -18.0  981.7  444.0  444.0   36.0  444.0
2007 147  5 27 1600  -17.1  981.0  444.0  444.0   30.9  444.0
2007 147  5 27 1700  -16.8  980.9  444.0  444.0   33.4  444.0
2007 147  5 27 1800  -20.9  979.8  444.0  444.0   36.0  444.0
2007 147  5 27 1900  -19.1  979.7  444.0  444.0   35.1  444.0
2007 147  5 27 2000  -19.6  979.5  444.0  444.0   33.9  444.0
2007 147  5 27 2100  -16.9  979.3  444.0  444.0   28.8  444.0
2007 147  5 27 2200  -16.2  978.8  444.0  444.0   28.4  444.0
2007 147  5 27 2300  -17.1  978.6  444.0  444.0   29.7  444.0
2007 148  5 28 0000  -16.8  977.2  444.0  444.0   30.9  444.0
2007 148  5 28 0100  -16.9  977.3  444.0  444.0   32.2  444.0
2007 148  5 28 0200  -17.6  977.6  444.0  444.0   34.3  444.0
2007 148  5 28 0300  -17.2  977.3  444.0  444.0   33.0  444.0
2007 148  5 28 0400  -18.2  977.9  444.0  444.0   35.5  444.0
2007 148  5 28 0500  -18.9  978.7  444.0  444.0   35.1  444.0
2007 148  5 28 0600  -19.9  980.0  444.0  444.0   37.2  444.0
2007 148  5 28 0700  -20.4  980.2  444.0  444.0   37.6  444.0
2007 148  5 28 0800  -20.0  979.4  444.0  444.0   36.4  444.0
2007 148  5 28 0900  -20.0  980.0  444.0  444.0   38.1  444.0
2007 148  5 28 1000  -21.0  981.4  444.0  444.0   38.5  444.0
2007 148  5 28 1100  -22.1  982.3  444.0  444.0   49.8  444.0
2007 148  5 28 1200  -21.5  982.8  444.0  444.0   47.7  444.0
2007 148  5 28 1300  -22.8  983.5  444.0  444.0   49.0  444.0
2007 148  5 28 1400  -23.1  983.8  444.0  444.0   43.9  444.0
2007 148  5 28 1500  -22.6  984.6  444.0  444.0   42.7  444.0
2007 148  5 28 1600  -22.5  985.1  444.0  444.0   45.2  444.0
2007 148  5 28 1700  -22.8  985.3  444.0  444.0   47.7  444.0
2007 148  5 28 1800  -22.9  985.5  444.0  444.0   46.5  444.0
2007 148  5 28 1900  -23.4  984.8  444.0  444.0   40.2  444.0
2007 148  5 28 2000  -23.5  984.8  444.0  444.0   39.3  444.0
2007 148  5 28 2100  -23.8  985.2  444.0  444.0   38.1  444.0
2007 148  5 28 2200  -23.1  984.5  444.0  444.0   38.5  444.0
2007 148  5 28 2300  -23.5  984.2  444.0  444.0   35.5  444.0
2007 149  5 29 0000  -23.8  984.2  444.0  444.0   38.5  444.0
2007 149  5 29 0100  -23.9  984.6  444.0  444.0   37.6  444.0
2007 149  5 29 0200  -23.9  983.8  444.0  444.0   36.0  444.0
2007 149  5 29 0300  -23.6  983.4  444.0  444.0   35.1  444.0
2007 149  5 29 0400  -23.8  983.7  444.0  444.0   36.0  444.0
2007 149  5 29 0500  -24.1  983.4  444.0  444.0   34.3  444.0
2007 149  5 29 0600  -23.1  984.0  444.0  444.0   35.5  444.0
2007 149  5 29 0700  -24.1  984.2  444.0  444.0   36.8  444.0
2007 149  5 29 0800  -23.1  983.8  444.0  444.0   33.9  444.0
2007 149  5 29 0900  -23.5  983.7  444.0  444.0   36.4  444.0
2007 149  5 29 1000  -23.8  983.5  444.0  444.0   35.1  444.0
2007 149  5 29 1100  -22.6  983.7  444.0  444.0   33.0  444.0
2007 149  5 29 1200  -22.2  983.5  444.0  444.0   33.0  444.0
2007 149  5 29 1300  -22.5  983.4  444.0  444.0   34.3  444.0
2007 149  5 29 1400  -21.5  983.7  444.0  444.0   32.6  444.0
2007 149  5 29 1500  -24.2  983.9  444.0  444.0   36.8  444.0
2007 149  5 29 1600  -22.0  983.3  444.0  444.0   34.3  444.0
2007 149  5 29 1700  -21.9  983.3  444.0  444.0   33.4  444.0
2007 149  5 29 1800  -21.5  983.2  444.0  444.0   35.1  444.0
2007 149  5 29 1900  -21.2  982.8  444.0  444.0   35.5  444.0
2007 149  5 29 2000  -21.0  982.9  444.0  444.0   35.1  444.0
2007 149  5 29 2100  -21.0  982.4  444.0  444.0   35.5  444.0
2007 149  5 29 2200  -20.8  982.3  444.0  444.0   35.5  444.0
2007 149  5 29 2300  -20.4  982.6  444.0  444.0   35.1  444.0
2007 150  5 30 0000  -20.9  982.9  444.0  444.0   36.0  444.0
2007 150  5 30 0100  -20.4  982.9  444.0  444.0   36.0  444.0
2007 150  5 30 0200  -20.1  982.8  444.0  444.0   35.5  444.0
2007 150  5 30 0300  -20.0  983.3  444.0  444.0   35.5  444.0
2007 150  5 30 0400  -21.9  983.4  444.0  444.0   38.1  444.0
2007 150  5 30 0500  -20.1  983.9  444.0  444.0   36.4  444.0
2007 150  5 30 0600  -19.9  983.8  444.0  444.0   35.5  444.0
2007 150  5 30 0700  -21.6  983.6  444.0  444.0   40.6  444.0
2007 150  5 30 0800  -20.2  983.5  444.0  444.0   38.1  444.0
2007 150  5 30 0900  -21.6  982.4  444.0  444.0   39.3  444.0
2007 150  5 30 1000  -21.9  982.4  444.0  444.0   43.1  444.0
2007 150  5 30 1100  -20.2  981.8  444.0  444.0   40.6  444.0
2007 150  5 30 1200  -20.9  982.1  444.0  444.0   39.3  444.0
2007 150  5 30 1300  -19.1  982.7  444.0  444.0   38.1  444.0
2007 150  5 30 1400  -19.0  982.6  444.0  444.0   38.5  444.0
2007 150  5 30 1500  -18.5  983.3  444.0  444.0   38.9  444.0
2007 150  5 30 1600  -18.4  983.3  444.0  444.0   38.5  444.0
2007 150  5 30 1700  -18.0  983.4  444.0  444.0   38.1  444.0
2007 150  5 30 1800  -18.2  983.4  444.0  444.0   38.9  444.0
2007 150  5 30 1900  -18.1  983.3  444.0  444.0   37.2  444.0
2007 150  5 30 2000  -17.8  983.7  444.0  444.0   38.1  444.0
2007 150  5 30 2100  -17.6  983.8  444.0  444.0   38.1  444.0
2007 150  5 30 2200  -19.5  984.8  444.0  444.0   45.2  444.0
2007 150  5 30 2300  -18.6  985.3  444.0  444.0   48.1  444.0
2007 151  5 31 0000  -19.0  986.0  444.0  444.0   49.8  444.0
2007 151  5 31 0100  -19.5  986.5  444.0  444.0   50.7  444.0
2007 151  5 31 0200  -19.8  986.8  444.0  444.0   47.7  444.0
2007 151  5 31 0300  -20.0  986.4  444.0  444.0   46.5  444.0
2007 151  5 31 0400  -20.0  986.5  444.0  444.0   48.6  444.0
2007 151  5 31 0500  -19.5  986.2  444.0  444.0   48.1  444.0
2007 151  5 31 0600  -18.9  985.5  444.0  444.0   44.8  444.0
2007 151  5 31 0700  -18.9  985.5  444.0  444.0   45.6  444.0
2007 151  5 31 0800  -18.9  985.1  444.0  444.0   48.1  444.0
2007 151  5 31 0900  -18.2  984.9  444.0  444.0   53.2  444.0
2007 151  5 31 1000  -18.2  984.4  444.0  444.0   52.3  444.0
2007 151  5 31 1100  -18.9  984.2  444.0  444.0   50.2  444.0
2007 151  5 31 1200  -18.9  983.2  444.0  444.0   52.8  444.0
2007 151  5 31 1300  -17.9  982.9  444.0  444.0   50.2  444.0
2007 151  5 31 1400  -16.8  981.9  444.0  444.0   45.2  444.0
2007 151  5 31 1500  -17.4  981.3  444.0  444.0   45.6  444.0
2007 151  5 31 1600  -16.5  980.9  444.0  444.0   44.4  444.0
2007 151  5 31 1700  -15.6  979.9  444.0  444.0   42.7  444.0
2007 151  5 31 1800  -15.5  979.1  444.0  444.0   43.1  444.0
2007 151  5 31 1900  -16.6  978.9  444.0  444.0   46.9  444.0
2007 151  5 31 2000  -14.8  978.5  444.0  444.0   43.9  444.0
2007 151  5 31 2100  -14.9  979.2  444.0  444.0   49.8  444.0
2007 151  5 31 2200  -14.5  979.8  444.0  444.0   49.0  444.0
2007 151  5 31 2300  -14.9  979.7  444.0  444.0   47.7  444.0
