Year: 2017  Month: 11  ID: MLA  ARGOS:  8905  Name: Manuela             
Lat: 74.95S  Lon: 163.69E  Elev:   78m
2017 305 11  1 0000   -7.0  988.0    8.6  224.0  444.0  444.0
2017 305 11  1 0100   -9.5  988.5    6.1  154.0   67.0  444.0
2017 305 11  1 0200   -9.8  988.2    5.3  144.0   82.8  444.0
2017 305 11  1 0300  -11.1  988.4    6.2  127.0   85.1  444.0
2017 305 11  1 0400  -10.7  988.4    4.9  108.0   82.0  444.0
2017 305 11  1 0500  -10.5  988.2    4.6   99.0   80.0  444.0
2017 305 11  1 0600  -10.3  988.2    3.7   85.0   79.0  444.0
2017 305 11  1 0700  -10.2  987.7    3.1  102.0   79.4  444.0
2017 305 11  1 0800  -10.5  987.6    3.5  103.0   82.0  444.0
2017 305 11  1 0900  -10.9  987.4    2.3  133.0   84.0  444.0
2017 305 11  1 1000  -11.5  987.2    2.3  134.0   85.0  444.0
2017 305 11  1 1100  -13.0  986.7    1.9  164.0   86.0  444.0
2017 305 11  1 1200  -13.6  986.4    1.7  149.0   88.4  444.0
2017 305 11  1 1300  -14.7  986.0    2.4  166.0   87.0  444.0
2017 305 11  1 1400  -14.2  985.5    1.5  167.0   87.0  444.0
2017 305 11  1 1500  -16.3  984.8    1.4  235.0   84.0  444.0
2017 305 11  1 1600  -16.6  984.3    2.1  270.0   84.0  444.0
2017 305 11  1 1700  -17.2  983.6    1.9  255.0   82.1  444.0
2017 305 11  1 1800  -17.6  983.0    2.7  259.0   82.0  444.0
2017 305 11  1 1900  -17.2  982.6    2.7  246.0   81.0  444.0
2017 305 11  1 2000  -15.1  982.2    3.7  256.0   82.0  444.0
2017 305 11  1 2100  444.0  981.8    0.9    8.0   85.0  444.0
2017 305 11  1 2200  444.0  981.6    1.9  360.0   82.9  444.0
2017 305 11  1 2300  444.0  981.3    1.1  247.0   79.0  444.0
2017 306 11  2 0000  444.0  980.8    0.1  266.0   67.0  444.0
2017 306 11  2 0100  444.0  980.4    0.6  317.0   72.0  444.0
2017 306 11  2 0200   -9.5  980.1    2.5    9.0   75.0  444.0
2017 306 11  2 0300  -12.3  979.9    2.0  254.0   78.0  444.0
2017 306 11  2 0400  -13.2  979.9    2.6  229.0   80.8  444.0
2017 306 11  2 0500  -13.0  980.0    2.7  206.0   79.0  444.0
2017 306 11  2 0600  -13.9  980.2    3.2  188.0   83.0  444.0
2017 306 11  2 0700  -14.1  980.5    3.0  189.0   85.0  444.0
2017 306 11  2 0800  -14.2  981.2    3.6  192.0   86.0  444.0
2017 306 11  2 0900  -15.5  981.8    3.9  195.0   85.1  444.0
2017 306 11  2 1000  -16.1  982.3    4.3  205.0   84.6  444.0
2017 306 11  2 1100  -16.4  982.8    3.3  215.0   85.0  444.0
2017 306 11  2 1200  -16.2  983.2    3.2  257.0   85.0  444.0
2017 306 11  2 1300  -16.1  983.2    3.0  261.0   85.0  444.0
2017 306 11  2 1400  -15.7  983.4    3.3  259.0   85.0  444.0
2017 306 11  2 1500  -15.6  983.2    3.1  264.0   84.6  444.0
2017 306 11  2 1600  -15.7  983.3    3.8  262.0   84.0  444.0
2017 306 11  2 1700  -15.8  983.3    3.4  265.0   84.0  444.0
2017 306 11  2 1800  -15.8  983.3    2.4  267.0   84.0  444.0
2017 306 11  2 1900  -15.8  983.3    2.4  270.0   84.0  444.0
2017 306 11  2 2000  -15.5  983.5    1.3  259.0   84.1  444.0
2017 306 11  2 2100  -15.1  983.6    1.0  264.0   84.0  444.0
2017 306 11  2 2200  -14.5  983.9    1.2  257.0   85.0  444.0
2017 306 11  2 2300  -13.8  984.1    1.7  240.0   85.0  444.0
2017 307 11  3 0000  -13.0  984.3    2.1  252.0   85.0  444.0
2017 307 11  3 0100  -12.9  984.5    2.6  268.0   86.0  444.0
2017 307 11  3 0200  -13.0  984.6    3.2  197.0   85.3  444.0
2017 307 11  3 0300  -13.1  984.9    3.9  211.0   86.0  444.0
2017 307 11  3 0400  -13.2  985.2    4.0  212.0   86.0  444.0
2017 307 11  3 0500  -13.2  985.6    4.0  198.0   86.0  444.0
2017 307 11  3 0600  -13.5  986.1    4.0  211.0   86.0  444.0
2017 307 11  3 0700  -13.4  986.4    3.3  246.0   86.2  444.0
2017 307 11  3 0800  -13.6  986.7    3.2  250.0   86.0  444.0
2017 307 11  3 0900  -13.7  987.0    3.9  250.0   86.1  444.0
2017 307 11  3 1000  -13.9  987.2    3.7  264.0   86.0  444.0
2017 307 11  3 1100  -14.1  987.4    3.8  265.0   86.0  444.0
2017 307 11  3 1200  -14.1  987.4    4.4  266.0   86.0  444.0
2017 307 11  3 1300  -14.9  987.3    4.4  269.0   85.0  444.0
2017 307 11  3 1400  -15.2  987.5    3.1  264.0   85.2  444.0
2017 307 11  3 1500  -14.4  987.7    3.8  272.0   86.0  444.0
2017 307 11  3 1600  -14.5  987.8    4.2  268.0   85.0  444.0
2017 307 11  3 1700  -15.0  988.0    3.5  265.0   84.9  444.0
2017 307 11  3 1800  -15.1  988.3    3.1  263.0   85.0  444.0
2017 307 11  3 1900  -15.2  988.6    3.3  262.0   84.4  444.0
2017 307 11  3 2000  -15.1  988.7    3.1  265.0   84.0  444.0
2017 307 11  3 2100  -14.1  988.8    3.2  273.0   85.0  444.0
2017 307 11  3 2200  -14.1  988.9    3.7  269.0   84.3  444.0
2017 307 11  3 2300  -13.4  988.8    1.8  274.0   85.0  444.0
2017 308 11  4 0000  -13.3  988.5    1.5  269.0   80.6  444.0
2017 308 11  4 0100  -12.6  988.1    1.6  263.0   77.0  444.0
2017 308 11  4 0200  -12.6  987.6    2.8  269.0   75.0  444.0
2017 308 11  4 0300  -11.6  987.0    2.2   43.0   71.0  444.0
2017 308 11  4 0400  -11.9  986.4    1.2  249.0   71.0  444.0
2017 308 11  4 0500  -11.9  985.7    1.0  173.0   73.4  444.0
2017 308 11  4 0600  -11.2  985.1    1.8   62.0   72.0  444.0
2017 308 11  4 0700  444.0  984.5    0.2  343.0   51.9  444.0
2017 308 11  4 0800  -11.1  983.9    1.9   24.0   65.0  444.0
2017 308 11  4 0900  -11.8  983.6    2.6   11.0   74.0  444.0
2017 308 11  4 1000  -12.0  983.2    2.8   14.0   73.8  444.0
2017 308 11  4 1100  -11.7  983.1    2.0  265.0   65.0  444.0
2017 308 11  4 1200  -15.1  982.7    3.0  198.0   83.9  444.0
2017 308 11  4 1300  -15.6  982.5    2.3  210.0   85.0  444.0
2017 308 11  4 1400  -14.8  980.4   12.2  247.0   55.0  444.0
2017 308 11  4 1500  -15.1  979.7   12.3  259.0   54.8  444.0
2017 308 11  4 1600  -16.4  980.0   11.8  241.0   54.0  444.0
2017 308 11  4 1700  -15.1  979.3    8.8  260.0   50.1  444.0
2017 308 11  4 1800  -14.9  979.0   11.2  273.0   47.0  444.0
2017 308 11  4 1900  -16.2  978.6   12.9  254.0   58.0  444.0
2017 308 11  4 2000  -15.8  978.1   13.0  251.0   54.1  444.0
2017 308 11  4 2100  -15.5  977.6   12.8  252.0   54.0  444.0
2017 308 11  4 2200  -14.9  977.0   13.5  262.0   51.6  444.0
2017 308 11  4 2300  -14.5  976.6   12.6  261.0   53.0  444.0
2017 309 11  5 0000  -14.2  976.4   13.4  261.0   57.0  444.0
2017 309 11  5 0100  -13.7  976.1    8.3  257.0   46.5  444.0
2017 309 11  5 0200  -13.1  975.6    8.4  272.0   48.0  444.0
2017 309 11  5 0300  -11.9  975.1    3.9  289.0   38.5  444.0
2017 309 11  5 0400  -11.7  974.5    3.4  357.0   60.0  444.0
2017 309 11  5 0500  -11.7  973.8    3.3  354.0   60.4  444.0
2017 309 11  5 0600  -11.9  973.2    3.9    6.0   62.0  444.0
2017 309 11  5 0700  -11.9  972.6    3.5  344.0   55.0  444.0
2017 309 11  5 0800  -12.1  972.2    1.5    4.0   56.2  444.0
2017 309 11  5 0900  -12.9  972.0    1.7  339.0   57.0  444.0
2017 309 11  5 1000  -13.8  971.8    1.2  331.0   60.3  444.0
2017 309 11  5 1100  -15.0  971.9    1.1  247.0   68.0  444.0
2017 309 11  5 1200  -14.8  971.9    1.0  248.0   54.0  444.0
2017 309 11  5 1300  -15.3  971.7    7.3  272.0   50.1  444.0
2017 309 11  5 1400  -18.6  972.6    2.9  272.0   77.0  444.0
2017 309 11  5 1500  -18.6  973.1    3.8  238.0   79.1  444.0
2017 309 11  5 1600  -18.1  972.8    9.1  252.0   60.0  444.0
2017 309 11  5 1700  -19.0  973.0   10.3  245.0   45.0  444.0
2017 309 11  5 1800  -18.5  973.2   11.7  246.0   46.0  444.0
2017 309 11  5 1900  -17.7  973.1   13.0  260.0   48.0  444.0
2017 309 11  5 2000  -17.8  973.5   13.1  260.0   48.1  444.0
2017 309 11  5 2100  -17.7  974.1   14.0  253.0   50.0  444.0
2017 309 11  5 2200  -17.0  975.3    9.9  250.0   52.0  444.0
2017 309 11  5 2300  -16.3  976.0    7.7  250.0   52.4  444.0
2017 310 11  6 0000  -15.7  976.3    8.6  253.0   53.0  444.0
2017 310 11  6 0100  -15.0  976.4    9.9  252.0   48.7  444.0
2017 310 11  6 0200  -14.6  976.7   10.8  256.0   49.0  444.0
2017 310 11  6 0300  -13.9  976.6   11.4  272.0   48.0  444.0
2017 310 11  6 0400  -13.7  977.0    9.4  270.0   47.0  444.0
2017 310 11  6 0500  -13.5  977.5    7.4  266.0   46.1  444.0
2017 310 11  6 0600  -13.4  977.8    8.6  268.0   44.6  444.0
2017 310 11  6 0700  -13.7  977.9    8.8  270.0   41.0  444.0
2017 310 11  6 0800  -14.5  978.2    8.4  274.0   47.0  444.0
2017 310 11  6 0900  -15.3  978.1   10.4  271.0   49.0  444.0
2017 310 11  6 1000  -15.2  978.6   11.9  273.0   40.0  444.0
2017 310 11  6 1100  -17.1  979.2    5.4  267.0   53.7  444.0
2017 310 11  6 1200  -17.4  979.3    7.1  262.0   55.0  444.0
2017 310 11  6 1300  -17.8  979.6    4.8  272.0   50.5  444.0
2017 310 11  6 1400  -17.6  979.6    7.4  278.0   51.0  444.0
2017 310 11  6 1500  -20.5  979.7    5.8  273.0   59.0  444.0
2017 310 11  6 1600  -19.0  979.9    6.1  276.0   52.8  444.0
2017 310 11  6 1700  -19.7  979.9    6.7  271.0   56.0  444.0
2017 310 11  6 1800  -17.4  979.1   11.5  272.0   43.8  444.0
2017 310 11  6 1900  -16.4  979.6   10.2  273.0   44.0  444.0
2017 310 11  6 2000  -15.9  979.8    9.8  276.0   43.0  444.0
2017 310 11  6 2100  -16.0  980.3    6.9  286.0   47.9  444.0
2017 310 11  6 2200  -15.0  980.6    5.9  283.0   45.0  444.0
2017 310 11  6 2300  -14.8  980.3    8.0  281.0   49.0  444.0
2017 311 11  7 0000  -12.3  980.3    8.4  292.0   33.0  444.0
2017 311 11  7 0100  -11.9  980.6    5.2  288.0   36.0  444.0
2017 311 11  7 0200  -10.9  980.7    3.8  296.0   31.0  444.0
2017 311 11  7 0300  -10.8  980.6    3.0  273.0   36.7  444.0
2017 311 11  7 0400  -11.3  980.6    1.3  246.0   45.6  444.0
2017 311 11  7 0500  -11.3  980.4    1.7  204.0   43.0  444.0
2017 311 11  7 0600  -11.6  980.5    1.6  230.0   40.0  444.0
2017 311 11  7 0700  -12.3  980.4    2.0  239.0   46.0  444.0
2017 311 11  7 0800  -12.7  980.2    1.8  229.0   47.2  444.0
2017 311 11  7 0900  -13.2  980.2    2.1  215.0   50.2  444.0
2017 311 11  7 1000  -12.9  980.3    2.0  200.0   65.0  444.0
2017 311 11  7 1100  444.0  980.0    1.1  182.0   72.0  444.0
2017 311 11  7 1200  -16.3  979.7    1.4  214.0   75.0  444.0
2017 311 11  7 1300  -16.7  979.4    2.0  189.0   74.0  444.0
2017 311 11  7 1400  -18.5  979.3    1.2  232.0   75.8  444.0
2017 311 11  7 1500  -19.0  979.0    1.7  231.0   78.0  444.0
2017 311 11  7 1600  -19.3  978.7    1.3  234.0   78.0  444.0
2017 311 11  7 1700  -17.7  978.2    1.7  215.0   70.0  444.0
2017 311 11  7 1800  -18.3  978.0    1.6  229.0   67.0  444.0
2017 311 11  7 1900  444.0  977.3    1.3  266.0   51.0  444.0
2017 311 11  7 2000  -17.0  976.6    5.2  253.0   56.0  444.0
2017 311 11  7 2100  -15.2  975.3   10.6  266.0   48.0  444.0
2017 311 11  7 2200  -13.8  974.4   13.8  266.0   47.0  444.0
2017 311 11  7 2300  -12.8  973.8   12.5  269.0   47.0  444.0
2017 312 11  8 0000  -12.3  973.3   10.6  276.0   41.0  444.0
2017 312 11  8 0100  -11.8  972.5   10.1  286.0   41.0  444.0
2017 312 11  8 0200  -14.5  972.5    4.8  233.0   64.0  444.0
2017 312 11  8 0300  -13.2  971.8    1.8  249.0   61.0  444.0
2017 312 11  8 0400  -10.2  970.4   10.3  267.0   41.4  444.0
2017 312 11  8 0500  -11.4  970.3    5.5  247.0   49.0  444.0
2017 312 11  8 0600  -11.6  970.0    7.0  207.0   44.5  444.0
2017 312 11  8 0700  -10.5  967.7   15.2  261.0   41.0  444.0
2017 312 11  8 0800  -12.5  968.6    8.2  222.0   46.0  444.0
2017 312 11  8 0900  -13.8  968.1    6.0  218.0   58.9  444.0
2017 312 11  8 1000  -13.2  967.7    6.4  222.0   44.0  444.0
2017 312 11  8 1100  -15.4  967.4    2.7  178.0   66.0  444.0
2017 312 11  8 1200  -14.6  966.5    4.7  226.0   46.0  444.0
2017 312 11  8 1300  -14.0  964.5   15.6  258.0   41.0  444.0
2017 312 11  8 1400  -14.4  963.6   18.2  261.0   40.7  444.0
2017 312 11  8 1500  -14.9  963.1   17.7  265.0   40.0  444.0
2017 312 11  8 1600  -14.9  961.4   20.3  258.0   38.0  444.0
2017 312 11  8 1700  -15.0  962.0   20.0  265.0   39.0  444.0
2017 312 11  8 1800  -15.4  961.6   17.1  263.0   43.0  444.0
2017 312 11  8 1900  -15.0  961.0   18.0  265.0   42.0  444.0
2017 312 11  8 2000  -14.6  960.2   22.4  268.0   45.0  444.0
2017 312 11  8 2100  -13.4  960.6   17.5  266.0   43.0  444.0
2017 312 11  8 2200  -12.3  961.1   13.5  267.0   38.3  444.0
2017 312 11  8 2300  -12.0  960.2   15.3  270.0   39.0  444.0
2017 313 11  9 0000  -11.4  960.7   12.0  278.0   40.0  444.0
2017 313 11  9 0100  -10.4  960.1   16.1  269.0   42.0  444.0
2017 313 11  9 0200  -10.1  960.6   12.6  275.0   40.0  444.0
2017 313 11  9 0300  -10.8  961.5    5.6  247.0   50.0  444.0
2017 313 11  9 0400  -11.1  962.2    2.3  203.0   49.0  444.0
2017 313 11  9 0500  -11.2  962.7    1.7  190.0   57.0  444.0
2017 313 11  9 0600  -11.2  963.2    5.7  147.0   68.0  444.0
2017 313 11  9 0700  -12.4  964.1    4.2  160.0   65.5  444.0
2017 313 11  9 0800  -13.3  964.7    5.3  143.0   72.0  444.0
2017 313 11  9 0900  -13.6  965.4    5.8  139.0   74.4  444.0
2017 313 11  9 1000  -13.8  966.3    4.2  154.0   79.0  444.0
2017 313 11  9 1100  -16.5  966.9    3.5  178.0   79.0  444.0
2017 313 11  9 1200  -17.7  967.6    1.8  233.0   76.2  444.0
2017 313 11  9 1300  -17.8  968.0    2.0  243.0   77.0  444.0
2017 313 11  9 1400  -17.6  968.4    2.5  249.0   78.0  444.0
2017 313 11  9 1500  -17.9  968.6    2.8  252.0   80.0  444.0
2017 313 11  9 1600  -17.6  968.8    2.3  253.0   80.0  444.0
2017 313 11  9 1700  -16.6  969.0    1.9  264.0   81.1  444.0
2017 313 11  9 1800  444.0  968.8    0.1  289.0   74.0  444.0
2017 313 11  9 1900  444.0  968.7    0.8  346.0   71.0  444.0
2017 313 11  9 2000  -12.9  968.8    1.9   86.0   70.0  444.0
2017 313 11  9 2100  -12.5  968.6    1.6   89.0   55.0  444.0
2017 313 11  9 2200  -12.1  968.5    2.4  359.0   68.0  444.0
2017 313 11  9 2300  -11.6  968.4    2.4   44.0   64.0  444.0
2017 314 11 10 0000  -11.5  968.1    1.2  264.0   49.0  444.0
2017 314 11 10 0100  444.0  968.0    1.1  240.0   52.0  444.0
2017 314 11 10 0200  -11.4  967.6    1.5  216.0   46.0  444.0
2017 314 11 10 0300  -12.0  967.2    2.0  224.0   63.0  444.0
2017 314 11 10 0400  444.0  966.8    0.3  195.0   59.0  444.0
2017 314 11 10 0500  444.0  966.5    1.4  254.0   67.0  444.0
2017 314 11 10 0600  444.0  966.3    1.4  241.0   65.0  444.0
2017 314 11 10 0700  444.0  966.0    1.4  235.0   60.1  444.0
2017 314 11 10 0800  444.0  965.8    0.8  146.0   48.0  444.0
2017 314 11 10 0900  -10.6  965.6    2.4   69.0   65.0  444.0
2017 314 11 10 1000  -10.3  965.3    2.4   58.0   63.0  444.0
2017 314 11 10 1100  444.0  965.1    1.2  250.0   53.0  444.0
2017 314 11 10 1200  -11.1  964.9    1.3  238.0   60.0  444.0
2017 314 11 10 1300  -11.6  964.3    6.1  276.0   46.0  444.0
2017 314 11 10 1400  -15.6  964.3    5.4  257.0   54.0  444.0
2017 314 11 10 1500  -15.4  963.9    8.3  254.0   56.0  444.0
2017 314 11 10 1600  -15.4  963.9    8.0  256.0   54.0  444.0
2017 314 11 10 1700  -15.1  964.5    7.4  234.0   55.0  444.0
2017 314 11 10 1800  -14.4  964.6    3.6  181.0   68.0  444.0
2017 314 11 10 1900  -13.6  964.6    4.4  204.0   60.0  444.0
2017 314 11 10 2000  -13.2  964.8    3.1  168.0   57.0  444.0
2017 314 11 10 2100  -13.5  444.0   16.1  254.0   45.0  444.0
2017 314 11 10 2200  -13.7  965.1   11.3  239.0   43.0  444.0
2017 314 11 10 2300  -12.5  964.5   11.1  255.0   49.0  444.0
2017 315 11 11 0000  -11.6  964.3   11.1  237.0   42.0  444.0
2017 315 11 11 0100  -11.2  963.9   10.6  252.0   44.6  444.0
2017 315 11 11 0200  -11.0  963.3   12.8  250.0   43.0  444.0
2017 315 11 11 0300  -10.6  963.3   11.2  256.0   47.0  444.0
2017 315 11 11 0400  -10.2  963.1   12.3  255.0   46.0  444.0
2017 315 11 11 0500  -10.1  963.0   13.8  255.0   42.0  444.0
2017 315 11 11 0600  -10.2  963.0   14.5  256.0   42.0  444.0
2017 315 11 11 0700  -10.2  962.8   12.7  259.0   45.0  444.0
2017 315 11 11 0800  -10.7  962.8   13.2  265.0   47.0  444.0
2017 315 11 11 0900  -11.4  962.5   11.8  271.0   51.0  444.0
2017 315 11 11 1000  -12.1  962.5   10.4  273.0   47.0  444.0
2017 315 11 11 1100  -12.3  961.9   11.1  278.0   48.0  444.0
2017 315 11 11 1200  -11.6  961.9   11.4  278.0   42.1  444.0
2017 315 11 11 1300  -11.9  961.8   11.5  277.0   42.0  444.0
2017 315 11 11 1400  -12.3  961.4   11.8  271.0   45.0  444.0
2017 315 11 11 1500  -13.0  962.5   10.9  266.0   51.0  444.0
2017 315 11 11 1600  -13.3  961.5   13.3  265.0   49.0  444.0
2017 315 11 11 1700  -13.2  961.4   15.0  263.0   46.4  444.0
2017 315 11 11 1800  -13.5  961.1   17.1  264.0   47.0  444.0
2017 315 11 11 1900  -13.7  961.5   16.3  265.0   47.0  444.0
2017 315 11 11 2000  -13.3  961.9   16.3  259.0   48.0  444.0
2017 315 11 11 2100  -12.7  962.2   15.5  261.0   46.0  444.0
2017 315 11 11 2200  -12.2  962.5   13.0  256.0   48.4  444.0
2017 315 11 11 2300  -11.3  963.2   10.0  250.0   44.6  444.0
2017 316 11 12 0000  -11.5  964.0    3.9  154.0   71.0  444.0
2017 316 11 12 0100  -11.9  964.1    3.8  155.0   74.0  444.0
2017 316 11 12 0200  -12.4  964.4    5.1  125.0   76.0  444.0
2017 316 11 12 0300  -12.7  964.4    4.4  135.0   76.0  444.0
2017 316 11 12 0400  -12.6  964.1    4.0  153.0   75.0  444.0
2017 316 11 12 0500  -13.3  964.1    4.6  212.0   78.0  444.0
2017 316 11 12 0600  -13.3  964.0    4.4  212.0   78.0  444.0
2017 316 11 12 0700  -13.0  963.9    3.9  228.0   77.0  444.0
2017 316 11 12 0800  -13.2  963.9    3.5  249.0   78.0  444.0
2017 316 11 12 0900  -13.2  963.7    3.1  244.0   78.0  444.0
2017 316 11 12 1000  -13.2  963.5    3.0  238.0   76.0  444.0
2017 316 11 12 1100  -13.6  963.4    2.9  261.0   77.0  444.0
2017 316 11 12 1200  -13.8  963.3    3.5  265.0   78.0  444.0
2017 316 11 12 1300  -14.5  963.0    5.2  280.0   80.0  444.0
2017 316 11 12 1400  -15.3  962.8    3.6  271.0   81.0  444.0
2017 316 11 12 1500  -15.9  963.1    2.0  278.0   81.0  444.0
2017 316 11 12 1600  444.0  963.4    1.0  334.0   73.0  444.0
2017 316 11 12 1700  444.0  964.0    0.4  296.0   69.0  444.0
2017 316 11 12 1800  -16.5  964.4    1.7  254.0   64.0  444.0
2017 316 11 12 1900  -15.4  964.7    3.2  195.0   69.0  444.0
2017 316 11 12 2000  -15.4  965.1    3.1  230.0   71.0  444.0
2017 316 11 12 2100  -14.7  965.3    2.7  263.0   71.0  444.0
2017 316 11 12 2200  -12.9  965.4    4.4  250.0   67.0  444.0
2017 316 11 12 2300  -11.9  965.4    4.6  248.0   53.0  444.0
2017 317 11 13 0000  -11.7  965.5    3.6  253.0   56.3  444.0
2017 317 11 13 0100  -11.4  965.5    5.0  278.0   50.0  444.0
2017 317 11 13 0200  -11.4  965.6    3.6  259.0   51.0  444.0
2017 317 11 13 0300  -11.6  965.8    2.5  248.0   60.0  444.0
2017 317 11 13 0400  -13.0  966.1    5.1  191.0   71.5  444.0
2017 317 11 13 0500  -13.7  966.3    4.9  210.0   74.1  444.0
2017 317 11 13 0600  -13.9  966.5    5.1  192.0   80.0  444.0
2017 317 11 13 0700  -14.4  966.9    5.1  161.0   79.6  444.0
2017 317 11 13 0800  -15.2  967.1    4.4  196.0   80.0  444.0
2017 317 11 13 0900  -14.9  967.3    3.4  163.0   78.0  444.0
2017 317 11 13 1000  -15.7  967.3    3.3  210.0   80.0  444.0
2017 317 11 13 1100  -16.0  967.4    3.3  215.0   79.0  444.0
2017 317 11 13 1200  -16.4  967.4    2.8  205.0   79.8  444.0
2017 317 11 13 1300  -15.8  967.5    3.0  159.0   76.9  444.0
2017 317 11 13 1400  -15.8  967.5    3.3  144.0   78.0  444.0
2017 317 11 13 1500  -15.7  967.6    2.3  141.0   77.0  444.0
2017 317 11 13 1600  -15.7  967.7    3.0  129.0   77.0  444.0
2017 317 11 13 1700  -16.3  967.9    1.4  194.0   78.6  444.0
2017 317 11 13 1800  -16.8  968.0    2.6  210.0   78.0  444.0
2017 317 11 13 1900  -16.5  968.1    2.7  215.0   77.0  444.0
2017 317 11 13 2000  -16.0  968.3    2.3  216.0   74.0  444.0
2017 317 11 13 2100  -15.4  968.5    2.2  233.0   69.0  444.0
2017 317 11 13 2200  -15.1  968.5    2.0  240.0   64.8  444.0
2017 317 11 13 2300  -14.4  968.4    3.5  260.0   61.0  444.0
2017 318 11 14 0000  -13.9  968.4    4.3  257.0   47.0  444.0
2017 318 11 14 0100  -13.5  968.1    4.6  279.0   50.0  444.0
2017 318 11 14 0200  -12.8  967.9    7.8  281.0   50.0  444.0
2017 318 11 14 0300  -12.9  967.7    5.8  289.0   52.1  444.0
2017 318 11 14 0400  -12.6  967.5    4.6  294.0   50.0  444.0
2017 318 11 14 0500  -12.0  967.0    6.0  285.0   41.6  444.0
2017 318 11 14 0600  -11.5  967.0    4.2  283.0   38.0  444.0
2017 318 11 14 0700  -11.8  966.5    6.8  292.0   50.7  444.0
2017 318 11 14 0800  -13.7  966.3    7.7  284.0   60.0  444.0
2017 318 11 14 0900  -14.6  966.1    7.8  283.0   59.0  444.0
2017 318 11 14 1000  -15.4  966.2    5.4  280.0   61.5  444.0
2017 318 11 14 1100  -15.1  965.9    8.2  278.0   50.8  444.0
2017 318 11 14 1200  -15.1  965.5   11.3  276.0   51.0  444.0
2017 318 11 14 1300  -15.1  965.3   12.1  275.0   49.0  444.0
2017 318 11 14 1400  -15.0  966.0   14.0  273.0   44.0  444.0
2017 318 11 14 1500  -15.7  966.3   10.0  275.0   52.6  444.0
2017 318 11 14 1600  -15.4  966.3   12.4  263.0   48.0  444.0
2017 318 11 14 1700  -15.0  966.6   12.3  264.0   47.0  444.0
2017 318 11 14 1800  -14.5  966.8   13.4  268.0   48.0  444.0
2017 318 11 14 1900  -14.3  967.2   11.7  280.0   47.0  444.0
2017 318 11 14 2000  -13.5  966.5   14.3  274.0   44.7  444.0
2017 318 11 14 2100  -12.7  966.8   14.4  279.0   43.0  444.0
2017 318 11 14 2200  -12.0  967.0   12.2  272.0   42.0  444.0
2017 318 11 14 2300  -11.2  967.0   13.4  275.0   41.0  444.0
2017 319 11 15 0000  -10.2  966.8   12.4  276.0   44.0  444.0
2017 319 11 15 0100   -9.4  966.6   12.8  276.0   43.5  444.0
2017 319 11 15 0200   -8.5  966.2   11.9  274.0   42.0  444.0
2017 319 11 15 0300   -8.0  966.2   11.5  276.0   45.6  444.0
2017 319 11 15 0400   -7.6  966.3   11.0  278.0   47.0  444.0
2017 319 11 15 0500   -7.8  965.9   10.4  267.0   52.0  444.0
2017 319 11 15 0600   -7.9  966.0    8.6  274.0   53.6  444.0
2017 319 11 15 0700   -7.9  965.6   11.4  271.0   53.1  444.0
2017 319 11 15 0800   -7.9  965.6   10.4  258.0   49.7  444.0
2017 319 11 15 0900   -8.8  966.0    9.5  249.0   51.0  444.0
2017 319 11 15 1000   -9.6  966.4    7.6  249.0   57.0  444.0
2017 319 11 15 1100  -10.4  964.8   13.0  264.0   53.0  444.0
2017 319 11 15 1200   -9.9  964.2   16.8  266.0   47.0  444.0
2017 319 11 15 1300  -10.7  963.8   14.6  268.0   50.2  444.0
2017 319 11 15 1400  -11.0  964.0   17.2  271.0   47.0  444.0
2017 319 11 15 1500  -11.6  964.5   14.3  268.0   51.0  444.0
2017 319 11 15 1600  -11.6  965.8   12.0  271.0   51.3  444.0
2017 319 11 15 1700  -12.1  967.1    8.1  262.0   54.0  444.0
2017 319 11 15 1800  -12.7  966.8   10.6  257.0   53.6  444.0
2017 319 11 15 1900  -12.8  967.2    7.8  277.0   62.0  444.0
2017 319 11 15 2000  -12.1  966.7   11.1  275.0   54.0  444.0
2017 319 11 15 2100  -11.2  966.3   12.4  262.0   52.0  444.0
2017 319 11 15 2200  -10.3  966.2   15.9  268.0   46.0  444.0
2017 319 11 15 2300   -9.9  966.0   12.1  270.0   53.8  444.0
2017 320 11 16 0000   -8.8  965.8   10.6  272.0   48.0  444.0
2017 320 11 16 0100   -7.5  964.7   15.2  267.0   44.6  444.0
2017 320 11 16 0200   -6.7  964.6   13.8  277.0   50.0  444.0
2017 320 11 16 0300   -6.1  965.5    4.1  249.0   46.0  444.0
2017 320 11 16 0400   -5.7  965.6    1.0  264.0   38.0  444.0
2017 320 11 16 0500   -6.1  965.5    2.7  298.0   40.0  444.0
2017 320 11 16 0600   -6.5  965.6    2.2  251.0   46.5  444.0
2017 320 11 16 0700   -7.9  965.3    2.1  256.0   71.0  444.0
2017 320 11 16 0800   -7.7  965.5    1.4  177.0   69.0  444.0
2017 320 11 16 0900  444.0  965.6    1.4  196.0   62.0  444.0
2017 320 11 16 1000  444.0  965.8    1.3  271.0   61.0  444.0
2017 320 11 16 1100   -7.4  965.3    7.1  276.0   53.5  444.0
2017 320 11 16 1200   -7.2  965.6    8.1  254.0   56.0  444.0
2017 320 11 16 1300   -8.3  966.6    4.0  183.0   63.0  444.0
2017 320 11 16 1400   -9.9  967.1    4.2  217.0   68.0  444.0
2017 320 11 16 1500   -9.6  967.0    2.0  231.0   70.0  444.0
2017 320 11 16 1600  -10.5  967.4    3.2  252.0   77.6  444.0
2017 320 11 16 1700   -9.6  967.2    6.2  256.0   83.0  444.0
2017 320 11 16 1800   -8.9  967.1    9.1  253.0   60.0  444.0
2017 320 11 16 1900   -8.8  967.1   10.7  257.0   60.0  444.0
2017 320 11 16 2000   -8.9  967.3    9.0  268.0   64.0  444.0
2017 320 11 16 2100   -8.5  967.4    8.9  257.0   62.6  444.0
2017 320 11 16 2200   -8.8  967.5   11.0  255.0   68.9  444.0
2017 320 11 16 2300   -8.2  967.8   11.6  248.0   60.0  444.0
2017 321 11 17 0000   -8.1  968.0   10.8  252.0   56.0  444.0
2017 321 11 17 0100   -7.6  968.4    9.0  247.0   54.9  444.0
2017 321 11 17 0200   -6.9  968.7    7.9  247.0   54.6  444.0
2017 321 11 17 0300   -6.9  969.1    7.1  246.0   52.0  444.0
2017 321 11 17 0400   -6.6  969.5    4.8  233.0   49.0  444.0
2017 321 11 17 0500   -6.3  970.0    3.7  162.0   59.0  444.0
2017 321 11 17 0600   -6.6  970.4    3.3  186.0   62.0  444.0
2017 321 11 17 0700   -7.7  970.9    4.5  130.0   84.0  444.0
2017 321 11 17 0800   -7.9  971.3    5.2  147.0   85.0  444.0
2017 321 11 17 0900   -8.9  971.5    4.1  193.0   88.0  444.0
2017 321 11 17 1000   -9.6  971.8    3.5  179.0   84.0  444.0
2017 321 11 17 1100   -9.9  972.3    3.0  187.0   85.0  444.0
2017 321 11 17 1200  -10.2  972.2    2.4  173.0   87.0  444.0
2017 321 11 17 1300  444.0  972.1    1.4  253.0   87.0  444.0
2017 321 11 17 1400  -11.7  971.8    1.1  262.0   88.4  444.0
2017 321 11 17 1500  -12.8  971.2    7.0  270.0   77.0  444.0
2017 321 11 17 1600  -12.2  970.5   12.7  275.0   62.0  444.0
2017 321 11 17 1700  -12.8  970.4   12.1  264.0   63.0  444.0
2017 321 11 17 1800  -12.3  969.9   13.4  269.0   63.3  444.0
2017 321 11 17 1900  -12.6  969.2   16.5  269.0   65.6  444.0
2017 321 11 17 2000  -12.5  969.3   16.0  271.0   63.0  444.0
2017 321 11 17 2100  -12.1  968.8   18.0  267.0   63.0  444.0
2017 321 11 17 2200  -11.4  969.3   18.4  269.0   62.0  444.0
2017 321 11 17 2300  -10.6  969.7   17.5  270.0   58.1  444.0
2017 322 11 18 0000  -10.1  969.3   18.6  270.0   59.1  444.0
2017 322 11 18 0100   -9.3  968.6   17.5  265.0   58.0  444.0
2017 322 11 18 0200   -9.0  968.6   18.2  266.0   55.0  444.0
2017 322 11 18 0300   -8.1  969.2   15.3  266.0   54.0  444.0
2017 322 11 18 0400   -7.9  968.7   17.3  267.0   51.8  444.0
2017 322 11 18 0500   -7.4  968.8   14.4  270.0   48.0  444.0
2017 322 11 18 0600   -7.3  968.8   11.8  274.0   52.9  444.0
2017 322 11 18 0700   -7.2  968.7   13.5  272.0   47.5  444.0
2017 322 11 18 0800   -7.2  968.6   12.7  272.0   46.0  444.0
2017 322 11 18 0900   -7.6  968.1   15.3  272.0   45.0  444.0
2017 322 11 18 1000   -8.4  968.2   14.1  276.0   50.0  444.0
2017 322 11 18 1100   -9.0  968.0   15.3  269.0   48.4  444.0
2017 322 11 18 1200   -9.7  967.6   16.4  269.0   46.0  444.0
2017 322 11 18 1300  -10.9  967.2   19.0  266.0   55.0  444.0
2017 322 11 18 1400  -12.1  967.4   19.2  260.0   61.0  444.0
2017 322 11 18 1500  -13.1  966.1   23.2  264.0   63.0  444.0
2017 322 11 18 1600  -13.9  966.4   24.2  262.0   72.5  444.0
2017 322 11 18 1700  -13.8  967.5   19.4  268.0   66.0  444.0
2017 322 11 18 1800  -13.3  967.2   23.5  267.0   65.0  444.0
2017 322 11 18 1900  -13.1  967.6   20.7  265.0   65.0  444.0
2017 322 11 18 2000  -13.0  967.6   20.8  262.0   70.0  444.0
2017 322 11 18 2100  -12.4  968.4   18.3  266.0   65.9  444.0
2017 322 11 18 2200  -11.9  968.6   18.3  262.0   67.0  444.0
2017 322 11 18 2300  -11.3  968.1   18.9  264.0   66.0  444.0
2017 323 11 19 0000  -10.6  968.1   18.4  263.0   60.0  444.0
2017 323 11 19 0100  -10.0  967.5   18.4  266.0   64.0  444.0
2017 323 11 19 0200   -9.6  967.2   19.4  265.0   63.5  444.0
2017 323 11 19 0300   -9.2  967.2   18.2  266.0   62.0  444.0
2017 323 11 19 0400   -8.9  967.3   18.2  264.0   64.0  444.0
2017 323 11 19 0500   -8.8  967.1   18.1  262.0   63.0  444.0
2017 323 11 19 0600   -8.8  967.2   18.5  264.0   63.0  444.0
2017 323 11 19 0700   -8.9  967.6   18.5  268.0   58.0  444.0
2017 323 11 19 0800   -9.3  967.6   16.8  268.0   57.0  444.0
2017 323 11 19 0900   -9.5  968.6   14.6  274.0   55.4  444.0
2017 323 11 19 1000   -9.4  967.8   16.5  271.0   51.0  444.0
2017 323 11 19 1100   -9.2  968.9   14.1  269.0   43.0  444.0
2017 323 11 19 1200   -8.9  969.4   10.7  277.0   46.0  444.0
2017 323 11 19 1300  -10.5  968.6   13.8  284.0   48.0  444.0
2017 323 11 19 1400  -11.3  968.2   18.0  276.0   55.2  444.0
2017 323 11 19 1500  -11.9  969.5   15.2  271.0   58.0  444.0
2017 323 11 19 1600  -11.7  969.5   15.3  277.0   54.0  444.0
2017 323 11 19 1700  -12.2  970.2   10.9  263.0   59.0  444.0
2017 323 11 19 1800  -10.7  970.2   12.1  271.0   48.0  444.0
2017 323 11 19 1900  -11.3  969.9   11.5  271.0   54.1  444.0
2017 323 11 19 2000  -10.4  970.4   12.9  269.0   55.0  444.0
2017 323 11 19 2100   -9.9  970.4   10.8  271.0   53.0  444.0
2017 323 11 19 2200   -9.5  970.1   11.4  271.0   53.0  444.0
2017 323 11 19 2300   -8.6  970.1   12.2  272.0   47.0  444.0
2017 324 11 20 0000   -8.3  970.3   11.6  272.0   54.1  444.0
2017 324 11 20 0100   -7.3  970.3   12.0  270.0   49.0  444.0
2017 324 11 20 0200   -6.1  970.5    9.4  271.0   52.8  444.0
2017 324 11 20 0300   -5.9  971.1    5.1  238.0   65.0  444.0
2017 324 11 20 0400   -5.8  971.5    2.3  169.0   57.0  444.0
2017 324 11 20 0500   -5.8  971.8    4.0  158.0   55.0  444.0
2017 324 11 20 0600   -4.7  972.0    2.0  141.0   71.9  444.0
2017 324 11 20 0700   -7.0  972.4    2.2  209.0   76.1  444.0
2017 324 11 20 0800   -6.8  972.6    1.9  208.0   77.0  444.0
2017 324 11 20 0900   -6.9  972.9    2.1  199.0   82.0  444.0
2017 324 11 20 1000   -7.0  973.3    2.7  196.0   90.0  444.0
2017 324 11 20 1100   -7.7  973.7    2.2  217.0   91.0  444.0
2017 324 11 20 1200   -7.9  973.8    2.2  190.0   90.5  444.0
2017 324 11 20 1300   -8.6  974.1    3.6  210.0   91.0  444.0
2017 324 11 20 1400   -9.8  973.9    2.9  249.0   91.0  444.0
2017 324 11 20 1500   -9.7  974.1    4.2  252.0   90.0  444.0
2017 324 11 20 1600   -9.9  974.3    4.1  261.0   87.0  444.0
2017 324 11 20 1700  -10.3  974.5    5.0  254.0   69.4  444.0
2017 324 11 20 1800  -10.3  974.3    6.9  264.0   71.0  444.0
2017 324 11 20 1900   -9.9  973.9    9.5  275.0   66.0  444.0
2017 324 11 20 2000   -9.7  974.3    9.6  270.0   64.0  444.0
2017 324 11 20 2100   -8.7  974.3    7.7  262.0   62.0  444.0
2017 324 11 20 2200   -8.5  973.2   13.9  263.0   63.9  444.0
2017 324 11 20 2300   -8.6  972.6   15.2  267.0   57.0  444.0
2017 325 11 21 0000   -6.7  972.8   11.4  266.0   55.0  444.0
2017 325 11 21 0100   -6.2  972.1   12.6  272.0   53.0  444.0
2017 325 11 21 0200   -5.6  971.9    8.5  283.0   52.0  444.0
2017 325 11 21 0300   -4.9  971.3    7.2  293.0   42.6  444.0
2017 325 11 21 0400   -4.3  970.4    8.3  278.0   50.0  444.0
2017 325 11 21 0500   -3.8  969.8   10.1  268.0   42.4  444.0
2017 325 11 21 0600   -4.4  968.3   13.2  258.0   45.0  444.0
2017 325 11 21 0700   -5.7  967.2   18.3  257.0   51.0  444.0
2017 325 11 21 0800   -5.5  966.4   19.1  261.0   43.0  444.0
2017 325 11 21 0900   -6.0  965.8   18.4  259.0   44.0  444.0
2017 325 11 21 1000   -6.4  965.3   19.2  260.0   44.1  444.0
2017 325 11 21 1100   -7.4  964.3   20.5  259.0   48.0  444.0
2017 325 11 21 1200   -8.3  965.5   17.1  263.0   49.0  444.0
2017 325 11 21 1300   -9.4  963.6   21.7  259.0   52.0  444.0
2017 325 11 21 1400  -11.0  963.0   23.8  260.0   66.0  444.0
2017 325 11 21 1500  -11.6  963.1   23.1  265.0   64.9  444.0
2017 325 11 21 1600  -12.3  963.3   23.2  260.0   67.0  444.0
2017 325 11 21 1700  -12.6  963.6   20.7  268.0   65.0  444.0
2017 325 11 21 1800  -12.3  963.7   18.8  266.0   62.0  444.0
2017 325 11 21 1900  -11.9  963.0   19.2  256.0   59.0  444.0
2017 325 11 21 2000  -11.4  962.3   21.8  256.0   56.9  444.0
2017 325 11 21 2100  -11.2  962.2   20.9  257.0   61.0  444.0
2017 325 11 21 2200  -11.0  962.2   22.1  259.0   64.0  444.0
2017 325 11 21 2300  -10.8  962.0   22.7  258.0   64.0  444.0
2017 326 11 22 0000  -10.3  962.4   20.3  257.0   57.0  444.0
2017 326 11 22 0100   -9.9  962.5   18.3  258.0   59.4  444.0
2017 326 11 22 0200   -9.9  962.0   21.2  263.0   54.0  444.0
2017 326 11 22 0300   -9.8  444.0   19.7  257.0   58.0  444.0
2017 326 11 22 0400   -9.3  962.6   17.2  254.0   53.0  444.0
2017 326 11 22 0500   -8.6  963.3   12.8  252.0   50.0  444.0
2017 326 11 22 0600   -8.1  963.3   11.1  255.0   46.0  444.0
2017 326 11 22 0700   -8.2  963.3   11.3  257.0   48.0  444.0
2017 326 11 22 0800   -8.5  963.6    9.4  255.0   50.0  444.0
2017 326 11 22 0900   -8.5  963.7    8.3  246.0   46.0  444.0
2017 326 11 22 1000   -9.5  964.1    4.6  226.0   53.0  444.0
2017 326 11 22 1100   -9.8  964.2    5.8  215.0   44.0  444.0
2017 326 11 22 1200  -10.8  964.2    8.1  245.0   48.0  444.0
2017 326 11 22 1300  -11.8  963.7    9.5  253.0   48.0  444.0
2017 326 11 22 1400  -13.0  963.2   13.0  253.0   44.0  444.0
2017 326 11 22 1500  -13.7  963.2   12.9  256.0   48.0  444.0
2017 326 11 22 1600  -14.3  963.0   12.0  260.0   52.0  444.0
2017 326 11 22 1700  -14.6  963.4   10.3  262.0   56.0  444.0
2017 326 11 22 1800  -13.7  962.9   12.0  262.0   56.5  444.0
2017 326 11 22 1900  -12.9  963.2   12.9  261.0   58.0  444.0
2017 326 11 22 2000  -11.9  962.8   12.8  264.0   53.0  444.0
2017 326 11 22 2100  -10.9  962.5   11.5  272.0   44.0  444.0
2017 326 11 22 2200  -10.3  962.6   11.6  279.0   42.9  444.0
2017 326 11 22 2300   -9.8  962.3   13.0  278.0   43.6  444.0
2017 327 11 23 0000   -9.5  962.3   11.5  283.0   46.0  444.0
2017 327 11 23 0100   -8.7  961.9   13.6  272.0   42.0  444.0
2017 327 11 23 0200   -8.7  961.3   17.7  265.0   41.4  444.0
2017 327 11 23 0300   -8.6  962.0   14.2  265.0   44.0  444.0
2017 327 11 23 0400   -7.9  962.0    9.8  272.0   43.0  444.0
2017 327 11 23 0500   -7.1  961.9    5.9  289.0   32.0  444.0
2017 327 11 23 0600   -6.3  961.7    7.0  295.0   28.0  444.0
2017 327 11 23 0700   -6.3  961.5    7.7  288.0   33.0  444.0
2017 327 11 23 0800   -7.2  961.0   10.7  274.0   38.0  444.0
2017 327 11 23 0900   -8.2  960.8   10.8  269.0   40.0  444.0
2017 327 11 23 1000   -8.1  961.0   11.0  269.0   43.0  444.0
2017 327 11 23 1100   -9.8  960.8   11.7  268.0   50.0  444.0
2017 327 11 23 1200   -9.9  960.7   11.6  265.0   48.0  444.0
2017 327 11 23 1300  -10.3  960.9   12.7  278.0   46.0  444.0
2017 327 11 23 1400  -11.2  960.6   13.3  276.0   50.0  444.0
2017 327 11 23 1500  -11.1  960.6   13.4  275.0   47.0  444.0
2017 327 11 23 1600  -10.9  959.9   14.8  272.0   46.0  444.0
2017 327 11 23 1700  -10.7  959.9   18.2  275.0   42.0  444.0
2017 327 11 23 1800  -11.0  959.1   20.7  267.0   45.0  444.0
2017 327 11 23 1900  -10.4  959.4   20.1  269.0   43.0  444.0
2017 327 11 23 2000   -9.9  959.5   19.7  265.0   44.0  444.0
2017 327 11 23 2100   -8.8  959.9   19.8  269.0   38.0  444.0
2017 327 11 23 2200   -8.3  961.1   15.2  266.0   41.0  444.0
2017 327 11 23 2300   -7.4  961.0   15.1  267.0   43.0  444.0
2017 328 11 24 0000   -6.8  961.6   14.4  270.0   42.0  444.0
2017 328 11 24 0100   -5.8  962.3   11.3  275.0   40.0  444.0
2017 328 11 24 0200   -5.0  963.9    5.5  292.0   34.0  444.0
2017 328 11 24 0300   -3.9  964.4    3.5  283.0   30.0  444.0
2017 328 11 24 0400   -4.3  965.2    5.5  286.0   46.2  444.0
2017 328 11 24 0500   -3.7  965.8    4.5  286.0   40.0  444.0
2017 328 11 24 0600   -3.3  966.7    6.0  275.0   35.0  444.0
2017 328 11 24 0700   -4.3  967.8    3.9  245.0   56.0  444.0
2017 328 11 24 0800   -5.5  968.9    3.5  220.0   67.0  444.0
2017 328 11 24 0900   -4.7  969.7    4.7  186.0   72.0  444.0
2017 328 11 24 1000   -5.3  970.6    4.7  165.0   69.0  444.0
2017 328 11 24 1100   -7.6  971.7    1.6  253.0   76.0  444.0
2017 328 11 24 1200   -7.1  972.5    2.5  250.0   75.0  444.0
2017 328 11 24 1300   -6.3  973.0    3.6  215.0   62.0  444.0
2017 328 11 24 1400   -8.6  973.2    4.4  257.0   71.0  444.0
2017 328 11 24 1500   -7.4  972.9   12.3  253.0   54.0  444.0
2017 328 11 24 1600   -6.8  973.9   12.0  267.0   51.0  444.0
2017 328 11 24 1700   -7.0  974.5   11.5  265.0   53.0  444.0
2017 328 11 24 1800   -6.4  973.9   16.5  267.0   50.0  444.0
2017 328 11 24 1900   -5.9  974.1   17.4  270.0   46.0  444.0
2017 328 11 24 2000   -5.0  974.6   19.0  264.0   43.7  444.0
2017 328 11 24 2100   -4.7  974.7   23.4  263.0   42.0  444.0
2017 328 11 24 2200   -4.1  974.2   23.8  260.0   41.0  444.0
2017 328 11 24 2300   -3.6  973.9   23.4  264.0   41.0  444.0
2017 329 11 25 0000   -2.8  974.2   22.3  266.0   42.0  444.0
2017 329 11 25 0100   -1.9  974.3   21.7  263.0   43.5  444.0
2017 329 11 25 0200   -1.4  974.1   19.8  267.0   42.0  444.0
2017 329 11 25 0300   -0.3  974.8   17.2  262.0   45.0  444.0
2017 329 11 25 0400    0.5  974.8   16.5  249.0   42.0  444.0
2017 329 11 25 0500   -0.5  444.0   20.4  253.0   39.0  444.0
2017 329 11 25 0600   -1.1  974.3   20.2  254.0   42.0  444.0
2017 329 11 25 0700   -2.1  974.7   20.2  253.0   41.0  444.0
2017 329 11 25 0800   -3.2  974.3   19.7  257.0   43.2  444.0
2017 329 11 25 0900   -4.2  974.1   20.6  264.0   40.0  444.0
2017 329 11 25 1000   -4.9  971.6   22.5  258.0   40.0  444.0
2017 329 11 25 1100   -5.6  971.1   25.1  259.0   40.0  444.0
2017 329 11 25 1200   -6.3  970.4   23.5  258.0   41.0  444.0
2017 329 11 25 1300   -7.0  969.9   24.0  255.0   51.4  444.0
2017 329 11 25 1400   -8.6  969.0   25.8  259.0   69.0  444.0
2017 329 11 25 1500   -8.9  968.0   25.6  258.0   69.0  444.0
2017 329 11 25 1600   -8.7  968.0   25.7  257.0   67.0  444.0
2017 329 11 25 1700   -8.8  968.8   22.9  257.0   65.0  444.0
2017 329 11 25 1800   -8.8  968.3   21.4  255.0   63.4  444.0
2017 329 11 25 1900   -9.0  967.5   24.5  255.0   66.0  444.0
2017 329 11 25 2000   -9.3  966.1   27.8  259.0   72.0  444.0
2017 329 11 25 2100   -9.1  966.5   25.5  257.0   68.0  444.0
2017 329 11 25 2200   -8.8  967.6   19.5  258.0   63.6  444.0
2017 329 11 25 2300   -8.1  967.4   19.9  256.0   64.1  444.0
2017 330 11 26 0000   -7.1  967.8   17.0  255.0   62.0  444.0
2017 330 11 26 0100   -6.7  967.9   17.2  252.0   60.0  444.0
2017 330 11 26 0200   -6.0  968.1   15.0  251.0   58.0  444.0
2017 330 11 26 0300   -5.7  967.7   14.8  251.0   61.0  444.0
2017 330 11 26 0400   -4.2  968.8    5.7  239.0   50.4  444.0
2017 330 11 26 0500   -3.5  968.7    2.9  198.0   45.0  444.0
2017 330 11 26 0600  444.0  968.7    1.7  244.0   40.0  444.0
2017 330 11 26 0700   -3.9  968.6    3.3  128.0   45.0  444.0
2017 330 11 26 0800   -4.3  968.6    2.6  270.0   53.0  444.0
2017 330 11 26 0900   -5.0  968.1    2.5  237.0   61.0  444.0
2017 330 11 26 1000   -6.1  968.2    5.0  254.0   51.0  444.0
2017 330 11 26 1100   -7.7  967.6    7.6  255.0   59.0  444.0
2017 330 11 26 1200   -8.2  967.6    9.9  261.0   55.0  444.0
2017 330 11 26 1300   -8.7  967.5   12.0  264.0   52.0  444.0
2017 330 11 26 1400   -9.2  967.5   11.7  265.0   53.0  444.0
2017 330 11 26 1500   -9.3  967.1   15.0  261.0   49.0  444.0
2017 330 11 26 1600   -9.5  967.5   17.1  261.0   46.5  444.0
2017 330 11 26 1700   -9.7  967.5   18.3  263.0   47.0  444.0
2017 330 11 26 1800   -9.7  967.7   17.7  261.0   48.0  444.0
2017 330 11 26 1900   -9.5  967.8   19.1  260.0   44.0  444.0
2017 330 11 26 2000   -9.1  967.8   20.3  260.0   43.0  444.0
2017 330 11 26 2100   -8.6  968.0   19.5  258.0   44.5  444.0
2017 330 11 26 2200   -8.1  968.4   18.3  258.0   44.0  444.0
2017 330 11 26 2300   -7.3  968.8   18.7  259.0   43.0  444.0
2017 331 11 27 0000   -6.4  968.7   16.4  258.0   43.0  444.0
2017 331 11 27 0100   -5.8  968.9   16.7  258.0   43.0  444.0
2017 331 11 27 0200   -5.1  968.7   17.1  258.0   41.0  444.0
2017 331 11 27 0300   -4.6  967.9   17.3  258.0   43.2  444.0
2017 331 11 27 0400   -4.2  968.0   18.2  258.0   40.6  444.0
2017 331 11 27 0500   -3.9  968.6   14.6  259.0   45.0  444.0
2017 331 11 27 0600   -3.8  968.6   13.7  258.0   45.0  444.0
2017 331 11 27 0700   -3.9  968.4   13.9  257.0   44.0  444.0
2017 331 11 27 0800   -4.3  968.3   14.8  261.0   44.0  444.0
2017 331 11 27 0900   -4.7  968.1   13.3  261.0   46.6  444.0
2017 331 11 27 1000   -5.1  968.2   13.2  258.0   44.0  444.0
2017 331 11 27 1100   -5.7  967.7   13.8  258.0   44.0  444.0
2017 331 11 27 1200   -6.3  967.4   15.6  259.0   44.6  444.0
2017 331 11 27 1300   -7.1  967.3   15.6  256.0   45.0  444.0
2017 331 11 27 1400   -7.6  967.4   15.2  258.0   43.0  444.0
2017 331 11 27 1500   -8.3  967.2   16.2  258.0   44.0  444.0
2017 331 11 27 1600   -9.0  967.2   15.5  261.0   46.0  444.0
2017 331 11 27 1700   -8.9  967.5   14.8  262.0   45.1  444.0
2017 331 11 27 1800   -8.7  966.9   16.2  261.0   45.0  444.0
2017 331 11 27 1900   -8.5  966.8   15.8  262.0   44.0  444.0
2017 331 11 27 2000   -8.3  967.3   15.0  263.0   46.0  444.0
2017 331 11 27 2100   -7.6  967.4   14.3  266.0   43.0  444.0
2017 331 11 27 2200   -7.4  967.7   14.7  266.0   48.0  444.0
2017 331 11 27 2300   -6.4  967.8   13.2  260.0   47.0  444.0
2017 332 11 28 0000   -5.7  968.7   10.0  252.0   48.0  444.0
2017 332 11 28 0100   -4.7  968.2   10.6  255.0   46.0  444.0
2017 332 11 28 0200   -4.0  968.3   11.4  255.0   45.6  444.0
2017 332 11 28 0300   -3.1  969.1    5.0  223.0   43.0  444.0
2017 332 11 28 0400   -3.2  969.3    3.3  192.0   48.6  444.0
2017 332 11 28 0500   -3.3  969.3    2.9  164.0   58.0  444.0
2017 332 11 28 0600   -3.4  969.4    3.4  128.0   62.0  444.0
2017 332 11 28 0700   -3.8  969.4    3.6  110.0   63.5  444.0
2017 332 11 28 0800   -4.2  969.5    4.3  100.0   72.0  444.0
2017 332 11 28 0900   -3.9  969.8    1.5  116.0   73.0  444.0
2017 332 11 28 1000   -4.7  969.9    1.5   90.0   77.0  444.0
2017 332 11 28 1100   -5.2  970.2    2.2  120.0   76.0  444.0
2017 332 11 28 1200  444.0  970.4    1.0  126.0   73.2  444.0
2017 332 11 28 1300  444.0  970.4    1.3  209.0   79.0  444.0
2017 332 11 28 1400   -9.2  970.3    4.9  257.0   85.0  444.0
2017 332 11 28 1500   -8.5  970.5    6.0  253.0   54.0  444.0
2017 332 11 28 1600   -8.5  970.2   10.2  255.0   49.0  444.0
2017 332 11 28 1700   -7.7  970.7   13.1  241.0   40.8  444.0
2017 332 11 28 1800   -8.4  970.5   12.4  256.0   49.0  444.0
2017 332 11 28 1900   -8.7  971.4    6.4  249.0   60.0  444.0
2017 332 11 28 2000   -8.0  971.8    3.0  234.0   61.0  444.0
2017 332 11 28 2100   -7.2  971.6    5.8  255.0   51.0  444.0
2017 332 11 28 2200   -5.9  971.3    5.2  281.0   51.4  444.0
2017 332 11 28 2300   -5.8  971.0    6.0  287.0   51.0  444.0
2017 333 11 29 0000   -4.9  970.5    8.3  266.0   46.0  444.0
2017 333 11 29 0100   -3.9  970.0    9.3  277.0   44.0  444.0
2017 333 11 29 0200   -3.0  969.6    8.9  284.0   41.6  444.0
2017 333 11 29 0300   -3.0  969.3    9.9  281.0   48.5  444.0
2017 333 11 29 0400   -2.0  969.0    9.4  280.0   41.0  444.0
2017 333 11 29 0500   -1.6  969.3    7.7  277.0   42.1  444.0
2017 333 11 29 0600   -1.6  969.5    7.8  278.0   44.0  444.0
2017 333 11 29 0700   -1.4  969.6    6.3  275.0   41.6  444.0
2017 333 11 29 0800   -1.9  969.7    5.1  267.0   47.0  444.0
2017 333 11 29 0900   -1.9  969.9    4.6  264.0   49.0  444.0
2017 333 11 29 1000   -2.7  970.0    4.5  264.0   50.5  444.0
2017 333 11 29 1100   -3.2  970.1    6.6  272.0   48.0  444.0
2017 333 11 29 1200   -4.0  970.1    7.6  267.0   48.0  444.0
2017 333 11 29 1300   -4.8  970.3    8.7  264.0   49.0  444.0
2017 333 11 29 1400   -5.2  970.8    8.5  264.0   48.5  444.0
2017 333 11 29 1500   -6.9  971.6    5.8  250.0   56.0  444.0
2017 333 11 29 1600   -7.8  972.1    2.0  265.0   59.0  444.0
2017 333 11 29 1700   -7.6  972.4    4.7  269.0   58.0  444.0
2017 333 11 29 1800   -8.0  973.0    2.8  284.0   66.8  444.0
2017 333 11 29 1900   -7.6  973.3    3.8  251.0   62.8  444.0
2017 333 11 29 2000   -6.5  973.7    3.5  264.0   57.6  444.0
2017 333 11 29 2100   -6.0  974.1    3.9  221.0   54.0  444.0
2017 333 11 29 2200   -5.0  974.5    2.0  266.0   55.0  444.0
2017 333 11 29 2300   -4.0  974.9    2.1  262.0   44.0  444.0
2017 334 11 30 0000   -3.7  975.1    1.6  252.0   41.3  444.0
2017 334 11 30 0100  444.0  975.4    1.5  257.0   46.0  444.0
2017 334 11 30 0200  444.0  975.4    1.2    5.0   34.0  444.0
2017 334 11 30 0300  444.0  975.7    1.7   70.0   39.1  444.0
2017 334 11 30 0400  444.0  975.8    1.4   86.0   35.0  444.0
2017 334 11 30 0500  444.0  975.8    1.5   75.0   38.7  444.0
2017 334 11 30 0600  444.0  976.1    1.1   49.0   40.0  444.0
2017 334 11 30 0700  444.0  976.2    0.6  227.0   46.3  444.0
2017 334 11 30 0800  444.0  976.2    0.6  122.0   38.6  444.0
2017 334 11 30 0900  444.0  976.3    0.4  246.0   44.0  444.0
2017 334 11 30 1000  444.0  976.0    2.2  203.0   55.0  444.0
2017 334 11 30 1100   -3.3  976.2    2.3  196.0   59.0  444.0
2017 334 11 30 1200   -5.7  976.6    2.1  177.0   76.0  444.0
2017 334 11 30 1300   -6.0  976.8    2.5    0.0   84.2  444.0
2017 334 11 30 1400   -6.3  976.9    2.8  167.0   88.0  444.0
2017 334 11 30 1500   -7.0  977.0    1.7  186.0   89.0  444.0
2017 334 11 30 1600   -8.3  977.2    2.8  197.0   88.0  444.0
2017 334 11 30 1700   -9.4  977.6    1.7  213.0   90.3  444.0
2017 334 11 30 1800  444.0  977.8    1.6  223.0   92.1  444.0
2017 334 11 30 1900   -7.7  978.0    2.1  256.0   92.0  444.0
2017 334 11 30 2000   -6.9  978.0    2.4  246.0   92.0  444.0
2017 334 11 30 2100   -6.6  978.3    1.7  211.0   91.1  444.0
2017 334 11 30 2200   -5.6  978.4    1.2  290.0   90.0  444.0
2017 334 11 30 2300  444.0  978.5    0.8  274.0   89.0  444.0
