Year: 2018  Month: 10  ID: MLA  ARGOS:  8905  Name: Manuela             
Lat: 74.95S  Lon: 163.69E  Elev:   78m
2018 274 10  1 0000  -18.9  955.7    9.5  204.0   80.0  444.0
2018 274 10  1 0100  -17.8  956.7    9.7  122.0   80.4  444.0
2018 274 10  1 0200  -18.1  957.0    4.8  181.0   80.0  444.0
2018 274 10  1 0300  -18.8  957.4    8.1  210.0   80.0  444.0
2018 274 10  1 0400  -18.8  957.9    4.0  210.0   80.5  444.0
2018 274 10  1 0500  -17.9  958.8    3.7  212.0   80.0  444.0
2018 274 10  1 0600  -18.4  958.2    8.6  209.0   81.0  444.0
2018 274 10  1 0700  -18.0  958.0    5.1  203.0   82.0  444.0
2018 274 10  1 0800  -17.4  959.5    2.8   68.0   82.0  444.0
2018 274 10  1 0900  -17.3  961.4    7.5  162.0   79.3  444.0
2018 274 10  1 1000  -17.4  961.1    5.5  178.0   82.0  444.0
2018 274 10  1 1100  -16.9  960.6    8.6  177.0   83.0  444.0
2018 274 10  1 1200  -16.6  960.3   14.1  155.0   83.0  444.0
2018 274 10  1 1300  -16.3  961.0   11.6  154.0   83.2  444.0
2018 274 10  1 1400  -16.5  962.1   10.4  154.0   81.4  444.0
2018 274 10  1 1500  -17.5  962.6   10.3  201.0   83.0  444.0
2018 274 10  1 1600  -17.8  963.0   13.8  213.0   82.0  444.0
2018 274 10  1 1700  -18.4  963.6   11.3  223.0   82.0  444.0
2018 274 10  1 1800  -18.7  964.0    8.1  221.0   82.0  444.0
2018 274 10  1 1900  -19.2  963.9    6.9  235.0   81.0  444.0
2018 274 10  1 2000  -18.8  963.6    6.8  217.0   81.0  444.0
2018 274 10  1 2100  -19.3  963.3    5.4  227.0   76.0  444.0
2018 274 10  1 2200  -18.3  962.8    1.3  338.0   76.0  444.0
2018 274 10  1 2300  -18.8  962.2    5.5  275.0   77.0  444.0
2018 275 10  2 0000  -18.2  961.8    8.1  252.0   71.0  444.0
2018 275 10  2 0100  -18.7  962.3    4.0  242.0   73.0  444.0
2018 275 10  2 0200  -18.2  961.9    4.9  267.0   70.4  444.0
2018 275 10  2 0300  -18.8  961.4    5.9  239.0   71.0  444.0
2018 275 10  2 0400  -18.3  960.9    6.6  230.0   63.0  444.0
2018 275 10  2 0500  -18.8  960.4    9.7  258.0   68.0  444.0
2018 275 10  2 0600  -19.0  960.5   11.9  254.0   64.0  444.0
2018 275 10  2 0700  -19.7  960.2    9.8  260.0   64.7  444.0
2018 275 10  2 0800  -20.2  960.3    6.7  242.0   59.0  444.0
2018 275 10  2 0900  -19.6  960.4    3.9  256.0   50.0  444.0
2018 275 10  2 1000  -21.3  960.5    3.5  251.0   59.0  444.0
2018 275 10  2 1100  -21.5  960.0    6.7  266.0   54.0  444.0
2018 275 10  2 1200  -21.9  959.2   12.3  249.0   64.7  444.0
2018 275 10  2 1300  -22.5  958.4   13.4  256.0   68.8  444.0
2018 275 10  2 1400  -23.0  958.9   13.7  251.0   69.0  444.0
2018 275 10  2 1500  -23.6  958.5   14.8  252.0   73.0  444.0
2018 275 10  2 1600  -23.8  958.5   14.6  254.0   72.0  444.0
2018 275 10  2 1700  -24.3  958.9   12.9  262.0   69.8  444.0
2018 275 10  2 1800  -24.0  958.4   15.6  263.0   70.6  444.0
2018 275 10  2 1900  -25.1  959.1   15.1  266.0   72.1  444.0
2018 275 10  2 2000  -24.9  959.0   13.6  266.0   69.0  444.0
2018 275 10  2 2100  -24.5  959.2   15.5  268.0   66.0  444.0
2018 275 10  2 2200  -24.1  958.8   14.9  270.0   60.1  444.0
2018 275 10  2 2300  -24.1  959.2   14.2  271.0   59.3  444.0
2018 276 10  3 0000  -23.4  959.0   15.9  272.0   68.7  444.0
2018 276 10  3 0100  -22.7  958.5   16.3  270.0   59.0  444.0
2018 276 10  3 0200  -22.6  958.7   13.2  271.0   56.0  444.0
2018 276 10  3 0300  -22.4  958.2   14.3  270.0   56.8  444.0
2018 276 10  3 0400  -22.3  957.9   13.2  270.0   55.0  444.0
2018 276 10  3 0500  -22.4  957.7   12.3  268.0   51.3  444.0
2018 276 10  3 0600  -22.9  957.3   12.8  269.0   54.0  444.0
2018 276 10  3 0700  -23.0  957.4    9.4  264.0   56.2  444.0
2018 276 10  3 0800  -22.7  956.9   14.5  273.0   56.0  444.0
2018 276 10  3 0900  -23.0  956.4   14.4  266.0   64.0  444.0
2018 276 10  3 1000  -23.0  956.1   15.2  266.0   65.4  444.0
2018 276 10  3 1100  -22.7  955.2   19.5  266.0   64.0  444.0
2018 276 10  3 1200  -23.7  954.8   19.1  263.0   73.0  444.0
2018 276 10  3 1300  -24.2  955.0   20.4  266.0   72.0  444.0
2018 276 10  3 1400  -24.5  955.3   19.5  264.0   73.0  444.0
2018 276 10  3 1500  -24.8  954.4   19.9  256.0   74.1  444.0
2018 276 10  3 1600  -24.5  954.0   18.8  260.0   74.0  444.0
2018 276 10  3 1700  -24.2  954.0   18.7  261.0   73.7  444.0
2018 276 10  3 1800  -24.4  953.6   19.0  261.0   74.0  444.0
2018 276 10  3 1900  -24.6  953.1   20.6  262.0   72.0  444.0
2018 276 10  3 2000  -24.5  953.0   22.3  267.0   69.8  444.0
2018 276 10  3 2100  -24.4  953.4   19.5  267.0   70.0  444.0
2018 276 10  3 2200  -23.6  952.8   18.3  266.0   68.5  444.0
2018 276 10  3 2300  -22.8  952.5   17.6  262.0   71.0  444.0
2018 277 10  4 0000  -22.1  951.1   22.3  268.0   72.0  444.0
2018 277 10  4 0100  -21.5  950.9   18.2  270.0   73.5  444.0
2018 277 10  4 0200  -20.6  950.1   21.6  268.0   72.0  444.0
2018 277 10  4 0300  -20.2  950.8   17.2  274.0   69.9  444.0
2018 277 10  4 0400  -19.7  950.4   16.8  273.0   72.0  444.0
2018 277 10  4 0500  -19.5  949.1   17.7  276.0   74.0  444.0
2018 277 10  4 0600  -19.3  948.5   19.4  278.0   71.0  444.0
2018 277 10  4 0700  -19.3  947.4   21.0  276.0   71.0  444.0
2018 277 10  4 0800  -19.2  946.8   23.5  273.0   62.1  444.0
2018 277 10  4 0900  -19.6  946.8   22.6  273.0   73.0  444.0
2018 277 10  4 1000  -19.3  947.5   20.4  278.0   72.3  444.0
2018 277 10  4 1100  -18.9  947.5   20.9  275.0   69.0  444.0
2018 277 10  4 1200  -18.0  947.1   18.6  273.0   58.0  444.0
2018 277 10  4 1300  -17.6  947.7   17.7  276.0   61.0  444.0
2018 277 10  4 1400  -18.4  948.6   15.8  276.0   64.0  444.0
2018 277 10  4 1500  -18.8  949.6   13.8  275.0   66.2  444.0
2018 277 10  4 1600  -17.4  950.2   13.4  270.0   66.0  444.0
2018 277 10  4 1700  -17.3  950.8   13.2  275.0   82.0  444.0
2018 277 10  4 1800  -17.0  951.6   11.4  272.0   83.0  444.0
2018 277 10  4 1900  -16.4  951.8   11.2  268.0   84.0  444.0
2018 277 10  4 2000  -16.0  952.1   12.0  276.0   82.0  444.0
2018 277 10  4 2100  -16.8  952.2   12.0  277.0   84.0  444.0
2018 277 10  4 2200  -16.2  951.2   14.4  280.0   83.0  444.0
2018 277 10  4 2300  -16.1  950.4   16.1  280.0   81.0  444.0
2018 278 10  5 0000  -16.0  949.7   17.6  278.0   78.0  444.0
2018 278 10  5 0100  -14.8  949.3   17.1  279.0   75.3  444.0
2018 278 10  5 0200  -14.0  949.0   16.7  281.0   72.0  444.0
2018 278 10  5 0300  -12.2  948.8   14.7  280.0   63.0  444.0
2018 278 10  5 0400  -12.1  947.6   17.8  279.0   64.0  444.0
2018 278 10  5 0500  -12.6  948.3   15.7  280.0   65.0  444.0
2018 278 10  5 0600  -13.1  949.2   14.9  275.0   67.0  444.0
2018 278 10  5 0700  -11.6  950.8   10.3  276.0   63.0  444.0
2018 278 10  5 0800  -11.8  951.2   10.0  272.0   80.9  444.0
2018 278 10  5 0900  -13.0  951.6    8.5  270.0   83.0  444.0
2018 278 10  5 1000  -12.5  951.5   11.3  275.0   76.0  444.0
2018 278 10  5 1100  -12.7  951.6   11.6  270.0   83.0  444.0
2018 278 10  5 1200  -12.8  951.7   11.8  274.0   74.0  444.0
2018 278 10  5 1300  -13.4  951.6   12.7  274.0   78.7  444.0
2018 278 10  5 1400  -14.8  951.9   10.3  274.0   80.0  444.0
2018 278 10  5 1500  -14.8  951.4   13.6  269.0   69.0  444.0
2018 278 10  5 1600  -15.4  952.6   13.2  262.0   73.0  444.0
2018 278 10  5 1700  -15.2  952.8   13.2  271.0   66.0  444.0
2018 278 10  5 1800  -16.2  953.8    8.3  264.0   69.0  444.0
2018 278 10  5 1900  -16.8  954.3   11.1  268.0   68.0  444.0
2018 278 10  5 2000  -16.2  954.8    9.7  263.0   66.0  444.0
2018 278 10  5 2100  -17.1  954.1   14.8  261.0   74.0  444.0
2018 278 10  5 2200  -17.0  954.3   20.4  274.0   71.0  444.0
2018 278 10  5 2300  -16.9  955.0   14.9  279.0   71.3  444.0
2018 279 10  6 0000  -15.2  955.2   14.4  274.0   62.0  444.0
2018 279 10  6 0100  -14.9  955.4   12.9  274.0   69.0  444.0
2018 279 10  6 0200  -14.9  956.5   11.4  269.0   70.6  444.0
2018 279 10  6 0300  -14.5  956.8   11.3  263.0   64.2  444.0
2018 279 10  6 0400  -15.0  957.0   11.5  264.0   64.0  444.0
2018 279 10  6 0500  -15.3  957.7   12.3  263.0   65.0  444.0
2018 279 10  6 0600  -15.4  958.5   11.4  263.0   66.0  444.0
2018 279 10  6 0700  -15.6  959.0   10.1  262.0   63.0  444.0
2018 279 10  6 0800  -15.6  959.5   11.1  261.0   69.0  444.0
2018 279 10  6 0900  -15.4  959.5   13.2  269.0   65.0  444.0
2018 279 10  6 1000  -15.5  960.4   13.8  273.0   82.0  444.0
2018 279 10  6 1100  -14.9  961.3   12.7  275.0   85.0  444.0
2018 279 10  6 1200  -15.5  961.8   13.1  277.0   85.0  444.0
2018 279 10  6 1300  -16.2  962.6   13.9  276.0   84.0  444.0
2018 279 10  6 1400  -17.0  963.5   12.9  274.0   83.0  444.0
2018 279 10  6 1500  -16.0  964.1   12.7  276.0   71.0  444.0
2018 279 10  6 1600  -16.0  964.4   12.7  271.0   69.0  444.0
2018 279 10  6 1700  -16.1  965.3   12.7  274.0   70.0  444.0
2018 279 10  6 1800  -15.9  965.9   12.3  268.0   66.0  444.0
2018 279 10  6 1900  -16.4  965.9   13.1  270.0   68.0  444.0
2018 279 10  6 2000  -16.7  965.9   14.4  280.0   68.0  444.0
2018 279 10  6 2100  -17.6  967.1   13.5  271.0   70.0  444.0
2018 279 10  6 2200  -17.5  967.0   13.8  274.0   67.0  444.0
2018 279 10  6 2300  -17.1  968.7   12.4  263.0   66.0  444.0
2018 280 10  7 0000  -17.1  968.1   14.2  270.0   67.7  444.0
2018 280 10  7 0100  -16.7  969.5   10.0  263.0   61.4  444.0
2018 280 10  7 0200  -16.4  969.7   10.8  267.0   62.0  444.0
2018 280 10  7 0300  -16.4  969.2   12.1  265.0   63.0  444.0
2018 280 10  7 0400  -16.3  969.7    9.7  266.0   62.0  444.0
2018 280 10  7 0500  -16.5  969.7   12.9  266.0   59.3  444.0
2018 280 10  7 0600  -16.7  969.6   12.6  263.0   55.2  444.0
2018 280 10  7 0700  -17.6  968.9   14.2  262.0   65.0  444.0
2018 280 10  7 0800  -18.1  968.7   17.6  264.0   69.0  444.0
2018 280 10  7 0900  -18.7  968.5   19.0  266.0   68.0  444.0
2018 280 10  7 1000  -19.0  968.3   20.6  266.0   70.0  444.0
2018 280 10  7 1100  -19.5  967.7   23.2  266.0   71.0  444.0
2018 280 10  7 1200  -20.0  968.2   20.4  266.0   69.1  444.0
2018 280 10  7 1300  -20.6  968.8   16.2  263.0   67.0  444.0
2018 280 10  7 1400  -21.1  968.5   17.1  260.0   70.0  444.0
2018 280 10  7 1500  -21.5  968.1   19.1  267.0   69.0  444.0
2018 280 10  7 1600  -21.8  966.7   26.9  269.0   73.0  444.0
2018 280 10  7 1700  -21.9  966.9   27.2  271.0   73.6  444.0
2018 280 10  7 1800  -22.1  967.6   21.1  263.0   74.7  444.0
2018 280 10  7 1900  -21.5  968.5   19.4  259.0   75.0  444.0
2018 280 10  7 2000  -21.1  967.8   22.9  262.0   71.0  444.0
2018 280 10  7 2100  -21.0  967.1   22.4  261.0   68.0  444.0
2018 280 10  7 2200  -20.5  966.9   24.2  268.0   64.5  444.0
2018 280 10  7 2300  -20.1  966.4   24.7  268.0   66.5  444.0
2018 281 10  8 0000  -19.3  966.4   27.0  270.0   68.0  444.0
2018 281 10  8 0100  -19.2  965.1   28.4  273.0   71.0  444.0
2018 281 10  8 0200  -18.5  966.8   23.2  270.0   67.0  444.0
2018 281 10  8 0300  -18.5  967.3   14.3  273.0   64.9  444.0
2018 281 10  8 0400  -17.8  966.6   14.9  275.0   66.7  444.0
2018 281 10  8 0500  -17.5  966.1   16.0  274.0   71.0  444.0
2018 281 10  8 0600  -17.3  966.6   15.3  277.0   71.7  444.0
2018 281 10  8 0700  -16.2  966.7   15.5  276.0   66.0  444.0
2018 281 10  8 0800  -15.6  966.8   14.8  277.0   67.0  444.0
2018 281 10  8 0900  -16.0  966.9   14.6  279.0   72.0  444.0
2018 281 10  8 1000  -16.2  966.5   15.5  278.0   74.0  444.0
2018 281 10  8 1100  -15.6  966.2   15.3  280.0   70.5  444.0
2018 281 10  8 1200  -14.5  966.4   13.9  280.0   65.0  444.0
2018 281 10  8 1300  -13.5  965.9   12.3  273.0   61.0  444.0
2018 281 10  8 1400  -14.4  965.5   14.4  275.0   61.0  444.0
2018 281 10  8 1500  -14.3  965.8   13.4  270.0   63.7  444.0
2018 281 10  8 1600  -14.7  965.9   14.0  276.0   65.7  444.0
2018 281 10  8 1700  -14.8  966.3   12.7  265.0   66.0  444.0
2018 281 10  8 1800  -15.0  966.8   10.7  261.0   70.0  444.0
2018 281 10  8 1900  -15.0  968.0    9.9  256.0   79.0  444.0
2018 281 10  8 2000  -14.9  968.3   11.9  255.0   83.9  444.0
2018 281 10  8 2100  -14.9  968.8   13.9  255.0   84.7  444.0
2018 281 10  8 2200  -15.0  969.7   12.0  260.0   84.0  444.0
2018 281 10  8 2300  -14.6  969.8   13.5  270.0   84.0  444.0
2018 282 10  9 0000  -14.1  969.6   12.6  272.0   81.0  444.0
2018 282 10  9 0100  -13.8  969.8   11.4  276.0   80.0  444.0
2018 282 10  9 0200  -14.2  969.8   13.3  281.0   73.7  444.0
2018 282 10  9 0300  -14.1  969.8   10.8  277.0   73.0  444.0
2018 282 10  9 0400  -13.6  970.0   10.8  270.0   72.9  444.0
2018 282 10  9 0500  -13.6  969.3   11.1  275.0   76.0  444.0
2018 282 10  9 0600  -12.2  968.3   15.0  277.0   73.0  444.0
2018 282 10  9 0700  -12.0  969.2   12.1  265.0   73.0  444.0
2018 282 10  9 0800  -12.4  969.6    9.7  268.0   72.0  444.0
2018 282 10  9 0900  -13.1  969.5   10.9  256.0   73.9  444.0
2018 282 10  9 1000  -13.6  968.9   11.0  274.0   72.0  444.0
2018 282 10  9 1100  -13.9  968.6   14.7  268.0   69.0  444.0
2018 282 10  9 1200  -15.0  967.9   16.5  270.0   69.0  444.0
2018 282 10  9 1300  -15.7  967.0   17.9  272.0   69.0  444.0
2018 282 10  9 1400  -17.0  967.0   18.7  267.0   71.8  444.0
2018 282 10  9 1500  -18.0  965.7   21.6  267.0   73.0  444.0
2018 282 10  9 1600  -18.6  966.7   19.8  269.0   74.0  444.0
2018 282 10  9 1700  -19.3  965.9   22.1  261.0   77.0  444.0
2018 282 10  9 1800  -19.6  965.4   20.9  258.0   75.0  444.0
2018 282 10  9 1900  -20.1  963.8   24.4  255.0   75.5  444.0
2018 282 10  9 2000  -21.1  965.2   22.4  260.0   73.0  444.0
2018 282 10  9 2100  -21.8  965.3   21.4  258.0   75.0  444.0
2018 282 10  9 2200  -21.7  963.7   25.5  258.0   76.0  444.0
2018 282 10  9 2300  -21.7  963.7   26.8  256.0   76.0  444.0
2018 283 10 10 0000  -21.6  963.7   27.1  260.0   75.4  444.0
2018 283 10 10 0100  -21.2  963.2   24.3  258.0   74.0  444.0
2018 283 10 10 0200  -21.3  963.3   22.8  261.0   75.0  444.0
2018 283 10 10 0300  -20.8  963.3   21.8  261.0   73.0  444.0
2018 283 10 10 0400  -20.7  962.0   24.3  262.0   73.0  444.0
2018 283 10 10 0500  -19.8  963.1   17.8  259.0   68.0  444.0
2018 283 10 10 0600  -19.9  962.5   22.0  267.0   64.0  444.0
2018 283 10 10 0700  -19.9  961.2   25.4  267.0   68.8  444.0
2018 283 10 10 0800  -19.8  961.7   25.5  267.0   64.0  444.0
2018 283 10 10 0900  -19.5  961.6   21.3  264.0   65.0  444.0
2018 283 10 10 1000  -19.0  962.1   14.9  271.0   61.0  444.0
2018 283 10 10 1100  -17.9  961.5   16.2  275.0   58.0  444.0
2018 283 10 10 1200  -18.8  959.9   20.9  278.0   67.5  444.0
2018 283 10 10 1300  -19.5  958.9   21.7  277.0   72.5  444.0
2018 283 10 10 1400  -19.8  959.6   18.0  275.0   70.0  444.0
2018 283 10 10 1500  -17.9  958.2   23.3  272.0   60.0  444.0
2018 283 10 10 1600  -19.0  958.0   24.1  271.0   68.0  444.0
2018 283 10 10 1700  -18.7  957.8   22.7  273.0   61.5  444.0
2018 283 10 10 1800  -21.0  957.7   17.6  270.0   68.4  444.0
2018 283 10 10 1900  -19.8  957.2   19.5  274.0   65.0  444.0
2018 283 10 10 2000  -20.2  956.8   19.5  275.0   69.0  444.0
2018 283 10 10 2100  -19.8  956.4   18.6  273.0   67.0  444.0
2018 283 10 10 2200  -17.9  955.9   21.6  267.0   63.2  444.0
2018 283 10 10 2300  -18.2  956.3   22.5  258.0   67.0  444.0
2018 284 10 11 0000  -17.5  956.4   20.6  262.0   67.0  444.0
2018 284 10 11 0100  -16.8  955.5   22.9  259.0   65.0  444.0
2018 284 10 11 0200  -16.8  957.5   21.6  259.0   64.0  444.0
2018 284 10 11 0300  -16.4  957.9   18.3  261.0   61.0  444.0
2018 284 10 11 0400  -16.1  957.0   23.7  264.0   60.0  444.0
2018 284 10 11 0500  -16.3  957.1   22.1  265.0   62.0  444.0
2018 284 10 11 0600  -15.9  957.5   19.5  272.0   58.3  444.0
2018 284 10 11 0700  -16.1  959.5   10.0  284.0   53.0  444.0
2018 284 10 11 0800  -16.7  960.0    9.5  288.0   51.0  444.0
2018 284 10 11 0900  -17.2  959.0   18.0  276.0   51.0  444.0
2018 284 10 11 1000  -16.9  958.7   16.5  281.0   60.0  444.0
2018 284 10 11 1100  -17.7  957.4   21.1  277.0   62.7  444.0
2018 284 10 11 1200  -18.0  958.0   21.0  274.0   61.0  444.0
2018 284 10 11 1300  -18.4  958.3   22.9  274.0   59.0  444.0
2018 284 10 11 1400  -19.6  957.0   27.4  266.0   71.0  444.0
2018 284 10 11 1500  -19.9  957.6   27.1  266.0   64.3  444.0
2018 284 10 11 1600  -20.2  958.3   25.1  266.0   65.4  444.0
2018 284 10 11 1700  -21.2  958.1   26.9  265.0   67.0  444.0
2018 284 10 11 1800  -21.1  960.6   24.6  264.0   65.0  444.0
2018 284 10 11 1900  -20.8  962.3   19.8  257.0   58.0  444.0
2018 284 10 11 2000  -21.1  963.1   19.1  262.0   62.0  444.0
2018 284 10 11 2100  -21.6  963.7   21.6  261.0   62.1  444.0
2018 284 10 11 2200  -20.6  965.5   19.5  263.0   57.0  444.0
2018 284 10 11 2300  -19.5  966.9   17.1  268.0   54.0  444.0
2018 285 10 12 0000  -18.7  968.2   11.9  269.0   52.0  444.0
2018 285 10 12 0100  -18.5  968.0   14.1  270.0   55.0  444.0
2018 285 10 12 0200  -18.0  969.2   12.6  273.0   55.0  444.0
2018 285 10 12 0300  -17.8  970.1   12.6  276.0   55.0  444.0
2018 285 10 12 0400  -17.3  970.5   13.8  281.0   54.7  444.0
2018 285 10 12 0500  -16.4  971.4   11.0  280.0   51.8  444.0
2018 285 10 12 0600  -16.8  971.7   11.1  277.0   55.0  444.0
2018 285 10 12 0700  -16.6  972.2   11.8  279.0   57.0  444.0
2018 285 10 12 0800  -16.3  972.4   10.9  276.0   64.0  444.0
2018 285 10 12 0900  -16.4  972.7   10.1  277.0   66.0  444.0
2018 285 10 12 1000  -16.1  972.9    9.7  280.0   66.0  444.0
2018 285 10 12 1100  -16.3  972.8    9.6  281.0   67.0  444.0
2018 285 10 12 1200  -16.1  972.4    9.4  280.0   60.0  444.0
2018 285 10 12 1300  -17.5  971.3   13.8  276.0   62.0  444.0
2018 285 10 12 1400  -19.3  971.1   13.8  272.0   63.0  444.0
2018 285 10 12 1500  -18.6  970.9   14.6  268.0   60.0  444.0
2018 285 10 12 1600  -18.1  969.8   19.1  268.0   60.0  444.0
2018 285 10 12 1700  -18.5  969.2   18.7  264.0   59.0  444.0
2018 285 10 12 1800  -19.7  968.6   22.6  266.0   62.0  444.0
2018 285 10 12 1900  -19.3  968.6   22.2  264.0   61.0  444.0
2018 285 10 12 2000  -19.0  968.4   24.3  269.0   63.0  444.0
2018 285 10 12 2100  -18.6  968.3   23.3  266.0   59.0  444.0
2018 285 10 12 2200  -18.0  968.9   23.1  266.0   60.0  444.0
2018 285 10 12 2300  -16.9  969.0   20.4  270.0   53.0  444.0
2018 286 10 13 0000  -16.1  970.8   16.6  275.0   50.0  444.0
2018 286 10 13 0100  -15.7  971.7   13.0  284.0   48.0  444.0
2018 286 10 13 0200  -16.4  971.6   11.0  279.0   53.0  444.0
2018 286 10 13 0300  -16.0  972.3   10.2  290.0   51.0  444.0
2018 286 10 13 0400  -15.4  972.2   10.5  286.0   51.0  444.0
2018 286 10 13 0500  -15.2  972.3   12.7  277.0   50.7  444.0
2018 286 10 13 0600  -14.1  972.5   14.4  272.0   47.0  444.0
2018 286 10 13 0700  -14.1  972.6   15.9  269.0   41.0  444.0
2018 286 10 13 0800  -14.8  973.8   13.8  264.0   47.0  444.0
2018 286 10 13 0900  -15.4  974.0   16.6  260.0   45.0  444.0
2018 286 10 13 1000  -16.4  974.8   16.1  257.0   45.0  444.0
2018 286 10 13 1100  -17.1  975.2   16.2  255.0   46.0  444.0
2018 286 10 13 1200  -17.8  975.6   16.0  261.0   44.0  444.0
2018 286 10 13 1300  -18.6  976.2   15.7  262.0   45.0  444.0
2018 286 10 13 1400  -19.8  976.8   18.0  261.0   49.0  444.0
2018 286 10 13 1500  -20.8  976.9   19.6  262.0   58.0  444.0
2018 286 10 13 1600  -21.8  978.1   18.2  262.0   57.0  444.0
2018 286 10 13 1700  -22.3  979.0   21.6  263.0   65.0  444.0
2018 286 10 13 1800  -22.3  979.4   20.2  262.0   60.0  444.0
2018 286 10 13 1900  -22.4  980.5   20.3  257.0   64.0  444.0
2018 286 10 13 2000  -22.5  981.7   18.1  258.0   58.0  444.0
2018 286 10 13 2100  -21.8  983.2   19.0  258.0   57.0  444.0
2018 286 10 13 2200  -21.5  984.0   17.1  262.0   53.4  444.0
2018 286 10 13 2300  -21.0  985.2   18.2  262.0   50.0  444.0
2018 287 10 14 0000  -20.1  986.7   14.8  263.0   50.0  444.0
2018 287 10 14 0100  -20.2  987.0   17.2  264.0   49.0  444.0
2018 287 10 14 0200  -19.9  987.3   17.4  264.0   49.0  444.0
2018 287 10 14 0300  -19.1  987.9   18.0  267.0   46.4  444.0
2018 287 10 14 0400  -18.5  989.0   15.2  273.0   47.0  444.0
2018 287 10 14 0500  -18.2  989.1   15.2  268.0   45.0  444.0
2018 287 10 14 0600  -18.0  989.7   15.1  270.0   44.0  444.0
2018 287 10 14 0700  -18.3  990.1   12.9  275.0   44.0  444.0
2018 287 10 14 0800  -18.8  990.8   11.2  277.0   43.6  444.0
2018 287 10 14 0900  -19.0  989.8   16.1  265.0   42.6  444.0
2018 287 10 14 1000  -21.3  991.2    8.0  280.0   50.0  444.0
2018 287 10 14 1100  -20.4  990.8    9.5  269.0   42.0  444.0
2018 287 10 14 1200  -20.1  990.6    9.9  268.0   43.0  444.0
2018 287 10 14 1300  -19.9  989.8   11.0  261.0   39.2  444.0
2018 287 10 14 1400  -20.6  990.0    7.9  273.0   45.0  444.0
2018 287 10 14 1500  -20.0  989.6   10.4  264.0   37.0  444.0
2018 287 10 14 1600  -19.8  988.6   12.2  267.0   38.0  444.0
2018 287 10 14 1700  -20.3  988.3   12.8  271.0   38.0  444.0
2018 287 10 14 1800  -21.7  987.0   20.2  271.0   43.5  444.0
2018 287 10 14 1900  -22.7  986.2   22.6  262.0   58.3  444.0
2018 287 10 14 2000  -23.3  985.3   26.8  264.0   65.3  444.0
2018 287 10 14 2100  -23.6  985.1   23.3  260.0   64.0  444.0
2018 287 10 14 2200  -23.4  984.3   25.0  258.0   64.0  444.0
2018 287 10 14 2300  -23.0  984.0   25.4  256.0   61.4  444.0
2018 288 10 15 0000  -22.6  984.8   25.4  255.0   65.1  444.0
2018 288 10 15 0100  -21.9  444.0   25.8  255.0   53.2  444.0
2018 288 10 15 0200  -21.0  984.4   28.4  257.0   44.0  444.0
2018 288 10 15 0300  -20.6  986.6   26.0  256.0   43.0  444.0
2018 288 10 15 0400  -20.2  989.3   21.7  254.0   41.0  444.0
2018 288 10 15 0500  -20.0  990.2   19.0  256.0   42.0  444.0
2018 288 10 15 0600  -19.4  991.5   17.9  255.0   40.2  444.0
2018 288 10 15 0700  -19.1  991.9   14.5  250.0   43.0  444.0
2018 288 10 15 0800  -18.8  991.8   14.3  250.0   44.0  444.0
2018 288 10 15 0900  -18.5  991.5   17.2  258.0   44.0  444.0
2018 288 10 15 1000  -20.6  992.6   10.8  274.0   48.0  444.0
2018 288 10 15 1100  -21.2  992.5   11.2  275.0   49.6  444.0
2018 288 10 15 1200  -19.3  991.2   20.7  261.0   45.9  444.0
2018 288 10 15 1300  -19.4  990.8   22.5  260.0   43.3  444.0
2018 288 10 15 1400  -19.4  990.9   20.0  256.0   43.0  444.0
2018 288 10 15 1500  -19.9  990.9   23.4  255.0   43.0  444.0
2018 288 10 15 1600  -20.1  992.4   21.1  256.0   43.8  444.0
2018 288 10 15 1700  -20.0  992.8   19.9  253.0   42.6  444.0
2018 288 10 15 1800  -19.7  992.7   19.5  256.0   41.6  444.0
2018 288 10 15 1900  -19.5  993.9   16.2  249.0   44.0  444.0
2018 288 10 15 2000  -18.8  993.1   15.7  253.0   44.0  444.0
2018 288 10 15 2100  -18.3  992.1   14.1  244.0   46.3  444.0
2018 288 10 15 2200  -17.6  991.2   14.0  238.0   51.2  444.0
2018 288 10 15 2300  -16.3  990.0   12.2  242.0   49.4  444.0
2018 289 10 16 0000  -15.6  988.8   16.5  246.0   48.0  444.0
2018 289 10 16 0100  -15.1  988.1   17.9  250.0   48.0  444.0
2018 289 10 16 0200  -14.4  987.0   16.6  252.0   44.0  444.0
2018 289 10 16 0300  -15.9  987.6   12.4  240.0   47.0  444.0
2018 289 10 16 0400  -14.5  985.4   17.1  253.0   43.0  444.0
2018 289 10 16 0500  -15.5  985.5   18.2  244.0   48.0  444.0
2018 289 10 16 0600  -15.9  985.4   12.1  232.0   47.0  444.0
2018 289 10 16 0700  -15.3  982.1   21.4  255.0   37.0  444.0
2018 289 10 16 0800  -15.4  980.5   23.3  256.0   37.0  444.0
2018 289 10 16 0900  -15.7  979.5   25.5  256.0   34.4  444.0
2018 289 10 16 1000  -16.0  978.1   25.7  259.0   38.2  444.0
2018 289 10 16 1100  -16.3  974.6   28.8  262.0   35.0  444.0
2018 289 10 16 1200  -16.6  971.7   30.0  256.0   36.0  444.0
2018 289 10 16 1300  -16.9  969.0   32.6  255.0   37.0  444.0
2018 289 10 16 1400  -17.5  968.5   31.0  255.0   39.0  444.0
2018 289 10 16 1500  -17.3  968.3   32.6  255.0   35.5  444.0
2018 289 10 16 1600  -16.9  967.1   28.6  260.0   35.0  444.0
2018 289 10 16 1700  -16.8  967.6   27.1  260.0   36.0  444.0
2018 289 10 16 1800  -16.7  966.9   25.6  268.0   35.0  444.0
2018 289 10 16 1900  -16.6  965.8   22.3  259.0   35.0  444.0
2018 289 10 16 2000  -16.0  964.5   24.9  262.0   35.0  444.0
2018 289 10 16 2100  -15.2  963.2   25.4  255.0   35.0  444.0
2018 289 10 16 2200  -14.7  963.4   20.1  260.0   37.0  444.0
2018 289 10 16 2300  -13.9  962.3   15.0  261.0   43.0  444.0
2018 290 10 17 0000  -13.3  960.0   23.5  261.0   37.0  444.0
2018 290 10 17 0100  -13.2  959.4   21.3  262.0   38.0  444.0
2018 290 10 17 0200  -13.1  958.5   21.5  263.0   39.0  444.0
2018 290 10 17 0300  -13.0  957.3   23.5  264.0   38.0  444.0
2018 290 10 17 0400  -15.6  960.5    5.7  200.0   72.0  444.0
2018 290 10 17 0500  -15.3  959.1   11.0  235.0   55.2  444.0
2018 290 10 17 0600  -16.2  959.0    9.1  230.0   49.0  444.0
2018 290 10 17 0700  -17.6  959.3    6.3  206.0   60.0  444.0
2018 290 10 17 0800  -18.8  960.0    6.7  186.0   76.0  444.0
2018 290 10 17 0900  -20.5  960.8    6.4  154.0   80.0  444.0
2018 290 10 17 1000  -22.3  961.7    4.6  202.0   78.0  444.0
2018 290 10 17 1100  -22.0  962.3    5.2  202.0   78.0  444.0
2018 290 10 17 1200  -22.0  962.6    4.9  209.0   78.0  444.0
2018 290 10 17 1300  -21.7  963.4    5.0  227.0   79.0  444.0
2018 290 10 17 1400  -23.1  962.9    6.3  256.0   70.9  444.0
2018 290 10 17 1500  -22.4  963.0   11.6  240.0   54.0  444.0
2018 290 10 17 1600  -22.9  963.4   11.3  251.0   48.0  444.0
2018 290 10 17 1700  -23.6  963.5   12.2  258.0   44.0  444.0
2018 290 10 17 1800  -23.9  963.1   13.8  253.0   45.0  444.0
2018 290 10 17 1900  -24.4  963.2   16.6  259.0   43.0  444.0
2018 290 10 17 2000  -24.6  962.2   21.4  262.0   45.0  444.0
2018 290 10 17 2100  -24.6  961.5   22.4  260.0   44.0  444.0
2018 290 10 17 2200  -24.2  961.0   22.5  262.0   43.0  444.0
2018 290 10 17 2300  -23.2  961.2   19.9  263.0   42.0  444.0
2018 291 10 18 0000  -22.5  960.2   20.3  265.0   41.0  444.0
2018 291 10 18 0100  -21.9  960.3   22.2  266.0   41.0  444.0
2018 291 10 18 0200  -20.9  959.4   24.0  268.0   39.0  444.0
2018 291 10 18 0300  -20.2  959.1   21.8  271.0   38.0  444.0
2018 291 10 18 0400  -19.5  959.4   16.1  270.0   34.6  444.0
2018 291 10 18 0500  -18.6  959.1   14.7  271.0   33.0  444.0
2018 291 10 18 0600  -18.5  959.2   11.6  276.0   36.0  444.0
2018 291 10 18 0700  -19.4  958.4   11.1  271.0   47.1  444.0
2018 291 10 18 0800  -19.3  957.9   11.4  275.0   49.0  444.0
2018 291 10 18 0900  -19.2  957.8   12.2  273.0   48.0  444.0
2018 291 10 18 1000  -19.4  957.9   12.8  277.0   48.0  444.0
2018 291 10 18 1100  -19.4  958.4   11.8  277.0   47.0  444.0
2018 291 10 18 1200  -19.7  959.8    2.1  248.0   51.6  444.0
2018 291 10 18 1300  -20.7  959.7    5.2  268.0   51.0  444.0
2018 291 10 18 1400  -20.9  960.2    4.7  248.0   59.0  444.0
2018 291 10 18 1500  -21.2  960.8    5.0  254.0   53.0  444.0
2018 291 10 18 1600  -21.6  961.2    5.5  249.0   58.0  444.0
2018 291 10 18 1700  -20.8  961.4    9.6  274.0   50.0  444.0
2018 291 10 18 1800  -20.3  961.9   10.1  269.0   51.0  444.0
2018 291 10 18 1900  -20.4  962.8    7.6  263.0   55.0  444.0
2018 291 10 18 2000  -20.1  963.7    5.0  258.0   58.0  444.0
2018 291 10 18 2100  -19.9  964.4    3.5  269.0   48.0  444.0
2018 291 10 18 2200  -18.2  965.0    6.6  260.0   55.0  444.0
2018 291 10 18 2300  -17.3  965.2    8.3  276.0   45.0  444.0
2018 292 10 19 0000  -16.7  965.8    8.1  279.0   44.0  444.0
2018 292 10 19 0100  -16.3  966.1    9.3  278.0   46.0  444.0
2018 292 10 19 0200  -15.7  966.5    9.3  276.0   44.6  444.0
2018 292 10 19 0300  -15.2  967.4    8.1  272.0   52.0  444.0
2018 292 10 19 0400  -15.5  968.6    3.6  234.0   73.0  444.0
2018 292 10 19 0500  -15.4  969.6    1.6  260.0   77.0  444.0
2018 292 10 19 0600  -16.5  970.4    1.6  237.0   83.0  444.0
2018 292 10 19 0700  -15.6  971.6    0.1  231.0   82.4  444.0
2018 292 10 19 0800  -15.2  972.8    0.7  274.0   81.5  444.0
2018 292 10 19 0900  -15.2  973.8    0.6  267.0   84.0  444.0
2018 292 10 19 1000  -15.1  974.8    2.2  249.0   79.0  444.0
2018 292 10 19 1100  -15.3  975.5    4.0  265.0   68.0  444.0
2018 292 10 19 1200  -15.5  976.0    6.0  269.0   61.0  444.0
2018 292 10 19 1300  -14.7  976.4    8.8  272.0   59.3  444.0
2018 292 10 19 1400  -15.0  976.9   10.6  274.0   60.0  444.0
2018 292 10 19 1500  -16.4  977.2   13.6  269.0   63.0  444.0
2018 292 10 19 1600  -16.2  977.5   15.6  268.0   61.0  444.0
2018 292 10 19 1700  -16.8  977.5   16.6  264.0   64.3  444.0
2018 292 10 19 1800  -16.1  977.2   20.3  267.0   67.0  444.0
2018 292 10 19 1900  -16.6  976.5   23.9  269.0   64.0  444.0
2018 292 10 19 2000  -16.5  976.0   22.6  267.0   63.0  444.0
2018 292 10 19 2100  -15.5  977.0   19.4  266.0   53.0  444.0
2018 292 10 19 2200  -15.4  977.6   20.2  265.0   56.0  444.0
2018 292 10 19 2300  -14.1  977.8   16.2  262.0   46.0  444.0
2018 293 10 20 0000  -12.5  976.9   14.5  265.0   43.0  444.0
2018 293 10 20 0100  -11.5  977.3    5.9  280.0   44.9  444.0
2018 293 10 20 0200  -10.8  977.4    2.4  334.0   40.0  444.0
2018 293 10 20 0300  -11.2  976.3    3.5   22.0   62.0  444.0
2018 293 10 20 0400  -10.9  976.0    2.8   51.0   57.0  444.0
2018 293 10 20 0500  -10.9  975.2    1.8   72.0   66.2  444.0
2018 293 10 20 0600  -11.0  974.7    0.8  153.0   51.9  444.0
2018 293 10 20 0700  -11.0  974.0    3.4   40.0   66.0  444.0
2018 293 10 20 0800  -11.5  973.4    3.3   36.0   71.0  444.0
2018 293 10 20 0900  -11.9  973.0    2.0   46.0   70.0  444.0
2018 293 10 20 1000  -11.9  972.4    3.1   23.0   77.0  444.0
2018 293 10 20 1100  -12.3  971.4    2.0  103.0   66.1  444.0
2018 293 10 20 1200  -13.0  971.1    3.4  286.0   44.0  444.0
2018 293 10 20 1300  -13.1  970.4    8.0  268.0   47.0  444.0
2018 293 10 20 1400  -13.7  970.6    7.3  275.0   47.0  444.0
2018 293 10 20 1500  -13.3  970.6    8.7  230.0   44.0  444.0
2018 293 10 20 1600  -14.3  970.9    3.8  159.0   84.4  444.0
2018 293 10 20 1700  -16.4  971.4    4.6  164.0   86.0  444.0
2018 293 10 20 1800  -18.1  972.0    4.9  192.0   83.0  444.0
2018 293 10 20 1900  -17.7  972.4    6.3  187.0   83.0  444.0
2018 293 10 20 2000  -17.1  973.2    5.9  201.0   83.0  444.0
2018 293 10 20 2100  -16.9  973.7    7.2  204.0   82.8  444.0
2018 293 10 20 2200  -16.7  974.1    6.9  205.0   83.0  444.0
2018 293 10 20 2300  -16.6  974.3    7.5  203.0   82.3  444.0
2018 294 10 21 0000  -16.3  974.6    7.8  208.0   83.0  444.0
2018 294 10 21 0100  -16.3  974.8    7.8  210.0   83.0  444.0
2018 294 10 21 0200  -16.0  974.5    7.4  209.0   83.0  444.0
2018 294 10 21 0300  -15.8  974.7    7.9  217.0   80.0  444.0
2018 294 10 21 0400  -15.9  974.6    7.7  210.0   81.9  444.0
2018 294 10 21 0500  -16.0  974.4    7.5  210.0   84.0  444.0
2018 294 10 21 0600  -16.2  974.2    6.0  202.0   84.0  444.0
2018 294 10 21 0700  -16.0  974.2    5.5  205.0   84.0  444.0
2018 294 10 21 0800  -15.4  974.4    4.6  180.0   84.0  444.0
2018 294 10 21 0900  -16.4  974.6    6.6  197.0   84.0  444.0
2018 294 10 21 1000  -16.5  974.7    5.8  186.0   84.0  444.0
2018 294 10 21 1100  -16.5  974.7    5.5  189.0   84.2  444.0
2018 294 10 21 1200  -17.0  974.9    6.1  188.0   83.0  444.0
2018 294 10 21 1300  -17.1  975.4    5.2  187.0   83.0  444.0
2018 294 10 21 1400  -16.9  975.9    4.7  182.0   82.4  444.0
2018 294 10 21 1500  -17.6  976.3    4.9  198.0   83.0  444.0
2018 294 10 21 1600  -17.4  976.6    3.5  186.0   82.6  444.0
2018 294 10 21 1700  -17.4  976.7    2.5  214.0   83.0  444.0
2018 294 10 21 1800  -17.9  976.6    4.9  276.0   82.0  444.0
2018 294 10 21 1900  -17.9  976.3    7.2  274.0   81.0  444.0
2018 294 10 21 2000  -18.2  976.1    7.2  275.0   80.0  444.0
2018 294 10 21 2100  -17.9  975.9    7.4  276.0   80.4  444.0
2018 294 10 21 2200  -17.0  975.9    7.7  280.0   72.0  444.0
2018 294 10 21 2300  -16.2  975.7    8.9  274.0   64.0  444.0
2018 295 10 22 0000  -16.9  975.9    9.6  272.0   66.0  444.0
2018 295 10 22 0100  -16.5  976.0   10.9  278.0   69.0  444.0
2018 295 10 22 0200  -16.0  976.4    8.3  272.0   70.4  444.0
2018 295 10 22 0300  -15.9  977.0    3.9  244.0   67.0  444.0
2018 295 10 22 0400  -15.0  977.5    1.2  168.0   65.9  444.0
2018 295 10 22 0500  -14.1  977.8    0.7  218.0   53.6  444.0
2018 295 10 22 0600  -14.3  978.0    1.6  213.0   53.0  444.0
2018 295 10 22 0700  -14.6  978.1    0.4  251.0   59.0  444.0
2018 295 10 22 0800  -16.1  978.3    1.0  235.0   65.0  444.0
2018 295 10 22 0900  -16.9  978.5    1.9  268.0   62.0  444.0
2018 295 10 22 1000  -20.1  978.0    6.9  269.0   66.9  444.0
2018 295 10 22 1100  -21.4  978.0    7.0  257.0   73.0  444.0
2018 295 10 22 1200  -21.3  977.9    8.1  278.0   74.0  444.0
2018 295 10 22 1300  -20.2  977.7   10.8  260.0   71.0  444.0
2018 295 10 22 1400  -20.4  977.7    9.8  253.0   71.2  444.0
2018 295 10 22 1500  -19.7  976.8   12.9  262.0   78.5  444.0
2018 295 10 22 1600  -19.4  975.8   17.4  260.0   79.0  444.0
2018 295 10 22 1700  -19.0  975.7   17.1  266.0   75.0  444.0
2018 295 10 22 1800  -19.5  975.2   16.3  258.0   75.0  444.0
2018 295 10 22 1900  -21.4  975.2   14.9  256.0   76.0  444.0
2018 295 10 22 2000  -21.0  973.8   18.8  257.0   75.9  444.0
2018 295 10 22 2100  -20.4  973.5   19.9  256.0   75.0  444.0
2018 295 10 22 2200  -19.7  973.7   19.1  258.0   73.0  444.0
2018 295 10 22 2300  -18.7  973.6   18.4  254.0   72.0  444.0
2018 296 10 23 0000  -17.8  973.0   16.8  259.0   71.3  444.0
2018 296 10 23 0100  -17.2  973.3   13.8  254.0   68.0  444.0
2018 296 10 23 0200  -15.3  973.7   10.0  269.0   45.8  444.0
2018 296 10 23 0300  -14.8  973.3    6.6  263.0   41.0  444.0
2018 296 10 23 0400  -14.8  973.2    6.8  274.0   45.0  444.0
2018 296 10 23 0500  -15.0  972.7   12.5  262.0   54.0  444.0
2018 296 10 23 0600  -16.1  973.0    7.0  235.0   54.0  444.0
2018 296 10 23 0700  -16.8  973.1    5.0  204.0   70.0  444.0
2018 296 10 23 0800  -18.9  973.3    3.9  158.0   79.6  444.0
2018 296 10 23 0900  -18.6  973.5    4.0  145.0   81.0  444.0
2018 296 10 23 1000  -20.4  973.8    3.4  162.0   83.0  444.0
2018 296 10 23 1100  -21.5  974.1    2.5  180.0   79.0  444.0
2018 296 10 23 1200  -22.3  974.3    2.3  201.0   79.2  444.0
2018 296 10 23 1300  -23.4  974.7    2.1  235.0   78.6  444.0
2018 296 10 23 1400  -23.3  974.8    2.8  240.0   79.0  444.0
2018 296 10 23 1500  -23.0  974.9    5.8  249.0   76.0  444.0
2018 296 10 23 1600  -23.6  973.9   12.6  257.0   68.0  444.0
2018 296 10 23 1700  -23.9  974.6   12.0  256.0   66.0  444.0
2018 296 10 23 1800  -24.2  974.7   13.3  263.0   68.5  444.0
2018 296 10 23 1900  -24.4  974.9   13.1  263.0   68.0  444.0
2018 296 10 23 2000  -24.4  975.0   15.2  261.0   70.2  444.0
2018 296 10 23 2100  -24.0  975.1   15.2  264.0   69.0  444.0
2018 296 10 23 2200  -23.2  975.2   15.6  267.0   68.0  444.0
2018 296 10 23 2300  -22.6  975.2   16.9  262.0   68.0  444.0
2018 297 10 24 0000  -21.9  974.6   18.5  266.0   67.0  444.0
2018 297 10 24 0100  -21.3  975.5   17.2  265.0   66.8  444.0
2018 297 10 24 0200  -20.7  974.9   15.7  266.0   64.0  444.0
2018 297 10 24 0300  -20.5  974.3   16.4  267.0   64.0  444.0
2018 297 10 24 0400  -20.0  974.3   16.7  268.0   64.0  444.0
2018 297 10 24 0500  -19.7  974.7   15.8  270.0   62.0  444.0
2018 297 10 24 0600  -19.4  974.4   13.0  273.0   59.8  444.0
2018 297 10 24 0700  -19.6  974.6   11.1  274.0   48.0  444.0
2018 297 10 24 0800  -19.6  974.4    9.6  272.0   41.0  444.0
2018 297 10 24 0900  -20.1  974.1    9.4  270.0   45.0  444.0
2018 297 10 24 1000  -20.9  973.8    8.4  270.0   50.0  444.0
2018 297 10 24 1100  -21.4  973.4   15.4  274.0   48.7  444.0
2018 297 10 24 1200  -20.1  972.8   12.6  273.0   51.0  444.0
2018 297 10 24 1300  -20.0  972.7   12.8  275.0   51.0  444.0
2018 297 10 24 1400  -20.9  971.9   15.8  274.0   58.0  444.0
2018 297 10 24 1500  -22.1  970.8   17.1  263.0   70.0  444.0
2018 297 10 24 1600  -21.6  971.0   15.8  262.0   65.0  444.0
2018 297 10 24 1700  -21.6  970.4   17.7  264.0   66.0  444.0
2018 297 10 24 1800  -21.5  970.0   15.7  263.0   65.5  444.0
2018 297 10 24 1900  -21.5  969.5   17.5  265.0   68.0  444.0
2018 297 10 24 2000  -21.2  969.4   17.4  264.0   69.0  444.0
2018 297 10 24 2100  -20.4  969.5   16.0  263.0   67.5  444.0
2018 297 10 24 2200  -19.6  969.5   17.0  264.0   68.0  444.0
2018 297 10 24 2300  -18.7  968.8   16.8  265.0   66.4  444.0
2018 298 10 25 0000  -18.0  968.5   17.8  265.0   67.0  444.0
2018 298 10 25 0100  -17.0  968.3   18.2  269.0   65.1  444.0
2018 298 10 25 0200  -16.3  967.9   18.5  267.0   62.0  444.0
2018 298 10 25 0300  -15.8  967.6   17.5  266.0   63.0  444.0
2018 298 10 25 0400  -15.4  967.1   17.8  262.0   65.0  444.0
2018 298 10 25 0500  -15.2  967.0   17.3  268.0   60.6  444.0
2018 298 10 25 0600  -15.3  966.1   18.1  268.0   60.4  444.0
2018 298 10 25 0700  -15.3  965.6   17.4  270.0   61.0  444.0
2018 298 10 25 0800  -15.7  964.1   22.5  266.0   61.0  444.0
2018 298 10 25 0900  -15.6  964.2   21.4  261.0   64.8  444.0
2018 298 10 25 1000  -15.9  964.3   20.9  263.0   61.0  444.0
2018 298 10 25 1100  -16.1  963.3   22.0  265.0   60.3  444.0
2018 298 10 25 1200  -16.4  963.3   21.7  267.0   57.0  444.0
2018 298 10 25 1300  -16.8  962.7   22.7  267.0   60.0  444.0
2018 298 10 25 1400  -17.5  963.2   20.7  271.0   56.0  444.0
2018 298 10 25 1500  -18.1  962.8   21.5  273.0   58.8  444.0
2018 298 10 25 1600  -18.3  962.9   24.0  268.0   62.3  444.0
2018 298 10 25 1700  -17.8  962.3   25.4  270.0   56.0  444.0
2018 298 10 25 1800  -18.0  962.0   25.9  272.0   60.0  444.0
2018 298 10 25 1900  -17.1  961.4   27.1  269.0   57.1  444.0
2018 298 10 25 2000  -16.2  960.8   26.5  272.0   43.0  444.0
2018 298 10 25 2100  -15.4  961.4   25.4  269.0   43.0  444.0
2018 298 10 25 2200  -14.8  960.1   28.8  272.0   42.0  444.0
2018 298 10 25 2300  -13.4  960.3   27.8  272.0   42.0  444.0
2018 299 10 26 0000  -13.3  444.0   19.1  270.0   45.0  444.0
2018 299 10 26 0100  -12.3  961.6   22.0  273.0   44.0  444.0
2018 299 10 26 0200  -11.3  960.8   26.5  268.0   44.5  444.0
2018 299 10 26 0300  -10.7  960.7   27.1  269.0   43.0  444.0
2018 299 10 26 0400   -9.2  961.2   25.1  268.0   42.0  444.0
2018 299 10 26 0500   -8.7  963.0   17.9  265.0   41.0  444.0
2018 299 10 26 0600   -8.9  963.0   19.0  271.0   41.0  444.0
2018 299 10 26 0700   -8.7  963.6   17.9  270.0   40.6  444.0
2018 299 10 26 0800   -9.4  964.0   17.4  271.0   46.4  444.0
2018 299 10 26 0900  -10.6  965.2   14.4  272.0   56.0  444.0
2018 299 10 26 1000  -11.0  966.2   12.4  272.0   59.0  444.0
2018 299 10 26 1100  -10.5  967.3   11.5  266.0   54.0  444.0
2018 299 10 26 1200  -10.0  967.7   11.0  266.0   46.0  444.0
2018 299 10 26 1300   -9.8  968.7    9.6  258.0   46.7  444.0
2018 299 10 26 1400  -10.5  970.5    9.4  270.0   52.2  444.0
2018 299 10 26 1500  -10.0  972.3    5.8  260.0   57.0  444.0
2018 299 10 26 1600  -10.7  973.6    8.1  260.0   73.0  444.0
2018 299 10 26 1700   -9.2  975.5    6.8  204.0   77.0  444.0
2018 299 10 26 1800  -10.2  976.0    9.2  157.0   87.0  444.0
2018 299 10 26 1900  -10.1  976.8   10.8   90.0   84.5  444.0
2018 299 10 26 2000  -10.3  978.3    4.7   64.0   83.0  444.0
2018 299 10 26 2100   -9.6  978.8    0.0    0.0   84.0  444.0
2018 299 10 26 2200  -10.4  979.1    2.4  277.0   87.0  444.0
2018 299 10 26 2300   -9.8  979.0    1.9  220.0   83.0  444.0
2018 300 10 27 0000  -10.0  978.5    1.9  216.0   83.9  444.0
2018 300 10 27 0100  -10.4  977.8    2.3  245.0   84.0  444.0
2018 300 10 27 0200  -11.1  977.0    3.0  260.0   86.0  444.0
2018 300 10 27 0300  -11.5  976.3    5.9  270.0   83.0  444.0
2018 300 10 27 0400  -10.6  975.5    5.9  274.0   73.0  444.0
2018 300 10 27 0500  -10.0  974.7    5.4  275.0   63.0  444.0
2018 300 10 27 0600  -10.4  973.1   10.7  279.0   74.0  444.0
2018 300 10 27 0700  -10.0  971.7   12.8  278.0   70.9  444.0
2018 300 10 27 0800   -8.8  970.2   12.8  282.0   63.0  444.0
2018 300 10 27 0900  -10.5  969.4   12.0  275.0   70.0  444.0
2018 300 10 27 1000  -13.2  969.4    8.2  266.0   68.0  444.0
2018 300 10 27 1100  -13.9  969.1    6.0  268.0   71.0  444.0
2018 300 10 27 1200  -13.7  968.2    6.9  278.0   73.0  444.0
2018 300 10 27 1300  -11.9  967.4   10.7  271.0   68.0  444.0
2018 300 10 27 1400  -12.6  966.4   20.1  266.0   82.0  444.0
2018 300 10 27 1500  -13.3  965.3   21.5  261.0   81.0  444.0
2018 300 10 27 1600  -13.8  966.0   19.1  259.0   82.0  444.0
2018 300 10 27 1700  -14.7  966.5   19.0  258.0   81.0  444.0
2018 300 10 27 1800  -14.7  967.7   14.3  262.0   79.0  444.0
2018 300 10 27 1900  -14.8  966.6   19.1  260.0   80.0  444.0
2018 300 10 27 2000  -15.1  966.2   21.5  261.0   81.0  444.0
2018 300 10 27 2100  -14.5  967.1   19.1  260.0   77.0  444.0
2018 300 10 27 2200  -13.4  967.1   18.1  263.0   78.0  444.0
2018 300 10 27 2300  -12.6  967.5   17.5  263.0   73.0  444.0
2018 301 10 28 0000  -11.7  967.8   17.4  270.0   68.0  444.0
2018 301 10 28 0100  -11.2  967.9   13.5  274.0   65.2  444.0
2018 301 10 28 0200  -11.0  967.8   15.1  278.0   70.6  444.0
2018 301 10 28 0300  -10.7  967.8   16.1  274.0   70.0  444.0
2018 301 10 28 0400  -10.2  967.7   15.3  276.0   72.0  444.0
2018 301 10 28 0500   -9.9  968.2   13.5  267.0   62.2  444.0
2018 301 10 28 0600  -10.0  967.6   16.9  268.0   66.0  444.0
2018 301 10 28 0700  -10.2  967.4   20.2  268.0   70.0  444.0
2018 301 10 28 0800  -10.5  967.9   13.9  274.0   60.0  444.0
2018 301 10 28 0900  -10.7  968.2   16.1  279.0   67.0  444.0
2018 301 10 28 1000  -10.7  968.3   16.3  278.0   68.0  444.0
2018 301 10 28 1100  -10.8  967.9   18.5  279.0   71.0  444.0
2018 301 10 28 1200  -10.8  967.9   18.3  277.0   75.0  444.0
2018 301 10 28 1300  -10.3  968.3   16.9  279.0   70.0  444.0
2018 301 10 28 1400  -11.4  967.5   20.1  276.0   76.0  444.0
2018 301 10 28 1500  -11.6  967.8   20.4  276.0   74.0  444.0
2018 301 10 28 1600  -11.1  969.1   17.9  276.0   72.0  444.0
2018 301 10 28 1700  -11.2  971.8    8.5  265.0   67.0  444.0
2018 301 10 28 1800  -10.3  973.1    3.3  243.0   67.0  444.0
2018 301 10 28 1900  -10.3  973.7    4.9  256.0   67.7  444.0
2018 301 10 28 2000  -10.2  974.8    5.9  249.0   81.0  444.0
2018 301 10 28 2100  -10.2  975.8    5.0  266.0   85.0  444.0
2018 301 10 28 2200   -9.7  976.6    5.0  260.0   88.0  444.0
2018 301 10 28 2300   -9.3  977.2    6.6  246.0   84.0  444.0
2018 302 10 29 0000   -9.3  977.7    4.5  231.0   80.6  444.0
2018 302 10 29 0100   -8.6  977.6    5.4  241.0   56.0  444.0
2018 302 10 29 0200   -9.6  977.4    3.2  230.0   62.0  444.0
2018 302 10 29 0300   -8.9  976.9    5.4  222.0   73.0  444.0
2018 302 10 29 0400   -8.6  976.4    6.4  254.0   61.0  444.0
2018 302 10 29 0500   -7.4  975.6   10.8  264.0   58.0  444.0
2018 302 10 29 0600   -7.5  975.3   12.1  284.0   61.0  444.0
2018 302 10 29 0700   -8.7  975.0   14.8  274.0   71.5  444.0
2018 302 10 29 0800   -7.8  975.2   12.5  272.0   57.0  444.0
2018 302 10 29 0900   -8.6  975.2   12.2  271.0   60.0  444.0
2018 302 10 29 1000   -9.2  975.9   10.4  271.0   60.0  444.0
2018 302 10 29 1100   -8.3  975.2   12.2  275.0   59.6  444.0
2018 302 10 29 1200   -8.4  975.3   12.7  306.0   59.3  444.0
2018 302 10 29 1300   -8.8  975.2   13.6  276.0   64.0  444.0
2018 302 10 29 1400   -9.4  974.9   14.9  273.0   67.0  444.0
2018 302 10 29 1500   -9.4  974.6   16.0  275.0   68.0  444.0
2018 302 10 29 1600   -9.6  974.6   16.4  272.0   70.0  444.0
2018 302 10 29 1700   -9.0  974.4   16.9  266.0   71.5  444.0
2018 302 10 29 1800   -9.8  973.6   18.3  268.0   71.0  444.0
2018 302 10 29 1900   -9.8  973.3   19.6  265.0   72.0  444.0
2018 302 10 29 2000  -10.5  972.9   20.8  263.0   73.0  444.0
2018 302 10 29 2100  -10.5  972.1   22.9  262.0   73.0  444.0
2018 302 10 29 2200  -10.1  971.1   24.9  265.0   72.7  444.0
2018 302 10 29 2300   -9.6  971.5   23.6  264.0   74.0  444.0
2018 303 10 30 0000   -8.7  971.7   20.8  262.0   70.0  444.0
2018 303 10 30 0100   -8.3  970.8   22.5  266.0   68.0  444.0
2018 303 10 30 0200   -8.2  970.5   21.6  266.0   67.0  444.0
2018 303 10 30 0300   -7.4  970.6   18.6  265.0   63.7  444.0
2018 303 10 30 0400   -6.2  970.1   18.5  265.0   49.0  444.0
2018 303 10 30 0500   -5.9  969.8   17.8  267.0   47.3  444.0
2018 303 10 30 0600   -5.6  969.8   17.6  267.0   43.0  444.0
2018 303 10 30 0700   -5.6  970.1   16.1  268.0   44.0  444.0
2018 303 10 30 0800   -5.6  970.3   14.2  268.0   43.0  444.0
2018 303 10 30 0900   -6.4  970.1   11.5  271.0   48.4  444.0
2018 303 10 30 1000   -6.8  970.1   11.4  272.0   49.9  444.0
2018 303 10 30 1100   -8.0  969.5   12.1  273.0   52.0  444.0
2018 303 10 30 1200   -9.0  969.6   12.2  277.0   56.0  444.0
2018 303 10 30 1300   -9.5  969.6   10.9  277.0   57.0  444.0
2018 303 10 30 1400   -9.4  969.8    8.5  280.0   55.7  444.0
2018 303 10 30 1500   -9.5  968.7   14.7  270.0   53.6  444.0
2018 303 10 30 1600  -11.1  969.0    9.4  273.0   59.0  444.0
2018 303 10 30 1700  -11.2  968.9   10.6  270.0   59.0  444.0
2018 303 10 30 1800  -11.3  968.5   11.4  267.0   62.0  444.0
2018 303 10 30 1900  -10.7  968.5   12.2  268.0   59.2  444.0
2018 303 10 30 2000  -10.3  968.1   14.5  270.0   60.7  444.0
2018 303 10 30 2100   -9.5  967.9   15.9  273.0   52.0  444.0
2018 303 10 30 2200   -8.8  967.5   16.4  266.0   49.0  444.0
2018 303 10 30 2300   -8.4  967.6   16.9  270.0   45.0  444.0
2018 304 10 31 0000   -8.2  967.1   16.3  270.0   47.0  444.0
2018 304 10 31 0100   -7.4  967.3   13.3  271.0   44.0  444.0
2018 304 10 31 0200   -6.9  967.4   11.6  271.0   46.7  444.0
2018 304 10 31 0300   -6.9  967.3    9.5  268.0   50.0  444.0
2018 304 10 31 0400   -6.4  966.8    9.5  266.0   50.0  444.0
2018 304 10 31 0500   -6.4  966.6   10.6  264.0   49.0  444.0
2018 304 10 31 0600   -6.4  966.4    8.5  280.0   51.0  444.0
2018 304 10 31 0700   -5.8  966.3   11.5  268.0   45.0  444.0
2018 304 10 31 0800   -6.8  965.9   13.3  266.0   44.0  444.0
2018 304 10 31 0900   -7.4  965.8   11.7  263.0   42.0  444.0
2018 304 10 31 1000   -7.8  966.3   13.2  267.0   46.0  444.0
2018 304 10 31 1100   -9.2  966.2   14.0  267.0   46.0  444.0
2018 304 10 31 1200  -10.3  965.3   13.8  257.0   46.0  444.0
2018 304 10 31 1300  -11.3  966.3   16.8  254.0   45.5  444.0
2018 304 10 31 1400  -12.4  966.3   15.4  248.0   47.0  444.0
2018 304 10 31 1500  -13.1  966.1   16.7  251.0   48.0  444.0
2018 304 10 31 1600  -14.1  966.1   13.5  253.0   48.0  444.0
2018 304 10 31 1700  -14.1  965.9   17.3  254.0   51.0  444.0
2018 304 10 31 1800  -14.7  966.3   17.5  261.0   60.6  444.0
2018 304 10 31 1900  -14.8  966.9   15.6  259.0   64.0  444.0
2018 304 10 31 2000  -14.6  967.0   16.5  259.0   64.0  444.0
2018 304 10 31 2100  -14.2  967.0   16.2  261.0   64.0  444.0
2018 304 10 31 2200  -13.6  967.2   17.5  260.0   61.0  444.0
2018 304 10 31 2300  -12.5  967.2   16.1  259.0   54.9  444.0
