Year: 2021  Month: 06  ID: MLA  ARGOS:  8905  Name: Manuela             
Lat: 74.95S  Lon: 163.69E  Elev:   78m
2021 152  6  1 0000  -25.6  974.9   28.5  270.0   38.1  444.0
2021 152  6  1 0100  -26.6  976.5   27.4  276.0   43.4  444.0
2021 152  6  1 0200  -27.1  976.5   26.1  274.0   45.0  444.0
2021 152  6  1 0300  -28.0  976.2   25.6  274.0   47.0  444.0
2021 152  6  1 0400  -28.1  975.7   30.1  271.0   43.0  444.0
2021 152  6  1 0500  -28.1  975.5   33.6  267.0   41.0  444.0
2021 152  6  1 0600  -28.2  976.1   32.7  268.0   43.0  444.0
2021 152  6  1 0700  -27.8  977.2   30.7  270.0   43.0  444.0
2021 152  6  1 0800  -27.8  978.6   31.2  270.0   42.0  444.0
2021 152  6  1 0900  -28.1  979.4   29.0  270.0   44.0  444.0
2021 152  6  1 1000  -27.7  978.9   26.2  271.0   42.0  444.0
2021 152  6  1 1100  -28.1  979.8   28.7  269.0   42.0  444.0
2021 152  6  1 1200  -28.0  981.4   27.5  270.0   42.4  444.0
2021 152  6  1 1300  -27.7  981.7   27.3  269.0   42.0  444.0
2021 152  6  1 1400  -27.9  981.4   27.7  270.0   45.0  444.0
2021 152  6  1 1500  -28.2  982.5   28.8  270.0   44.0  444.0
2021 152  6  1 1600  -28.2  982.6   28.6  270.0   41.0  444.0
2021 152  6  1 1700  -28.3  983.6   26.1  269.0   42.8  444.0
2021 152  6  1 1800  -28.3  984.3   26.5  270.0   41.0  444.0
2021 152  6  1 1900  -28.7  984.9   27.5  271.0   42.0  444.0
2021 152  6  1 2000  -28.6  985.4   26.8  272.0   40.0  444.0
2021 152  6  1 2100  -28.7  986.8   25.4  271.0   42.0  444.0
2021 152  6  1 2200  -28.6  987.0   25.1  270.0   42.4  444.0
2021 152  6  1 2300  -28.9  987.5   26.0  272.0   40.0  444.0
2021 153  6  2 0000  -28.8  987.2   24.8  269.0   40.0  444.0
2021 153  6  2 0100  -28.6  988.8   26.9  272.0   39.0  444.0
2021 153  6  2 0200  -29.5  989.6   17.7  270.0   51.0  444.0
2021 153  6  2 0300  -28.7  989.9   20.4  273.0   46.0  444.0
2021 153  6  2 0400  -28.2  991.3   19.1  270.0   42.5  444.0
2021 153  6  2 0500  -29.7  991.8   12.8  274.0   55.0  444.0
2021 153  6  2 0600  -30.1  991.8   13.2  275.0   59.0  444.0
2021 153  6  2 0700  -29.4  992.0   14.3  279.0   55.9  444.0
2021 153  6  2 0800  -29.3  992.3   15.4  279.0   53.0  444.0
2021 153  6  2 0900  -28.3  992.3   15.0  279.0   50.0  444.0
2021 153  6  2 1000  -28.6  991.7   15.3  282.0   52.0  444.0
2021 153  6  2 1100  -28.8  991.3   16.7  281.0   52.0  444.0
2021 153  6  2 1200  -28.5  991.3   16.5  276.0   55.0  444.0
2021 153  6  2 1300  -28.9  991.3   16.0  273.0   58.0  444.0
2021 153  6  2 1400  -28.9  990.1   17.6  274.0   55.0  444.0
2021 153  6  2 1500  -26.7  989.4   21.3  270.0   43.0  444.0
2021 153  6  2 1600  -27.3  987.2   29.0  272.0   41.0  444.0
2021 153  6  2 1700  -27.3  988.3   27.9  271.0   40.0  444.0
2021 153  6  2 1800  -26.4  988.5   20.6  273.0   43.0  444.0
2021 153  6  2 1900  -26.4  989.2   18.1  272.0   45.0  444.0
2021 153  6  2 2000  -26.5  987.3   25.8  271.0   42.0  444.0
2021 153  6  2 2100  -26.8  987.1   27.7  271.0   41.0  444.0
2021 153  6  2 2200  -27.7  987.6   24.5  268.0   45.0  444.0
2021 153  6  2 2300  -27.9  987.2   25.7  271.0   43.0  444.0
2021 154  6  3 0000  -28.1  988.0   23.0  269.0   44.0  444.0
2021 154  6  3 0100  -28.1  988.5   19.3  270.0   45.0  444.0
2021 154  6  3 0200  -27.8  988.7   18.6  271.0   45.8  444.0
2021 154  6  3 0300  -27.5  988.5   18.8  275.0   47.0  444.0
2021 154  6  3 0400  -27.0  988.1   19.3  276.0   46.0  444.0
2021 154  6  3 0500  -26.5  988.5   19.1  278.0   45.8  444.0
2021 154  6  3 0600  -25.8  989.1   20.5  278.0   44.0  444.0
2021 154  6  3 0700  -26.0  989.8   17.2  274.0   50.0  444.0
2021 154  6  3 0800  -25.8  990.5   13.7  273.0   59.0  444.0
2021 154  6  3 0900  -25.7  990.8   12.9  271.0   59.0  444.0
2021 154  6  3 1000  -25.5  991.0   12.9  267.0   58.0  444.0
2021 154  6  3 1100  -25.7  991.1   10.8  264.0   60.0  444.0
2021 154  6  3 1200  -25.8  989.9   14.6  269.0   53.0  444.0
2021 154  6  3 1300  -25.8  988.3   18.3  272.0   50.0  444.0
2021 154  6  3 1400  -25.8  987.7   20.2  275.0   49.0  444.0
2021 154  6  3 1500  -26.0  987.6   18.0  269.0   51.0  444.0
2021 154  6  3 1600  -26.3  985.3   20.7  274.0   48.0  444.0
2021 154  6  3 1700  -26.8  986.1   20.5  269.0   50.0  444.0
2021 154  6  3 1800  -27.0  986.4   17.3  268.0   50.0  444.0
2021 154  6  3 1900  -26.9  986.3   17.0  276.0   52.0  444.0
2021 154  6  3 2000  -26.8  984.7   19.9  276.0   52.0  444.0
2021 154  6  3 2100  -26.4  984.1   26.3  275.0   47.9  444.0
2021 154  6  3 2200  -26.0  982.6   26.0  274.0   47.0  444.0
2021 154  6  3 2300  -25.6  984.1   18.7  272.0   52.0  444.0
2021 155  6  4 0000  -26.3  985.1   15.3  273.0   66.0  444.0
2021 155  6  4 0100  -25.8  984.0   21.3  269.0   47.9  444.0
2021 155  6  4 0200  -26.0  982.2   28.0  274.0   43.0  444.0
2021 155  6  4 0300  -25.8  983.7   21.8  272.0   43.8  444.0
2021 155  6  4 0400  -26.9  982.6   17.5  273.0   61.7  444.0
2021 155  6  4 0500  -26.3  983.2   16.7  271.0   58.0  444.0
2021 155  6  4 0600  -25.8  980.8   24.8  270.0   45.0  444.0
2021 155  6  4 0700  -26.7  980.1   28.2  269.0   45.0  444.0
2021 155  6  4 0800  -28.1  980.2   28.2  269.0   43.8  444.0
2021 155  6  4 0900  -28.2  979.7   25.8  268.0   42.0  444.0
2021 155  6  4 1000  -28.5  978.2   25.1  268.0   42.0  444.0
2021 155  6  4 1100  -28.6  977.7   25.1  265.0   42.0  444.0
2021 155  6  4 1200  -28.8  977.8   25.3  267.0   40.0  444.0
2021 155  6  4 1300  -28.8  977.0   25.9  266.0   40.0  444.0
2021 155  6  4 1400  -29.6  977.6   25.2  262.0   41.0  444.0
2021 155  6  4 1500  -29.7  976.0   27.1  264.0   39.0  444.0
2021 155  6  4 1600  -30.0  976.2   29.2  264.0   38.0  444.0
2021 155  6  4 1700  -30.2  975.5   29.2  265.0   39.0  444.0
2021 155  6  4 1800  -29.9  974.8   27.0  262.0   37.0  444.0
2021 155  6  4 1900  -29.2  973.3   25.5  269.0   34.0  444.0
2021 155  6  4 2000  -28.9  973.7   26.3  267.0   33.0  444.0
2021 155  6  4 2100  -28.7  974.2   26.1  270.0   36.0  444.0
2021 155  6  4 2200  -28.6  975.0   26.7  275.0   37.0  444.0
2021 155  6  4 2300  -28.2  975.1   29.8  276.0   34.0  444.0
2021 156  6  5 0000  -27.8  973.5   28.1  276.0   34.0  444.0
2021 156  6  5 0100  -27.5  972.7   29.2  273.0   33.0  444.0
2021 156  6  5 0200  -27.9  973.3   31.2  274.0   33.7  444.0
2021 156  6  5 0300  -27.9  974.4   27.2  270.0   34.6  444.0
2021 156  6  5 0400  -28.2  973.7   24.7  269.0   35.0  444.0
2021 156  6  5 0500  -27.8  974.5   28.5  272.0   33.0  444.0
2021 156  6  5 0600  -27.6  974.9   24.9  271.0   35.0  444.0
2021 156  6  5 0700  -28.2  974.7   29.2  270.0   35.0  444.0
2021 156  6  5 0800  -28.5  975.0   30.4  270.0   35.0  444.0
2021 156  6  5 0900  -28.7  975.8   29.4  265.0   35.9  444.0
2021 156  6  5 1000  -28.8  974.5   30.2  267.0   36.0  444.0
2021 156  6  5 1100  -28.7  975.3   31.0  268.0   35.0  444.0
2021 156  6  5 1200  -28.7  975.8   29.1  271.0   35.7  444.0
2021 156  6  5 1300  -28.6  976.7   26.6  270.0   35.0  444.0
2021 156  6  5 1400  -28.8  978.1   21.7  275.0   36.7  444.0
2021 156  6  5 1500  -29.0  978.3   24.0  276.0   36.0  444.0
2021 156  6  5 1600  -29.3  977.0   29.0  272.0   37.0  444.0
2021 156  6  5 1700  -29.4  977.2   26.8  271.0   38.0  444.0
2021 156  6  5 1800  -29.2  977.5   26.0  269.0   37.0  444.0
2021 156  6  5 1900  -29.5  976.9   25.8  273.0   35.9  444.0
2021 156  6  5 2000  -29.4  977.2   27.1  271.0   37.0  444.0
2021 156  6  5 2100  -29.3  976.8   29.2  269.0   37.0  444.0
2021 156  6  5 2200  -29.4  976.4   29.5  269.0   36.0  444.0
2021 156  6  5 2300  -29.5  975.3   30.4  268.0   37.0  444.0
2021 157  6  6 0000  -29.7  975.0   32.0  268.0   37.2  444.0
2021 157  6  6 0100  -29.5  973.9   32.1  270.0   36.0  444.0
2021 157  6  6 0200  -29.9  974.6   32.9  268.0   38.0  444.0
2021 157  6  6 0300  -29.7  974.8   31.6  268.0   38.0  444.0
2021 157  6  6 0400  -29.7  974.5   32.5  269.0   37.9  444.0
2021 157  6  6 0500  -29.9  975.4   32.5  269.0   39.0  444.0
2021 157  6  6 0600  -29.9  972.5   33.6  268.0   39.0  444.0
2021 157  6  6 0700  -29.6  974.0   31.6  266.0   39.0  444.0
2021 157  6  6 0800  -29.7  974.6   32.0  265.0   40.0  444.0
2021 157  6  6 0900  -29.4  974.0   31.5  265.0   40.0  444.0
2021 157  6  6 1000  -29.1  975.1   30.5  266.0   40.3  444.0
2021 157  6  6 1100  -28.9  975.9   29.0  267.0   42.0  444.0
2021 157  6  6 1200  -28.9  974.4   30.2  267.0   40.5  444.0
2021 157  6  6 1300  -28.7  974.9   32.3  268.0   40.0  444.0
2021 157  6  6 1400  -28.5  974.3   29.0  268.0   41.0  444.0
2021 157  6  6 1500  -28.8  974.0   31.6  270.0   40.0  444.0
2021 157  6  6 1600  -29.3  975.1   30.8  267.0   41.0  444.0
2021 157  6  6 1700  -29.5  975.7   27.1  274.0   41.1  444.0
2021 157  6  6 1800  -29.9  975.2   30.9  266.0   41.0  444.0
2021 157  6  6 1900  -30.4  976.0   29.3  267.0   41.0  444.0
2021 157  6  6 2000  -30.2  975.4   29.6  268.0   41.0  444.0
2021 157  6  6 2100  -29.7  976.8   27.8  265.0   40.0  444.0
2021 157  6  6 2200  -29.5  975.6   26.8  267.0   40.1  444.0
2021 157  6  6 2300  -29.3  978.0   22.2  271.0   41.0  444.0
2021 158  6  7 0000  -29.5  976.2   25.8  267.0   41.0  444.0
2021 158  6  7 0100  -29.2  976.1   27.4  272.0   40.0  444.0
2021 158  6  7 0200  -29.4  977.1   27.7  269.0   41.0  444.0
2021 158  6  7 0300  -29.0  976.7   26.4  300.0   40.7  444.0
2021 158  6  7 0400  -27.9  976.9   30.0  271.0   38.0  444.0
2021 158  6  7 0500  -27.7  977.9   28.3  275.0   38.0  444.0
2021 158  6  7 0600  -28.0  978.2   26.8  274.0   40.0  444.0
2021 158  6  7 0700  -27.4  979.5   21.5  273.0   36.0  444.0
2021 158  6  7 0800  -29.3  981.1   15.8  270.0   44.0  444.0
2021 158  6  7 0900  -28.2  981.7   16.8  270.0   42.0  444.0
2021 158  6  7 1000  -27.3  982.7   17.4  271.0   41.1  444.0
2021 158  6  7 1100  -26.3  983.5   16.6  270.0   40.0  444.0
2021 158  6  7 1200  -25.3  983.9   16.4  275.0   39.0  444.0
2021 158  6  7 1300  -24.5  984.5   15.7  276.0   39.0  444.0
2021 158  6  7 1400  -24.7  985.1   17.9  279.0   41.0  444.0
2021 158  6  7 1500  -26.4  985.1   18.1  279.0   56.8  444.0
2021 158  6  7 1600  -25.8  985.1   17.7  276.0   54.0  444.0
2021 158  6  7 1700  -25.4  985.6   15.2  277.0   55.0  444.0
2021 158  6  7 1800  -25.3  984.9   13.5  278.0   58.0  444.0
2021 158  6  7 1900  -24.8  985.5   12.6  277.0   58.0  444.0
2021 158  6  7 2000  -24.6  985.2   11.3  278.0   55.5  444.0
2021 158  6  7 2100  -25.1  984.7   10.7  278.0   57.0  444.0
2021 158  6  7 2200  -25.2  984.3   10.6  280.0   57.0  444.0
2021 158  6  7 2300  -25.2  984.3    8.9  267.0   58.0  444.0
2021 159  6  8 0000  -22.4  983.8   10.4  282.0   47.0  444.0
2021 159  6  8 0100  -22.7  983.0   12.2  280.0   44.0  444.0
2021 159  6  8 0200  -22.8  983.4   11.9  275.0   44.0  444.0
2021 159  6  8 0300  -22.9  982.2   16.2  267.0   41.3  444.0
2021 159  6  8 0400  -23.4  981.5   17.0  265.0   43.0  444.0
2021 159  6  8 0500  -23.8  981.5   18.6  256.0   44.0  444.0
2021 159  6  8 0600  -23.8  980.6   19.7  259.0   43.0  444.0
2021 159  6  8 0700  -23.8  980.8   20.4  261.0   43.0  444.0
2021 159  6  8 0800  -23.5  979.7   24.1  265.0   40.0  444.0
2021 159  6  8 0900  -24.1  979.1   25.5  265.0   41.0  444.0
2021 159  6  8 1000  -23.9  980.0   25.0  263.0   39.0  444.0
2021 159  6  8 1100  -23.9  977.5   27.0  263.0   38.0  444.0
2021 159  6  8 1200  -24.2  978.8   25.2  263.0   38.0  444.0
2021 159  6  8 1300  -24.5  977.5   27.7  261.0   36.0  444.0
2021 159  6  8 1400  -24.7  977.1   30.2  261.0   36.0  444.0
2021 159  6  8 1500  -25.6  975.1   33.4  261.0   37.0  444.0
2021 159  6  8 1600  -26.0  976.9   34.5  260.0   35.0  444.0
2021 159  6  8 1700  -25.9  977.2   30.2  264.0   36.0  444.0
2021 159  6  8 1800  -25.3  976.8   27.1  269.0   35.0  444.0
2021 159  6  8 1900  -25.0  975.8   31.0  261.0   34.0  444.0
2021 159  6  8 2000  -25.1  974.4   28.8  260.0   33.9  444.0
2021 159  6  8 2100  -25.0  975.1   32.0  261.0   33.0  444.0
2021 159  6  8 2200  -25.4  972.5   34.8  264.0   35.0  444.0
2021 159  6  8 2300  -25.2  972.7   32.5  259.0   33.0  444.0
2021 160  6  9 0000  -24.9  972.5   32.8  258.0   33.0  444.0
2021 160  6  9 0100  -24.7  973.2   30.4  262.0   34.0  444.0
2021 160  6  9 0200  -24.1  971.8   30.6  259.0   34.5  444.0
2021 160  6  9 0300  -23.0  973.0   27.8  260.0   34.0  444.0
2021 160  6  9 0400  -22.4  972.8   27.1  260.0   36.0  444.0
2021 160  6  9 0500  -22.6  971.4   25.2  259.0   37.0  444.0
2021 160  6  9 0600  -22.4  973.6   20.8  261.0   37.0  444.0
2021 160  6  9 0700  -22.4  972.2   25.4  263.0   37.0  444.0
2021 160  6  9 0800  -22.8  972.9   23.9  262.0   38.0  444.0
2021 160  6  9 0900  -22.7  972.0   23.9  258.0   37.6  444.0
2021 160  6  9 1000  -22.9  975.1   22.4  252.0   39.0  444.0
2021 160  6  9 1100  -23.2  974.5   21.1  248.0   38.0  444.0
2021 160  6  9 1200  -23.7  975.6   21.6  250.0   39.0  444.0
2021 160  6  9 1300  -24.3  975.5   17.1  245.0   42.0  444.0
2021 160  6  9 1400  -24.1  975.2   19.4  247.0   38.6  444.0
2021 160  6  9 1500  -24.4  975.9   17.5  242.0   39.0  444.0
2021 160  6  9 1600  -24.5  976.4   12.4  240.0   41.0  444.0
2021 160  6  9 1700  -24.4  975.9   15.9  253.0   39.0  444.0
2021 160  6  9 1800  -25.2  976.3   12.7  240.0   41.0  444.0
2021 160  6  9 1900  -25.0  976.5   12.7  246.0   41.0  444.0
2021 160  6  9 2000  -25.3  976.4   13.1  244.0   39.0  444.0
2021 160  6  9 2100  -25.4  976.1   13.2  239.0   38.0  444.0
2021 160  6  9 2200  -26.1  976.2   14.6  241.0   44.0  444.0
2021 160  6  9 2300  -26.5  975.6   15.9  242.0   37.0  444.0
2021 161  6 10 0000  -27.1  976.1   15.8  238.0   38.2  444.0
2021 161  6 10 0100  -27.3  975.6   16.1  246.0   40.0  444.0
2021 161  6 10 0200  -27.8  976.2   15.8  248.0   40.3  444.0
2021 161  6 10 0300  -28.1  977.0   11.4  252.0   44.0  444.0
2021 161  6 10 0400  -28.5  976.4   14.6  251.0   41.0  444.0
2021 161  6 10 0500  -28.8  977.1   14.0  254.0   43.0  444.0
2021 161  6 10 0600  -29.4  977.1   12.7  256.0   46.0  444.0
2021 161  6 10 0700  -29.7  977.3   12.6  255.0   46.7  444.0
2021 161  6 10 0800  -30.0  977.5   12.4  254.0   44.0  444.0
2021 161  6 10 0900  -30.4  978.0   10.0  257.0   50.0  444.0
2021 161  6 10 1000  -30.9  977.6   14.7  264.0   45.0  444.0
2021 161  6 10 1100  -31.3  977.3   15.8  257.0   44.0  444.0
2021 161  6 10 1200  -31.7  977.2   16.2  258.0   45.0  444.0
2021 161  6 10 1300  -31.9  977.8   17.0  261.0   43.0  444.0
2021 161  6 10 1400  -32.2  977.9   18.1  262.0   43.0  444.0
2021 161  6 10 1500  -32.4  977.9   18.0  261.0   43.0  444.0
2021 161  6 10 1600  -32.5  978.1   19.6  259.0   41.0  444.0
2021 161  6 10 1700  -32.6  978.6   21.0  261.0   39.6  444.0
2021 161  6 10 1800  -32.8  978.9   19.9  260.0   40.0  444.0
2021 161  6 10 1900  -33.1  979.9   19.5  262.0   42.0  444.0
2021 161  6 10 2000  -33.3  979.1   21.4  263.0   42.0  444.0
2021 161  6 10 2100  -33.6  980.8   22.4  263.0   43.0  444.0
2021 161  6 10 2200  -33.7  981.1   22.0  265.0   43.0  444.0
2021 161  6 10 2300  -33.4  981.5   20.9  262.0   41.0  444.0
2021 162  6 11 0000  -33.3  982.0   20.3  262.0   40.7  444.0
2021 162  6 11 0100  -33.2  982.2   20.9  263.0   40.0  444.0
2021 162  6 11 0200  -33.0  983.0   19.8  262.0   40.0  444.0
2021 162  6 11 0300  -32.7  983.2   21.8  263.0   39.2  444.0
2021 162  6 11 0400  -32.5  983.3   20.8  262.0   40.0  444.0
2021 162  6 11 0500  -32.4  984.6   21.7  263.0   40.0  444.0
2021 162  6 11 0600  -32.8  984.7   22.3  261.0   41.5  444.0
2021 162  6 11 0700  -33.1  984.7   23.6  262.0   42.0  444.0
2021 162  6 11 0800  -33.4  984.8   24.1  262.0   42.0  444.0
2021 162  6 11 0900  -33.6  985.1   21.1  264.0   44.0  444.0
2021 162  6 11 1000  -33.8  985.8   23.3  265.0   42.8  444.0
2021 162  6 11 1100  -33.7  987.1   21.2  266.0   43.0  444.0
2021 162  6 11 1200  -33.2  988.3   20.5  263.0   41.0  444.0
2021 162  6 11 1300  -33.1  988.6   16.2  262.0   44.0  444.0
2021 162  6 11 1400  -33.4  988.9   17.6  267.0   45.0  444.0
2021 162  6 11 1500  -33.3  988.0   19.5  263.0   44.3  444.0
2021 162  6 11 1600  -33.7  988.4   20.4  261.0   45.0  444.0
2021 162  6 11 1700  -34.0  988.4   20.1  263.0   46.0  444.0
2021 162  6 11 1800  -35.1  987.6   25.3  264.0   45.0  444.0
2021 162  6 11 1900  -35.5  986.3   29.4  263.0   45.0  444.0
2021 162  6 11 2000  -35.9  986.7   27.3  265.0   45.0  444.0
2021 162  6 11 2100  -35.7  987.6   27.4  267.0   42.0  444.0
2021 162  6 11 2200  -35.3  988.3   24.7  268.0   43.0  444.0
2021 162  6 11 2300  -34.8  987.3   23.6  268.0   43.0  444.0
2021 163  6 12 0000  -33.9  988.3   23.1  277.0   43.0  444.0
2021 163  6 12 0100  -33.5  988.4   20.6  280.0   44.0  444.0
2021 163  6 12 0200  -32.4  985.5   30.6  272.0   36.0  444.0
2021 163  6 12 0300  -32.0  986.3   28.6  270.0   37.0  444.0
2021 163  6 12 0400  -32.1  985.7   27.1  266.0   40.0  444.0
2021 163  6 12 0500  -32.9  985.5   27.3  266.0   41.0  444.0
2021 163  6 12 0600  -33.3  985.6   29.0  264.0   42.0  444.0
2021 163  6 12 0700  -33.9  984.9   27.9  264.0   44.0  444.0
2021 163  6 12 0800  -34.1  985.9   29.3  262.0   44.0  444.0
2021 163  6 12 0900  -34.6  985.8   27.0  265.0   46.0  444.0
2021 163  6 12 1000  -34.6  986.3   28.0  270.0   43.0  444.0
2021 163  6 12 1100  -34.8  986.1   32.1  272.0   39.0  444.0
2021 163  6 12 1200  -33.6  986.6   28.3  275.0   38.0  444.0
2021 163  6 12 1300  -32.7  984.7   32.1  274.0   37.0  444.0
2021 163  6 12 1400  -31.4  985.4   31.2  274.0   32.0  444.0
2021 163  6 12 1500  -30.8  985.3   30.0  271.0   33.0  444.0
2021 163  6 12 1600  -31.1  986.1   28.7  269.0   38.0  444.0
2021 163  6 12 1700  -31.0  985.8   28.6  268.0   38.0  444.0
2021 163  6 12 1800  -31.1  982.7   30.3  266.0   39.0  444.0
2021 163  6 12 1900  -31.2  984.4   28.8  263.0   40.0  444.0
2021 163  6 12 2000  -31.2  983.8   31.3  263.0   40.0  444.0
2021 163  6 12 2100  -30.7  984.5   34.8  263.0   38.0  444.0
2021 163  6 12 2200  -31.2  986.2   28.6  262.0   43.0  444.0
2021 163  6 12 2300  -30.6  985.4   28.3  261.0   43.0  444.0
2021 164  6 13 0000  -30.5  984.5   30.0  261.0   45.0  444.0
2021 164  6 13 0100  -30.5  984.4   32.8  262.0   45.0  444.0
2021 164  6 13 0200  -30.5  985.3   30.7  266.0   45.0  444.0
2021 164  6 13 0300  -29.8  984.9   30.3  260.0   44.8  444.0
2021 164  6 13 0400  -29.5  985.7   27.5  265.0   47.0  444.0
2021 164  6 13 0500  -29.0  986.1   23.8  261.0   51.0  444.0
2021 164  6 13 0600  -28.4  986.2   24.2  260.0   51.2  444.0
2021 164  6 13 0700  -27.6  986.4   22.0  260.0   44.0  444.0
2021 164  6 13 0800  -27.0  983.8   24.0  261.0   44.0  444.0
2021 164  6 13 0900  -26.3  983.2   27.7  267.0   43.0  444.0
2021 164  6 13 1000  -25.9  983.5   27.6  265.0   42.0  444.0
2021 164  6 13 1100  -25.3  983.9   25.4  263.0   43.0  444.0
2021 164  6 13 1200  -25.2  984.3   24.4  263.0   46.0  444.0
2021 164  6 13 1300  -24.3  985.2   19.8  262.0   48.0  444.0
2021 164  6 13 1400  -24.4  984.3   25.0  263.0   45.0  444.0
2021 164  6 13 1500  -24.2  983.7   25.1  263.0   45.0  444.0
2021 164  6 13 1600  -24.2  984.9   23.3  264.0   46.0  444.0
2021 164  6 13 1700  -23.6  984.1   24.2  263.0   40.0  444.0
2021 164  6 13 1800  -22.7  983.3   22.9  262.0   39.0  444.0
2021 164  6 13 1900  -22.4  983.1   24.1  260.0   41.0  444.0
2021 164  6 13 2000  -22.7  983.8   23.9  262.0   38.0  444.0
2021 164  6 13 2100  -22.2  983.0   25.6  261.0   36.0  444.0
2021 164  6 13 2200  -21.6  982.9   26.2  261.0   34.0  444.0
2021 164  6 13 2300  -21.3  982.8   22.4  261.0   36.0  444.0
2021 165  6 14 0000  -20.6  981.8   21.2  262.0   36.0  444.0
2021 165  6 14 0100  -20.4  980.1   23.8  263.0   36.0  444.0
2021 165  6 14 0200  -19.9  979.5   23.6  263.0   36.0  444.0
2021 165  6 14 0300  -19.1  979.4   20.9  259.0   36.0  444.0
2021 165  6 14 0400  -19.2  977.7   24.5  261.0   35.0  444.0
2021 165  6 14 0500  -19.6  980.2   18.9  257.0   39.0  444.0
2021 165  6 14 0600  -19.3  980.0   17.7  257.0   38.0  444.0
2021 165  6 14 0700  -19.2  978.0   23.8  257.0   38.0  444.0
2021 165  6 14 0800  -19.1  978.0   22.6  254.0   36.0  444.0
2021 165  6 14 0900  -18.6  975.9   25.5  256.0   35.0  444.0
2021 165  6 14 1000  -18.8  975.4   24.2  258.0   36.0  444.0
2021 165  6 14 1100  -18.8  975.3   25.4  256.0   35.3  444.0
2021 165  6 14 1200  -19.4  976.5   22.3  262.0   35.0  444.0
2021 165  6 14 1300  -20.1  975.3   23.8  260.0   36.0  444.0
2021 165  6 14 1400  -20.5  975.7   24.0  256.0   37.0  444.0
2021 165  6 14 1500  -21.0  975.7   23.4  261.0   36.0  444.0
2021 165  6 14 1600  -21.3  976.5   24.8  261.0   35.0  444.0
2021 165  6 14 1700  -21.7  976.7   25.1  264.0   36.0  444.0
2021 165  6 14 1800  -22.4  976.2   25.8  264.0   36.0  444.0
2021 165  6 14 1900  -22.4  976.3   28.3  263.0   35.0  444.0
2021 165  6 14 2000  -22.9  976.3   27.4  265.0   35.0  444.0
2021 165  6 14 2100  -23.2  977.5   25.9  266.0   35.0  444.0
2021 165  6 14 2200  -23.6  976.3   29.1  262.0   34.0  444.0
2021 165  6 14 2300  -24.0  975.5   28.2  263.0   36.0  444.0
2021 166  6 15 0000  -23.7  973.6   30.6  262.0   35.0  444.0
2021 166  6 15 0100  -23.0  973.8   32.6  264.0   33.0  444.0
2021 166  6 15 0200  -22.6  972.2   35.9  259.0   33.0  444.0
2021 166  6 15 0300  -22.4  973.5   34.0  265.0   31.0  444.0
2021 166  6 15 0400  -22.7  972.8   32.3  265.0   33.0  444.0
2021 166  6 15 0500  -22.9  970.7   32.6  259.0   34.4  444.0
2021 166  6 15 0600  -24.1  972.3   31.5  257.0   38.0  444.0
2021 166  6 15 0700  -24.5  973.7   31.6  259.0   36.7  444.0
2021 166  6 15 0800  -24.9  972.8   30.7  255.0   41.0  444.0
2021 166  6 15 0900  -26.6  975.2   28.8  252.0   47.0  444.0
2021 166  6 15 1000  -27.4  975.5   26.8  257.0   54.0  444.0
2021 166  6 15 1100  -28.4  978.6   26.2  259.0   67.0  444.0
2021 166  6 15 1200  -28.7  976.8   28.6  257.0   54.0  444.0
2021 166  6 15 1300  -28.3  979.4   24.4  259.0   48.0  444.0
2021 166  6 15 1400  -27.9  979.7   23.3  258.0   44.0  444.0
2021 166  6 15 1500  -28.0  979.0   23.9  262.0   46.0  444.0
2021 166  6 15 1600  -28.3  978.2   28.1  268.0   48.0  444.0
2021 166  6 15 1700  -28.2  979.5   25.0  268.0   47.0  444.0
2021 166  6 15 1800  -27.9  978.3   26.5  271.0   43.0  444.0
2021 166  6 15 1900  -27.8  978.2   25.3  265.0   44.0  444.0
2021 166  6 15 2000  -27.8  978.5   25.8  270.0   46.0  444.0
2021 166  6 15 2100  -27.8  977.2   26.3  270.0   43.4  444.0
2021 166  6 15 2200  -27.5  975.6   29.3  268.0   41.6  444.0
2021 166  6 15 2300  -27.2  975.3   26.8  268.0   42.0  444.0
2021 167  6 16 0000  -26.6  974.9   28.1  270.0   40.0  444.0
2021 167  6 16 0100  -26.0  974.1   28.5  271.0   39.0  444.0
2021 167  6 16 0200  -25.9  972.3   29.2  270.0   40.0  444.0
2021 167  6 16 0300  -25.3  972.6   32.0  272.0   39.0  444.0
2021 167  6 16 0400  -25.0  971.8   32.8  269.0   39.0  444.0
2021 167  6 16 0500  -24.2  972.9   31.1  270.0   37.8  444.0
2021 167  6 16 0600  -24.4  971.9   29.4  270.0   40.0  444.0
2021 167  6 16 0700  -23.9  972.9   27.8  268.0   42.0  444.0
2021 167  6 16 0800  -23.3  971.5   29.0  271.0   40.0  444.0
2021 167  6 16 0900  -22.7  970.7   30.6  270.0   40.0  444.0
2021 167  6 16 1000  -22.0  969.8   32.0  271.0   39.1  444.0
2021 167  6 16 1100  -20.7  968.7   33.0  272.0   37.0  444.0
2021 167  6 16 1200  -19.7  968.4   29.9  270.0   37.0  444.0
2021 167  6 16 1300  -19.2  968.3   30.8  268.0   38.0  444.0
2021 167  6 16 1400  -18.6  967.5   28.4  264.0   40.0  444.0
2021 167  6 16 1500  -18.1  966.5   30.9  265.0   39.1  444.0
2021 167  6 16 1600  -17.6  966.0   34.0  264.0   37.0  444.0
2021 167  6 16 1700  -17.4  968.1   28.8  270.0   39.0  444.0
2021 167  6 16 1800  -16.3  966.9   26.6  256.0   36.0  444.0
2021 167  6 16 1900  -17.1  964.9   28.0  251.0   40.2  444.0
2021 167  6 16 2000  -17.5  964.6   27.7  260.0   38.1  444.0
2021 167  6 16 2100  -17.3  962.6   31.2  262.0   38.0  444.0
2021 167  6 16 2200  -17.6  961.0   33.8  262.0   39.0  444.0
2021 167  6 16 2300  -18.2  960.9   37.8  259.0   40.0  444.0
2021 168  6 17 0000  -18.6  960.1   34.6  261.0   38.0  444.0
2021 168  6 17 0100  -18.4  962.2   34.6  257.0   37.0  444.0
2021 168  6 17 0200  -18.7  960.3   38.6  258.0   41.0  444.0
2021 168  6 17 0300  -18.6  960.9   39.1  259.0   36.6  444.0
2021 168  6 17 0400  -18.2  959.2   38.6  262.0   37.4  444.0
2021 168  6 17 0500  -18.2  958.8   39.0  260.0   37.0  444.0
2021 168  6 17 0600  -18.1  957.4   36.9  259.0   36.0  444.0
2021 168  6 17 0700  -17.9  961.5   36.2  255.0   34.0  444.0
2021 168  6 17 0800  -18.3  961.2   33.1  261.0   36.1  444.0
2021 168  6 17 0900  -18.6  961.7   35.9  260.0   36.0  444.0
2021 168  6 17 1000  -17.8  961.7   34.3  254.0   33.0  444.0
2021 168  6 17 1100  -18.0  963.0   30.5  260.0   34.0  444.0
2021 168  6 17 1200  -18.1  961.5   30.0  255.0   30.0  444.0
2021 168  6 17 1300  -18.4  961.3   31.2  258.0   31.0  444.0
2021 168  6 17 1400  -19.3  963.2   28.8  258.0   33.4  444.0
2021 168  6 17 1500  -19.9  963.9   23.5  257.0   34.0  444.0
2021 168  6 17 1600  -20.9  966.0   16.7  259.0   40.0  444.0
2021 168  6 17 1700  -21.3  965.6   18.1  259.0   41.0  444.0
2021 168  6 17 1800  -21.9  965.9   16.7  261.0   42.9  444.0
2021 168  6 17 1900  -22.3  965.0   18.4  263.0   43.0  444.0
2021 168  6 17 2000  -22.0  965.4   19.1  264.0   41.0  444.0
2021 168  6 17 2100  -22.4  966.6   16.4  265.0   45.0  444.0
2021 168  6 17 2200  -22.4  966.5   16.8  266.0   43.0  444.0
2021 168  6 17 2300  -22.9  967.4   16.4  262.0   44.0  444.0
2021 169  6 18 0000  -23.5  967.8   17.3  263.0   43.0  444.0
2021 169  6 18 0100  -23.9  968.7   16.0  260.0   44.0  444.0
2021 169  6 18 0200  -23.8  969.8   16.5  261.0   43.0  444.0
2021 169  6 18 0300  -23.9  970.8   14.1  259.0   45.0  444.0
2021 169  6 18 0400  -24.2  970.8   17.5  258.0   42.0  444.0
2021 169  6 18 0500  -24.1  971.0   19.9  267.0   42.0  444.0
2021 169  6 18 0600  -24.2  971.4   23.6  270.0   39.9  444.0
2021 169  6 18 0700  -24.3  972.4   22.6  268.0   39.0  444.0
2021 169  6 18 0800  -24.8  973.1   21.2  274.0   41.0  444.0
2021 169  6 18 0900  -24.9  974.4   21.8  274.0   41.0  444.0
2021 169  6 18 1000  -24.2  975.7   20.2  268.0   40.0  444.0
2021 169  6 18 1100  -24.3  977.4   12.8  267.0   43.6  444.0
2021 169  6 18 1200  -25.5  979.2   11.0  267.0   48.8  444.0
2021 169  6 18 1300  -24.1  980.2    9.8  265.0   43.0  444.0
2021 169  6 18 1400  -23.5  980.6   12.2  272.0   41.0  444.0
2021 169  6 18 1500  -23.0  981.4   11.4  272.0   41.0  444.0
2021 169  6 18 1600  -22.6  981.9   12.2  270.0   42.0  444.0
2021 169  6 18 1700  -23.0  982.1   11.9  272.0   45.1  444.0
2021 169  6 18 1800  -22.8  982.0   11.8  276.0   49.0  444.0
2021 169  6 18 1900  -23.5  981.4   12.6  277.0   52.0  444.0
2021 169  6 18 2000  -23.3  981.4   12.8  278.0   49.0  444.0
2021 169  6 18 2100  -22.6  980.9   13.3  279.0   47.0  444.0
2021 169  6 18 2200  -22.3  980.3   14.7  276.0   46.0  444.0
2021 169  6 18 2300  -22.9  979.9   14.4  275.0   50.0  444.0
2021 170  6 19 0000  -23.7  979.0   16.5  276.0   51.0  444.0
2021 170  6 19 0100  -21.9  977.8   19.6  275.0   41.0  444.0
2021 170  6 19 0200  -21.8  977.1   18.7  273.0   42.0  444.0
2021 170  6 19 0300  -22.0  976.5   21.1  275.0   43.0  444.0
2021 170  6 19 0400  -21.9  975.7   19.8  267.0   43.0  444.0
2021 170  6 19 0500  -22.4  975.2   18.2  267.0   44.6  444.0
2021 170  6 19 0600  -23.0  973.9   16.5  264.0   44.0  444.0
2021 170  6 19 0700  -22.2  970.8   24.2  266.0   38.0  444.0
2021 170  6 19 0800  -22.6  970.4   20.3  266.0   42.0  444.0
2021 170  6 19 0900  -22.6  968.9   23.2  266.0   41.0  444.0
2021 170  6 19 1000  -21.9  968.2   22.9  265.0   37.0  444.0
2021 170  6 19 1100  -22.0  968.0   20.1  266.0   40.0  444.0
2021 170  6 19 1200  -22.1  966.5   21.9  263.0   38.0  444.0
2021 170  6 19 1300  -22.3  965.8   23.3  261.0   39.0  444.0
2021 170  6 19 1400  -22.0  965.1   21.5  261.0   39.0  444.0
2021 170  6 19 1500  -22.2  965.6   20.7  262.0   42.0  444.0
2021 170  6 19 1600  -22.3  966.0   17.9  265.0   42.0  444.0
2021 170  6 19 1700  -22.3  965.1   23.0  267.0   38.0  444.0
2021 170  6 19 1800  -22.8  964.8   21.7  264.0   40.0  444.0
2021 170  6 19 1900  -23.9  965.1   19.2  262.0   42.0  444.0
2021 170  6 19 2000  -24.7  965.2   20.7  263.0   43.0  444.0
2021 170  6 19 2100  -25.4  965.3   22.6  324.0   42.0  444.0
2021 170  6 19 2200  -25.8  965.0   21.4  262.0   43.0  444.0
2021 170  6 19 2300  -25.9  964.2   22.9  263.0   40.0  444.0
2021 171  6 20 0000  -26.1  964.1   21.4  262.0   42.0  444.0
2021 171  6 20 0100  -26.5  965.0   23.9  263.0   41.0  444.0
2021 171  6 20 0200  -26.8  966.3   16.9  262.0   45.0  444.0
2021 171  6 20 0300  -26.9  965.8   19.4  262.0   43.0  444.0
2021 171  6 20 0400  -27.2  965.1   23.1  262.0   42.4  444.0
2021 171  6 20 0500  -27.5  964.9   23.8  259.0   45.0  444.0
2021 171  6 20 0600  -27.8  965.6   21.3  254.0   47.0  444.0
2021 171  6 20 0700  -27.9  965.2   22.9  259.0   46.0  444.0
2021 171  6 20 0800  -28.0  964.8   24.9  257.0   43.0  444.0
2021 171  6 20 0900  -28.3  963.6   27.9  260.0   42.0  444.0
2021 171  6 20 1000  -28.4  964.0   26.6  260.0   41.0  444.0
2021 171  6 20 1100  -28.5  962.6   27.6  263.0   41.0  444.0
2021 171  6 20 1200  -28.6  963.2   28.3  264.0   40.0  444.0
2021 171  6 20 1300  -28.6  963.1   28.0  265.0   40.0  444.0
2021 171  6 20 1400  -28.4  962.2   28.9  271.0   39.0  444.0
2021 171  6 20 1500  -28.1  961.7   28.1  268.0   38.0  444.0
2021 171  6 20 1600  -29.3  964.1   13.8  270.0   47.0  444.0
2021 171  6 20 1700  -29.2  963.6   16.1  277.0   45.0  444.0
2021 171  6 20 1800  -27.9  962.0   19.8  283.0   44.0  444.0
2021 171  6 20 1900  -27.2  960.8   20.8  277.0   46.0  444.0
2021 171  6 20 2000  -27.0  960.7   21.7  278.0   46.0  444.0
2021 171  6 20 2100  -26.6  959.8   21.5  276.0   49.0  444.0
2021 171  6 20 2200  -26.1  960.0   23.1  279.0   47.0  444.0
2021 171  6 20 2300  -25.4  959.4   22.9  277.0   43.0  444.0
2021 172  6 21 0000  -25.7  960.0   19.6  274.0   51.0  444.0
2021 172  6 21 0100  -25.4  960.4   18.5  274.0   54.0  444.0
2021 172  6 21 0200  -24.8  960.1   19.8  271.0   51.1  444.0
2021 172  6 21 0300  -23.6  959.4   19.9  271.0   46.3  444.0
2021 172  6 21 0400  -23.9  959.1   21.3  278.0   52.0  444.0
2021 172  6 21 0500  -22.8  958.6   21.2  280.0   49.0  444.0
2021 172  6 21 0600  -23.7  958.3   22.1  276.0   55.0  444.0
2021 172  6 21 0700  -23.2  958.0   21.0  278.0   55.0  444.0
2021 172  6 21 0800  -22.5  957.9   21.4  278.0   56.0  444.0
2021 172  6 21 0900  -21.2  958.4   19.8  279.0   54.0  444.0
2021 172  6 21 1000  -21.4  959.5   16.1  276.0   58.0  444.0
2021 172  6 21 1100  -20.6  960.9   12.4  280.0   61.0  444.0
2021 172  6 21 1200  -18.9  961.4   11.3  277.0   64.0  444.0
2021 172  6 21 1300  -17.5  961.3   11.3  274.0   60.0  444.0
2021 172  6 21 1400  -18.4  961.7   13.2  273.0   74.0  444.0
2021 172  6 21 1500  -17.0  961.1   14.9  273.0   83.0  444.0
2021 172  6 21 1600  -17.3  961.2   14.9  276.0   85.0  444.0
2021 172  6 21 1700  -17.0  961.0   14.5  277.0   87.0  444.0
2021 172  6 21 1800  -16.7  960.8   14.1  278.0   88.0  444.0
2021 172  6 21 1900  -15.9  960.8   14.5  276.0   89.0  444.0
2021 172  6 21 2000  -16.4  961.0   13.9  277.0   86.0  444.0
2021 172  6 21 2100  -16.6  960.9   14.5  278.0   88.6  444.0
2021 172  6 21 2200  -15.9  961.2   13.7  278.0   80.0  444.0
2021 172  6 21 2300  -16.7  961.7   14.6  278.0   74.0  444.0
2021 173  6 22 0000  -17.2  962.4   14.2  279.0   76.0  444.0
2021 173  6 22 0100  -18.4  962.2   16.6  264.0   82.0  444.0
2021 173  6 22 0200  -19.4  961.9   18.0  259.0   82.0  444.0
2021 173  6 22 0300  -20.2  962.7   18.0  262.0   79.0  444.0
2021 173  6 22 0400  -21.1  962.5   19.2  260.0   80.0  444.0
2021 173  6 22 0500  -22.0  962.5   18.3  257.0   77.0  444.0
2021 173  6 22 0600  -22.7  963.3   19.0  260.0   78.0  444.0
2021 173  6 22 0700  -22.9  963.6   22.1  264.0   78.0  444.0
2021 173  6 22 0800  -23.1  963.4   25.9  265.0   78.0  444.0
2021 173  6 22 0900  -22.8  963.9   22.3  269.0   75.0  444.0
2021 173  6 22 1000  -22.8  965.4   20.6  276.0   72.0  444.0
2021 173  6 22 1100  -21.9  966.5   16.1  268.0   68.0  444.0
2021 173  6 22 1200  -22.6  965.8   15.1  276.0   66.0  444.0
2021 173  6 22 1300  -22.7  964.8   17.4  271.0   68.0  444.0
2021 173  6 22 1400  -22.3  965.2   17.5  277.0   64.0  444.0
2021 173  6 22 1500  -21.6  965.2   18.3  280.0   66.0  444.0
2021 173  6 22 1600  -21.5  965.6   16.8  276.0   68.0  444.0
2021 173  6 22 1700  -21.3  964.6   18.2  277.0   76.0  444.0
2021 173  6 22 1800  -20.3  965.3   17.0  276.0   75.0  444.0
2021 173  6 22 1900  -20.3  965.7   16.7  278.0   79.0  444.0
2021 173  6 22 2000  -20.3  965.7   16.0  279.0   80.0  444.0
2021 173  6 22 2100  -19.7  966.6   13.8  278.0   82.0  444.0
2021 173  6 22 2200  -18.0  967.3   11.7  279.0   77.0  444.0
2021 173  6 22 2300  -17.9  967.3   11.8  278.0   79.0  444.0
2021 174  6 23 0000  -17.7  967.2   12.6  275.0   85.7  444.0
2021 174  6 23 0100  -17.3  967.8   11.8  275.0   87.0  444.0
2021 174  6 23 0200  -16.9  968.6   10.2  271.0   87.0  444.0
2021 174  6 23 0300  -16.8  968.7   10.1  272.0   88.0  444.0
2021 174  6 23 0400  -16.7  969.4    9.3  271.0   89.0  444.0
2021 174  6 23 0500  -16.8  969.6    8.7  271.0   88.0  444.0
2021 174  6 23 0600  -16.7  970.2    8.3  273.0   88.0  444.0
2021 174  6 23 0700  -17.3  970.2    8.5  274.0   87.4  444.0
2021 174  6 23 0800  -16.9  970.6    8.5  276.0   87.0  444.0
2021 174  6 23 0900  -17.2  970.4   10.0  277.0   88.0  444.0
2021 174  6 23 1000  -17.7  970.3    9.9  277.0   87.0  444.0
2021 174  6 23 1100  -17.2  970.0   11.0  276.0   85.8  444.0
2021 174  6 23 1200  -16.9  969.5   10.7  277.0   80.8  444.0
2021 174  6 23 1300  -16.8  969.4   10.7  281.0   74.0  444.0
2021 174  6 23 1400  -16.1  969.2   10.3  281.0   73.0  444.0
2021 174  6 23 1500  -15.8  969.1    9.7  279.0   72.0  444.0
2021 174  6 23 1600  -16.4  968.0   14.3  279.0   77.3  444.0
2021 174  6 23 1700  -15.9  968.7   11.3  277.0   79.0  444.0
2021 174  6 23 1800  -15.2  968.5   11.6  278.0   84.0  444.0
2021 174  6 23 1900  -15.3  968.8   11.9  276.0   89.0  444.0
2021 174  6 23 2000  -15.9  968.3   13.2  277.0   88.0  444.0
2021 174  6 23 2100  -16.1  968.0   15.0  278.0   83.2  444.0
2021 174  6 23 2200  -16.1  968.8   12.9  279.0   86.6  444.0
2021 174  6 23 2300  -15.9  969.2   12.6  276.0   86.0  444.0
2021 175  6 24 0000  -16.7  969.7   12.7  273.0   82.0  444.0
2021 175  6 24 0100  -16.0  970.1   11.6  271.0   87.0  444.0
2021 175  6 24 0200  -16.1  970.5    8.4  263.0   90.0  444.0
2021 175  6 24 0300  -15.4  971.6    5.5  262.0   91.7  444.0
2021 175  6 24 0400  -15.3  972.5    0.8  316.0   92.0  444.0
2021 175  6 24 0500  -16.1  972.8    1.0  259.0   90.0  444.0
2021 175  6 24 0600  -16.9  972.8    4.3  272.0   90.0  444.0
2021 175  6 24 0700  -16.7  972.6    7.8  279.0   90.0  444.0
2021 175  6 24 0800  -16.3  972.8    7.8  277.0   88.0  444.0
2021 175  6 24 0900  -16.0  973.2    6.9  273.0   84.9  444.0
2021 175  6 24 1000  -16.3  973.3    6.2  274.0   85.0  444.0
2021 175  6 24 1100  -16.2  973.6    6.0  273.0   86.0  444.0
2021 175  6 24 1200  -17.5  973.7    6.1  272.0   83.0  444.0
2021 175  6 24 1300  -17.0  973.7    7.6  280.0   77.0  444.0
2021 175  6 24 1400  -17.4  974.2    7.4  278.0   76.0  444.0
2021 175  6 24 1500  -16.2  974.4    3.8  325.0   66.8  444.0
2021 175  6 24 1600  -17.2  974.0    7.5  281.0   66.0  444.0
2021 175  6 24 1700  -17.4  973.7   10.3  280.0   69.0  444.0
2021 175  6 24 1800  -16.9  974.2    8.4  279.0   68.0  444.0
2021 175  6 24 1900  -16.0  974.6    3.1  304.0   64.0  444.0
2021 175  6 24 2000  -16.8  974.6    3.6  299.0   67.0  444.0
2021 175  6 24 2100  -17.7  974.8    5.3  283.0   66.0  444.0
2021 175  6 24 2200  -18.5  975.2    4.5  272.0   73.0  444.0
2021 175  6 24 2300  -18.3  975.0    5.8  273.0   74.0  444.0
2021 176  6 25 0000  -18.3  975.2    5.1  274.0   76.0  444.0
2021 176  6 25 0100  -18.9  975.1    5.1  273.0   71.3  444.0
2021 176  6 25 0200  -19.2  975.0    5.6  259.0   69.0  444.0
2021 176  6 25 0300  -19.0  974.8    7.1  283.0   55.0  444.0
2021 176  6 25 0400  -18.6  975.0    5.4  282.0   63.3  444.0
2021 176  6 25 0500  -18.1  975.0    6.0  281.0   62.0  444.0
2021 176  6 25 0600  -17.6  974.6    6.2  280.0   61.0  444.0
2021 176  6 25 0700  -16.8  974.0   10.8  281.0   58.0  444.0
2021 176  6 25 0800  -17.5  974.3   10.0  284.0   62.0  444.0
2021 176  6 25 0900  -17.8  974.4   12.3  280.0   60.0  444.0
2021 176  6 25 1000  -17.3  974.6   11.0  277.0   58.0  444.0
2021 176  6 25 1100  -17.6  974.8   11.5  277.0   58.0  444.0
2021 176  6 25 1200  -19.3  975.2   10.2  266.0   65.0  444.0
2021 176  6 25 1300  -20.2  975.8    6.8  259.0   61.0  444.0
2021 176  6 25 1400  -21.2  975.8    8.4  256.0   66.0  444.0
2021 176  6 25 1500  -21.2  976.0    7.3  252.0   60.0  444.0
2021 176  6 25 1600  -20.9  976.0   10.3  265.0   61.0  444.0
2021 176  6 25 1700  -21.6  976.5    7.6  258.0   60.0  444.0
2021 176  6 25 1800  -21.7  976.8    9.0  255.0   64.0  444.0
2021 176  6 25 1900  -22.9  977.1    6.9  250.0   63.0  444.0
2021 176  6 25 2000  -23.2  977.6    7.7  253.0   69.0  444.0
2021 176  6 25 2100  -21.5  977.9    6.5  264.0   54.0  444.0
2021 176  6 25 2200  -23.1  978.2    8.6  255.0   62.0  444.0
2021 176  6 25 2300  -23.4  978.5    7.0  242.0   81.0  444.0
2021 177  6 26 0000  -22.3  979.0    8.3  257.0   62.0  444.0
2021 177  6 26 0100  -21.0  979.2    9.6  264.0   55.0  444.0
2021 177  6 26 0200  -21.2  979.2   12.7  273.0   62.0  444.0
2021 177  6 26 0300  -21.1  979.5   12.9  272.0   59.6  444.0
2021 177  6 26 0400  -21.5  979.4   13.4  273.0   62.0  444.0
2021 177  6 26 0500  -21.9  979.3   16.0  272.0   66.0  444.0
2021 177  6 26 0600  -22.7  979.6   16.4  269.0   68.0  444.0
2021 177  6 26 0700  -23.0  980.4   15.1  269.0   65.0  444.0
2021 177  6 26 0800  -23.9  980.5   15.8  268.0   67.0  444.0
2021 177  6 26 0900  -23.5  981.2   15.9  269.0   67.0  444.0
2021 177  6 26 1000  -23.7  982.2   14.6  267.0   66.0  444.0
2021 177  6 26 1100  -23.7  982.4   16.0  268.0   65.0  444.0
2021 177  6 26 1200  -24.3  982.7   17.0  270.0   66.0  444.0
2021 177  6 26 1300  -24.7  983.8   14.8  271.0   65.0  444.0
2021 177  6 26 1400  -24.5  984.1   14.2  274.0   64.0  444.0
2021 177  6 26 1500  -24.1  984.6   14.3  275.0   62.0  444.0
2021 177  6 26 1600  -23.7  985.1   15.4  269.0   61.0  444.0
2021 177  6 26 1700  -23.9  985.5   15.1  271.0   60.0  444.0
2021 177  6 26 1800  -24.0  985.6   15.6  274.0   58.0  444.0
2021 177  6 26 1900  -24.1  985.8   16.5  276.0   59.0  444.0
2021 177  6 26 2000  -24.3  986.2   16.1  273.0   59.7  444.0
2021 177  6 26 2100  -24.3  987.0   15.1  271.0   60.0  444.0
2021 177  6 26 2200  -24.1  986.8   16.3  270.0   61.0  444.0
2021 177  6 26 2300  -24.2  987.8   17.3  272.0   63.0  444.0
2021 178  6 27 0000  -24.3  987.8   17.0  271.0   61.4  444.0
2021 178  6 27 0100  -24.3  987.9   17.4  274.0   63.8  444.0
2021 178  6 27 0200  -24.2  987.4   19.9  270.0   68.0  444.0
2021 178  6 27 0300  -24.1  988.0   19.9  273.0   65.0  444.0
2021 178  6 27 0400  -24.2  988.7   18.3  274.0   64.0  444.0
2021 178  6 27 0500  -24.0  989.4   20.0  273.0   65.0  444.0
2021 178  6 27 0600  -24.3  989.8   19.1  277.0   65.5  444.0
2021 178  6 27 0700  -24.3  989.4   18.2  271.0   63.0  444.0
2021 178  6 27 0800  -24.2  989.0   21.9  270.0   67.0  444.0
2021 178  6 27 0900  -24.3  990.0   19.6  271.0   66.0  444.0
2021 178  6 27 1000  -24.5  989.6   22.8  266.0   70.0  444.0
2021 178  6 27 1100  -24.6  990.7   19.9  267.0   69.0  444.0
2021 178  6 27 1200  -24.7  991.3   19.8  265.0   69.0  444.0
2021 178  6 27 1300  -24.9  991.1   19.0  267.0   67.7  444.0
2021 178  6 27 1400  -25.3  991.6   19.9  267.0   67.0  444.0
2021 178  6 27 1500  -25.5  991.3   19.3  266.0   66.0  444.0
2021 178  6 27 1600  -25.4  991.8   18.8  260.0   68.0  444.0
2021 178  6 27 1700  -25.4  991.6   20.1  268.0   65.0  444.0
2021 178  6 27 1800  -25.7  991.8   21.8  261.0   70.2  444.0
2021 178  6 27 1900  -25.7  991.3   22.6  265.0   70.0  444.0
2021 178  6 27 2000  -25.3  992.0   19.5  271.0   65.0  444.0
2021 178  6 27 2100  -25.4  991.6   22.0  266.0   68.8  444.0
2021 178  6 27 2200  -25.4  991.8   20.6  268.0   69.0  444.0
2021 178  6 27 2300  -25.2  991.4   21.1  263.0   69.2  444.0
2021 179  6 28 0000  -24.9  990.6   26.3  265.0   74.0  444.0
2021 179  6 28 0100  -24.9  990.7   25.6  264.0   74.0  444.0
2021 179  6 28 0200  -24.8  991.2   20.9  263.0   71.0  444.0
2021 179  6 28 0300  -24.7  990.2   24.8  262.0   74.0  444.0
2021 179  6 28 0400  -24.8  989.9   27.5  258.0   75.2  444.0
2021 179  6 28 0500  -24.8  987.9   30.4  259.0   76.0  444.0
2021 179  6 28 0600  -24.9  988.3   33.5  259.0   76.5  444.0
2021 179  6 28 0700  -24.9  987.9   33.7  257.0   76.0  444.0
2021 179  6 28 0800  -24.7  986.5   34.1  258.0   77.0  444.0
2021 179  6 28 0900  -24.6  985.4   36.0  258.0   77.0  444.0
2021 179  6 28 1000  -24.5  985.1   37.0  257.0   76.0  444.0
2021 179  6 28 1100  -25.1  986.3   40.6  255.0   75.0  444.0
2021 179  6 28 1200  -25.7  986.6   40.7  253.0   74.0  444.0
2021 179  6 28 1300  -26.2  984.5   40.4  252.0   73.0  444.0
2021 179  6 28 1400  -25.9  984.9   40.9  255.0   41.0  444.0
2021 179  6 28 1500  -25.8  984.5   40.3  255.0   38.0  444.0
2021 179  6 28 1600  -26.3  983.1   42.3  254.0   37.1  444.0
2021 179  6 28 1700  -27.2  983.6   40.6  254.0   40.0  444.0
2021 179  6 28 1800  -27.6  983.6   41.1  253.0   40.0  444.0
2021 179  6 28 1900  -28.4  983.5   41.5  256.0   43.0  444.0
2021 179  6 28 2000  -27.8  982.4   42.2  255.0   41.0  444.0
2021 179  6 28 2100  -28.5  982.6   42.8  258.0   44.9  444.0
2021 179  6 28 2200  -28.0  982.5   43.2  256.0   39.0  444.0
2021 179  6 28 2300  -28.4  982.3   42.6  256.0   43.0  444.0
2021 180  6 29 0000  -28.9  982.4   43.8  256.0   44.0  444.0
2021 180  6 29 0100  -30.5  982.5   45.3  256.0   50.0  444.0
2021 180  6 29 0200  -30.9  979.7   49.9  257.0   50.5  444.0
2021 180  6 29 0300  -30.7  979.7   47.6  258.0   44.7  444.0
2021 180  6 29 0400  -30.9  980.1   46.7  254.0   47.0  444.0
2021 180  6 29 0500  -31.5  981.6   42.2  259.0   54.0  444.0
2021 180  6 29 0600  -30.7  985.6   34.0  260.0   50.0  444.0
2021 180  6 29 0700  -29.8  985.4   29.7  260.0   51.0  444.0
2021 180  6 29 0800  -28.4  987.1   25.5  261.0   49.0  444.0
2021 180  6 29 0900  -27.0  986.9   26.3  266.0   43.0  444.0
2021 180  6 29 1000  -25.3  985.3   28.6  267.0   41.0  444.0
2021 180  6 29 1100  -25.3  984.6   26.2  269.0   43.0  444.0
2021 180  6 29 1200  -24.5  982.4   27.7  263.0   43.0  444.0
2021 180  6 29 1300  -24.0  983.0   25.6  268.0   46.0  444.0
2021 180  6 29 1400  -23.4  982.9   25.1  263.0   44.0  444.0
2021 180  6 29 1500  -23.0  981.0   26.4  266.0   43.0  444.0
2021 180  6 29 1600  -22.8  979.0   29.6  264.0   40.0  444.0
2021 180  6 29 1700  -22.6  980.6   27.3  263.0   40.0  444.0
2021 180  6 29 1800  -22.4  979.4   28.2  261.0   38.0  444.0
2021 180  6 29 1900  -22.4  979.2   28.0  263.0   39.1  444.0
2021 180  6 29 2000  -22.0  978.3   28.1  264.0   38.0  444.0
2021 180  6 29 2100  -21.7  978.6   25.9  261.0   38.0  444.0
2021 180  6 29 2200  -20.7  978.6   24.1  268.0   38.0  444.0
2021 180  6 29 2300  -20.7  977.5   23.2  260.0   38.0  444.0
2021 181  6 30 0000  -21.2  976.8   24.3  263.0   39.1  444.0
2021 181  6 30 0100  -20.6  977.2   22.7  271.0   37.0  444.0
2021 181  6 30 0200  -21.0  976.7   20.8  267.0   40.0  444.0
2021 181  6 30 0300  -20.9  975.3   21.9  273.0   41.0  444.0
2021 181  6 30 0400  -20.8  975.7   25.0  272.0   39.0  444.0
2021 181  6 30 0500  -20.9  975.3   24.7  270.0   38.0  444.0
2021 181  6 30 0600  -20.8  974.7   25.7  267.0   36.0  444.0
2021 181  6 30 0700  -20.5  974.1   25.5  269.0   36.0  444.0
2021 181  6 30 0800  -21.1  974.0   25.8  266.0   37.0  444.0
2021 181  6 30 0900  -20.9  974.6   24.5  276.0   37.0  444.0
2021 181  6 30 1000  -21.3  975.7   21.0  270.0   37.0  444.0
2021 181  6 30 1100  -20.8  975.2   21.8  269.0   35.0  444.0
2021 181  6 30 1200  -22.2  975.5   21.2  268.0   39.0  444.0
2021 181  6 30 1300  -22.4  976.2   16.3  267.0   39.0  444.0
2021 181  6 30 1400  -22.5  975.7   16.6  266.0   39.0  444.0
2021 181  6 30 1500  -22.4  975.7   16.6  262.0   38.0  444.0
2021 181  6 30 1600  -23.3  975.0   17.1  257.0   39.0  444.0
2021 181  6 30 1700  -23.6  974.9   15.7  263.0   40.0  444.0
2021 181  6 30 1800  -23.8  974.3   16.9  263.0   41.0  444.0
2021 181  6 30 1900  -23.7  974.3   18.2  265.0   40.0  444.0
2021 181  6 30 2000  -24.4  974.6   14.6  267.0   44.0  444.0
2021 181  6 30 2100  -24.6  974.5   13.8  278.0   42.0  444.0
2021 181  6 30 2200  -24.8  973.5   15.4  270.0   38.0  444.0
2021 181  6 30 2300  -25.0  973.1   16.8  273.0   37.0  444.0
