Year: 2020  Month: 10  ID: MLA  ARGOS:  8905  Name: Manuela             
Lat: 74.95S  Lon: 163.69E  Elev:   78m
2020 275 10  1 0000  -22.6  978.1   19.1  278.0   57.0  444.0
2020 275 10  1 0100  -20.5  978.0   18.0  278.0   52.3  444.0
2020 275 10  1 0200  -18.9  978.4   17.2  280.0   49.0  444.0
2020 275 10  1 0300  -19.4  978.4   16.9  280.0   54.0  444.0
2020 275 10  1 0400  -19.2  979.2   15.3  276.0   58.5  444.0
2020 275 10  1 0500  -18.1  979.3   12.4  273.0   56.0  444.0
2020 275 10  1 0600  -18.3  979.4   12.6  270.0   75.0  444.0
2020 275 10  1 0700  -18.6  979.1   13.2  274.0   79.0  444.0
2020 275 10  1 0800  -17.6  978.4   14.1  277.0   77.0  444.0
2020 275 10  1 0900  -17.3  978.6   14.1  277.0   77.8  444.0
2020 275 10  1 1000  -17.7  977.9   14.1  274.0   80.8  444.0
2020 275 10  1 1100  -18.0  978.0   14.5  268.0   82.0  444.0
2020 275 10  1 1200  -17.5  977.6   14.6  274.0   80.0  444.0
2020 275 10  1 1300  -17.0  977.5   12.7  271.0   83.0  444.0
2020 275 10  1 1400  -16.9  977.3   12.3  269.0   83.4  444.0
2020 275 10  1 1500  -16.5  976.8   12.2  272.0   84.0  444.0
2020 275 10  1 1600  -16.4  976.0   13.5  273.0   85.0  444.0
2020 275 10  1 1700  -16.1  975.5   11.5  270.0   85.0  444.0
2020 275 10  1 1800  -16.1  975.1   11.7  269.0   81.0  444.0
2020 275 10  1 1900  -16.3  974.2   12.1  274.0   84.1  444.0
2020 275 10  1 2000  -15.9  974.3   10.6  264.0   85.1  444.0
2020 275 10  1 2100  -15.6  973.6   10.7  267.0   85.0  444.0
2020 275 10  1 2200  -14.8  973.3   11.4  274.0   87.0  444.0
2020 275 10  1 2300  -14.6  972.8   10.6  270.0   87.0  444.0
2020 276 10  2 0000  -13.8  972.7    9.3  272.0   85.5  444.0
2020 276 10  2 0100  -13.8  971.9    9.7  273.0   83.0  444.0
2020 276 10  2 0200  -12.8  971.5    9.2  276.0   80.0  444.0
2020 276 10  2 0300  -12.8  969.8   10.2  279.0   79.0  444.0
2020 276 10  2 0400  -12.5  969.2   13.2  278.0   79.0  444.0
2020 276 10  2 0500  -11.6  968.5   13.3  280.0   76.0  444.0
2020 276 10  2 0600  -12.0  968.3   13.7  279.0   76.0  444.0
2020 276 10  2 0700  -11.8  968.2   13.1  278.0   72.0  444.0
2020 276 10  2 0800  -12.2  969.2    8.5  268.0   68.0  444.0
2020 276 10  2 0900  -12.6  969.4    4.3  276.0   66.0  444.0
2020 276 10  2 1000  -13.3  969.0    5.7  267.0   71.0  444.0
2020 276 10  2 1100  -14.9  968.4    4.2  269.0   74.0  444.0
2020 276 10  2 1200  -14.6  968.1    5.9  276.0   69.5  444.0
2020 276 10  2 1300  -13.4  967.3    9.1  281.0   68.0  444.0
2020 276 10  2 1400  -13.5  965.7   14.7  276.0   71.0  444.0
2020 276 10  2 1500  -13.9  965.4   13.6  273.0   69.0  444.0
2020 276 10  2 1600  -12.9  964.7   16.6  277.0   69.0  444.0
2020 276 10  2 1700  -13.7  964.1   18.5  273.0   68.7  444.0
2020 276 10  2 1800  -14.9  964.7   15.8  274.0   72.0  444.0
2020 276 10  2 1900  -15.8  964.2   16.3  266.0   74.0  444.0
2020 276 10  2 2000  -16.9  964.5   13.8  268.0   73.0  444.0
2020 276 10  2 2100  -16.9  964.5   14.6  256.0   72.0  444.0
2020 276 10  2 2200  -17.0  964.1   13.7  266.0   73.5  444.0
2020 276 10  2 2300  -16.8  962.9   17.1  261.0   76.0  444.0
2020 277 10  3 0000  -16.6  962.3   19.4  267.0   76.0  444.0
2020 277 10  3 0100  -16.3  961.2   21.7  266.0   74.0  444.0
2020 277 10  3 0200  -15.9  961.0   20.0  268.0   72.0  444.0
2020 277 10  3 0300  -15.2  961.5   17.5  270.0   68.5  444.0
2020 277 10  3 0400  -14.9  961.4   20.1  271.0   63.0  444.0
2020 277 10  3 0500  -15.1  960.9   18.9  271.0   66.3  444.0
2020 277 10  3 0600  -15.0  961.2   16.6  276.0   63.0  444.0
2020 277 10  3 0700  -15.4  961.4   16.7  274.0   60.0  444.0
2020 277 10  3 0800  -16.2  961.4   15.3  275.0   63.0  444.0
2020 277 10  3 0900  -16.8  961.7   14.8  272.0   62.0  444.0
2020 277 10  3 1000  -17.2  962.1   13.8  267.0   58.9  444.0
2020 277 10  3 1100  -17.6  962.2   15.5  266.0   60.0  444.0
2020 277 10  3 1200  -17.9  962.0   15.9  268.0   60.0  444.0
2020 277 10  3 1300  -18.1  962.8   13.7  273.0   55.0  444.0
2020 277 10  3 1400  -19.2  962.9   12.4  260.0   58.0  444.0
2020 277 10  3 1500  -19.4  963.8   14.1  268.0   55.2  444.0
2020 277 10  3 1600  -19.5  963.3   16.4  266.0   60.0  444.0
2020 277 10  3 1700  -19.6  964.2   13.0  260.0   63.0  444.0
2020 277 10  3 1800  -19.9  964.4   13.8  260.0   64.0  444.0
2020 277 10  3 1900  -19.9  965.0   14.1  259.0   63.0  444.0
2020 277 10  3 2000  -20.2  965.5   15.1  260.0   66.3  444.0
2020 277 10  3 2100  -20.3  965.3   15.8  254.0   65.0  444.0
2020 277 10  3 2200  -20.3  965.8   17.5  255.0   65.0  444.0
2020 277 10  3 2300  -20.2  966.5   16.1  258.0   64.9  444.0
2020 278 10  4 0000  -19.7  966.4   15.8  254.0   61.0  444.0
2020 278 10  4 0100  -19.5  965.7   18.2  259.0   69.3  444.0
2020 278 10  4 0200  -19.5  965.8   21.1  255.0   65.0  444.0
2020 278 10  4 0300  -19.0  965.7   21.3  262.0   69.7  444.0
2020 278 10  4 0400  -18.9  965.6   21.2  264.0   71.0  444.0
2020 278 10  4 0500  -18.8  966.3   19.3  260.0   67.9  444.0
2020 278 10  4 0600  -18.5  965.8   21.5  262.0   66.3  444.0
2020 278 10  4 0700  -18.6  966.5   19.4  262.0   66.0  444.0
2020 278 10  4 0800  -18.9  967.5   16.9  258.0   65.8  444.0
2020 278 10  4 0900  -19.3  967.8   19.5  259.0   69.0  444.0
2020 278 10  4 1000  -19.9  967.8   21.8  258.0   65.0  444.0
2020 278 10  4 1100  -20.7  967.7   22.6  260.0   67.0  444.0
2020 278 10  4 1200  -21.5  967.8   23.5  258.0   69.0  444.0
2020 278 10  4 1300  -22.1  968.0   23.8  258.0   68.4  444.0
2020 278 10  4 1400  -22.5  967.5   24.1  260.0   68.0  444.0
2020 278 10  4 1500  -22.7  968.2   25.8  260.0   66.0  444.0
2020 278 10  4 1600  -22.7  968.8   24.6  262.0   61.0  444.0
2020 278 10  4 1700  -22.5  968.5   26.8  263.0   49.0  444.0
2020 278 10  4 1800  -22.4  968.7   26.5  263.0   46.6  444.0
2020 278 10  4 1900  -22.4  968.4   26.3  260.0   46.0  444.0
2020 278 10  4 2000  -22.2  968.5   26.9  263.0   45.0  444.0
2020 278 10  4 2100  -21.5  969.1   26.9  264.0   46.0  444.0
2020 278 10  4 2200  -20.9  968.8   25.9  264.0   44.0  444.0
2020 278 10  4 2300  -20.4  967.9   26.0  265.0   43.7  444.0
2020 279 10  5 0000  -19.5  969.3   25.9  270.0   45.0  444.0
2020 279 10  5 0100  -18.7  969.5   24.6  270.0   45.0  444.0
2020 279 10  5 0200  -18.1  969.3   27.1  274.0   44.0  444.0
2020 279 10  5 0300  -17.9  968.8   26.0  274.0   46.0  444.0
2020 279 10  5 0400  -17.0  969.2   25.7  271.0   44.0  444.0
2020 279 10  5 0500  -17.0  969.4   25.6  266.0   42.0  444.0
2020 279 10  5 0600  -17.3  970.4   23.4  266.0   42.2  444.0
2020 279 10  5 0700  -17.5  970.6   20.0  265.0   43.0  444.0
2020 279 10  5 0800  -17.6  971.2   20.9  268.0   44.0  444.0
2020 279 10  5 0900  -18.0  971.0   20.8  264.0   46.0  444.0
2020 279 10  5 1000  -18.0  971.6   17.5  269.0   48.0  444.0
2020 279 10  5 1100  -18.0  971.6   16.8  271.0   51.5  444.0
2020 279 10  5 1200  -17.8  971.4   16.7  268.0   47.0  444.0
2020 279 10  5 1300  -17.7  970.6   20.1  271.0   44.0  444.0
2020 279 10  5 1400  -18.7  971.0   17.2  271.0   48.0  444.0
2020 279 10  5 1500  -19.6  971.3   14.9  268.0   48.0  444.0
2020 279 10  5 1600  -17.9  970.5   19.1  268.0   46.7  444.0
2020 279 10  5 1700  -20.0  971.2   13.8  271.0   51.0  444.0
2020 279 10  5 1800  -18.4  971.3   11.9  278.0   48.0  444.0
2020 279 10  5 1900  -19.5  970.7   14.8  275.0   50.0  444.0
2020 279 10  5 2000  -19.1  969.8   15.9  269.0   46.0  444.0
2020 279 10  5 2100  -17.4  968.7   23.2  265.0   46.7  444.0
2020 279 10  5 2200  -18.0  968.5   27.5  262.0   42.0  444.0
2020 279 10  5 2300  -17.8  968.2   25.6  266.0   44.0  444.0
2020 280 10  6 0000  -18.1  969.2   23.0  264.0   44.0  444.0
2020 280 10  6 0100  -17.6  969.5   21.2  265.0   44.0  444.0
2020 280 10  6 0200  -17.3  968.0   23.1  263.0   45.0  444.0
2020 280 10  6 0300  -17.2  969.0   22.0  266.0   47.0  444.0
2020 280 10  6 0400  -17.2  968.8   19.9  262.0   48.0  444.0
2020 280 10  6 0500  -17.6  968.3   21.9  265.0   47.0  444.0
2020 280 10  6 0600  -18.2  968.0   22.6  267.0   48.0  444.0
2020 280 10  6 0700  -18.4  967.3   23.2  272.0   48.0  444.0
2020 280 10  6 0800  -19.0  968.0   21.3  265.0   48.0  444.0
2020 280 10  6 0900  -18.8  968.5   19.7  268.0   49.8  444.0
2020 280 10  6 1000  -19.1  968.2   19.7  266.0   50.0  444.0
2020 280 10  6 1100  -19.3  967.7   21.9  268.0   45.0  444.0
2020 280 10  6 1200  -20.5  967.7   23.1  270.0   48.0  444.0
2020 280 10  6 1300  -21.1  967.4   21.9  267.0   50.0  444.0
2020 280 10  6 1400  -21.2  967.8   18.8  272.0   52.0  444.0
2020 280 10  6 1500  -21.3  968.1   16.8  276.0   52.0  444.0
2020 280 10  6 1600  -20.8  967.7   19.9  274.0   49.0  444.0
2020 280 10  6 1700  -20.6  967.0   19.2  275.0   49.0  444.0
2020 280 10  6 1800  -20.5  966.5   23.4  274.0   44.0  444.0
2020 280 10  6 1900  -19.9  966.2   22.2  273.0   43.0  444.0
2020 280 10  6 2000  -19.8  966.8   19.6  273.0   44.0  444.0
2020 280 10  6 2100  -20.0  967.6   16.1  272.0   51.0  444.0
2020 280 10  6 2200  -19.6  967.6   14.1  271.0   49.0  444.0
2020 280 10  6 2300  -18.5  967.8   14.1  276.0   46.0  444.0
2020 281 10  7 0000  -18.6  967.1   16.4  280.0   48.0  444.0
2020 281 10  7 0100  -19.1  967.0   17.9  280.0   52.0  444.0
2020 281 10  7 0200  -18.1  967.0   17.8  280.0   50.0  444.0
2020 281 10  7 0300  -17.2  966.9   16.9  280.0   47.0  444.0
2020 281 10  7 0400  -17.2  967.1   17.3  276.0   53.3  444.0
2020 281 10  7 0500  -17.4  966.8   17.1  278.0   57.0  444.0
2020 281 10  7 0600  -17.5  967.0   16.4  279.0   55.0  444.0
2020 281 10  7 0700  -16.2  966.7   17.0  270.0   45.0  444.0
2020 281 10  7 0800  -17.2  966.2   20.1  265.0   47.0  444.0
2020 281 10  7 0900  -18.5  965.2   23.4  266.0   44.0  444.0
2020 281 10  7 1000  -18.8  966.1   18.6  265.0   45.0  444.0
2020 281 10  7 1100  -19.4  966.0   18.5  268.0   47.0  444.0
2020 281 10  7 1200  -18.8  965.3   21.7  270.0   44.0  444.0
2020 281 10  7 1300  -20.2  965.3   18.4  273.0   58.0  444.0
2020 281 10  7 1400  -19.6  965.1   19.6  271.0   51.0  444.0
2020 281 10  7 1500  -18.3  964.1   29.8  268.0   39.0  444.0
2020 281 10  7 1600  -18.1  965.2   27.2  270.0   38.0  444.0
2020 281 10  7 1700  -19.0  965.4   27.0  269.0   42.0  444.0
2020 281 10  7 1800  -19.5  965.8   26.2  263.0   43.0  444.0
2020 281 10  7 1900  -20.3  965.7   29.2  265.0   43.0  444.0
2020 281 10  7 2000  -20.6  965.6   29.7  265.0   43.0  444.0
2020 281 10  7 2100  -20.6  966.4   27.3  262.0   42.0  444.0
2020 281 10  7 2200  -20.4  965.4   29.3  264.0   43.0  444.0
2020 281 10  7 2300  -20.4  966.1   29.7  267.0   44.0  444.0
2020 282 10  8 0000  -20.2  965.8   29.5  269.0   44.0  444.0
2020 282 10  8 0100  -20.2  967.0   28.9  270.0   42.0  444.0
2020 282 10  8 0200  -20.0  966.9   27.5  268.0   43.2  444.0
2020 282 10  8 0300  -19.5  966.6   27.8  269.0   42.1  444.0
2020 282 10  8 0400  -19.0  966.5   28.7  268.0   41.0  444.0
2020 282 10  8 0500  -18.5  966.9   28.1  269.0   40.0  444.0
2020 282 10  8 0600  -18.5  967.3   28.3  268.0   40.0  444.0
2020 282 10  8 0700  -17.9  966.9   26.2  265.0   39.0  444.0
2020 282 10  8 0800  -18.1  968.3   24.3  265.0   40.0  444.0
2020 282 10  8 0900  -18.7  968.1   24.0  263.0   41.0  444.0
2020 282 10  8 1000  -19.0  968.9   23.9  261.0   43.0  444.0
2020 282 10  8 1100  -19.8  968.9   26.1  260.0   42.0  444.0
2020 282 10  8 1200  -20.7  968.9   25.2  261.0   44.0  444.0
2020 282 10  8 1300  -20.6  970.8   19.3  264.0   46.0  444.0
2020 282 10  8 1400  -20.7  968.4   27.1  256.0   49.0  444.0
2020 282 10  8 1500  -21.0  968.1   24.0  260.0   46.0  444.0
2020 282 10  8 1600  -21.2  967.7   25.2  264.0   43.0  444.0
2020 282 10  8 1700  -20.8  967.8   23.6  267.0   44.0  444.0
2020 282 10  8 1800  -21.1  967.6   23.4  262.0   41.0  444.0
2020 282 10  8 1900  -20.7  967.9   23.9  268.0   42.0  444.0
2020 282 10  8 2000  -20.8  966.8   26.4  266.0   41.0  444.0
2020 282 10  8 2100  -21.1  967.2   27.1  263.0   41.0  444.0
2020 282 10  8 2200  -20.9  967.5   26.1  267.0   42.0  444.0
2020 282 10  8 2300  -20.4  968.1   24.4  262.0   41.0  444.0
2020 283 10  9 0000  -19.9  967.7   21.3  263.0   42.0  444.0
2020 283 10  9 0100  -19.5  969.1   20.9  261.0   43.0  444.0
2020 283 10  9 0200  -18.9  968.5   22.9  261.0   42.0  444.0
2020 283 10  9 0300  -18.4  968.0   23.2  260.0   41.0  444.0
2020 283 10  9 0400  -18.2  967.5   24.7  260.0   41.0  444.0
2020 283 10  9 0500  -18.1  966.9   23.9  261.0   40.5  444.0
2020 283 10  9 0600  -17.9  967.7   22.4  261.0   40.0  444.0
2020 283 10  9 0700  -18.5  967.3   23.5  259.0   42.0  444.0
2020 283 10  9 0800  -18.6  967.5   23.5  258.0   41.0  444.0
2020 283 10  9 0900  -19.0  967.5   23.2  256.0   43.0  444.0
2020 283 10  9 1000  -19.4  967.1   28.3  257.0   41.0  444.0
2020 283 10  9 1100  -20.3  966.7   30.1  257.0   43.0  444.0
2020 283 10  9 1200  -20.9  966.5   32.9  258.0   41.0  444.0
2020 283 10  9 1300  -21.7  965.3   32.1  258.0   42.0  444.0
2020 283 10  9 1400  -22.1  965.3   34.8  256.0   42.0  444.0
2020 283 10  9 1500  -22.4  964.4   35.6  259.0   41.0  444.0
2020 283 10  9 1600  -21.8  965.4   35.6  259.0   42.0  444.0
2020 283 10  9 1700  -22.4  964.2   38.1  259.0   40.0  444.0
2020 283 10  9 1800  -22.2  963.1   40.7  258.0   39.0  444.0
2020 283 10  9 1900  -22.0  964.2   38.2  261.0   39.0  444.0
2020 283 10  9 2000  -20.9  964.8   35.0  260.0   38.0  444.0
2020 283 10  9 2100  -20.8  965.6   32.5  259.0   38.0  444.0
2020 283 10  9 2200  -20.8  960.6   41.0  257.0   38.0  444.0
2020 283 10  9 2300  -21.3  963.0   38.0  256.0   39.0  444.0
2020 284 10 10 0000  -20.9  964.2   35.1  258.0   40.7  444.0
2020 284 10 10 0100  -20.5  966.8   32.3  259.0   40.0  444.0
2020 284 10 10 0200  -20.2  965.8   33.1  257.0   38.0  444.0
2020 284 10 10 0300  -19.7  963.9   29.6  258.0   38.8  444.0
2020 284 10 10 0400  -19.7  963.5   32.5  255.0   37.0  444.0
2020 284 10 10 0500  -19.4  966.0   24.9  260.0   39.0  444.0
2020 284 10 10 0600  -20.1  964.1   26.8  263.0   41.0  444.0
2020 284 10 10 0700  -20.5  963.6   25.1  255.0   40.0  444.0
2020 284 10 10 0800  -21.3  964.0   25.0  261.0   41.0  444.0
2020 284 10 10 0900  -22.1  962.9   29.3  261.0   39.4  444.0
2020 284 10 10 1000  -22.5  963.5   26.5  261.0   40.0  444.0
2020 284 10 10 1100  -23.0  963.0   25.5  260.0   40.0  444.0
2020 284 10 10 1200  -23.8  963.3   27.9  262.0   40.0  444.0
2020 284 10 10 1300  -24.1  962.4   28.1  262.0   39.0  444.0
2020 284 10 10 1400  -24.3  962.8   28.0  264.0   40.0  444.0
2020 284 10 10 1500  -24.8  962.6   29.1  266.0   40.0  444.0
2020 284 10 10 1600  -24.9  962.1   31.7  268.0   39.0  444.0
2020 284 10 10 1700  -24.9  961.2   30.1  267.0   40.0  444.0
2020 284 10 10 1800  -24.3  961.4   28.9  267.0   39.0  444.0
2020 284 10 10 1900  -24.1  961.4   27.2  266.0   40.0  444.0
2020 284 10 10 2000  -23.8  962.2   27.6  267.0   40.0  444.0
2020 284 10 10 2100  -23.4  962.1   26.5  269.0   42.0  444.0
2020 284 10 10 2200  -22.5  961.4   25.7  273.0   41.0  444.0
2020 284 10 10 2300  -21.1  962.4   21.7  273.0   43.0  444.0
2020 285 10 11 0000  -21.4  963.2   14.9  276.0   44.0  444.0
2020 285 10 11 0100  -20.7  962.9   14.6  274.0   46.0  444.0
2020 285 10 11 0200  -20.3  962.2   15.4  274.0   51.0  444.0
2020 285 10 11 0300  -19.2  962.4   13.5  277.0   45.5  444.0
2020 285 10 11 0400  -19.4  962.1   14.0  278.0   48.0  444.0
2020 285 10 11 0500  -19.3  962.2   13.3  280.0   44.0  444.0
2020 285 10 11 0600  -19.0  962.2   14.2  280.0   43.0  444.0
2020 285 10 11 0700  -19.7  962.1   12.5  278.0   47.1  444.0
2020 285 10 11 0800  -19.7  961.5   13.7  278.0   45.0  444.0
2020 285 10 11 0900  -19.8  962.0   13.6  274.0   43.0  444.0
2020 285 10 11 1000  -20.4  962.4   12.8  269.0   46.0  444.0
2020 285 10 11 1100  -20.0  962.7   13.5  270.0   46.0  444.0
2020 285 10 11 1200  -20.9  963.0   12.4  269.0   53.0  444.0
2020 285 10 11 1300  -21.2  962.8   13.6  270.0   51.0  444.0
2020 285 10 11 1400  -21.4  962.9   13.8  273.0   51.7  444.0
2020 285 10 11 1500  -21.6  963.1   13.8  266.0   52.0  444.0
2020 285 10 11 1600  -21.5  962.8   12.7  265.0   50.0  444.0
2020 285 10 11 1700  -21.0  962.6   17.7  267.0   47.9  444.0
2020 285 10 11 1800  -21.1  963.8   15.0  262.0   49.0  444.0
2020 285 10 11 1900  -21.6  963.7   16.2  264.0   47.4  444.0
2020 285 10 11 2000  -22.3  963.4   19.3  262.0   47.0  444.0
2020 285 10 11 2100  -22.4  964.0   17.9  263.0   47.0  444.0
2020 285 10 11 2200  -22.2  963.5   19.6  264.0   45.0  444.0
2020 285 10 11 2300  -21.7  964.0   18.2  264.0   45.0  444.0
2020 286 10 12 0000  -20.6  964.6   16.6  262.0   46.7  444.0
2020 286 10 12 0100  -20.3  965.0   15.8  264.0   45.0  444.0
2020 286 10 12 0200  -20.6  964.8   17.9  261.0   44.0  444.0
2020 286 10 12 0300  -20.4  964.1   19.3  261.0   41.0  444.0
2020 286 10 12 0400  -20.2  963.4   17.9  259.0   40.0  444.0
2020 286 10 12 0500  -20.2  963.6   18.5  261.0   41.3  444.0
2020 286 10 12 0600  -20.0  964.1   15.3  252.0   40.0  444.0
2020 286 10 12 0700  -20.1  963.6   16.7  258.0   40.2  444.0
2020 286 10 12 0800  -20.2  963.3   17.8  258.0   39.0  444.0
2020 286 10 12 0900  -20.5  963.6   18.0  260.0   39.0  444.0
2020 286 10 12 1000  -20.9  963.7   18.6  259.0   39.6  444.0
2020 286 10 12 1100  -21.6  963.9   18.4  258.0   40.0  444.0
2020 286 10 12 1200  -22.6  964.0   18.4  262.0   41.7  444.0
2020 286 10 12 1300  -23.5  964.1   20.7  267.0   42.0  444.0
2020 286 10 12 1400  -24.0  964.5   20.2  264.0   42.0  444.0
2020 286 10 12 1500  -24.7  964.1   22.0  260.0   41.4  444.0
2020 286 10 12 1600  -25.0  964.3   20.6  263.0   41.0  444.0
2020 286 10 12 1700  -25.2  965.1   20.7  262.0   41.6  444.0
2020 286 10 12 1800  -25.7  964.9   22.3  263.0   41.0  444.0
2020 286 10 12 1900  -26.2  965.4   21.7  262.0   40.0  444.0
2020 286 10 12 2000  -26.8  966.0   22.1  260.0   42.3  444.0
2020 286 10 12 2100  -26.5  966.6   20.2  262.0   43.0  444.0
2020 286 10 12 2200  -26.3  966.8   21.0  261.0   42.7  444.0
2020 286 10 12 2300  -25.8  967.1   19.6  259.0   42.0  444.0
2020 287 10 13 0000  -25.7  967.6   21.5  261.0   43.0  444.0
2020 287 10 13 0100  -26.0  966.8   24.1  259.0   43.0  444.0
2020 287 10 13 0200  -25.9  966.1   26.8  260.0   40.0  444.0
2020 287 10 13 0300  -25.5  967.4   25.4  258.0   40.7  444.0
2020 287 10 13 0400  -24.8  968.5   21.6  261.0   39.0  444.0
2020 287 10 13 0500  -24.2  967.5   22.4  262.0   37.0  444.0
2020 287 10 13 0600  -24.0  968.2   20.3  263.0   39.0  444.0
2020 287 10 13 0700  -23.8  969.0   17.3  264.0   37.0  444.0
2020 287 10 13 0800  -24.0  970.1    8.5  286.0   33.5  444.0
2020 287 10 13 0900  -25.0  969.8    7.5  284.0   38.0  444.0
2020 287 10 13 1000  -25.5  969.2   13.9  281.0   39.4  444.0
2020 287 10 13 1100  -25.8  970.0   11.7  277.0   45.0  444.0
2020 287 10 13 1200  -25.0  969.5   14.3  271.0   42.0  444.0
2020 287 10 13 1300  -25.2  969.3   17.5  278.0   39.5  444.0
2020 287 10 13 1400  -25.8  970.1   16.4  279.0   44.0  444.0
2020 287 10 13 1500  -26.1  970.4   14.5  277.0   46.6  444.0
2020 287 10 13 1600  -26.3  970.1   15.6  275.0   46.0  444.0
2020 287 10 13 1700  -26.0  969.6   18.9  278.0   40.0  444.0
2020 287 10 13 1800  -25.7  969.2   21.1  276.0   39.0  444.0
2020 287 10 13 1900  -25.6  969.9   18.3  276.0   37.0  444.0
2020 287 10 13 2000  -25.6  969.8   17.4  273.0   38.1  444.0
2020 287 10 13 2100  -25.2  970.5   16.4  274.0   37.0  444.0
2020 287 10 13 2200  -24.1  970.4   15.6  273.0   38.0  444.0
2020 287 10 13 2300  -24.0  970.5   15.0  276.0   38.6  444.0
2020 288 10 14 0000  -23.4  970.2   14.3  273.0   43.0  444.0
2020 288 10 14 0100  -23.0  970.5   13.9  275.0   42.5  444.0
2020 288 10 14 0200  -22.1  970.5   13.9  272.0   42.0  444.0
2020 288 10 14 0300  -21.7  970.2   13.5  276.0   37.0  444.0
2020 288 10 14 0400  -21.1  970.2   12.8  278.0   41.0  444.0
2020 288 10 14 0500  -21.3  970.1   11.4  273.0   42.0  444.0
2020 288 10 14 0600  -21.2  970.1   11.0  275.0   39.1  444.0
2020 288 10 14 0700  -21.6  970.6    9.6  278.0   39.0  444.0
2020 288 10 14 0800  -21.2  970.5    9.8  275.0   40.0  444.0
2020 288 10 14 0900  -21.3  970.8    9.6  275.0   43.0  444.0
2020 288 10 14 1000  -21.6  970.7    9.9  278.0   44.0  444.0
2020 288 10 14 1100  -21.9  970.9   11.1  277.0   45.1  444.0
2020 288 10 14 1200  -22.1  970.8   11.6  277.0   44.0  444.0
2020 288 10 14 1300  -22.7  970.6   12.0  276.0   46.7  444.0
2020 288 10 14 1400  -23.3  970.5   12.5  275.0   49.0  444.0
2020 288 10 14 1500  -24.1  970.3   13.2  277.0   51.0  444.0
2020 288 10 14 1600  -23.9  969.7   14.1  274.0   49.0  444.0
2020 288 10 14 1700  -24.5  970.3   12.6  279.0   53.0  444.0
2020 288 10 14 1800  -24.1  970.0   13.4  277.0   49.1  444.0
2020 288 10 14 1900  -24.2  970.4   12.3  273.0   56.0  444.0
2020 288 10 14 2000  -22.6  970.1   15.1  277.0   47.0  444.0
2020 288 10 14 2100  -22.3  970.0   16.1  276.0   45.6  444.0
2020 288 10 14 2200  -21.9  970.1   16.6  273.0   42.0  444.0
2020 288 10 14 2300  -21.8  970.6   14.0  274.0   45.9  444.0
2020 289 10 15 0000  -21.3  970.4   15.7  278.0   40.0  444.0
2020 289 10 15 0100  -20.8  970.3   14.1  274.0   40.0  444.0
2020 289 10 15 0200  -20.2  970.3   12.0  278.0   38.6  444.0
2020 289 10 15 0300  -20.1  969.9   12.2  279.0   36.0  444.0
2020 289 10 15 0400  -20.5  969.9   12.1  281.0   40.5  444.0
2020 289 10 15 0500  -20.2  969.5   10.6  278.0   39.0  444.0
2020 289 10 15 0600  -21.2  969.5   10.2  277.0   47.0  444.0
2020 289 10 15 0700  -21.0  969.5    9.3  278.0   42.0  444.0
2020 289 10 15 0800  -20.8  969.4    8.2  276.0   40.0  444.0
2020 289 10 15 0900  -21.0  969.3    7.3  276.0   41.0  444.0
2020 289 10 15 1000  -21.4  969.4    5.7  268.0   46.0  444.0
2020 289 10 15 1100  -22.0  969.6    5.3  255.0   51.0  444.0
2020 289 10 15 1200  -22.6  969.7    3.7  246.0   72.0  444.0
2020 289 10 15 1300  -22.3  969.3    3.5  246.0   77.0  444.0
2020 289 10 15 1400  -22.8  969.2    4.7  253.0   77.0  444.0
2020 289 10 15 1500  -22.2  969.3    6.2  257.0   79.0  444.0
2020 289 10 15 1600  -21.9  969.3    5.5  247.0   79.0  444.0
2020 289 10 15 1700  -22.0  969.4    4.5  241.0   79.0  444.0
2020 289 10 15 1800  -21.9  969.6    5.0  257.0   79.0  444.0
2020 289 10 15 1900  -22.7  969.6    4.8  262.0   78.0  444.0
2020 289 10 15 2000  -23.0  969.5    6.3  270.0   72.0  444.0
2020 289 10 15 2100  -22.5  969.5    0.2  259.0   59.9  444.0
2020 289 10 15 2200  -22.7  969.5    6.5  279.0   57.0  444.0
2020 289 10 15 2300  -22.2  969.4    7.5  266.0   63.0  444.0
2020 290 10 16 0000  -21.5  969.0    9.3  264.0   61.5  444.0
2020 290 10 16 0100  -21.2  968.7   11.7  264.0   60.0  444.0
2020 290 10 16 0200  -20.8  968.3   12.3  265.0   60.0  444.0
2020 290 10 16 0300  -20.4  968.2   12.4  267.0   60.0  444.0
2020 290 10 16 0400  -20.1  967.8   13.5  272.0   59.0  444.0
2020 290 10 16 0500  -20.2  967.6   13.3  268.0   59.0  444.0
2020 290 10 16 0600  -20.4  967.9   14.7  270.0   61.0  444.0
2020 290 10 16 0700  -20.8  967.4   14.6  270.0   60.5  444.0
2020 290 10 16 0800  -21.1  967.7   13.3  272.0   61.0  444.0
2020 290 10 16 0900  -20.8  968.0    9.5  272.0   46.0  444.0
2020 290 10 16 1000  -21.9  967.5   11.6  275.0   52.0  444.0
2020 290 10 16 1100  -21.8  966.9   15.2  274.0   51.0  444.0
2020 290 10 16 1200  -22.5  966.6   14.7  274.0   56.9  444.0
2020 290 10 16 1300  -23.2  966.4   14.6  275.0   58.0  444.0
2020 290 10 16 1400  -23.5  966.7   13.5  273.0   60.0  444.0
2020 290 10 16 1500  -23.8  966.0   15.2  275.0   63.0  444.0
2020 290 10 16 1600  -23.9  965.5   19.3  272.0   64.0  444.0
2020 290 10 16 1700  -23.8  965.1   18.0  266.0   63.8  444.0
2020 290 10 16 1800  -24.0  964.9   20.2  272.0   68.0  444.0
2020 290 10 16 1900  -24.0  965.3   19.1  269.0   64.0  444.0
2020 290 10 16 2000  -23.5  965.0   23.5  270.0   65.0  444.0
2020 290 10 16 2100  -23.3  965.2   20.6  269.0   63.0  444.0
2020 290 10 16 2200  -22.5  964.7   24.1  270.0   62.0  444.0
2020 290 10 16 2300  -21.7  964.0   23.2  273.0   60.0  444.0
2020 291 10 17 0000  -21.0  964.6   22.8  274.0   57.7  444.0
2020 291 10 17 0100  -20.2  964.0   22.0  270.0   58.0  444.0
2020 291 10 17 0200  -19.7  964.8   16.8  272.0   49.0  444.0
2020 291 10 17 0300  -19.1  964.9   15.5  272.0   49.0  444.0
2020 291 10 17 0400  -18.5  964.8   15.7  272.0   46.5  444.0
2020 291 10 17 0500  -18.7  964.7   14.2  274.0   49.0  444.0
2020 291 10 17 0600  -19.0  964.3   15.1  275.0   51.0  444.0
2020 291 10 17 0700  -19.1  964.1   15.0  278.0   51.0  444.0
2020 291 10 17 0800  -19.3  963.9   15.6  277.0   51.0  444.0
2020 291 10 17 0900  -19.8  964.3   14.9  273.0   52.0  444.0
2020 291 10 17 1000  -19.2  963.9   15.8  273.0   43.0  444.0
2020 291 10 17 1100  -19.8  963.6   17.1  271.0   45.0  444.0
2020 291 10 17 1200  -20.2  963.5   16.4  271.0   45.0  444.0
2020 291 10 17 1300  -20.6  964.0   16.3  266.0   47.0  444.0
2020 291 10 17 1400  -21.3  963.9   15.3  268.0   45.0  444.0
2020 291 10 17 1500  -22.5  964.1   10.8  259.0   50.0  444.0
2020 291 10 17 1600  -22.8  964.2   12.3  259.0   48.0  444.0
2020 291 10 17 1700  -23.5  963.4   14.3  259.0   54.0  444.0
2020 291 10 17 1800  -23.6  962.7   15.5  255.0   54.0  444.0
2020 291 10 17 1900  -23.4  963.1   15.5  258.0   59.7  444.0
2020 291 10 17 2000  -22.4  962.4   15.4  265.0   50.0  444.0
2020 291 10 17 2100  -21.8  962.9   14.6  264.0   43.0  444.0
2020 291 10 17 2200  -21.4  962.4   15.2  264.0   45.0  444.0
2020 291 10 17 2300  -20.6  962.3   14.5  269.0   44.0  444.0
2020 292 10 18 0000  -19.9  962.1   14.2  266.0   43.0  444.0
2020 292 10 18 0100  -20.3  960.9   18.4  262.0   48.9  444.0
2020 292 10 18 0200  -20.0  960.5   18.9  265.0   44.0  444.0
2020 292 10 18 0300  -20.1  958.9   21.6  262.0   45.0  444.0
2020 292 10 18 0400  -20.7  958.6   24.2  260.0   51.0  444.0
2020 292 10 18 0500  -21.3  958.2   25.8  263.0   47.0  444.0
2020 292 10 18 0600  -22.1  959.1   23.1  259.0   46.0  444.0
2020 292 10 18 0700  -23.0  958.0   23.6  257.0   45.0  444.0
2020 292 10 18 0800  -24.0  959.6   22.2  258.0   45.0  444.0
2020 292 10 18 0900  -25.0  959.1   25.1  259.0   46.0  444.0
2020 292 10 18 1000  -26.1  960.0   23.7  254.0   46.0  444.0
2020 292 10 18 1100  -26.6  960.7   25.3  259.0   45.0  444.0
2020 292 10 18 1200  -27.2  961.5   24.4  254.0   45.0  444.0
2020 292 10 18 1300  -27.8  961.6   22.7  252.0   46.0  444.0
2020 292 10 18 1400  -28.2  961.0   28.0  256.0   45.0  444.0
2020 292 10 18 1500  -28.6  961.9   22.5  257.0   44.0  444.0
2020 292 10 18 1600  -29.0  962.7   24.4  259.0   44.0  444.0
2020 292 10 18 1700  -29.2  963.4   26.8  260.0   44.6  444.0
2020 292 10 18 1800  -29.5  964.7   25.2  260.0   44.0  444.0
2020 292 10 18 1900  -29.5  966.2   20.3  259.0   46.0  444.0
2020 292 10 18 2000  -29.3  966.8   22.5  261.0   43.0  444.0
2020 292 10 18 2100  -28.9  966.3   22.4  259.0   45.0  444.0
2020 292 10 18 2200  -28.3  968.2   23.4  258.0   42.0  444.0
2020 292 10 18 2300  -27.8  967.6   23.4  260.0   43.0  444.0
2020 293 10 19 0000  -27.1  968.2   23.2  262.0   44.0  444.0
2020 293 10 19 0100  -26.5  969.4   22.5  260.0   43.0  444.0
2020 293 10 19 0200  -25.8  968.4   23.4  262.0   43.0  444.0
2020 293 10 19 0300  -25.1  969.1   22.5  264.0   41.2  444.0
2020 293 10 19 0400  -24.7  969.2   22.2  266.0   40.0  444.0
2020 293 10 19 0500  -24.3  969.1   20.4  268.0   41.0  444.0
2020 293 10 19 0600  -24.0  968.5   23.0  268.0   36.0  444.0
2020 293 10 19 0700  -23.9  967.9   17.0  277.0   37.0  444.0
2020 293 10 19 0800  -24.3  968.3   23.3  273.0   37.0  444.0
2020 293 10 19 0900  -24.2  968.3   22.3  271.0   38.0  444.0
2020 293 10 19 1000  -24.5  968.0   25.8  270.0   35.0  444.0
2020 293 10 19 1100  -25.1  967.7   22.5  266.0   41.0  444.0
2020 293 10 19 1200  -25.9  968.3   24.2  263.0   40.0  444.0
2020 293 10 19 1300  -26.6  968.1   23.1  262.0   42.0  444.0
2020 293 10 19 1400  -26.9  968.6   25.0  263.0   39.0  444.0
2020 293 10 19 1500  -27.2  969.1   23.8  264.0   39.8  444.0
2020 293 10 19 1600  -27.5  969.8   22.5  261.0   39.0  444.0
2020 293 10 19 1700  -27.6  969.3   25.1  269.0   38.0  444.0
2020 293 10 19 1800  -27.8  969.0   24.6  265.0   38.0  444.0
2020 293 10 19 1900  -27.8  969.4   24.7  263.0   39.0  444.0
2020 293 10 19 2000  -27.6  968.9   25.9  262.0   37.8  444.0
2020 293 10 19 2100  -27.2  971.5   23.5  261.0   39.0  444.0
2020 293 10 19 2200  -26.9  971.6   24.6  265.0   40.0  444.0
2020 293 10 19 2300  -26.1  971.4   23.5  263.0   38.0  444.0
2020 294 10 20 0000  -25.7  971.6   23.0  264.0   38.0  444.0
2020 294 10 20 0100  -25.1  971.0   21.9  260.0   39.0  444.0
2020 294 10 20 0200  -24.3  972.1   20.0  260.0   40.0  444.0
2020 294 10 20 0300  -24.0  972.6   20.3  263.0   39.0  444.0
2020 294 10 20 0400  -23.6  972.7   17.9  263.0   40.0  444.0
2020 294 10 20 0500  -23.3  972.7   16.5  264.0   39.0  444.0
2020 294 10 20 0600  -23.4  972.5   16.2  268.0   38.0  444.0
2020 294 10 20 0700  -24.3  973.1   10.6  275.0   38.0  444.0
2020 294 10 20 0800  -24.6  973.2   10.6  272.0   38.0  444.0
2020 294 10 20 0900  -24.9  972.8   13.5  270.0   36.0  444.0
2020 294 10 20 1000  -25.1  971.7   17.3  270.0   38.0  444.0
2020 294 10 20 1100  -25.6  970.9   19.5  268.0   37.0  444.0
2020 294 10 20 1200  -26.3  970.5   20.4  267.0   38.0  444.0
2020 294 10 20 1300  -27.1  970.2   21.6  266.0   39.3  444.0
2020 294 10 20 1400  -27.0  969.3   22.1  269.0   37.0  444.0
2020 294 10 20 1500  -27.4  968.6   23.4  270.0   37.0  444.0
2020 294 10 20 1600  -28.1  968.9   22.2  274.0   39.0  444.0
2020 294 10 20 1700  -28.3  968.5   22.6  264.0   39.0  444.0
2020 294 10 20 1800  -28.1  968.4   21.0  266.0   39.1  444.0
2020 294 10 20 1900  -28.2  968.4   21.0  263.0   40.0  444.0
2020 294 10 20 2000  -27.1  968.1   17.5  265.0   40.0  444.0
2020 294 10 20 2100  -26.9  967.9   18.3  265.0   40.0  444.0
2020 294 10 20 2200  -26.4  968.1   16.1  260.0   41.0  444.0
2020 294 10 20 2300  -25.6  967.7   16.0  261.0   38.9  444.0
2020 295 10 21 0000  -25.0  968.5   14.5  261.0   40.0  444.0
2020 295 10 21 0100  -24.2  968.1   14.3  263.0   38.0  444.0
2020 295 10 21 0200  -23.5  967.9   13.0  265.0   40.0  444.0
2020 295 10 21 0300  -23.5  968.1   13.1  259.0   41.0  444.0
2020 295 10 21 0400  -23.0  967.5   13.8  262.0   41.0  444.0
2020 295 10 21 0500  -23.0  967.1   15.4  264.0   38.0  444.0
2020 295 10 21 0600  -23.1  966.9   13.8  274.0   37.8  444.0
2020 295 10 21 0700  -23.3  966.9   13.0  275.0   36.0  444.0
2020 295 10 21 0800  -24.4  966.8    9.3  283.0   37.0  444.0
2020 295 10 21 0900  -24.8  966.7    9.6  281.0   39.0  444.0
2020 295 10 21 1000  -25.4  966.6    9.3  275.0   40.0  444.0
2020 295 10 21 1100  -26.1  965.9   11.6  274.0   39.0  444.0
2020 295 10 21 1200  -27.4  966.0   10.5  277.0   45.0  444.0
2020 295 10 21 1300  -25.8  965.1   15.8  276.0   42.0  444.0
2020 295 10 21 1400  -26.4  963.9   17.0  267.0   43.0  444.0
2020 295 10 21 1500  -26.7  963.7   17.8  268.0   42.0  444.0
2020 295 10 21 1600  -27.0  963.6   17.7  267.0   43.0  444.0
2020 295 10 21 1700  -27.2  962.8   19.2  267.0   41.0  444.0
2020 295 10 21 1800  -27.5  961.1   23.5  270.0   40.9  444.0
2020 295 10 21 1900  -27.2  960.8   24.6  268.0   41.0  444.0
2020 295 10 21 2000  -26.9  960.9   24.6  269.0   41.0  444.0
2020 295 10 21 2100  -26.9  959.0   26.3  268.0   41.0  444.0
2020 295 10 21 2200  -26.4  959.5   25.5  268.0   41.0  444.0
2020 295 10 21 2300  -26.1  959.2   24.9  268.0   42.0  444.0
2020 296 10 22 0000  -25.2  959.1   21.2  266.0   42.0  444.0
2020 296 10 22 0100  -24.6  957.4   21.5  268.0   38.0  444.0
2020 296 10 22 0200  -23.9  956.3   21.0  265.0   40.0  444.0
2020 296 10 22 0300  -23.4  956.0   19.6  266.0   38.0  444.0
2020 296 10 22 0400  -23.1  955.4   18.9  266.0   39.0  444.0
2020 296 10 22 0500  -22.8  955.6   18.1  270.0   36.0  444.0
2020 296 10 22 0600  -23.1  954.6   19.1  271.0   37.0  444.0
2020 296 10 22 0700  -22.6  954.5   16.5  267.0   34.0  444.0
2020 296 10 22 0800  -22.7  955.2   12.8  275.0   34.0  444.0
2020 296 10 22 0900  -23.0  955.3    9.9  275.0   31.0  444.0
2020 296 10 22 1000  -23.9  955.7    6.8  279.0   39.0  444.0
2020 296 10 22 1100  -23.9  956.1   10.3  275.0   35.0  444.0
2020 296 10 22 1200  -24.2  956.1   14.2  272.0   35.0  444.0
2020 296 10 22 1300  -24.7  956.5   14.3  264.0   37.0  444.0
2020 296 10 22 1400  -25.5  956.7   15.5  258.0   36.0  444.0
2020 296 10 22 1500  -26.1  956.7   16.8  259.0   38.0  444.0
2020 296 10 22 1600  -26.4  957.2   17.6  261.0   38.0  444.0
2020 296 10 22 1700  -26.4  958.0   18.9  262.0   38.0  444.0
2020 296 10 22 1800  -26.5  958.6   18.6  263.0   37.0  444.0
2020 296 10 22 1900  -26.8  959.1   20.3  262.0   38.0  444.0
2020 296 10 22 2000  -26.7  959.7   22.8  264.0   37.0  444.0
2020 296 10 22 2100  -26.0  960.2   21.2  267.0   38.0  444.0
2020 296 10 22 2200  -25.2  960.5   20.3  270.0   37.0  444.0
2020 296 10 22 2300  -24.6  961.6   17.1  271.0   39.0  444.0
2020 297 10 23 0000  -23.8  961.4   17.9  273.0   37.9  444.0
2020 297 10 23 0100  -23.9  962.8   11.5  283.0   41.0  444.0
2020 297 10 23 0200  -22.9  963.2   10.7  286.0   39.0  444.0
2020 297 10 23 0300  -22.4  962.3   13.4  284.0   43.2  444.0
2020 297 10 23 0400  -21.8  962.1   17.9  284.0   41.5  444.0
2020 297 10 23 0500  -21.7  962.6   16.5  286.0   48.0  444.0
2020 297 10 23 0600  -21.3  962.7   17.0  284.0   50.0  444.0
2020 297 10 23 0700  -21.0  962.7   17.9  281.0   45.0  444.0
2020 297 10 23 0800  -20.7  963.4   17.0  282.0   40.5  444.0
2020 297 10 23 0900  -20.9  963.9   15.9  281.0   44.0  444.0
2020 297 10 23 1000  -21.4  964.3   15.8  282.0   44.0  444.0
2020 297 10 23 1100  -22.5  964.6   16.1  278.0   49.0  444.0
2020 297 10 23 1200  -22.3  964.8   15.3  279.0   46.0  444.0
2020 297 10 23 1300  -22.0  964.7   16.1  278.0   42.0  444.0
2020 297 10 23 1400  -23.1  964.9   14.3  276.0   48.0  444.0
2020 297 10 23 1500  -21.9  965.6   15.4  281.0   37.0  444.0
2020 297 10 23 1600  -23.0  965.4   13.1  277.0   43.0  444.0
2020 297 10 23 1700  -20.8  965.8   10.6  273.0   35.0  444.0
2020 297 10 23 1800  -21.0  965.9   11.5  276.0   38.1  444.0
2020 297 10 23 1900  -20.4  966.5    9.7  276.0   34.0  444.0
2020 297 10 23 2000  -20.2  966.5    7.7  281.0   35.0  444.0
2020 297 10 23 2100  -20.1  967.3    7.9  274.0   37.0  444.0
2020 297 10 23 2200  -19.3  967.7    7.0  276.0   35.2  444.0
2020 297 10 23 2300  -19.0  968.2    5.8  267.0   39.2  444.0
2020 298 10 24 0000  -18.5  968.8    4.0  261.0   44.0  444.0
2020 298 10 24 0100  -19.7  969.0    3.2  250.0   53.0  444.0
2020 298 10 24 0200  -18.4  969.2    3.3  259.0   49.0  444.0
2020 298 10 24 0300  -18.5  969.5    3.1  258.0   54.0  444.0
2020 298 10 24 0400  -18.2  969.7    4.3  264.0   50.0  444.0
2020 298 10 24 0500  -18.1  969.9    4.2  268.0   46.0  444.0
2020 298 10 24 0600  -18.5  969.9    4.2  264.0   49.2  444.0
2020 298 10 24 0700  -18.4  969.8    5.6  271.0   46.0  444.0
2020 298 10 24 0800  -17.4  969.9    5.7  268.0   43.0  444.0
2020 298 10 24 0900  -17.1  970.1    5.7  272.0   45.0  444.0
2020 298 10 24 1000  -17.3  970.1    5.7  272.0   51.0  444.0
2020 298 10 24 1100  -18.2  970.1    6.1  274.0   46.7  444.0
2020 298 10 24 1200  -18.3  970.3    5.3  272.0   47.0  444.0
2020 298 10 24 1300  -18.2  970.2    6.0  275.0   42.0  444.0
2020 298 10 24 1400  -19.6  970.4    5.6  270.0   52.0  444.0
2020 298 10 24 1500  -19.2  970.3    7.5  276.0   48.0  444.0
2020 298 10 24 1600  -18.1  969.8    8.8  276.0   46.1  444.0
2020 298 10 24 1700  -18.7  969.7    9.8  274.0   45.0  444.0
2020 298 10 24 1800  -18.6  969.6    9.4  277.0   46.0  444.0
2020 298 10 24 1900  -18.5  969.7    9.4  277.0   44.0  444.0
2020 298 10 24 2000  -18.8  969.6   11.2  264.0   49.0  444.0
2020 298 10 24 2100  -18.7  970.3    8.6  253.0   52.0  444.0
2020 298 10 24 2200  -18.6  971.2    3.3  224.0   58.0  444.0
2020 298 10 24 2300  -16.9  971.5    4.6  252.0   49.0  444.0
2020 299 10 25 0000  -16.3  971.0    9.6  259.0   48.0  444.0
2020 299 10 25 0100  -15.9  971.1    9.9  259.0   48.0  444.0
2020 299 10 25 0200  -15.2  970.8   10.6  266.0   45.0  444.0
2020 299 10 25 0300  -14.6  971.4    9.5  262.0   46.0  444.0
2020 299 10 25 0400  -14.8  972.0    9.0  263.0   47.8  444.0
2020 299 10 25 0500  -15.1  973.1    5.5  218.0   50.0  444.0
2020 299 10 25 0600  -16.3  973.6    5.4  210.0   66.0  444.0
2020 299 10 25 0700  -16.9  973.8    4.6  207.0   67.0  444.0
2020 299 10 25 0800  -16.9  974.2    4.2  198.0   68.0  444.0
2020 299 10 25 0900  -18.4  974.7    3.3  246.0   72.3  444.0
2020 299 10 25 1000  -18.7  975.0    4.8  251.0   73.0  444.0
2020 299 10 25 1100  -20.2  974.9    4.4  248.0   75.0  444.0
2020 299 10 25 1200  -21.1  975.0    4.3  247.0   60.0  444.0
2020 299 10 25 1300  -20.8  974.7    6.0  259.0   51.0  444.0
2020 299 10 25 1400  -20.8  974.1    9.4  258.0   48.4  444.0
2020 299 10 25 1500  -20.9  974.2   10.5  255.0   44.0  444.0
2020 299 10 25 1600  -21.4  974.2   11.6  258.0   46.0  444.0
2020 299 10 25 1700  -22.2  974.2   12.1  265.0   48.0  444.0
2020 299 10 25 1800  -22.9  974.0   12.2  259.0   48.0  444.0
2020 299 10 25 1900  -22.9  972.9   16.1  256.0   45.7  444.0
2020 299 10 25 2000  -22.9  971.9   19.8  259.0   43.0  444.0
2020 299 10 25 2100  -22.9  972.1   23.2  259.0   47.0  444.0
2020 299 10 25 2200  -22.2  972.4   22.4  257.0   42.0  444.0
2020 299 10 25 2300  -21.9  973.3   21.6  254.0   44.0  444.0
2020 300 10 26 0000  -20.9  974.4   17.4  250.0   42.6  444.0
2020 300 10 26 0100  -20.7  974.5   17.8  254.0   42.0  444.0
2020 300 10 26 0200  -20.2  974.0   19.9  251.0   44.0  444.0
2020 300 10 26 0300  -19.6  974.4   21.0  254.0   43.0  444.0
2020 300 10 26 0400  -18.7  974.4   18.4  258.0   43.9  444.0
2020 300 10 26 0500  -18.5  973.2   20.2  260.0   44.0  444.0
2020 300 10 26 0600  -18.8  973.0   22.5  260.0   41.0  444.0
2020 300 10 26 0700  -19.1  971.5   26.5  262.0   42.0  444.0
2020 300 10 26 0800  -19.5  970.8   30.5  261.0   40.0  444.0
2020 300 10 26 0900  -19.8  971.3   28.6  261.0   40.0  444.0
2020 300 10 26 1000  -20.2  973.6   25.2  260.0   41.0  444.0
2020 300 10 26 1100  -20.5  972.8   26.3  263.0   41.6  444.0
2020 300 10 26 1200  -20.9  974.2   25.1  262.0   42.9  444.0
2020 300 10 26 1300  -21.0  974.9   23.7  262.0   44.0  444.0
2020 300 10 26 1400  -21.1  976.2   21.6  259.0   46.0  444.0
2020 300 10 26 1500  -21.1  976.6   20.6  261.0   45.0  444.0
2020 300 10 26 1600  -21.1  977.4   17.6  263.0   44.0  444.0
2020 300 10 26 1700  -21.5  975.4   29.1  269.0   40.2  444.0
2020 300 10 26 1800  -21.8  975.5   26.3  269.0   41.0  444.0
2020 300 10 26 1900  -21.6  975.2   26.5  267.0   42.0  444.0
2020 300 10 26 2000  -21.6  973.5   29.5  266.0   39.0  444.0
2020 300 10 26 2100  -21.2  974.4   27.5  266.0   40.0  444.0
2020 300 10 26 2200  -20.7  973.8   30.6  266.0   38.0  444.0
2020 300 10 26 2300  -20.0  973.6   31.4  268.0   39.0  444.0
2020 301 10 27 0000  -19.5  974.0   30.9  268.0   39.0  444.0
2020 301 10 27 0100  -19.0  973.2   30.4  271.0   40.0  444.0
2020 301 10 27 0200  -18.6  973.8   30.9  271.0   36.6  444.0
2020 301 10 27 0300  -18.3  974.2   31.3  268.0   36.2  444.0
2020 301 10 27 0400  -18.2  975.7   26.8  269.0   39.0  444.0
2020 301 10 27 0500  -17.9  977.0   23.4  273.0   42.0  444.0
2020 301 10 27 0600  -17.8  974.6   29.7  271.0   35.0  444.0
2020 301 10 27 0700  -16.9  978.0   16.0  276.0   52.0  444.0
2020 301 10 27 0800  -16.3  978.5   12.8  275.0   48.0  444.0
2020 301 10 27 0900  -15.6  979.3   14.0  274.0   46.0  444.0
2020 301 10 27 1000  -14.5  979.1   14.6  259.0   48.0  444.0
2020 301 10 27 1100  -14.0  980.1   14.6  253.0   49.0  444.0
2020 301 10 27 1200  -13.4  981.6   12.3  255.0   47.0  444.0
2020 301 10 27 1300  -13.2  981.7   15.0  255.0   44.0  444.0
2020 301 10 27 1400  -14.0  981.9   15.1  259.0   49.0  444.0
2020 301 10 27 1500  -14.9  980.5   18.1  259.0   45.0  444.0
2020 301 10 27 1600  -15.7  979.6   26.2  265.0   37.0  444.0
2020 301 10 27 1700  -15.8  978.0   25.6  267.0   38.0  444.0
2020 301 10 27 1800  -16.6  974.9   32.4  261.0   38.0  444.0
2020 301 10 27 1900  -16.9  973.3   38.0  265.0   35.0  444.0
2020 301 10 27 2000  -17.0  973.1   37.6  262.0   34.3  444.0
2020 301 10 27 2100  -17.3  968.4   41.6  258.0   35.0  444.0
2020 301 10 27 2200  -17.5  969.2   41.7  260.0   35.0  444.0
2020 301 10 27 2300  -16.9  972.4   34.3  260.0   37.0  444.0
2020 302 10 28 0000  -16.1  972.3   34.6  260.0   37.0  444.0
2020 302 10 28 0100  -14.6  975.3   24.6  260.0   40.0  444.0
2020 302 10 28 0200  -13.4  977.2   23.8  261.0   41.0  444.0
2020 302 10 28 0300  -12.5  977.5   21.9  258.0   42.0  444.0
2020 302 10 28 0400  -11.9  978.7   21.0  258.0   43.0  444.0
2020 302 10 28 0500  -11.5  978.8   20.6  259.0   42.5  444.0
2020 302 10 28 0600  -11.1  979.2   20.4  257.0   43.0  444.0
2020 302 10 28 0700  -10.9  979.1   21.8  262.0   45.0  444.0
2020 302 10 28 0800  -10.6  980.3   16.6  261.0   43.1  444.0
2020 302 10 28 0900  -10.2  979.5   18.2  266.0   45.0  444.0
2020 302 10 28 1000  -11.4  980.7   15.2  260.0   52.0  444.0
2020 302 10 28 1100  -11.7  979.6   18.8  267.0   48.0  444.0
2020 302 10 28 1200  -12.1  979.9   17.8  263.0   46.0  444.0
2020 302 10 28 1300  -12.3  980.2   16.7  259.0   46.0  444.0
2020 302 10 28 1400  -12.8  979.0   18.2  262.0   45.0  444.0
2020 302 10 28 1500  -12.5  979.8   18.6  257.0   46.0  444.0
2020 302 10 28 1600  -12.3  979.5   23.2  259.0   42.0  444.0
2020 302 10 28 1700  -12.3  980.1   20.4  262.0   40.0  444.0
2020 302 10 28 1800  -12.2  979.6   18.3  261.0   40.0  444.0
2020 302 10 28 1900  -11.8  978.0   23.4  258.0   36.0  444.0
2020 302 10 28 2000  -11.6  976.7   25.8  258.0   36.0  444.0
2020 302 10 28 2100  -11.0  976.7   22.8  260.0   35.0  444.0
2020 302 10 28 2200  -10.2  974.9   23.1  258.0   37.0  444.0
2020 302 10 28 2300   -9.9  974.7   25.3  258.0   36.0  444.0
2020 303 10 29 0000   -9.3  975.3   20.1  256.0   40.0  444.0
2020 303 10 29 0100   -9.2  975.9   19.3  260.0   41.0  444.0
2020 303 10 29 0200   -8.8  974.8   20.0  256.0   44.0  444.0
2020 303 10 29 0300   -8.7  975.0   18.9  261.0   43.1  444.0
2020 303 10 29 0400   -8.8  975.7   18.4  265.0   43.0  444.0
2020 303 10 29 0500   -8.9  975.5   17.4  268.0   44.0  444.0
2020 303 10 29 0600   -9.1  974.9   19.0  263.0   42.0  444.0
2020 303 10 29 0700   -9.7  975.0   18.1  260.0   43.0  444.0
2020 303 10 29 0800  -10.4  974.8   18.1  265.0   45.7  444.0
2020 303 10 29 0900  -11.0  974.9   17.6  262.0   45.0  444.0
2020 303 10 29 1000  -11.7  974.4   19.1  262.0   44.0  444.0
2020 303 10 29 1100  -12.1  972.9   25.9  265.0   40.0  444.0
2020 303 10 29 1200  -13.3  972.7   25.9  264.0   42.0  444.0
2020 303 10 29 1300  -14.0  971.9   26.5  266.0   41.0  444.0
2020 303 10 29 1400  -14.8  972.0   26.2  266.0   44.0  444.0
2020 303 10 29 1500  -15.2  972.3   27.6  268.0   43.0  444.0
2020 303 10 29 1600  -15.3  971.0   28.1  268.0   41.0  444.0
2020 303 10 29 1700  -15.7  971.5   28.1  268.0   41.0  444.0
2020 303 10 29 1800  -15.7  972.4   25.2  266.0   43.0  444.0
2020 303 10 29 1900  -15.3  971.3   30.3  266.0   39.0  444.0
2020 303 10 29 2000  -14.7  971.2   24.0  268.0   43.0  444.0
2020 303 10 29 2100  -14.0  971.0   26.8  272.0   41.0  444.0
2020 303 10 29 2200  -12.8  970.0   28.0  271.0   37.0  444.0
2020 303 10 29 2300  -12.1  971.0   25.2  272.0   38.0  444.0
2020 304 10 30 0000  -11.2  972.1   18.7  271.0   44.0  444.0
2020 304 10 30 0100  -10.3  970.3   20.3  274.0   39.0  444.0
2020 304 10 30 0200   -9.3  970.7   17.7  272.0   40.9  444.0
2020 304 10 30 0300   -8.7  970.1   19.2  272.0   40.0  444.0
2020 304 10 30 0400   -8.7  970.0   18.5  272.0   44.0  444.0
2020 304 10 30 0500   -8.6  968.8   17.4  272.0   41.0  444.0
2020 304 10 30 0600   -7.7  968.4   19.5  270.0   40.0  444.0
2020 304 10 30 0700   -8.0  967.3   19.5  269.0   41.0  444.0
2020 304 10 30 0800   -8.0  965.9   25.0  269.0   36.0  444.0
2020 304 10 30 0900   -8.9  966.0   22.0  266.0   42.0  444.0
2020 304 10 30 1000   -9.8  965.5   19.8  264.0   41.0  444.0
2020 304 10 30 1100  -10.3  966.0   18.8  259.0   43.0  444.0
2020 304 10 30 1200  -11.3  965.5   19.6  254.0   43.0  444.0
2020 304 10 30 1300  -12.6  964.9   18.4  258.0   43.0  444.0
2020 304 10 30 1400  -13.2  965.9   17.4  258.0   42.0  444.0
2020 304 10 30 1500  -13.8  964.2   20.8  256.0   39.0  444.0
2020 304 10 30 1600  -14.1  964.1   19.9  258.0   39.0  444.0
2020 304 10 30 1700  -14.2  963.7   21.4  259.0   38.0  444.0
2020 304 10 30 1800  -14.6  964.4   18.9  263.0   40.0  444.0
2020 304 10 30 1900  -14.5  963.0   21.6  262.0   39.0  444.0
2020 304 10 30 2000  -14.2  963.4   19.0  263.0   38.0  444.0
2020 304 10 30 2100  -13.6  963.1   20.7  266.0   40.0  444.0
2020 304 10 30 2200  -12.8  962.7   17.2  262.0   40.0  444.0
2020 304 10 30 2300  -12.2  962.6   16.0  263.0   38.1  444.0
2020 305 10 31 0000  -11.9  961.7   18.6  260.0   39.0  444.0
2020 305 10 31 0100  -11.4  960.5   19.3  260.0   38.0  444.0
2020 305 10 31 0200  -10.6  960.6   16.8  260.0   40.0  444.0
2020 305 10 31 0300  -10.1  960.9   14.6  260.0   42.0  444.0
2020 305 10 31 0400  -10.0  960.5   15.4  262.0   42.0  444.0
2020 305 10 31 0500  -10.1  960.1   15.2  264.0   42.0  444.0
2020 305 10 31 0600  -10.3  960.2   14.4  263.0   44.0  444.0
2020 305 10 31 0700  -10.7  960.0   14.8  264.0   43.0  444.0
2020 305 10 31 0800  -11.3  959.4   16.1  265.0   41.0  444.0
2020 305 10 31 0900  -11.9  959.1   16.9  266.0   41.0  444.0
2020 305 10 31 1000  -12.9  959.1   16.5  265.0   42.0  444.0
2020 305 10 31 1100  -14.0  958.9   17.3  266.0   42.0  444.0
2020 305 10 31 1200  -15.0  957.9   19.0  264.0   40.0  444.0
2020 305 10 31 1300  -15.9  958.1   19.2  265.0   41.0  444.0
2020 305 10 31 1400  -16.9  957.9   21.2  266.0   39.0  444.0
2020 305 10 31 1500  -17.6  957.9   20.9  265.0   40.0  444.0
2020 305 10 31 1600  -18.2  958.8   22.4  264.0   40.0  444.0
2020 305 10 31 1700  -18.4  958.8   20.7  262.0   40.0  444.0
2020 305 10 31 1800  -18.7  958.2   20.3  261.0   40.0  444.0
2020 305 10 31 1900  -18.6  959.1   19.2  261.0   40.0  444.0
2020 305 10 31 2000  -18.3  959.3   20.1  263.0   42.0  444.0
2020 305 10 31 2100  -18.1  958.6   22.4  265.0   41.0  444.0
2020 305 10 31 2200  -17.6  959.4   21.5  264.0   40.0  444.0
2020 305 10 31 2300  -17.0  958.2   22.1  262.0   40.0  444.0
