Year: 2005  Month: 01  ID: MLA  ARGOS:  8905  Name: Manuela           
Lat: 74.95S  Lon: 163.70E  Elev:   78m                                
2005   1  1  1 0000  444.0  444.0  444.0  444.0  444.0  444.0
2005   1  1  1 0100   -0.1  982.8  444.0  232.0   43.9    1.7
2005   1  1  1 0200  444.0  444.0  444.0  444.0  444.0  444.0
2005   1  1  1 0300   -1.2  982.9  444.0  225.0   48.1    1.2
2005   1  1  1 0400   -0.9  982.9  444.0  244.0   52.3    1.2
2005   1  1  1 0500   -0.9  982.7  444.0    0.0   50.7    0.9
2005   1  1  1 0600   -1.6  982.7  444.0  193.0   47.7    0.5
2005   1  1  1 0700  444.0  444.0  444.0  444.0  444.0  444.0
2005   1  1  1 0800    0.9  982.9  444.0    0.0   49.8    1.0
2005   1  1  1 0900   -0.8  982.9  444.0  221.0   52.8    1.4
2005   1  1  1 1000   -2.1  982.9  444.0  199.0   55.7    0.8
2005   1  1  1 1100   -2.9  982.8  444.0    0.0   58.6    0.6
2005   1  1  1 1200  444.0  444.0  444.0  444.0  444.0  444.0
2005   1  1  1 1300   -4.0  982.2  444.0  211.0   63.3    0.2
2005   1  1  1 1400   -5.8  982.0  444.0  276.0   65.4    0.5
2005   1  1  1 1500   -6.5  982.2  444.0  275.0   58.2    0.2
2005   1  1  1 1600   -6.0  981.9  444.0  276.0   51.9    0.4
2005   1  1  1 1700   -5.9  981.8  444.0  286.0   51.1    0.2
2005   1  1  1 1800   -5.8  981.8  444.0  270.0   53.2    0.4
2005   1  1  1 1900   -6.0  981.7  444.0  290.0   54.4    0.6
2005   1  1  1 2000   -5.5  982.2  444.0  263.0   58.6    0.7
2005   1  1  1 2100   -4.0  982.7  444.0  249.0   52.3    1.1
2005   1  1  1 2200   -3.5  982.9  444.0  230.0   45.6    1.3
2005   1  1  1 2300   -3.1  983.1  444.0  238.0   51.5    1.1
2005   2  1  2 0000  444.0  444.0  444.0  444.0  444.0  444.0
2005   2  1  2 0100   -1.8  983.4  444.0  214.0   47.7    1.2
2005   2  1  2 0200   -1.6  983.5  444.0    0.0   51.9    1.1
2005   2  1  2 0300   -1.5  983.5  444.0  176.0   66.6    1.1
2005   2  1  2 0400   -0.8  983.6  444.0  179.0   72.1    1.3
2005   2  1  2 0500    0.8  983.6  444.0  185.0   60.7    1.6
2005   2  1  2 0600  444.0  983.4  444.0    0.0   54.0    1.4
2005   2  1  2 0700   -0.5  444.0  444.0  289.0   57.4    0.9
2005   2  1  2 0800   -1.0  983.0  444.0  299.0   62.0    0.9
2005   2  1  2 0900   -2.0  982.8  444.0  297.0   59.9    0.8
2005   2  1  2 1000  444.0  444.0  444.0  444.0  444.0  444.0
2005   2  1  2 1100   -2.5  982.9  444.0  310.0   48.1    0.4
2005   2  1  2 1200   -3.4  982.7  444.0  307.0   51.9    0.2
2005   2  1  2 1300   -3.8  982.8  444.0  301.0   49.4    0.4
2005   2  1  2 1400   -5.2  983.2  444.0    0.0   52.8    0.4
2005   2  1  2 1500  444.0  444.0  444.0  444.0  444.0  444.0
2005   2  1  2 1600   -6.4  984.2  444.0  218.0   65.8    0.3
2005   2  1  2 1700   -4.2  984.8  444.0  242.0   54.9    0.5
2005   2  1  2 1800   -5.2  984.9  444.0    0.0   55.3    0.4
2005   2  1  2 1900   -4.8  985.2  444.0  277.0   49.0    0.4
2005   2  1  2 2000   -3.1  985.0  444.0  277.0   46.9    0.2
2005   2  1  2 2100   -2.9  985.0  444.0  301.0   45.6    0.9
2005   2  1  2 2200   -2.9  984.9  444.0  300.0   44.8    0.9
2005   2  1  2 2300   -0.9  985.0  444.0  296.0   43.5    1.3
2005   3  1  3 0000    0.0  984.7  444.0    0.0   39.3    1.4
2005   3  1  3 0100    0.6  984.6  444.0  294.0   35.5    1.7
2005   3  1  3 0200    1.0  984.2  444.0  320.0   34.7    1.7
2005   3  1  3 0300    1.2  984.0  444.0  290.0   37.6    2.0
2005   3  1  3 0400    1.4  984.1  444.0  299.0   39.3    1.7
2005   3  1  3 0500    1.6  984.0  444.0  307.0   36.8    1.3
2005   3  1  3 0600    1.9  983.9  444.0  294.0   33.0    1.1
2005   3  1  3 0700    1.9  983.6  444.0  304.0   36.0    0.8
2005   3  1  3 0800    1.1  983.2  444.0  293.0   39.3    0.8
2005   3  1  3 0900    0.6  983.0  444.0  292.0   39.3    1.0
2005   3  1  3 1000   -1.0  982.7  444.0  292.0   40.6    0.7
2005   3  1  3 1100   -1.6  982.6  444.0  304.0   42.3    0.5
2005   3  1  3 1200   -2.9  982.9  444.0  292.0   47.3    0.4
2005   3  1  3 1300   -5.6  982.6  444.0  275.0   54.9    0.3
2005   3  1  3 1400   -5.0  982.8  444.0  300.0   53.6    0.3
2005   3  1  3 1500   -3.9  981.9  444.0  307.0   46.5    0.2
2005   3  1  3 1600   -4.0  982.1  444.0  284.0   45.6    0.2
2005   3  1  3 1700   -4.0  982.7  444.0  294.0   47.3    0.2
2005   3  1  3 1800   -4.0  983.8  444.0  258.0   54.4    0.5
2005   3  1  3 1900   -3.1  983.7  444.0  268.0   67.0    0.5
2005   3  1  3 2000   -2.9  983.9  444.0  259.0   61.2    0.6
2005   3  1  3 2100   -2.6  983.5  444.0    0.0   62.0    0.7
2005   3  1  3 2200   -1.4  983.3  444.0  282.0   54.4    0.8
2005   3  1  3 2300   -0.5  982.8  444.0  311.0   46.5    1.0
2005   4  1  4 0000    1.0  982.7  444.0  311.0   44.4    1.4
2005   4  1  4 0100    0.8  982.4  444.0  269.0   45.2    1.2
2005   4  1  4 0200   -0.6  982.8  444.0  169.0   58.6    0.8
2005   4  1  4 0300   -1.2  982.4  444.0  220.0   81.7    0.4
2005   4  1  4 0400   -1.6  982.0  444.0  234.0   84.7    0.5
2005   4  1  4 0500   -2.4  982.2  444.0  225.0   88.9    0.2
2005   4  1  4 0600   -2.2  982.0  444.0  213.0   91.0    0.2
2005   4  1  4 0700   -1.8  981.5  444.0  248.0   91.4    0.4
2005   4  1  4 0800   -1.9  981.6  444.0  266.0   89.3    0.2
2005   4  1  4 0900   -1.6  981.5  444.0  203.0   83.8    0.1
2005   4  1  4 1000   -1.6  981.1  444.0  237.0   90.1    0.2
2005   4  1  4 1100   -1.8  981.1  444.0  244.0   92.7    0.1
2005   4  1  4 1200   -1.6  981.2  444.0  232.0   93.9    0.1
2005   4  1  4 1300   -1.6  980.8  444.0  231.0   94.8    0.1
2005   4  1  4 1400   -1.4  980.5  444.0  231.0   95.2    0.1
2005   4  1  4 1500   -1.4  980.2  444.0  241.0   95.6    0.2
2005   4  1  4 1600   -1.2  980.0  444.0  242.0   96.0    0.1
2005   4  1  4 1700   -1.2  979.6  444.0  252.0   96.4    0.2
2005   4  1  4 1800   -1.2  979.4  444.0  239.0   96.9    0.2
2005   4  1  4 1900   -1.0  979.4  444.0  241.0   97.3    0.2
2005   4  1  4 2000   -0.9  979.0  444.0  261.0   96.9    0.2
2005   4  1  4 2100   -0.8  978.5  444.0  282.0   95.2    0.2
2005   4  1  4 2200   -0.5  977.9  444.0  299.0   91.4    0.3
2005   4  1  4 2300    0.1  978.0  444.0  296.0   78.8    0.2
2005   5  1  5 0000    0.6  977.7  444.0  289.0   68.3    0.4
2005   5  1  5 0100    1.6  976.6  444.0  299.0   59.9    0.4
2005   5  1  5 0200    1.2  976.2  444.0  301.0   70.8    0.7
2005   5  1  5 0300    2.2  976.1  444.0  303.0   63.3    0.8
2005   5  1  5 0400    2.1  977.0  444.0  284.0   64.5    0.8
2005   5  1  5 0500    4.0  977.2  444.0    0.0   46.5    0.7
2005   5  1  5 0600    2.2  977.5  444.0  134.0   54.9    1.0
2005   5  1  5 0700    1.0  977.9  444.0  227.0   62.8    0.8
2005   5  1  5 0800    0.1  978.3  444.0    0.0   69.1    0.4
2005   5  1  5 0900   -0.5  978.6  444.0  214.0   69.6    0.3
2005   5  1  5 1000   -1.0  979.0  444.0  214.0   75.0    0.2
2005   5  1  5 1100   -1.4  979.3  444.0  242.0   81.7    0.3
2005   5  1  5 1200   -1.8  979.3  444.0  258.0   85.1    0.3
2005   5  1  5 1300   -2.0  979.2  444.0  265.0   90.6    0.2
2005   5  1  5 1400   -1.9  979.3  444.0  269.0   93.5    0.2
2005   5  1  5 1500   -2.0  979.4  444.0  256.0   94.8    0.2
2005   5  1  5 1600   -2.9  979.4  444.0    0.0   95.6    0.3
2005   5  1  5 1700   -3.0  979.5  444.0  277.0   95.2    0.2
2005   5  1  5 1800   -2.0  979.8  444.0    0.0   94.3    0.6
2005   5  1  5 1900   -2.0  979.6  444.0  258.0   92.7    0.7
2005   5  1  5 2000   -1.8  979.4  444.0  280.0   91.4    0.6
2005   5  1  5 2100   -1.2  979.4  444.0  259.0   89.7    0.8
2005   5  1  5 2200   -0.2  979.6  444.0  227.0   70.8    1.1
2005   5  1  5 2300    0.1  979.5  444.0  277.0   66.6    1.2
2005   6  1  6 0000    1.1  979.8  444.0  221.0   62.4    1.7
2005   6  1  6 0100    1.5  979.7  444.0  242.0   60.7    2.5
2005   6  1  6 0200    0.8  980.0  444.0  196.0   62.0    1.4
2005   6  1  6 0300    0.5  980.0  444.0  192.0   70.0    1.3
2005   6  1  6 0400   -0.5  980.0  444.0  172.0   74.6    0.8
2005   6  1  6 0500    0.1  980.4  444.0  179.0   84.7    1.3
2005   6  1  6 0600    1.8  980.4  444.0  171.0   67.9    1.1
2005   6  1  6 0700    0.5  980.5  444.0  213.0   64.1    1.4
2005   6  1  6 0800   -1.0  980.6  444.0  225.0   72.9    1.1
2005   6  1  6 0900   -1.6  980.5  444.0  234.0   77.5    0.5
2005   6  1  6 1000   -2.1  980.8  444.0  230.0   77.5    0.4
2005   6  1  6 1100   -2.9  980.8  444.0    0.0   79.6    0.4
2005   6  1  6 1200   -2.9  980.8  444.0  251.0   80.5    0.4
2005   6  1  6 1300   -3.1  980.6  444.0  272.0   84.7    0.3
2005   6  1  6 1400   -2.9  980.5  444.0  249.0   88.0    0.2
2005   6  1  6 1500   -2.9  979.8  444.0  293.0   90.1    0.4
2005   6  1  6 1600   -2.9  979.7  444.0  289.0   85.1    0.2
2005   6  1  6 1700   -2.5  979.1  444.0  293.0   79.2    0.3
2005   6  1  6 1800   -1.9  978.6  444.0  301.0   70.4    0.4
2005   6  1  6 1900   -1.2  978.3  444.0  299.0   67.0    0.4
2005   6  1  6 2000   -1.6  977.9  444.0  292.0   64.5    0.4
2005   6  1  6 2100   -0.2  977.7  444.0  272.0   59.1    0.6
2005   6  1  6 2200   -0.5  977.1  444.0  283.0   62.4    0.7
2005   6  1  6 2300    0.0  977.8  444.0  180.0   63.7    0.8
2005   7  1  7 0000   -1.2  978.0  444.0  178.0   85.9    0.2
2005   7  1  7 0100    0.0  976.9  444.0  251.0   83.0    1.2
2005   7  1  7 0200   -0.1  976.4  444.0  273.0   74.6    1.0
2005   7  1  7 0300    0.5  975.7  444.0  265.0   65.4    0.9
2005   7  1  7 0400   -0.5  974.8  444.0  300.0   74.2    0.8
2005   7  1  7 0500    0.1  974.5  444.0  245.0   66.2    1.1
2005   7  1  7 0600   -1.0  973.8  444.0  232.0   86.4    0.3
2005   7  1  7 0700   -1.4  974.0  444.0  230.0   91.8    0.2
2005   7  1  7 0800   -1.6  973.6  444.0  230.0   94.3    0.2
2005   7  1  7 0900   -1.4  973.4  444.0  204.0   96.0    0.4
2005   7  1  7 1000   -1.2  972.5  444.0  241.0   96.9    0.2
2005   7  1  7 1100   -1.2  972.7  444.0  223.0   97.7    0.1
2005   7  1  7 1200   -1.2  972.1  444.0  241.0   98.1    0.2
2005   7  1  7 1300   -1.2  971.8  444.0  203.0   98.5    0.1
2005   7  1  7 1400   -1.2  972.3  444.0  183.0   99.0    0.1
2005   7  1  7 1500   -1.2  972.1  444.0  241.0   99.8    0.3
2005   7  1  7 1600   -1.6  972.6  444.0  172.0   99.4    0.1
2005   7  1  7 1700   -1.6  972.9  444.0  216.0   99.8    0.2
2005   7  1  7 1800   -1.6  973.4  444.0  155.0   99.4    0.2
2005   7  1  7 1900   -1.4  974.2  444.0  179.0   98.5    0.4
2005   7  1  7 2000   -1.6  974.8  444.0  183.0   97.7    0.3
2005   7  1  7 2100   -1.6  975.4  444.0  172.0   96.4    0.3
2005   7  1  7 2200   -1.6  976.4  444.0  156.0   94.8    0.2
2005   7  1  7 2300  444.0  444.0  444.0  444.0  444.0  444.0
2005   8  1  8 0000   -2.0  977.7  444.0  164.0   92.7    0.2
2005   8  1  8 0100   -1.8  978.2  444.0  159.0   94.3    0.2
2005   8  1  8 0200   -1.6  979.5  444.0  140.0   95.2    0.0
2005   8  1  8 0300   -1.6  980.3  444.0  151.0   93.5    0.2
2005   8  1  8 0400   -1.6  981.0  444.0  144.0   90.6    0.3
2005   8  1  8 0500   -1.9  981.6  444.0  154.0   91.4    0.3
2005   8  1  8 0600   -2.5  982.2  444.0  175.0   89.7    0.4
2005   8  1  8 0700   -2.6  982.5  444.0  156.0   91.4    0.2
2005   8  1  8 0800   -2.9  982.9  444.0  161.0   91.4    0.4
2005   8  1  8 0900   -2.5  983.3  444.0  151.0   91.4    0.2
2005   8  1  8 1000   -2.9  983.6  444.0  155.0   91.8    0.2
2005   8  1  8 1100   -3.1  983.9  444.0  176.0   91.4    0.2
2005   8  1  8 1200   -3.2  983.9  444.0  228.0   91.8    0.3
2005   8  1  8 1300   -4.0  983.5  444.0  178.0   90.6    0.2
2005   8  1  8 1400   -3.1  983.2  444.0  155.0   92.2    0.1
2005   8  1  8 1500   -3.6  983.6  444.0  186.0   91.4    0.3
2005   8  1  8 1600   -4.0  983.6  444.0  211.0   91.8    0.1
2005   8  1  8 1700   -3.5  983.4  444.0  183.0   82.6    0.1
2005   8  1  8 1800   -3.5  983.1  444.0  183.0   86.8    0.3
2005   8  1  8 1900   -3.5  982.6  444.0  190.0   87.6    0.3
2005   8  1  8 2000   -2.5  982.2  444.0  176.0   77.5    0.1
2005   8  1  8 2100   -2.1  981.8  444.0  207.0   71.7   -0.2
2005   8  1  8 2200   -1.4  981.0  444.0  216.0   60.7    0.2
2005   8  1  8 2300   -1.4  980.4  444.0  176.0   67.5    0.4
2005   9  1  9 0000    0.1  979.8  444.0  230.0   56.5    0.2
2005   9  1  9 0100    0.1  978.8  444.0  145.0   66.6    1.3
2005   9  1  9 0200  444.0  444.0  444.0  444.0  444.0  444.0
2005   9  1  9 0300    2.1  978.1  444.0  176.0   57.0    3.3
2005   9  1  9 0400  444.0  444.0  444.0  444.0  444.0  444.0
2005   9  1  9 0500   -1.0  977.4  444.0  217.0   64.1    1.6
2005   9  1  9 0600   -1.9  977.2  444.0  193.0   78.8    0.7
2005   9  1  9 0700   -2.5  977.2  444.0  194.0   82.2    0.8
2005   9  1  9 0800   -3.1  977.0  444.0  182.0   86.8    0.4
2005   9  1  9 0900  444.0  444.0  444.0  444.0  444.0  444.0
2005   9  1  9 1000   -3.4  977.3  444.0  216.0   92.2    0.4
2005   9  1  9 1100   -3.5  977.3  444.0  218.0   91.4    0.6
2005   9  1  9 1200   -3.8  977.4  444.0    0.0   89.7    0.5
2005   9  1  9 1300   -3.8  977.2  444.0    0.0   89.3    0.3
2005   9  1  9 1400   -3.8  977.1  444.0  176.0   80.9    0.4
2005   9  1  9 1500   -5.5  977.0  444.0  171.0   88.5    0.3
2005   9  1  9 1600   -5.5  977.2  444.0  173.0   87.2    0.8
2005   9  1  9 1700   -5.2  977.3  444.0  228.0   77.5    0.6
2005   9  1  9 1800   -6.5  977.5  444.0  276.0   83.0    0.8
2005   9  1  9 1900   -5.2  977.5  444.0  279.0   86.4    0.5
2005   9  1  9 2000   -3.6  977.4  444.0  292.0   71.7    0.7
2005   9  1  9 2100  444.0  444.0  444.0  444.0  444.0  444.0
2005   9  1  9 2200   -3.2  977.9  444.0  292.0   68.7    0.9
2005   9  1  9 2300   -3.6  978.1  444.0  241.0   80.5    1.1
2005  10  1 10 0000  444.0  444.0  444.0  444.0  444.0  444.0
2005  10  1 10 0100   -2.4  978.2  444.0  220.0   74.2    1.0
2005  10  1 10 0200  444.0  444.0  444.0  444.0  444.0  444.0
2005  10  1 10 0300   -0.5  978.4  444.0  231.0   64.9    2.3
2005  10  1 10 0400   -0.5  978.4  444.0  230.0   62.0    2.0
2005  10  1 10 0500   -2.4  978.4  444.0  234.0   69.1    1.2
2005  10  1 10 0600   -2.1  978.5  444.0  242.0   76.7    1.1
2005  10  1 10 0700  444.0  444.0  444.0  444.0  444.0  444.0
2005  10  1 10 0800   -2.5  979.1  444.0  199.0   72.9    0.5
2005  10  1 10 0900   -2.9  979.4  444.0  182.0   83.0    0.4
2005  10  1 10 1000   -3.2  979.7  444.0  194.0   86.4    0.4
2005  10  1 10 1100   -3.9  980.0  444.0  182.0   88.9    0.2
2005  10  1 10 1200  444.0  444.0  444.0  444.0  444.0  444.0
2005  10  1 10 1300   -4.0  980.3  444.0  241.0   91.8    0.3
2005  10  1 10 1400   -4.1  980.5  444.0  275.0   93.1    0.2
2005  10  1 10 1500   -4.0  980.7  444.0  284.0   93.9    0.3
2005  10  1 10 1600   -4.0  981.1  444.0  269.0   94.3    0.3
2005  10  1 10 1700  444.0  444.0  444.0  444.0  444.0  444.0
2005  10  1 10 1800   -4.0  981.9  444.0  232.0   89.3    0.5
2005  10  1 10 1900   -4.4  981.9  444.0  266.0   84.7    0.3
2005  10  1 10 2000   -4.0  981.9  444.0  296.0   64.9    0.5
2005  10  1 10 2100   -3.6  982.1  444.0  304.0   56.1    0.6
2005  10  1 10 2200   -3.6  981.8  444.0  294.0   54.0    0.9
2005  10  1 10 2300   -3.2  981.7  444.0  290.0   54.0    1.0
2005  11  1 11 0000  444.0  444.0  444.0  444.0  444.0  444.0
2005  11  1 11 0100   -0.8  981.7  444.0  308.0   50.7    1.4
2005  11  1 11 0200   -1.0  981.3  444.0  294.0   48.1    1.4
2005  11  1 11 0300    0.0  981.3  444.0  299.0   44.8    1.6
2005  11  1 11 0400    0.0  981.6  444.0  280.0   45.6    2.0
2005  11  1 11 0500  444.0  444.0  444.0  444.0  444.0  444.0
2005  11  1 11 0600    2.6  982.0  444.0  314.0   31.3    1.2
2005  11  1 11 0700    1.6  982.0  444.0  311.0   34.7    1.1
2005  11  1 11 0800    1.5  982.0  444.0  315.0   36.0    1.1
2005  11  1 11 0900    1.0  982.2  444.0  306.0   38.1    1.1
2005  11  1 11 1000  444.0  444.0  444.0  444.0  444.0  444.0
2005  11  1 11 1100   -2.9  982.8  444.0  294.0   42.7    0.9
2005  11  1 11 1200   -4.2  983.1  444.0  270.0   44.4    0.6
2005  11  1 11 1300   -5.4  983.8  444.0  292.0   48.6    0.7
2005  11  1 11 1400   -4.4  984.1  444.0  303.0   41.8    0.6
2005  11  1 11 1500  444.0  444.0  444.0  444.0  444.0  444.0
2005  11  1 11 1600   -5.0  985.8  444.0  296.0   43.1    0.8
2005  11  1 11 1700   -5.2  986.4  444.0  296.0   42.7    0.4
2005  11  1 11 1800   -5.5  986.8  444.0  303.0   47.7    0.4
2005  11  1 11 1900   -4.8  987.2  444.0  282.0   46.5    0.5
2005  11  1 11 2000   -4.0  987.6  444.0  290.0   42.7    0.4
2005  11  1 11 2100   -2.9  988.1  444.0  303.0   39.3    0.8
2005  11  1 11 2200   -2.2  988.7  444.0  296.0   38.9    1.0
2005  11  1 11 2300   -1.2  989.7  444.0  303.0   35.1    1.2
2005  12  1 12 0000   -0.9  990.2  444.0  311.0   38.1    1.4
2005  12  1 12 0100    0.5  990.8  444.0  313.0   37.6    1.7
2005  12  1 12 0200    2.1  991.1  444.0  315.0   38.9    2.0
2005  12  1 12 0300  444.0  991.8  444.0  304.0   35.1    3.5
2005  12  1 12 0400  444.0  992.2  444.0    0.0   38.5    4.1
2005  12  1 12 0500  444.0  992.6  444.0  287.0   34.3    2.2
2005  12  1 12 0600  444.0  993.1  444.0  272.0   33.9    1.3
2005  12  1 12 0700  444.0  993.5  444.0  273.0   35.1    1.3
2005  12  1 12 0800  444.0  993.8  444.0  246.0   35.5    1.8
2005  12  1 12 0900  444.0  994.6  444.0  204.0   41.8    1.2
2005  12  1 12 1000   -0.8  995.2  444.0  165.0   58.2    1.0
2005  12  1 12 1100   -2.2  996.0  444.0  147.0   76.7    0.5
2005  12  1 12 1200   -5.2  996.7  444.0  189.0   88.5    0.4
2005  12  1 12 1300   -5.4  997.1  444.0  192.0   91.0    0.3
2005  12  1 12 1400   -6.4  997.5  444.0  237.0   92.2    0.4
2005  12  1 12 1500   -6.4  997.8  444.0  263.0   93.1    0.5
2005  12  1 12 1600   -7.0  998.1  444.0  282.0   93.5    0.5
2005  12  1 12 1700   -7.6  998.1  444.0  292.0   93.5    0.4
2005  12  1 12 1800   -9.0  997.8  444.0  287.0   71.7    0.4
2005  12  1 12 1900   -4.6  997.2  444.0  303.0   59.5    0.1
2005  12  1 12 2000   -4.6  997.0  444.0  301.0   46.9    0.4
2005  12  1 12 2100   -4.0  996.6  444.0  313.0   45.2    0.7
2005  12  1 12 2200   -2.2  996.6  444.0  314.0   41.4    0.9
2005  12  1 12 2300   -1.9  996.3  444.0  307.0   43.1    1.0
2005  13  1 13 0000   -2.2  996.2  444.0  303.0   47.3    1.2
2005  13  1 13 0100   -0.9  996.0  444.0  303.0   44.4    1.5
2005  13  1 13 0200    3.0  995.7  444.0  355.0   28.4    1.6
2005  13  1 13 0300    3.6  995.4  444.0  346.0   28.0    2.4
2005  13  1 13 0400    4.1  995.2  444.0  360.0   27.6    2.5
2005  13  1 13 0500    3.5  995.1  444.0  346.0   35.1    2.3
2005  13  1 13 0600    3.5  994.7  444.0   65.0   41.8    2.0
2005  13  1 13 0700    2.8  994.4  444.0   64.0   44.4    1.6
2005  13  1 13 0800    2.1  994.2  444.0   54.0   48.6    1.3
2005  13  1 13 0900    2.5  994.1  444.0   58.0   42.7    1.4
2005  13  1 13 1000    1.6  994.0  444.0    0.0   44.8    1.3
2005  13  1 13 1100  444.0  994.2  444.0    0.0   34.7    0.8
2005  13  1 13 1200   -2.5  994.2  444.0  245.0   42.3    0.9
2005  13  1 13 1300   -6.9  994.3  444.0  239.0   55.7    1.1
2005  13  1 13 1400   -8.2  994.2  444.0  251.0   72.9    0.9
2005  13  1 13 1500   -8.1  994.3  444.0  248.0   75.0    1.0
2005  13  1 13 1600   -7.6  994.4  444.0  251.0   66.6    1.0
2005  13  1 13 1700   -6.6  994.6  444.0  280.0   51.1    0.5
2005  13  1 13 1800   -6.5  994.1  444.0  259.0   50.7    0.3
2005  13  1 13 1900   -4.6  994.0  444.0  269.0   48.1    0.1
2005  13  1 13 2000   -5.4  994.0  444.0    0.0   54.9   -0.3
2005  13  1 13 2100   -3.2  993.4  444.0  292.0   47.7    0.9
2005  13  1 13 2200   -0.2  993.5  444.0  303.0   38.1    1.0
2005  13  1 13 2300  444.0  993.5  444.0  317.0   29.7    2.5
2005  14  1 14 0000    3.0  993.2  444.0  294.0   31.3    2.2
2005  14  1 14 0100  444.0  992.8  444.0  116.0   43.5    3.0
2005  14  1 14 0200    1.9  992.5  444.0  144.0   49.0    1.9
2005  14  1 14 0300    1.1  992.2  444.0  123.0   49.0    3.2
2005  14  1 14 0400    1.4  992.1  444.0  126.0   52.8    2.9
2005  14  1 14 0500    1.9  992.1  444.0  133.0   55.3    1.7
2005  14  1 14 0600    0.5  992.0  444.0  158.0   65.8    1.0
2005  14  1 14 0700    0.0  991.8  444.0  151.0   69.1    0.7
2005  14  1 14 0800   -1.1  991.6  444.0  166.0   75.0    0.7
2005  14  1 14 0900   -1.1  991.5  444.0  180.0   70.8    1.0
2005  14  1 14 1000   -1.1  991.4  444.0  173.0   71.7    0.8
2005  14  1 14 1100   -3.5  991.3  444.0  196.0   79.2    0.6
2005  14  1 14 1200   -4.4  991.3  444.0  218.0   80.1    0.7
2005  14  1 14 1300   -4.2  991.1  444.0  248.0   82.2    0.6
2005  14  1 14 1400   -4.6  990.9  444.0  272.0   83.0    0.5
2005  14  1 14 1500   -4.9  990.8  444.0  249.0   80.9    0.7
2005  14  1 14 1600   -5.9  990.7  444.0    0.0   69.6    0.7
2005  14  1 14 1700   -6.0  990.7  444.0  254.0   67.5    0.7
2005  14  1 14 1800   -5.2  990.4  444.0  263.0   67.0    0.6
2005  14  1 14 1900  444.0  990.1  444.0    0.0   52.8    0.5
2005  14  1 14 2000  444.0  989.7  444.0  272.0   47.7    0.5
2005  14  1 14 2100   -2.9  989.4  444.0  255.0   46.0    1.2
2005  14  1 14 2200   -1.9  989.2  444.0  258.0   47.7    1.3
2005  14  1 14 2300   -1.0  988.8  444.0  273.0   43.5    1.4
2005  15  1 15 0000   -0.5  988.3  444.0  289.0   41.4    1.4
2005  15  1 15 0100    0.6  987.6  444.0  289.0   40.2    1.6
2005  15  1 15 0200    1.1  987.1  444.0  262.0   43.9    2.1
2005  15  1 15 0300    0.6  986.4  444.0  290.0   44.8    1.5
2005  15  1 15 0400    1.2  986.2  444.0  313.0   48.1    1.6
2005  15  1 15 0500    0.9  986.0  444.0  315.0   48.1    1.4
2005  15  1 15 0600    0.4  985.9  444.0  303.0   50.7    1.0
2005  15  1 15 0700    0.4  985.5  444.0  310.0   50.7    1.0
2005  15  1 15 0800    0.8  985.0  444.0  290.0   50.7    1.0
2005  15  1 15 0900  444.0  985.0  444.0  293.0   49.0    1.0
2005  15  1 15 1000  444.0  984.9  444.0  265.0   47.3    1.1
2005  15  1 15 1100   -2.2  985.1  444.0  199.0   62.8    0.5
2005  15  1 15 1200   -2.6  984.9  444.0  180.0   60.3    0.4
2005  15  1 15 1300   -2.9  984.8  444.0  178.0   60.3    0.4
2005  15  1 15 1400   -2.9  984.7  444.0    0.0   62.4    0.6
2005  15  1 15 1500  444.0  984.7  444.0    0.0   60.7    1.0
2005  15  1 15 1600   -3.9  984.8  444.0    0.0   59.1    1.5
2005  15  1 15 1700   -3.5  984.8  444.0  183.0   62.4    0.3
2005  15  1 15 1800  444.0  984.7  444.0    0.0   64.1   -0.5
2005  15  1 15 1900   -4.4  984.8  444.0  228.0   49.8    0.4
2005  15  1 15 2000   -3.2  984.8  444.0    0.0   50.2   -1.1
2005  15  1 15 2100  444.0  984.7  444.0  141.0   64.9    0.8
2005  15  1 15 2200   -2.1  984.9  444.0  187.0   67.0    1.1
2005  15  1 15 2300   -2.0  985.1  444.0    0.0   72.1    1.0
2005  16  1 16 0000    1.1  985.2  444.0  134.0   64.5    1.3
2005  16  1 16 0100    0.1  985.2  444.0  134.0   56.5    1.7
2005  16  1 16 0200    0.8  985.2  444.0  141.0   54.4    1.9
2005  16  1 16 0300   -0.8  985.2  444.0  169.0   69.1    2.4
2005  16  1 16 0400   -0.5  985.3  444.0  178.0   67.9    2.2
2005  16  1 16 0500   -1.4  985.5  444.0  169.0   69.1    1.7
2005  16  1 16 0600   -2.9  985.7  444.0  173.0   70.0    1.3
2005  16  1 16 0700   -4.1  985.8  444.0  171.0   72.5    1.1
2005  16  1 16 0800   -4.2  985.8  444.0  166.0   75.0    0.9
2005  16  1 16 0900   -4.8  985.9  444.0  183.0   78.4    0.7
2005  16  1 16 1000   -5.2  986.2  444.0    0.0   79.6    0.6
2005  16  1 16 1100   -5.6  986.2  444.0    0.0   83.8    0.5
2005  16  1 16 1200   -6.4  986.3  444.0  216.0   85.9    0.4
2005  16  1 16 1300   -6.5  986.2  444.0  223.0   88.5    0.4
2005  16  1 16 1400   -6.0  985.9  444.0    0.0   90.1    0.4
2005  16  1 16 1500   -6.6  985.8  444.0  249.0   91.0    0.5
2005  16  1 16 1600   -6.6  985.8  444.0  235.0   91.0    0.5
2005  16  1 16 1700   -6.4  986.0  444.0  249.0   91.4    0.5
2005  16  1 16 1800   -6.6  985.9  444.0    0.0   91.4    0.7
2005  16  1 16 1900   -6.0  985.8  444.0  292.0   90.1    0.8
2005  16  1 16 2000   -5.0  985.5  444.0  286.0   75.9    0.6
2005  16  1 16 2100   -3.6  985.0  444.0  310.0   62.4    1.1
2005  16  1 16 2200  444.0  984.9  444.0    0.0   51.5    1.4
2005  16  1 16 2300  444.0  444.0  444.0  444.0  444.0  444.0
2005  17  1 17 0000    1.6  984.5  444.0   10.0   44.4    2.1
2005  17  1 17 0100  444.0  984.1  444.0   88.0   51.9    3.6
2005  17  1 17 0200    2.5  983.7  444.0  314.0   31.8    2.2
2005  17  1 17 0300    3.1  983.2  444.0   57.0   48.1    4.1
2005  17  1 17 0400    2.9  983.2  444.0   47.0   43.1    3.5
2005  17  1 17 0500    1.9  983.0  444.0   64.0   49.0    2.4
2005  17  1 17 0600  444.0  982.9  444.0    0.0   38.5    1.2
2005  17  1 17 0700    0.8  982.9  444.0  209.0   46.9    1.1
2005  17  1 17 0800    0.4  982.9  444.0  223.0   51.9    1.0
2005  17  1 17 0900  444.0  983.1  444.0  185.0   49.4    1.1
2005  17  1 17 1000   -0.5  983.1  444.0  169.0   51.5    0.8
2005  17  1 17 1100  444.0  983.2  444.0    0.0   43.1    0.4
2005  17  1 17 1200   -4.2  983.2  444.0  220.0   49.4    0.7
2005  17  1 17 1300  444.0  983.2  444.0  185.0   59.9    0.5
2005  17  1 17 1400   -6.1  983.2  444.0    0.0   67.0    1.1
2005  17  1 17 1500   -4.9  983.3  444.0  223.0   70.0    0.5
2005  17  1 17 1600   -5.9  983.4  444.0  239.0   78.4    0.5
2005  17  1 17 1700   -5.9  983.4  444.0  286.0   60.7    0.7
2005  17  1 17 1800   -5.9  983.3  444.0  276.0   54.0    0.3
2005  17  1 17 1900   -5.5  983.1  444.0  293.0   56.5    0.7
2005  17  1 17 2000   -4.6  983.3  444.0  297.0   51.9    0.7
2005  17  1 17 2100  444.0  444.0  444.0  444.0  444.0  444.0
2005  17  1 17 2200   -1.9  983.0  444.0  297.0   46.9    1.0
2005  17  1 17 2300   -1.0  982.8  444.0  292.0   45.6    1.4
2005  18  1 18 0000    0.1  982.6  444.0  279.0   45.2    1.4
2005  18  1 18 0100    0.1  982.4  444.0  290.0   42.7    1.6
2005  18  1 18 0200  444.0  444.0  444.0  444.0  444.0  444.0
2005  18  1 18 0300    1.1  981.6  444.0  293.0   38.5    1.9
2005  18  1 18 0400  444.0  444.0  444.0  444.0  444.0  444.0
2005  18  1 18 0500    1.5  981.6  444.0  290.0   35.5    1.4
2005  18  1 18 0600    1.6  981.8  444.0  138.0   53.6    0.9
2005  18  1 18 0700   -0.5  981.8  444.0  140.0   64.9    0.7
2005  18  1 18 0800   -1.6  981.9  444.0  145.0   66.6    0.6
2005  18  1 18 0900  444.0  444.0  444.0  444.0  444.0  444.0
2005  18  1 18 1000   -3.2  982.1  444.0    0.0   65.8    0.7
2005  18  1 18 1100   -5.2  982.2  444.0    0.0   70.4    0.5
2005  18  1 18 1200   -5.8  982.3  444.0  186.0   80.1    0.2
2005  18  1 18 1300  444.0  982.3  444.0  178.0   81.3    0.5
2005  18  1 18 1400  444.0  444.0  444.0  444.0  444.0  444.0
2005  18  1 18 1500  -10.0  982.0  444.0  245.0   76.7    1.1
2005  18  1 18 1600   -8.4  981.9  444.0  266.0   80.5    1.0
2005  18  1 18 1700   -8.1  982.0  444.0  276.0   59.9    0.4
2005  18  1 18 1800   -8.1  981.8  444.0  284.0   55.3    0.2
2005  18  1 18 1900  444.0  444.0  444.0  444.0  444.0  444.0
2005  18  1 18 2000   -6.0  981.6  444.0  292.0   51.9    0.3
2005  18  1 18 2100   -5.2  981.3  444.0  282.0   51.1    0.6
2005  18  1 18 2200   -4.6  981.9  444.0  261.0   44.8    0.9
2005  18  1 18 2300   -3.4  981.6  444.0  273.0   44.8    0.7
2005  19  1 19 0000  444.0  444.0  444.0  444.0  444.0  444.0
2005  19  1 19 0100   -1.8  981.7  444.0  283.0   46.9    1.1
2005  19  1 19 0200   -1.0  981.9  444.0  245.0   44.4    2.0
2005  19  1 19 0300    0.1  982.1  444.0  290.0   41.0    2.3
2005  19  1 19 0400    0.2  982.2  444.0  289.0   38.1    2.1
2005  19  1 19 0500    1.1  982.4  444.0  287.0   36.0    1.7
2005  19  1 19 0600    0.6  982.7  444.0  161.0   53.2    1.0
2005  19  1 19 0700  444.0  444.0  444.0  444.0  444.0  444.0
2005  19  1 19 0800   -2.0  983.0  444.0  168.0   71.7    0.7
2005  19  1 19 0900   -3.4  983.3  444.0  168.0   77.1    0.7
2005  19  1 19 1000   -4.9  983.6  444.0  183.0   78.0    0.6
2005  19  1 19 1100   -5.9  983.9  444.0  180.0   80.9    0.4
2005  19  1 19 1200  444.0  444.0  444.0  444.0  444.0  444.0
2005  19  1 19 1300   -7.6  984.7  444.0  227.0   86.8    0.4
2005  19  1 19 1400   -8.4  984.6  444.0  254.0   88.5    0.6
2005  19  1 19 1500   -8.5  984.9  444.0  234.0   88.9    0.5
2005  19  1 19 1600   -9.4  985.3  444.0    0.0   88.9    0.6
2005  19  1 19 1700  444.0  444.0  444.0  444.0  444.0  444.0
2005  19  1 19 1800   -9.4  985.4  444.0    0.0   63.7    0.4
2005  19  1 19 1900   -7.2  985.2  444.0  251.0   48.1    0.1
2005  19  1 19 2000   -7.1  985.1  444.0  272.0   52.3    0.1
2005  19  1 19 2100   -6.2  985.2  444.0  290.0   48.6    0.6
2005  19  1 19 2200  444.0  444.0  444.0  444.0  444.0  444.0
2005  19  1 19 2300   -4.6  985.7  444.0  239.0   39.7    1.5
2005  20  1 20 0000   -3.4  986.0  444.0  230.0   38.9    1.9
2005  20  1 20 0100   -1.6  985.8  444.0  228.0   30.5    2.2
2005  20  1 20 0200   -1.2  985.8  444.0    0.0   32.6    2.5
2005  20  1 20 0300  444.0  985.8  444.0  231.0   30.1    4.1
2005  20  1 20 0400    0.6  985.6  444.0  230.0   31.8    3.1
2005  20  1 20 0500  444.0  444.0  444.0  444.0  444.0  444.0
2005  20  1 20 0600   -0.1  985.8  444.0    0.0   41.0    1.0
2005  20  1 20 0700   -0.9  985.6  444.0    0.0   48.6    0.4
2005  20  1 20 0800   -0.5  985.8  444.0  165.0   48.6    0.8
2005  20  1 20 0900   -1.8  985.6  444.0  134.0   56.1    0.4
2005  20  1 20 1000  444.0  444.0  444.0  444.0  444.0  444.0
2005  20  1 20 1100  444.0  985.8  444.0    0.0   51.5    0.4
2005  20  1 20 1200   -6.0  985.9  444.0  254.0   53.2    0.4
2005  20  1 20 1300   -6.1  985.8  444.0    0.0   55.3    0.3
2005  20  1 20 1400   -5.8  985.8  444.0  266.0   41.0    0.7
2005  20  1 20 1500   -7.6  985.3  444.0  272.0   43.1    0.4
2005  20  1 20 1600   -7.2  985.2  444.0  277.0   46.0    0.4
2005  20  1 20 1700   -7.9  984.8  444.0  273.0   49.8    0.2
2005  20  1 20 1800   -7.9  985.0  444.0  292.0   49.8    0.2
2005  20  1 20 1900   -7.6  984.8  444.0  286.0   51.1    0.4
2005  20  1 20 2000   -7.1  984.2  444.0  289.0   52.3    0.2
2005  20  1 20 2100   -6.4  983.5  444.0  292.0   50.2    0.5
2005  20  1 20 2200   -5.4  444.0  444.0  276.0   46.5    0.5
2005  20  1 20 2300   -5.2  983.5  444.0  282.0   51.1    0.7
2005  21  1 21 0000   -4.9  983.9  444.0  275.0   53.6    0.7
2005  21  1 21 0100   -3.6  983.6  444.0  292.0   49.4    0.8
2005  21  1 21 0200   -3.1  983.6  444.0  290.0   48.1    0.8
2005  21  1 21 0300   -2.9  984.1  444.0  293.0   50.7    1.3
2005  21  1 21 0400   -2.9  983.7  444.0  300.0   49.4    1.0
2005  21  1 21 0500   -2.4  983.7  444.0  290.0   46.0    0.9
2005  21  1 21 0600   -2.2  984.2  444.0  284.0   47.3    0.7
2005  21  1 21 0700   -1.6  985.1  444.0  168.0   43.1    0.7
2005  21  1 21 0800   -2.9  985.0  444.0  142.0   57.0    0.4
2005  21  1 21 0900   -4.8  985.1  444.0    0.0   67.0    0.7
2005  21  1 21 1000   -6.1  985.1  444.0    0.0   75.4    0.5
2005  21  1 21 1100  444.0  985.3  444.0    0.0   76.3    0.5
2005  21  1 21 1200   -8.1  985.3  444.0    0.0   80.1    0.2
2005  21  1 21 1300   -8.5  985.5  444.0  213.0   84.3    0.2
2005  21  1 21 1400   -8.6  985.4  444.0  230.0   83.0    0.4
2005  21  1 21 1500   -8.6  985.4  444.0  275.0   58.2    0.7
2005  21  1 21 1600  -10.2  985.5  444.0  279.0   74.6    1.1
2005  21  1 21 1700   -9.8  985.1  444.0  258.0   61.2    0.5
2005  21  1 21 1800   -7.6  984.2  444.0  294.0   46.5    0.1
2005  21  1 21 1900   -7.9  984.2  444.0  286.0   47.3    0.2
2005  21  1 21 2000   -6.8  984.3  444.0  287.0   44.8    0.2
2005  21  1 21 2100   -6.4  984.4  444.0  276.0   43.9    0.6
2005  21  1 21 2200   -5.0  983.9  444.0  292.0   46.9    0.7
2005  21  1 21 2300   -4.1  983.5  444.0  282.0   43.5    0.8
2005  22  1 22 0000   -3.1  983.1  444.0  273.0   36.4    0.8
2005  22  1 22 0100    0.4  983.8  444.0  328.0   29.7    1.4
2005  22  1 22 0200    1.1  983.5  444.0    0.0   27.6    1.6
2005  22  1 22 0300    1.5  982.9  444.0  358.0   42.3    2.8
2005  22  1 22 0400    1.5  982.6  444.0    0.0   42.3    2.7
2005  22  1 22 0500    1.6  982.2  444.0   36.0   41.0    2.1
2005  22  1 22 0600    1.9  981.8  444.0   36.0   40.2    1.6
2005  22  1 22 0700   -0.5  981.6  444.0  248.0   43.5    1.4
2005  22  1 22 0800  444.0  981.4  444.0  360.0   47.7    1.0
2005  22  1 22 0900   -0.5  981.3  444.0    6.0   50.2    1.1
2005  22  1 22 1000   -4.4  981.2  444.0    0.0   51.5    0.7
2005  22  1 22 1100  444.0  981.5  444.0  192.0   56.5    0.4
2005  22  1 22 1200   -8.2  981.7  444.0  193.0   70.8    0.6
2005  22  1 22 1300  -11.8  981.9  444.0  196.0   79.2    0.4
2005  22  1 22 1400  -10.0  982.1  444.0  200.0   83.8    0.3
2005  22  1 22 1500   -9.8  982.5  444.0    0.0   86.8    0.3
2005  22  1 22 1600  -10.0  983.0  444.0  187.0   86.8    0.3
2005  22  1 22 1700  -10.4  983.4  444.0    0.0   86.8    0.4
2005  22  1 22 1800  -10.0  983.9  444.0  230.0   86.8    0.5
2005  22  1 22 1900   -9.4  984.2  444.0  242.0   85.1    0.8
2005  22  1 22 2000   -9.4  984.5  444.0  227.0   80.1    0.9
2005  22  1 22 2100   -8.8  984.7  444.0  232.0   62.0    1.1
2005  22  1 22 2200   -8.2  984.9  444.0  211.0   64.1    0.8
2005  22  1 22 2300   -7.6  985.3  444.0    0.0   67.5    1.0
2005  23  1 23 0000   -7.2  985.3  444.0    0.0   65.8    1.5
2005  23  1 23 0100   -7.0  985.3  444.0  246.0   57.8    1.6
2005  23  1 23 0200   -6.9  985.5  444.0  228.0   61.6    1.2
2005  23  1 23 0300  444.0  985.5  444.0  241.0   53.2    1.6
2005  23  1 23 0400   -4.1  985.6  444.0  242.0   55.7    1.7
2005  23  1 23 0500   -1.6  985.8  444.0    0.0   46.0    2.5
2005  23  1 23 0600   -2.2  986.0  444.0  261.0   50.7    1.5
2005  23  1 23 0700   -2.4  986.2  444.0  269.0   51.1    0.8
2005  23  1 23 0800   -4.9  986.3  444.0  270.0   57.0    0.7
2005  23  1 23 0900   -5.5  986.6  444.0    0.0   55.3    0.5
2005  23  1 23 1000   -5.2  986.8  444.0  268.0   53.6    0.5
2005  23  1 23 1100   -7.4  986.9  444.0  283.0   53.6    0.5
2005  23  1 23 1200   -7.6  987.5  444.0  263.0   54.9    0.4
2005  23  1 23 1300   -7.9  987.7  444.0  283.0   55.7    0.4
2005  23  1 23 1400   -7.0  987.6  444.0  292.0   48.1    0.3
2005  23  1 23 1500   -7.6  987.9  444.0  303.0   42.3    0.4
2005  23  1 23 1600   -8.5  987.4  444.0  296.0   46.5    0.4
2005  23  1 23 1700   -8.8  987.6  444.0  299.0   48.6    0.4
2005  23  1 23 1800   -8.0  987.7  444.0  293.0   46.5    0.4
2005  23  1 23 1900   -7.8  988.6  444.0  270.0   44.8    0.4
2005  23  1 23 2000   -7.6  989.5  444.0  306.0   49.4    0.5
2005  23  1 23 2100   -6.8  989.6  444.0  299.0   43.1    0.6
2005  23  1 23 2200   -6.1  990.1  444.0  301.0   43.9    0.7
2005  23  1 23 2300   -6.1  990.1  444.0  310.0   43.1    0.6
2005  24  1 24 0000   -5.2  990.3  444.0  299.0   41.4    0.7
2005  24  1 24 0100   -4.9  990.5  444.0  306.0   45.2    0.8
2005  24  1 24 0200   -4.2  990.7  444.0  297.0   41.8    0.7
2005  24  1 24 0300   -4.0  990.7  444.0  294.0   46.0    0.7
2005  24  1 24 0400   -3.9  990.7  444.0  287.0   46.5    0.8
2005  24  1 24 0500   -4.0  990.8  444.0  284.0   46.5    0.7
2005  24  1 24 0600   -4.0  990.9  444.0  284.0   48.6    0.5
2005  24  1 24 0700   -3.4  990.7  444.0  290.0   45.2    0.5
2005  24  1 24 0800   -2.9  990.7  444.0  269.0   40.6    0.5
2005  24  1 24 0900   -2.0  990.5  444.0  296.0   38.9    0.9
2005  24  1 24 1000   -3.1  990.2  444.0  296.0   38.1    0.4
2005  24  1 24 1100   -6.6  990.2  444.0  299.0   49.0    0.5
2005  24  1 24 1200   -7.6  990.2  444.0  299.0   47.3    0.4
2005  24  1 24 1300   -7.0  990.1  444.0  280.0   43.9    0.4
2005  24  1 24 1400   -7.6  989.9  444.0  306.0   47.7    0.2
2005  24  1 24 1500   -7.6  989.1  444.0  299.0   41.4    0.2
2005  24  1 24 1600   -8.5  988.3  444.0  286.0   49.0    0.3
2005  24  1 24 1700   -8.6  987.4  444.0  299.0   56.1    0.1
2005  24  1 24 1800   -9.4  987.1  444.0  286.0   57.0    0.1
2005  24  1 24 1900   -9.0  986.2  444.0  283.0   58.2    0.0
2005  24  1 24 2000  -10.0  984.7  444.0  272.0   62.8    0.1
2005  24  1 24 2100  -10.1  984.9  444.0  284.0   64.9    0.2
2005  24  1 24 2200   -8.2  985.5  444.0  275.0   56.5    0.2
2005  24  1 24 2300   -7.9  985.2  444.0  277.0   57.0    0.2
2005  25  1 25 0000   -7.2  985.4  444.0  279.0   51.9    0.4
2005  25  1 25 0100   -6.5  444.0  444.0  282.0   54.4    0.5
2005  25  1 25 0200   -6.0  985.1  444.0  287.0   52.8    0.5
2005  25  1 25 0300   -6.1  984.7  444.0  283.0   57.0    0.6
2005  25  1 25 0400   -6.4  984.0  444.0  287.0   57.0    0.6
2005  25  1 25 0500   -6.1  983.5  444.0  290.0   58.2    0.4
2005  25  1 25 0600   -6.1  983.1  444.0  279.0   57.8    0.2
2005  25  1 25 0700   -6.4  982.8  444.0  280.0   57.4    0.2
2005  25  1 25 0800   -6.9  982.5  444.0  276.0   53.6    0.2
2005  25  1 25 0900   -7.8  981.8  444.0  283.0   57.4    0.1
2005  25  1 25 1000   -8.4  981.2  444.0  290.0   57.8    0.1
2005  25  1 25 1100   -8.4  981.4  444.0  287.0   54.0    0.0
2005  25  1 25 1200   -8.8  981.3  444.0  296.0   53.6   -0.1
2005  25  1 25 1300   -9.4  980.9  444.0  277.0   55.7    0.1
2005  25  1 25 1400   -9.5  980.3  444.0  280.0   56.5    0.1
2005  25  1 25 1500   -9.8  980.2  444.0  284.0   56.5    0.1
2005  25  1 25 1600  -10.1  980.9  444.0  279.0   54.4    0.1
2005  25  1 25 1700   -9.8  980.7  444.0  284.0   51.9    0.1
2005  25  1 25 1800   -9.4  980.4  444.0  275.0   53.6   -0.1
2005  25  1 25 1900   -8.9  980.0  444.0  284.0   52.3    0.0
2005  25  1 25 2000   -8.8  979.9  444.0  277.0   54.0    0.2
2005  25  1 25 2100   -9.0  980.1  444.0  286.0   53.6    0.2
2005  25  1 25 2200   -8.5  980.1  444.0  279.0   48.6    0.2
2005  25  1 25 2300  444.0  444.0  444.0  444.0  444.0  444.0
2005  26  1 26 0000   -7.4  981.8  444.0  270.0   44.8    0.5
2005  26  1 26 0100   -6.6  982.0  444.0  268.0   46.9    0.6
2005  26  1 26 0200   -6.4  982.2  444.0  263.0   44.4    0.6
2005  26  1 26 0300   -6.1  982.6  444.0  230.0   52.8    0.9
2005  26  1 26 0400   -6.1  982.7  444.0  234.0   57.8    0.7
2005  26  1 26 0500   -6.1  982.8  444.0  238.0   71.2    0.7
2005  26  1 26 0600   -6.4  983.2  444.0  237.0   74.6    0.7
2005  26  1 26 0700   -6.5  983.5  444.0  231.0   75.9    0.4
2005  26  1 26 0800   -6.6  984.1  444.0  225.0   79.2    0.2
2005  26  1 26 0900   -7.4  984.3  444.0  220.0   80.1    0.2
2005  26  1 26 1000   -7.6  984.5  444.0    0.0   80.9    0.2
2005  26  1 26 1100   -8.0  984.8  444.0  221.0   81.7    0.1
2005  26  1 26 1200   -7.8  985.2  444.0  194.0   78.0    0.1
2005  26  1 26 1300   -7.6  985.2  444.0  192.0   71.2    0.1
2005  26  1 26 1400   -8.9  985.1  444.0    0.0   70.4    0.2
2005  26  1 26 1500  -10.0  984.9  444.0  286.0   78.4    0.4
2005  26  1 26 1600  -10.1  984.7  444.0  301.0   80.9    0.0
2005  26  1 26 1700  -10.2  984.4  444.0  299.0   76.7    0.1
2005  26  1 26 1800  -10.2  984.2  444.0  277.0   49.0   -0.3
2005  26  1 26 1900   -9.8  983.1  444.0  287.0   57.0    0.0
2005  26  1 26 2000   -9.4  983.0  444.0  292.0   55.3    0.0
2005  26  1 26 2100  444.0  444.0  444.0  444.0  444.0  444.0
2005  26  1 26 2200   -7.8  981.7  444.0  282.0   55.7    0.2
2005  26  1 26 2300   -6.6  981.8  444.0  284.0   49.4    0.5
2005  27  1 27 0000   -6.4  981.7  444.0  307.0   45.6    0.5
2005  27  1 27 0100   -6.6  981.3  444.0  292.0   49.4    0.8
2005  27  1 27 0200  444.0  444.0  444.0  444.0  444.0  444.0
2005  27  1 27 0300   -6.2  979.9  444.0  290.0   45.6    1.0
2005  27  1 27 0400   -6.1  444.0  444.0  284.0   46.9    0.9
2005  27  1 27 0500   -6.6  979.7  444.0  287.0   51.5    0.7
2005  27  1 27 0600   -6.5  979.6  444.0  279.0   49.4    0.5
2005  27  1 27 0700   -6.6  979.6  444.0  275.0   47.3    0.3
2005  27  1 27 0800   -5.9  979.6  444.0  287.0   44.4    0.7
2005  27  1 27 0900  444.0  979.3  444.0    0.0   41.0    1.3
2005  27  1 27 1000  444.0  979.3  444.0    0.0   39.3    1.1
2005  27  1 27 1100   -7.6  979.4  444.0    0.0   48.6    0.4
2005  27  1 27 1200   -8.8  979.1  444.0    0.0   54.9    0.5
2005  27  1 27 1300   -7.6  978.7  444.0    0.0   38.9    0.4
2005  27  1 27 1400   -7.6  978.8  444.0  300.0   44.8    0.3
2005  27  1 27 1500   -8.4  978.5  444.0  293.0   45.6    0.3
2005  27  1 27 1600   -7.9  978.0  444.0  303.0   36.8    0.2
2005  27  1 27 1700   -9.4  978.1  444.0  279.0   44.8    0.1
2005  27  1 27 1800  -10.0  978.4  444.0  255.0   45.2    0.2
2005  27  1 27 1900  444.0  444.0  444.0  444.0  444.0  444.0
2005  27  1 27 2000   -6.9  978.6  444.0  266.0   36.4   -0.1
2005  27  1 27 2100   -7.9  978.6  444.0  275.0   46.5    0.4
2005  27  1 27 2200   -7.9  979.0  444.0  273.0   43.5    0.8
2005  27  1 27 2300   -7.6  979.4  444.0  283.0   45.6    0.7
2005  28  1 28 0000  444.0  444.0  444.0  444.0  444.0  444.0
2005  28  1 28 0100   -7.9  979.8  444.0  277.0   47.7    0.5
2005  28  1 28 0200   -7.4  980.2  444.0  275.0   46.0    0.5
2005  28  1 28 0300   -7.0  980.4  444.0  276.0   42.3    0.5
2005  28  1 28 0400   -7.0  980.8  444.0  277.0   43.9    0.5
2005  28  1 28 0500   -6.5  981.6  444.0    0.0   41.0    0.4
2005  28  1 28 0600   -6.1  982.2  444.0  289.0   43.5    0.5
2005  28  1 28 0700  444.0  444.0  444.0  444.0  444.0  444.0
2005  28  1 28 0800   -5.8  983.5  444.0    0.0   39.7    0.5
2005  28  1 28 0900   -6.4  983.8  444.0    0.0   46.9    0.5
2005  28  1 28 1000   -6.1  984.2  444.0  282.0   45.6    0.4
2005  28  1 28 1100   -6.6  985.2  444.0  273.0   52.8    0.4
2005  28  1 28 1200  444.0  444.0  444.0  444.0  444.0  444.0
2005  28  1 28 1300   -9.2  985.8  444.0  290.0   55.3    0.3
2005  28  1 28 1400   -9.5  986.1  444.0  297.0   54.9    0.2
2005  28  1 28 1500   -9.4  986.6  444.0  284.0   52.8    0.2
2005  28  1 28 1600   -8.4  986.7  444.0  300.0   49.8    0.5
2005  28  1 28 1700  444.0  444.0  444.0  444.0  444.0  444.0
2005  28  1 28 1800   -8.8  986.9  444.0  299.0   51.1    0.4
2005  28  1 28 1900   -9.0  987.0  444.0  290.0   48.6    0.4
2005  28  1 28 2000   -8.4  987.1  444.0  287.0   47.7    0.2
2005  28  1 28 2100   -7.9  987.2  444.0  300.0   46.5    0.5
2005  28  1 28 2200  444.0  444.0  444.0  444.0  444.0  444.0
2005  28  1 28 2300   -6.1  986.7  444.0  293.0   42.7    0.7
2005  29  1 29 0000   -5.2  986.4  444.0  299.0   39.3    0.8
2005  29  1 29 0100   -4.4  986.2  444.0  306.0   43.1    1.0
2005  29  1 29 0200   -3.4  985.7  444.0  296.0   41.0    0.9
2005  29  1 29 0300   -2.9  985.1  444.0  307.0   37.2    1.3
2005  29  1 29 0400   -2.9  984.7  444.0  299.0   37.2    1.4
2005  29  1 29 0500  444.0  444.0  444.0  444.0  444.0  444.0
2005  29  1 29 0600   -3.8  983.7  444.0  290.0   44.4    0.8
2005  29  1 29 0700   -5.6  983.1  444.0  290.0   46.0    0.5
2005  29  1 29 0800   -6.6  982.5  444.0  277.0   49.4    0.4
2005  29  1 29 0900   -8.1  982.0  444.0  280.0   53.6    0.2
2005  29  1 29 1000  444.0  444.0  444.0  444.0  444.0  444.0
2005  29  1 29 1100   -9.8  982.6  444.0  276.0   50.7    0.1
2005  29  1 29 1200  -10.0  981.9  444.0  275.0   49.4   -0.1
2005  29  1 29 1300  -10.2  981.5  444.0  286.0   52.8   -0.1
2005  29  1 29 1400  -11.1  981.3  444.0  284.0   54.4    0.0
2005  29  1 29 1500  -12.0  981.6  444.0  277.0   56.5    0.1
2005  29  1 29 1600  -12.1  982.2  444.0  277.0   50.2    0.2
2005  29  1 29 1700  -12.4  982.7  444.0  277.0   49.0    0.1
2005  29  1 29 1800  -12.4  983.4  444.0  286.0   46.5    0.1
2005  29  1 29 1900  -11.6  983.0  444.0  290.0   44.8    0.1
2005  29  1 29 2000  -10.9  982.8  444.0  284.0   41.4    0.1
2005  29  1 29 2100  -10.2  982.1  444.0  277.0   44.4    0.3
2005  29  1 29 2200  -10.2  982.2  444.0  289.0   45.6    0.4
2005  29  1 29 2300   -9.8  981.8  444.0  283.0   45.6    0.6
2005  30  1 30 0000   -9.4  981.3  444.0  287.0   47.7    0.6
2005  30  1 30 0100   -8.8  980.9  444.0  293.0   47.3    0.5
2005  30  1 30 0200   -8.0  980.1  444.0  292.0   49.0    0.5
2005  30  1 30 0300   -6.1  980.8  444.0  249.0   41.0    1.0
2005  30  1 30 0400   -5.8  980.6  444.0  277.0   38.9    0.8
2005  30  1 30 0500   -6.0  979.8  444.0  283.0   42.7    0.6
2005  30  1 30 0600   -6.6  979.3  444.0  283.0   49.0    0.4
2005  30  1 30 0700   -7.0  979.0  444.0  279.0   47.7    0.2
2005  30  1 30 0800   -7.4  978.9  444.0  286.0   48.6    0.2
2005  30  1 30 0900   -7.4  979.1  444.0  282.0   43.9    0.1
2005  30  1 30 1000   -7.9  978.7  444.0  261.0   42.3    0.1
2005  30  1 30 1100   -8.9  978.0  444.0  289.0   47.7   -0.1
2005  30  1 30 1200   -9.6  978.6  444.0  276.0   45.2   -0.1
2005  30  1 30 1300  -10.1  978.1  444.0  280.0   46.9   -0.1
2005  30  1 30 1400  -11.4  977.9  444.0  275.0   48.6    0.1
2005  30  1 30 1500  -12.1  978.1  444.0  282.0   48.1    0.1
2005  30  1 30 1600  -12.6  978.3  444.0  276.0   46.5    0.1
2005  30  1 30 1700  -13.5  978.2  444.0  275.0   51.1    0.0
2005  30  1 30 1800  -13.8  978.2  444.0  261.0   52.8    0.0
2005  30  1 30 1900  -13.2  978.2  444.0  270.0   49.4    0.0
2005  30  1 30 2000  -12.5  978.7  444.0  269.0   44.8   -0.1
2005  30  1 30 2100  -12.4  978.4  444.0  290.0   41.0    0.2
2005  30  1 30 2200  -11.8  978.4  444.0  286.0   39.7    0.4
2005  30  1 30 2300  -11.8  978.1  444.0  282.0   49.4    0.4
2005  31  1 31 0000  -11.1  977.8  444.0  284.0   45.6    0.5
2005  31  1 31 0100  -10.2  977.9  444.0  280.0   44.8    0.5
2005  31  1 31 0200   -9.6  978.0  444.0  284.0   45.6    0.6
2005  31  1 31 0300   -9.5  978.5  444.0  276.0   45.6    0.5
2005  31  1 31 0400   -9.4  978.1  444.0  282.0   45.2    0.5
2005  31  1 31 0500   -8.8  978.1  444.0  290.0   43.9    0.4
2005  31  1 31 0600   -8.4  977.7  444.0  280.0   40.6    0.4
2005  31  1 31 0700   -7.8  977.8  444.0  283.0   39.3    0.5
2005  31  1 31 0800   -8.2  978.0  444.0  287.0   40.6    0.5
2005  31  1 31 0900   -9.0  978.3  444.0  282.0   46.9    0.5
2005  31  1 31 1000  -10.2  978.1  444.0  273.0   45.2    0.3
2005  31  1 31 1100  -10.6  978.2  444.0  286.0   43.9    0.1
2005  31  1 31 1200  -11.2  977.9  444.0  286.0   44.4    0.1
2005  31  1 31 1300  -12.1  977.5  444.0  284.0   42.7    0.1
2005  31  1 31 1400  -12.6  977.5  444.0  277.0   45.2    0.1
2005  31  1 31 1500  -13.1  977.5  444.0  286.0   44.8    0.1
2005  31  1 31 1600  -13.6  977.5  444.0  294.0   44.8    0.1
2005  31  1 31 1700  -14.9  977.3  444.0  282.0   48.1    0.2
2005  31  1 31 1800  -13.0  976.9  444.0  300.0   42.7    0.1
2005  31  1 31 1900  -12.5  976.9  444.0  311.0   42.7    0.1
2005  31  1 31 2000  -11.8  976.6  444.0  311.0   40.6    0.0
2005  31  1 31 2100  -10.8  976.5  444.0  313.0   43.1    0.4
2005  31  1 31 2200   -9.8  976.1  444.0  310.0   42.3    0.5
2005  31  1 31 2300   -8.8  976.0  444.0  307.0   41.8    0.6
