Year: 2020  Month: 02  ID: MLA  ARGOS:  8905  Name: Manuela             
Lat: 74.95S  Lon: 163.69E  Elev:   78m
2020  32  2  1 0000   -5.0  987.3    5.0  246.0   90.0  444.0
2020  32  2  1 0100   -4.4  986.4    7.6  273.0   88.9  444.0
2020  32  2  1 0200   -3.0  987.3    2.3   82.0   79.0  444.0
2020  32  2  1 0300   -2.6  987.4    0.5  119.0   81.0  444.0
2020  32  2  1 0400   -4.6  987.3    3.6  260.0   87.0  444.0
2020  32  2  1 0500   -4.2  987.2    2.9  206.0   80.0  444.0
2020  32  2  1 0600   -3.6  987.1    3.1  186.0   79.5  444.0
2020  32  2  1 0700   -3.9  987.1    2.7  198.0   75.0  444.0
2020  32  2  1 0800   -5.3  987.0    3.4  258.0   85.0  444.0
2020  32  2  1 0900   -5.4  986.8    3.4  240.0   91.0  444.0
2020  32  2  1 1000   -5.9  986.5    4.8  255.0   93.0  444.0
2020  32  2  1 1100   -5.6  986.4    4.8  256.0   90.6  444.0
2020  32  2  1 1200   -5.0  986.4    3.2  237.0   85.0  444.0
2020  32  2  1 1300   -4.8  986.2    4.2  172.0   79.8  444.0
2020  32  2  1 1400   -4.5  986.2    5.4  170.0   73.0  444.0
2020  32  2  1 1500   -5.1  986.2    5.2  198.0   75.0  444.0
2020  32  2  1 1600   -5.3  986.1    5.4  191.0   82.5  444.0
2020  32  2  1 1700   -5.7  986.2    5.4  195.0   89.0  444.0
2020  32  2  1 1800   -5.9  986.3    6.3  199.0   92.0  444.0
2020  32  2  1 1900   -5.5  986.2    6.2  195.0   91.0  444.0
2020  32  2  1 2000   -5.5  986.4    5.4  192.0   89.0  444.0
2020  32  2  1 2100   -5.4  986.3    4.6  182.0   89.9  444.0
2020  32  2  1 2200   -5.6  986.5    5.6  194.0   88.0  444.0
2020  32  2  1 2300   -5.2  986.3    5.0  196.0   81.4  444.0
2020  33  2  2 0000   -5.3  985.9    5.9  201.0   87.0  444.0
2020  33  2  2 0100   -5.2  985.5    6.4  208.0   85.0  444.0
2020  33  2  2 0200   -4.8  985.5    5.4  204.0   83.7  444.0
2020  33  2  2 0300   -4.6  985.0    5.9  204.0   82.0  444.0
2020  33  2  2 0400   -4.4  985.0    6.0  204.0   79.1  444.0
2020  33  2  2 0500   -4.5  984.8    5.5  214.0   78.0  444.0
2020  33  2  2 0600   -4.1  984.7    4.9  240.0   74.0  444.0
2020  33  2  2 0700   -5.0  984.3    7.1  270.0   86.0  444.0
2020  33  2  2 0800   -4.7  984.3    5.9  271.0   77.8  444.0
2020  33  2  2 0900   -4.4  984.2    5.1  267.0   72.9  444.0
2020  33  2  2 1000   -5.0  984.0    6.6  274.0   82.0  444.0
2020  33  2  2 1100   -5.1  983.8    7.1  280.0   79.0  444.0
2020  33  2  2 1200   -5.2  983.6    7.3  278.0   83.0  444.0
2020  33  2  2 1300   -5.1  983.8    5.9  273.0   80.0  444.0
2020  33  2  2 1400   -5.4  983.9    4.7  265.0   84.5  444.0
2020  33  2  2 1500   -5.0  984.1    5.1  246.0   80.0  444.0
2020  33  2  2 1600   -5.0  984.0    4.7  247.0   87.0  444.0
2020  33  2  2 1700   -5.6  983.9    7.2  274.0   92.0  444.0
2020  33  2  2 1800   -5.5  983.9    7.0  273.0   91.0  444.0
2020  33  2  2 1900   -5.1  983.8    6.1  277.0   88.6  444.0
2020  33  2  2 2000   -4.8  984.0    6.8  278.0   87.0  444.0
2020  33  2  2 2100   -4.6  984.1    6.6  277.0   88.0  444.0
2020  33  2  2 2200   -4.5  983.8    7.5  277.0   85.0  444.0
2020  33  2  2 2300   -4.4  984.0    7.3  271.0   82.0  444.0
2020  34  2  3 0000   -4.2  983.6    7.4  275.0   81.9  444.0
2020  34  2  3 0100   -3.7  983.1    7.5  280.0   80.0  444.0
2020  34  2  3 0200   -3.4  982.8    7.4  278.0   75.9  444.0
2020  34  2  3 0300   -2.9  982.6    7.5  280.0   73.0  444.0
2020  34  2  3 0400   -2.6  982.3    7.3  276.0   70.0  444.0
2020  34  2  3 0500   -2.8  981.9    6.1  283.0   70.0  444.0
2020  34  2  3 0600   -2.0  981.4    6.9  281.0   62.4  444.0
2020  34  2  3 0700   -2.2  981.1    7.4  277.0   63.4  444.0
2020  34  2  3 0800   -2.1  980.9    5.4  277.0   59.0  444.0
2020  34  2  3 0900   -3.0  980.8    4.2  280.0   65.0  444.0
2020  34  2  3 1000   -3.2  980.5    3.6  281.0   62.0  444.0
2020  34  2  3 1100   -5.4  980.3    2.9  270.0   67.8  444.0
2020  34  2  3 1200   -5.4  979.7    6.1  279.0   72.3  444.0
2020  34  2  3 1300   -5.0  979.4    6.7  265.0   70.0  444.0
2020  34  2  3 1400   -7.1  979.2    7.5  263.0   76.0  444.0
2020  34  2  3 1500   -7.3  979.4    2.9  267.0   71.0  444.0
2020  34  2  3 1600   -6.2  979.1    1.5  257.0   64.9  444.0
2020  34  2  3 1700   -5.0  978.6    3.4  224.0   59.2  444.0
2020  34  2  3 1800   -6.4  978.3    6.0  265.0   62.0  444.0
2020  34  2  3 1900   -6.6  978.4    3.7  206.0   65.0  444.0
2020  34  2  3 2000   -5.5  978.4    2.1  200.0   60.0  444.0
2020  34  2  3 2100   -4.6  978.1    0.5  179.0   70.2  444.0
2020  34  2  3 2200   -3.6  978.0    2.5  123.0   64.2  444.0
2020  34  2  3 2300   -3.1  977.8    1.8  112.0   58.0  444.0
2020  35  2  4 0000   -3.1  977.3    2.5  102.0   61.0  444.0
2020  35  2  4 0100   -2.6  977.2    1.5   97.0   61.0  444.0
2020  35  2  4 0200   -1.9  976.6    1.4   86.0   62.0  444.0
2020  35  2  4 0300   -1.8  976.2    1.5  105.0   56.6  444.0
2020  35  2  4 0400   -0.3  976.0    1.2  261.0   47.0  444.0
2020  35  2  4 0500   -0.2  975.6    1.5  223.0   46.0  444.0
2020  35  2  4 0600   -0.3  975.5    1.7  244.0   47.0  444.0
2020  35  2  4 0700   -1.5  975.3    0.2  225.0   59.0  444.0
2020  35  2  4 0800   -2.2  975.4    0.4  150.0   61.0  444.0
2020  35  2  4 0900   -3.0  975.4    0.8  185.0   65.6  444.0
2020  35  2  4 1000  444.0  975.4    0.0    0.0   68.0  444.0
2020  35  2  4 1100   -5.2  975.6    2.0  210.0   70.0  444.0
2020  35  2  4 1200   -5.6  975.9    2.1  196.0   68.0  444.0
2020  35  2  4 1300   -6.0  975.9    1.2  216.0   64.0  444.0
2020  35  2  4 1400   -6.8  975.5    4.8  259.0   57.9  444.0
2020  35  2  4 1500   -6.7  975.5    5.1  238.0   55.2  444.0
2020  35  2  4 1600   -8.7  975.4    5.0  241.0   59.0  444.0
2020  35  2  4 1700   -8.8  975.2    6.6  253.0   62.0  444.0
2020  35  2  4 1800   -8.2  975.0    9.2  251.0   56.0  444.0
2020  35  2  4 1900   -8.4  975.1    8.6  256.0   67.5  444.0
2020  35  2  4 2000   -6.9  975.1    9.5  249.0   63.4  444.0
2020  35  2  4 2100   -6.6  975.2    8.0  250.0   63.0  444.0
2020  35  2  4 2200   -5.2  975.5    8.0  259.0   60.3  444.0
2020  35  2  4 2300   -4.9  975.5    8.7  264.0   59.0  444.0
2020  36  2  5 0000   -4.6  975.8    5.8  260.0   68.0  444.0
2020  36  2  5 0100   -5.1  975.7    5.9  249.0   66.0  444.0
2020  36  2  5 0200   -3.6  975.6    5.5  236.0   57.0  444.0
2020  36  2  5 0300   -2.3  975.4    5.3  240.0   54.0  444.0
2020  36  2  5 0400   -2.1  975.1    7.7  275.0   52.0  444.0
2020  36  2  5 0500   -2.7  975.2    5.5  265.0   57.5  444.0
2020  36  2  5 0600   -2.4  975.5    3.2  248.0   54.0  444.0
2020  36  2  5 0700   -4.7  975.6    2.2  250.0   74.7  444.0
2020  36  2  5 0800  444.0  975.4    1.0  250.0   69.8  444.0
2020  36  2  5 0900   -6.0  975.5    1.6  254.0   74.0  444.0
2020  36  2  5 1000   -5.9  975.5    2.0  261.0   72.0  444.0
2020  36  2  5 1100   -4.7  975.5    1.9  246.0   72.0  444.0
2020  36  2  5 1200   -7.2  975.2    2.3  234.0   72.7  444.0
2020  36  2  5 1300   -6.4  974.8    2.0  288.0   73.0  444.0
2020  36  2  5 1400   -7.2  974.8    3.9  236.0   73.0  444.0
2020  36  2  5 1500   -5.7  974.3    4.9  253.0   53.0  444.0
2020  36  2  5 1600   -4.9  974.1    3.8  289.0   44.0  444.0
2020  36  2  5 1700   -4.8  974.0    7.1  278.0   50.5  444.0
2020  36  2  5 1800   -4.1  973.7    8.6  272.0   46.0  444.0
2020  36  2  5 1900   -3.4  973.6    8.6  254.0   48.0  444.0
2020  36  2  5 2000   -3.3  972.9   11.5  271.0   51.0  444.0
2020  36  2  5 2100   -4.7  972.1   15.3  258.0   59.0  444.0
2020  36  2  5 2200   -4.0  971.7   17.7  258.0   59.6  444.0
2020  36  2  5 2300   -3.9  972.3   16.8  262.0   62.0  444.0
2020  37  2  6 0000   -2.8  972.7   14.9  262.0   58.0  444.0
2020  37  2  6 0100   -2.7  971.0   17.3  256.0   54.3  444.0
2020  37  2  6 0200   -2.6  971.3   16.3  257.0   57.0  444.0
2020  37  2  6 0300   -2.2  971.3   16.2  250.0   50.0  444.0
2020  37  2  6 0400   -1.6  971.9   12.4  260.0   56.0  444.0
2020  37  2  6 0500   -1.3  972.2    7.8  272.0   54.0  444.0
2020  37  2  6 0600   -1.9  971.6   13.2  258.0   50.1  444.0
2020  37  2  6 0700   -2.4  971.9    8.5  256.0   59.0  444.0
2020  37  2  6 0800   -3.0  972.0    8.4  256.0   56.0  444.0
2020  37  2  6 0900   -3.5  971.9    8.6  251.0   54.0  444.0
2020  37  2  6 1000   -3.9  971.6   10.1  246.0   51.5  444.0
2020  37  2  6 1100   -5.5  972.1    7.5  256.0   55.0  444.0
2020  37  2  6 1200   -6.3  972.5    4.9  254.0   56.0  444.0
2020  37  2  6 1300   -5.8  972.4    4.7  261.0   52.0  444.0
2020  37  2  6 1400   -5.3  972.5    2.1  262.0   47.0  444.0
2020  37  2  6 1500   -5.5  972.6    4.0  206.0   41.4  444.0
2020  37  2  6 1600   -8.5  972.7    4.6  228.0   64.0  444.0
2020  37  2  6 1700   -6.0  972.6    7.7  272.0   41.0  444.0
2020  37  2  6 1800   -7.0  972.8    5.9  212.0   45.0  444.0
2020  37  2  6 1900   -8.8  972.9    2.8  242.0   63.0  444.0
2020  37  2  6 2000   -8.2  973.1    1.6  250.0   56.5  444.0
2020  37  2  6 2100  444.0  973.4    0.1   34.0   45.0  444.0
2020  37  2  6 2200  444.0  973.5    0.7  358.0   51.0  444.0
2020  37  2  6 2300   -5.4  973.9    1.2  260.0   60.8  444.0
2020  38  2  7 0000   -2.7  973.9    2.3   45.0   61.0  444.0
2020  38  2  7 0100   -2.2  973.9    2.6   50.0   64.6  444.0
2020  38  2  7 0200   -2.0  973.8    3.6   54.0   69.4  444.0
2020  38  2  7 0300   -1.5  973.5    4.7   45.0   65.0  444.0
2020  38  2  7 0400   -1.2  973.5    5.2   33.0   66.0  444.0
2020  38  2  7 0500   -1.3  973.5    5.0   28.0   63.0  444.0
2020  38  2  7 0600   -1.3  973.5    5.4   24.0   64.0  444.0
2020  38  2  7 0700   -1.0  973.7    4.3    4.0   64.0  444.0
2020  38  2  7 0800   -3.2  974.0    1.9  236.0   65.0  444.0
2020  38  2  7 0900   -2.4  974.0    1.1  197.0   65.0  444.0
2020  38  2  7 1000   -5.2  974.5    1.8  241.0   71.0  444.0
2020  38  2  7 1100   -4.6  974.3    2.5  218.0   47.0  444.0
2020  38  2  7 1200   -5.9  974.3   11.0  271.0   52.0  444.0
2020  38  2  7 1300   -6.1  974.0   12.0  264.0   46.0  444.0
2020  38  2  7 1400   -7.5  973.8   10.6  263.0   59.0  444.0
2020  38  2  7 1500   -7.7  974.6    7.6  262.0   57.0  444.0
2020  38  2  7 1600  -10.1  974.9    4.0  248.0   80.0  444.0
2020  38  2  7 1700   -7.2  974.4   11.6  259.0   56.0  444.0
2020  38  2  7 1800   -7.6  974.3   13.9  261.0   57.0  444.0
2020  38  2  7 1900   -8.0  973.8   15.9  260.0   58.0  444.0
2020  38  2  7 2000   -8.2  974.0   15.5  259.0   66.0  444.0
2020  38  2  7 2100   -9.0  974.4   18.2  263.0   72.0  444.0
2020  38  2  7 2200   -8.2  974.5   18.0  265.0   64.0  444.0
2020  38  2  7 2300   -7.7  974.7   17.9  267.0   65.3  444.0
2020  39  2  8 0000   -7.0  975.0   17.1  269.0   66.6  444.0
2020  39  2  8 0100   -6.4  975.3   16.7  270.0   62.0  444.0
2020  39  2  8 0200   -5.4  975.6   14.0  273.0   62.0  444.0
2020  39  2  8 0300   -4.0  976.6    7.2  276.0   57.0  444.0
2020  39  2  8 0400   -3.0  976.7    4.3  279.0   57.4  444.0
2020  39  2  8 0500   -3.7  977.3    5.0  279.0   60.6  444.0
2020  39  2  8 0600   -3.3  977.7    6.3  269.0   59.0  444.0
2020  39  2  8 0700   -3.7  978.3    6.1  260.0   59.0  444.0
2020  39  2  8 0800   -3.3  979.0    4.9  250.0   86.0  444.0
2020  39  2  8 0900   -2.8  979.5    5.9  237.0   88.0  444.0
2020  39  2  8 1000   -3.3  980.1    3.7  232.0   89.0  444.0
2020  39  2  8 1100   -3.7  980.3    4.6  264.0   80.0  444.0
2020  39  2  8 1200   -3.5  980.3    6.3  271.0   63.0  444.0
2020  39  2  8 1300   -3.4  980.1    6.3  268.0   64.0  444.0
2020  39  2  8 1400   -3.9  979.8    8.6  278.0   62.0  444.0
2020  39  2  8 1500   -3.5  979.4   10.3  276.0   64.0  444.0
2020  39  2  8 1600   -2.6  980.6    6.1  265.0   67.0  444.0
2020  39  2  8 1700   -3.1  980.8    3.9  227.0   86.3  444.0
2020  39  2  8 1800   -3.7  980.6    6.3  263.0   94.0  444.0
2020  39  2  8 1900   -2.8  980.4    8.7  269.0   96.0  444.0
2020  39  2  8 2000   -2.5  979.4   11.5  270.0   93.0  444.0
2020  39  2  8 2100   -0.9  978.6    8.9  276.0   74.0  444.0
2020  39  2  8 2200   -1.6  976.7   14.2  276.0   75.4  444.0
2020  39  2  8 2300   -1.1  975.7   14.6  281.0   66.0  444.0
2020  40  2  9 0000    0.9  975.2   12.3  279.0   54.0  444.0
2020  40  2  9 0100    1.6  974.5   10.8  279.0   54.0  444.0
2020  40  2  9 0200    0.9  972.5   12.7  270.0   65.6  444.0
2020  40  2  9 0300    1.4  971.6   12.9  269.0   65.1  444.0
2020  40  2  9 0400    1.4  970.7   13.7  265.0   66.0  444.0
2020  40  2  9 0500    1.1  970.4   13.1  264.0   66.6  444.0
2020  40  2  9 0600    0.8  970.2   13.0  264.0   65.0  444.0
2020  40  2  9 0700   -0.1  969.3   15.9  265.0   68.0  444.0
2020  40  2  9 0800   -0.5  968.5   17.4  265.0   67.0  444.0
2020  40  2  9 0900   -1.7  967.9   19.7  265.0   73.0  444.0
2020  40  2  9 1000   -2.6  968.0   20.5  262.0   72.8  444.0
2020  40  2  9 1100   -3.2  967.7   19.9  262.0   74.0  444.0
2020  40  2  9 1200   -3.9  967.3   20.4  261.0   73.0  444.0
2020  40  2  9 1300   -3.9  967.0   22.1  260.0   70.0  444.0
2020  40  2  9 1400   -4.4  967.6   20.3  265.0   69.0  444.0
2020  40  2  9 1500   -5.1  966.3   21.1  260.0   71.9  444.0
2020  40  2  9 1600   -5.3  966.9   21.2  260.0   72.0  444.0
2020  40  2  9 1700   -5.6  967.3   21.1  260.0   70.0  444.0
2020  40  2  9 1800   -6.4  967.8   22.1  261.0   74.0  444.0
2020  40  2  9 1900   -7.1  968.0   24.4  260.0   75.0  444.0
2020  40  2  9 2000   -7.8  967.6   25.5  258.0   74.5  444.0
2020  40  2  9 2100   -8.4  969.1   26.0  255.0   73.0  444.0
2020  40  2  9 2200   -9.1  968.7   26.9  258.0   76.0  444.0
2020  40  2  9 2300   -9.2  968.8   27.2  256.0   73.0  444.0
2020  41  2 10 0000   -8.8  969.5   26.1  257.0   73.0  444.0
2020  41  2 10 0100   -8.4  970.4   24.8  262.0   72.4  444.0
2020  41  2 10 0200   -7.8  971.5   22.2  264.0   69.0  444.0
2020  41  2 10 0300   -7.7  971.4   22.8  261.0   70.4  444.0
2020  41  2 10 0400   -7.2  971.3   22.5  261.0   69.8  444.0
2020  41  2 10 0500   -6.9  971.5   21.4  260.0   66.0  444.0
2020  41  2 10 0600   -6.4  972.9   20.1  263.0   64.4  444.0
2020  41  2 10 0700   -6.6  973.2   20.5  262.0   66.0  444.0
2020  41  2 10 0800   -6.2  973.4   20.6  265.0   63.6  444.0
2020  41  2 10 0900   -6.1  974.2   20.3  268.0   58.0  444.0
2020  41  2 10 1000   -5.5  975.6   10.7  276.0   57.0  444.0
2020  41  2 10 1100   -5.9  976.1   11.8  278.0   57.0  444.0
2020  41  2 10 1200   -6.1  976.1   13.9  281.0   58.0  444.0
2020  41  2 10 1300   -6.2  976.4   13.3  278.0   59.9  444.0
2020  41  2 10 1400   -5.9  976.4   13.0  280.0   61.0  444.0
2020  41  2 10 1500   -5.9  976.6   12.4  278.0   63.0  444.0
2020  41  2 10 1600   -5.9  977.1   11.6  278.0   64.0  444.0
2020  41  2 10 1700   -6.6  976.7   12.8  279.0   67.0  444.0
2020  41  2 10 1800   -6.0  977.1    9.7  278.0   66.9  444.0
2020  41  2 10 1900   -5.0  977.2    7.9  279.0   59.1  444.0
2020  41  2 10 2000   -6.3  977.2    6.3  278.0   68.0  444.0
2020  41  2 10 2100   -4.7  976.4   10.4  277.0   58.0  444.0
2020  41  2 10 2200   -4.1  977.1    8.4  284.0   55.0  444.0
2020  41  2 10 2300   -2.6  977.0    9.1  278.0   51.0  444.0
2020  42  2 11 0000   -1.7  976.7   10.5  273.0   51.0  444.0
2020  42  2 11 0100   -1.3  976.3   11.9  273.0   60.0  444.0
2020  42  2 11 0200   -0.9  975.9   13.9  272.0   57.0  444.0
2020  42  2 11 0300   -0.1  976.6    6.9  281.0   51.0  444.0
2020  42  2 11 0400   -0.3  975.6   13.5  272.0   52.5  444.0
2020  42  2 11 0500   -0.4  975.8   12.9  274.0   55.0  444.0
2020  42  2 11 0600   -0.3  975.5   14.5  273.0   50.6  444.0
2020  42  2 11 0700   -0.1  976.0   13.1  276.0   47.1  444.0
2020  42  2 11 0800   -1.3  975.7   11.8  271.0   57.0  444.0
2020  42  2 11 0900   -1.6  975.5   14.2  267.0   53.0  444.0
2020  42  2 11 1000   -2.5  976.0   12.1  270.0   60.0  444.0
2020  42  2 11 1100   -3.4  976.1   12.3  262.0   56.7  444.0
2020  42  2 11 1200   -3.5  975.9   15.5  259.0   51.0  444.0
2020  42  2 11 1300   -4.6  975.7   15.8  257.0   50.0  444.0
2020  42  2 11 1400   -5.5  976.4   16.9  255.0   51.0  444.0
2020  42  2 11 1500   -5.8  976.7   17.5  250.0   47.0  444.0
2020  42  2 11 1600   -6.4  976.9   15.2  252.0   48.0  444.0
2020  42  2 11 1700   -6.7  977.4   17.0  256.0   50.1  444.0
2020  42  2 11 1800   -6.9  978.3   14.6  252.0   49.0  444.0
2020  42  2 11 1900   -7.2  978.2   13.2  254.0   53.0  444.0
2020  42  2 11 2000   -7.1  978.5   12.1  259.0   56.0  444.0
2020  42  2 11 2100   -7.0  978.4   12.9  258.0   55.8  444.0
2020  42  2 11 2200   -6.6  978.5   14.5  258.0   55.0  444.0
2020  42  2 11 2300   -6.1  978.4   13.5  258.0   56.0  444.0
2020  43  2 12 0000   -5.4  979.0   13.2  260.0   58.0  444.0
2020  43  2 12 0100   -3.9  978.7   13.2  262.0   55.0  444.0
2020  43  2 12 0200   -3.9  978.9   12.2  267.0   53.6  444.0
2020  43  2 12 0300   -3.5  978.7   10.2  266.0   59.0  444.0
2020  43  2 12 0400   -2.8  978.5    9.6  264.0   61.0  444.0
2020  43  2 12 0500   -2.8  978.6    7.6  262.0   65.2  444.0
2020  43  2 12 0600   -3.0  978.3    9.3  261.0   60.0  444.0
2020  43  2 12 0700   -3.5  978.3   10.2  268.0   60.0  444.0
2020  43  2 12 0800   -3.7  978.0   10.5  278.0   54.0  444.0
2020  43  2 12 0900   -3.9  978.1   10.0  271.0   49.6  444.0
2020  43  2 12 1000   -5.1  978.3    7.4  271.0   61.2  444.0
2020  43  2 12 1100   -5.6  978.4    8.0  272.0   61.0  444.0
2020  43  2 12 1200   -6.1  978.4    8.2  275.0   60.0  444.0
2020  43  2 12 1300   -6.3  978.1    9.7  267.0   56.0  444.0
2020  43  2 12 1400   -7.1  978.2    8.7  276.0   58.2  444.0
2020  43  2 12 1500   -7.5  977.3   11.3  272.0   55.0  444.0
2020  43  2 12 1600   -7.6  976.8   14.0  273.0   51.0  444.0
2020  43  2 12 1700   -7.1  977.5   13.4  280.0   50.0  444.0
2020  43  2 12 1800   -7.4  977.4   11.3  270.0   58.0  444.0
2020  43  2 12 1900   -7.3  977.7   10.3  273.0   60.6  444.0
2020  43  2 12 2000   -7.2  977.8    9.7  258.0   60.0  444.0
2020  43  2 12 2100   -6.6  977.4   12.8  260.0   53.0  444.0
2020  43  2 12 2200   -6.4  977.6   11.2  265.0   57.0  444.0
2020  43  2 12 2300   -5.7  977.3   13.0  261.0   53.3  444.0
2020  44  2 13 0000   -5.1  976.9   12.1  260.0   51.0  444.0
2020  44  2 13 0100   -4.4  976.6   15.2  264.0   48.0  444.0
2020  44  2 13 0200   -3.6  976.5   15.2  266.0   47.0  444.0
2020  44  2 13 0300   -3.4  976.4   13.9  258.0   44.0  444.0
2020  44  2 13 0400   -3.4  976.0   16.0  268.0   44.0  444.0
2020  44  2 13 0500   -3.0  975.6   15.4  259.0   42.5  444.0
2020  44  2 13 0600   -2.8  976.7    9.9  275.0   42.0  444.0
2020  44  2 13 0700   -2.3  976.6    2.9  288.0   38.0  444.0
2020  44  2 13 0800   -1.4  976.4    0.8  110.0   42.0  444.0
2020  44  2 13 0900   -2.1  976.1    2.5   47.0   65.0  444.0
2020  44  2 13 1000   -2.8  976.0    2.4   19.0   66.0  444.0
2020  44  2 13 1100   -5.8  976.0    1.0  249.0   60.0  444.0
2020  44  2 13 1200   -7.4  975.9    1.3    2.0   59.0  444.0
2020  44  2 13 1300   -5.2  976.1    1.9  192.0   66.0  444.0
2020  44  2 13 1400   -4.9  975.9    1.7  184.0   46.0  444.0
2020  44  2 13 1500   -5.3  975.5    7.2  228.0   48.0  444.0
2020  44  2 13 1600   -5.9  975.0    8.8  238.0   43.0  444.0
2020  44  2 13 1700   -7.3  975.3    6.3  257.0   58.2  444.0
2020  44  2 13 1800   -7.4  975.1    6.9  248.0   51.0  444.0
2020  44  2 13 1900   -6.9  974.8   10.2  245.0   52.0  444.0
2020  44  2 13 2000   -6.9  974.4   11.8  239.0   51.0  444.0
2020  44  2 13 2100   -6.9  973.8   12.1  239.0   54.0  444.0
2020  44  2 13 2200   -6.2  974.3    9.9  250.0   44.7  444.0
2020  44  2 13 2300   -5.5  974.2   10.2  243.0   57.0  444.0
2020  45  2 14 0000   -5.2  973.5   12.0  262.0   45.0  444.0
2020  45  2 14 0100   -4.7  973.2   12.2  256.0   47.0  444.0
2020  45  2 14 0200   -4.8  973.5   11.0  247.0   48.0  444.0
2020  45  2 14 0300   -4.8  972.9   14.6  249.0   50.0  444.0
2020  45  2 14 0400   -4.3  972.9   12.0  247.0   51.0  444.0
2020  45  2 14 0500   -4.1  973.0    9.8  249.0   51.6  444.0
2020  45  2 14 0600   -4.0  972.8    8.1  246.0   47.0  444.0
2020  45  2 14 0700   -4.5  972.9    5.6  245.0   67.6  444.0
2020  45  2 14 0800   -4.7  973.1    3.0  246.0   58.0  444.0
2020  45  2 14 0900   -4.7  972.8   10.3  250.0   46.0  444.0
2020  45  2 14 1000   -5.3  972.7   11.7  243.0   46.2  444.0
2020  45  2 14 1100   -6.1  972.6   14.2  251.0   46.0  444.0
2020  45  2 14 1200   -6.6  972.7   14.7  250.0   48.0  444.0
2020  45  2 14 1300   -7.1  972.8   16.5  252.0   47.0  444.0
2020  45  2 14 1400   -8.1  972.7   16.4  253.0   52.0  444.0
2020  45  2 14 1500   -8.9  973.1   17.0  249.0   57.0  444.0
2020  45  2 14 1600   -9.8  973.4   18.0  254.0   58.0  444.0
2020  45  2 14 1700  -10.6  973.5   18.9  255.0   61.0  444.0
2020  45  2 14 1800  -11.2  974.0   17.7  258.0   63.0  444.0
2020  45  2 14 1900  -11.6  975.2   17.3  259.0   61.0  444.0
2020  45  2 14 2000  -11.4  975.0   17.2  256.0   60.0  444.0
2020  45  2 14 2100  -11.5  976.0   16.9  254.0   57.0  444.0
2020  45  2 14 2200  -10.8  976.5   17.6  258.0   58.0  444.0
2020  45  2 14 2300  -10.4  976.3   17.1  257.0   55.0  444.0
2020  46  2 15 0000   -9.6  976.6   17.8  259.0   60.3  444.0
2020  46  2 15 0100   -9.1  977.0   16.8  256.0   58.0  444.0
2020  46  2 15 0200   -8.6  976.8   18.5  255.0   56.0  444.0
2020  46  2 15 0300   -7.9  977.5   17.5  256.0   55.0  444.0
2020  46  2 15 0400   -7.3  978.0   16.1  257.0   51.0  444.0
2020  46  2 15 0500   -6.9  978.4   14.2  255.0   53.7  444.0
2020  46  2 15 0600   -6.6  978.7   13.3  255.0   53.0  444.0
2020  46  2 15 0700   -6.6  979.6   11.5  241.0   65.0  444.0
2020  46  2 15 0800   -7.6  980.2    9.9  253.0   90.0  444.0
2020  46  2 15 0900   -6.7  981.0   10.6  236.0   86.0  444.0
2020  46  2 15 1000   -8.2  981.3    9.4  243.0   62.0  444.0
2020  46  2 15 1100   -8.0  981.9    5.3  253.0   68.0  444.0
2020  46  2 15 1200   -8.0  981.9    6.1  254.0   70.0  444.0
2020  46  2 15 1300   -9.4  982.2    5.1  270.0   70.0  444.0
2020  46  2 15 1400   -9.1  982.3    5.9  270.0   71.0  444.0
2020  46  2 15 1500   -9.2  982.1    8.7  262.0   69.0  444.0
2020  46  2 15 1600   -9.5  982.1    9.3  258.0   68.0  444.0
2020  46  2 15 1700   -9.3  982.4    9.3  258.0   70.0  444.0
2020  46  2 15 1800   -9.2  982.7    9.9  256.0   73.0  444.0
2020  46  2 15 1900   -8.8  982.6   10.3  261.0   84.0  444.0
2020  46  2 15 2000   -6.6  982.9   13.3  241.0   88.0  444.0
2020  46  2 15 2100   -7.0  983.0   12.7  252.0   83.0  444.0
2020  46  2 15 2200   -6.6  983.8   12.4  248.0   88.0  444.0
2020  46  2 15 2300   -6.5  984.5   12.4  243.0   90.0  444.0
2020  47  2 16 0000   -6.6  984.7   11.7  233.0   92.0  444.0
2020  47  2 16 0100   -6.8  985.3   10.7  222.0   92.0  444.0
2020  47  2 16 0200   -6.5  985.8   11.8  210.0   91.0  444.0
2020  47  2 16 0300   -6.1  986.1    8.3  207.0   85.0  444.0
2020  47  2 16 0400   -5.5  986.2    5.8  191.0   80.6  444.0
2020  47  2 16 0500   -5.6  986.1    5.5  192.0   81.0  444.0
2020  47  2 16 0600   -5.5  986.1    4.9  187.0   82.0  444.0
2020  47  2 16 0700   -6.1  986.1    4.5  203.0   85.0  444.0
2020  47  2 16 0800   -6.4  986.1    4.6  219.0   86.0  444.0
2020  47  2 16 0900   -6.4  986.1    4.1  205.0   84.0  444.0
2020  47  2 16 1000   -6.5  986.0    4.4  213.0   84.0  444.0
2020  47  2 16 1100   -6.6  986.0    3.9  216.0   85.0  444.0
2020  47  2 16 1200   -6.9  985.8    3.0  222.0   86.7  444.0
2020  47  2 16 1300   -7.9  985.5    3.1  229.0   90.0  444.0
2020  47  2 16 1400   -8.1  985.3    2.2  245.0   89.0  444.0
2020  47  2 16 1500   -8.1  985.2    3.4  229.0   90.0  444.0
2020  47  2 16 1600   -8.2  985.2    3.3  225.0   89.0  444.0
2020  47  2 16 1700   -8.1  985.4    0.6  240.0   84.2  444.0
2020  47  2 16 1800   -8.5  985.3    1.9  262.0   74.0  444.0
2020  47  2 16 1900   -9.9  985.0    8.9  266.0   75.0  444.0
2020  47  2 16 2000  -10.0  984.7   14.7  264.0   78.0  444.0
2020  47  2 16 2100  -10.3  984.1   20.4  262.0   83.0  444.0
2020  47  2 16 2200  -10.0  984.1   20.1  262.0   80.4  444.0
2020  47  2 16 2300  -10.6  983.0   23.0  262.0   81.0  444.0
2020  48  2 17 0000   -9.7  983.6   21.2  258.0   75.0  444.0
2020  48  2 17 0100  -10.5  980.6   27.6  257.0   80.1  444.0
2020  48  2 17 0200  -11.1  444.0   28.5  258.0   81.0  444.0
2020  48  2 17 0300  -11.7  979.8   30.2  256.0   81.0  444.0
2020  48  2 17 0400  -11.7  978.2   33.9  254.0   80.0  444.0
2020  48  2 17 0500  -11.1  978.7   31.8  258.0   79.0  444.0
2020  48  2 17 0600  -10.2  979.9   28.2  260.0   68.5  444.0
2020  48  2 17 0700   -9.5  981.4   24.4  257.0   56.0  444.0
2020  48  2 17 0800   -9.4  982.8   21.7  256.0   48.0  444.0
2020  48  2 17 0900   -9.8  982.4   22.4  258.0   49.0  444.0
2020  48  2 17 1000  -10.4  981.8   22.8  259.0   50.0  444.0
2020  48  2 17 1100  -11.1  981.6   25.2  259.0   58.0  444.0
2020  48  2 17 1200  -10.8  982.9   22.6  258.0   50.0  444.0
2020  48  2 17 1300  -11.2  982.4   23.3  258.0   48.0  444.0
2020  48  2 17 1400  -11.2  983.1   21.9  258.0   46.0  444.0
2020  48  2 17 1500  -11.6  982.6   24.1  255.0   61.0  444.0
2020  48  2 17 1600  -11.6  981.9   26.0  255.0   56.0  444.0
2020  48  2 17 1700  -11.7  981.6   24.4  257.0   51.0  444.0
2020  48  2 17 1800  -11.5  982.3   25.2  258.0   43.0  444.0
2020  48  2 17 1900  -12.5  980.6   28.3  259.0   58.0  444.0
2020  48  2 17 2000  -12.2  980.3   32.7  263.0   54.0  444.0
2020  48  2 17 2100  -12.1  981.6   28.7  259.0   52.0  444.0
2020  48  2 17 2200  -11.7  981.3   27.1  259.0   46.0  444.0
2020  48  2 17 2300  -11.3  981.9   24.8  256.0   47.4  444.0
2020  49  2 18 0000  -10.2  983.2   22.1  252.0   47.0  444.0
2020  49  2 18 0100   -9.9  981.1   25.0  256.0   45.0  444.0
2020  49  2 18 0200   -9.1  981.6   24.8  260.0   44.0  444.0
2020  49  2 18 0300   -8.3  983.6   16.5  251.0   46.0  444.0
2020  49  2 18 0400   -8.6  982.1   19.2  250.0   47.8  444.0
2020  49  2 18 0500   -8.7  982.9   19.3  254.0   44.0  444.0
2020  49  2 18 0600   -8.8  982.6   16.9  253.0   46.0  444.0
2020  49  2 18 0700   -8.9  982.7   17.5  249.0   44.0  444.0
2020  49  2 18 0800   -9.0  982.3   17.9  252.0   47.0  444.0
2020  49  2 18 0900   -9.3  982.5   16.2  249.0   49.0  444.0
2020  49  2 18 1000  -10.2  982.1   17.2  253.0   46.0  444.0
2020  49  2 18 1100  -10.4  982.0   16.1  258.0   47.0  444.0
2020  49  2 18 1200  -10.8  981.2   19.4  257.0   47.0  444.0
2020  49  2 18 1300  -11.3  980.6   22.2  257.0   46.7  444.0
2020  49  2 18 1400  -11.5  979.8   22.5  257.0   42.0  444.0
2020  49  2 18 1500  -12.0  979.4   23.5  258.0   43.0  444.0
2020  49  2 18 1600  -12.5  978.8   25.2  257.0   43.0  444.0
2020  49  2 18 1700  -12.8  980.3   24.0  260.0   43.0  444.0
2020  49  2 18 1800  -12.9  978.6   27.9  258.0   42.0  444.0
2020  49  2 18 1900  -12.9  979.0   28.4  255.0   41.0  444.0
2020  49  2 18 2000  -13.0  980.8   25.3  257.0   42.0  444.0
2020  49  2 18 2100  -13.0  980.5   22.1  258.0   46.0  444.0
2020  49  2 18 2200  -12.8  980.6   23.8  253.0   43.0  444.0
2020  49  2 18 2300  -12.3  980.9   24.5  256.0   44.0  444.0
2020  50  2 19 0000  -11.6  981.3   20.6  259.0   43.0  444.0
2020  50  2 19 0100  -11.6  980.6   22.6  256.0   43.0  444.0
2020  50  2 19 0200  -10.9  980.7   20.8  259.0   42.4  444.0
2020  50  2 19 0300  -10.4  980.1   21.1  256.0   41.0  444.0
2020  50  2 19 0400  -10.2  979.3   20.5  256.0   43.0  444.0
2020  50  2 19 0500  -10.0  979.7   19.4  257.0   42.0  444.0
2020  50  2 19 0600  -10.1  979.8   18.2  260.0   45.0  444.0
2020  50  2 19 0700  -10.5  979.7   18.4  258.0   45.0  444.0
2020  50  2 19 0800  -11.4  980.3   16.8  258.0   48.0  444.0
2020  50  2 19 0900  -11.9  979.9   19.6  262.0   48.0  444.0
2020  50  2 19 1000  -12.6  979.7   18.2  259.0   48.0  444.0
2020  50  2 19 1100  -12.9  979.0   21.1  254.0   44.0  444.0
2020  50  2 19 1200  -13.4  979.0   22.4  258.0   44.0  444.0
2020  50  2 19 1300  -14.0  979.0   23.7  259.0   44.0  444.0
2020  50  2 19 1400  -14.6  978.9   23.1  257.0   48.0  444.0
2020  50  2 19 1500  -15.2  979.6   23.9  258.0   48.0  444.0
2020  50  2 19 1600  -15.7  980.0   21.1  256.0   48.9  444.0
2020  50  2 19 1700  -15.9  980.6   21.1  258.0   47.0  444.0
2020  50  2 19 1800  -16.0  981.1   20.7  256.0   48.0  444.0
2020  50  2 19 1900  -16.0  981.8   19.9  257.0   48.0  444.0
2020  50  2 19 2000  -15.9  982.0   20.4  256.0   49.0  444.0
2020  50  2 19 2100  -15.8  982.6   18.2  265.0   53.0  444.0
2020  50  2 19 2200  -15.7  983.0   20.8  268.0   46.0  444.0
2020  50  2 19 2300  -15.8  982.5   21.9  261.0   47.0  444.0
2020  51  2 20 0000  -15.1  983.0   18.8  260.0   51.0  444.0
2020  51  2 20 0100  -14.6  982.9   19.2  263.0   49.1  444.0
2020  51  2 20 0200  -13.9  982.5   21.1  266.0   44.2  444.0
2020  51  2 20 0300  -13.4  982.4   20.4  265.0   45.0  444.0
2020  51  2 20 0400  -12.4  982.3   17.8  267.0   47.0  444.0
2020  51  2 20 0500  -12.0  981.6   18.9  267.0   41.0  444.0
2020  51  2 20 0600  -11.3  981.6   17.7  269.0   45.0  444.0
2020  51  2 20 0700  -11.7  981.5   13.6  274.0   45.0  444.0
2020  51  2 20 0800  -13.2  981.0   15.5  274.0   55.0  444.0
2020  51  2 20 0900  -13.3  980.5   15.2  273.0   55.0  444.0
2020  51  2 20 1000  -13.8  980.1   14.9  272.0   53.0  444.0
2020  51  2 20 1100  -14.0  980.1   15.5  276.0   51.0  444.0
2020  51  2 20 1200  -14.1  979.8   13.8  270.0   50.0  444.0
2020  51  2 20 1300  -14.1  978.9   18.1  270.0   48.0  444.0
2020  51  2 20 1400  -14.6  978.0   17.5  270.0   50.0  444.0
2020  51  2 20 1500  -14.8  978.0   17.1  271.0   55.0  444.0
2020  51  2 20 1600  -15.6  977.4   14.8  273.0   58.0  444.0
2020  51  2 20 1700  -15.9  976.6   14.8  273.0   59.0  444.0
2020  51  2 20 1800  -16.5  976.1   16.5  276.0   62.5  444.0
2020  51  2 20 1900  -16.1  975.4   17.1  272.0   60.0  444.0
2020  51  2 20 2000  -15.8  974.7   16.9  271.0   60.0  444.0
2020  51  2 20 2100  -14.4  974.5   17.6  271.0   47.0  444.0
2020  51  2 20 2200  -13.5  974.2   17.1  272.0   51.0  444.0
2020  51  2 20 2300  -12.5  973.9   15.7  273.0   49.4  444.0
2020  52  2 21 0000  -11.5  974.2   14.8  271.0   49.6  444.0
2020  52  2 21 0100  -10.7  973.4   14.9  273.0   52.0  444.0
2020  52  2 21 0200   -9.7  972.7   13.5  274.0   48.0  444.0
2020  52  2 21 0300   -9.6  971.7   14.5  276.0   49.0  444.0
2020  52  2 21 0400   -9.4  971.3   14.8  276.0   50.0  444.0
2020  52  2 21 0500   -8.6  971.1   14.8  278.0   49.0  444.0
2020  52  2 21 0600   -9.0  970.4   15.5  280.0   52.0  444.0
2020  52  2 21 0700   -9.1  969.4   15.7  279.0   52.0  444.0
2020  52  2 21 0800   -8.9  969.0   16.4  282.0   47.0  444.0
2020  52  2 21 0900   -9.7  968.3   15.5  278.0   51.0  444.0
2020  52  2 21 1000   -9.7  968.6   14.8  279.0   50.0  444.0
2020  52  2 21 1100   -9.3  968.6   13.2  278.0   48.3  444.0
2020  52  2 21 1200   -8.3  968.1   12.6  279.0   47.0  444.0
2020  52  2 21 1300  -10.4  967.5   12.4  276.0   58.0  444.0
2020  52  2 21 1400   -9.7  967.5   13.8  276.0   51.0  444.0
2020  52  2 21 1500   -8.8  967.0   14.0  278.0   49.0  444.0
2020  52  2 21 1600   -8.1  966.6   12.2  278.0   48.2  444.0
2020  52  2 21 1700   -8.9  966.4   13.3  277.0   54.0  444.0
2020  52  2 21 1800   -7.8  966.2   13.7  280.0   47.0  444.0
2020  52  2 21 1900   -7.5  966.0   13.0  277.0   49.0  444.0
2020  52  2 21 2000   -7.9  965.3   14.3  276.0   51.0  444.0
2020  52  2 21 2100   -7.8  965.5   14.2  357.0   54.9  444.0
2020  52  2 21 2200   -7.4  965.5   14.1  268.0   56.0  444.0
2020  52  2 21 2300   -7.5  965.5   14.3  265.0   53.0  444.0
2020  53  2 22 0000   -7.3  965.1   15.9  263.0   51.0  444.0
2020  53  2 22 0100   -6.9  964.8   16.5  263.0   51.0  444.0
2020  53  2 22 0200   -6.7  964.8   18.6  266.0   51.3  444.0
2020  53  2 22 0300   -6.9  964.4   16.9  260.0   48.7  444.0
2020  53  2 22 0400   -7.3  964.2   17.1  260.0   51.0  444.0
2020  53  2 22 0500   -7.0  964.4   15.8  263.0   47.0  444.0
2020  53  2 22 0600   -7.2  964.4   14.3  262.0   47.0  444.0
2020  53  2 22 0700   -7.5  964.8   13.8  263.0   47.0  444.0
2020  53  2 22 0800   -8.1  965.0   13.1  263.0   49.0  444.0
2020  53  2 22 0900   -8.7  964.9   11.9  262.0   49.0  444.0
2020  53  2 22 1000   -9.1  965.4   11.5  258.0   51.0  444.0
2020  53  2 22 1100   -9.5  965.6    9.7  275.0   48.0  444.0
2020  53  2 22 1200  -10.1  965.8    9.4  264.0   49.0  444.0
2020  53  2 22 1300  -10.9  966.1   10.0  266.0   51.0  444.0
2020  53  2 22 1400  -11.3  966.1   11.0  265.0   50.0  444.0
2020  53  2 22 1500  -11.5  966.4   10.1  270.0   55.0  444.0
2020  53  2 22 1600  -11.7  966.3   10.5  271.0   52.0  444.0
2020  53  2 22 1700  -11.7  966.2   11.9  272.0   52.1  444.0
2020  53  2 22 1800  -11.8  966.4   12.6  273.0   53.0  444.0
2020  53  2 22 1900  -11.6  966.4   11.7  276.0   52.4  444.0
2020  53  2 22 2000  -11.7  967.3    8.1  282.0   56.0  444.0
2020  53  2 22 2100  -11.7  967.2   10.2  269.0   53.0  444.0
2020  53  2 22 2200  -10.8  967.3   11.1  280.0   54.0  444.0
2020  53  2 22 2300  -10.3  967.0   12.3  276.0   54.0  444.0
2020  54  2 23 0000   -8.8  967.6    9.9  279.0   48.0  444.0
2020  54  2 23 0100   -9.2  966.8   13.1  282.0   55.4  444.0
2020  54  2 23 0200   -8.9  967.0   12.7  280.0   57.0  444.0
2020  54  2 23 0300   -8.0  967.7   11.6  290.0   55.0  444.0
2020  54  2 23 0400   -7.3  968.0    9.7  294.0   47.0  444.0
2020  54  2 23 0500   -7.1  968.2    6.3  290.0   47.0  444.0
2020  54  2 23 0600   -6.9  968.3    8.0  290.0   51.0  444.0
2020  54  2 23 0700   -6.2  968.5    5.3  287.0   40.2  444.0
2020  54  2 23 0800   -6.8  968.8    6.9  288.0   52.0  444.0
2020  54  2 23 0900   -7.6  968.8    8.2  279.0   51.6  444.0
2020  54  2 23 1000   -6.9  969.4    2.8  256.0   59.1  444.0
2020  54  2 23 1100   -7.9  969.9    5.1  280.0   55.0  444.0
2020  54  2 23 1200   -8.1  970.0    6.4  269.0   53.6  444.0
2020  54  2 23 1300   -8.0  969.8   10.3  278.0   54.0  444.0
2020  54  2 23 1400   -8.3  970.0   11.0  276.0   57.0  444.0
2020  54  2 23 1500   -8.1  969.7   12.1  336.0   52.1  444.0
2020  54  2 23 1600   -8.6  969.7   13.3  280.0   57.0  444.0
2020  54  2 23 1700   -8.3  969.9   12.7  279.0   51.0  444.0
2020  54  2 23 1800   -8.9  970.3   11.6  274.0   57.0  444.0
2020  54  2 23 1900   -8.2  971.2   10.1  278.0   54.0  444.0
2020  54  2 23 2000   -8.3  971.2   12.3  276.0   55.6  444.0
2020  54  2 23 2100   -8.6  971.7   11.6  275.0   57.0  444.0
2020  54  2 23 2200   -6.9  972.2   10.5  269.0   51.0  444.0
2020  54  2 23 2300   -6.6  972.4    9.5  278.0   50.0  444.0
2020  55  2 24 0000   -5.8  972.7    8.7  275.0   49.0  444.0
2020  55  2 24 0100   -5.3  972.5    9.4  277.0   46.7  444.0
2020  55  2 24 0200   -5.2  972.5   10.6  282.0   49.0  444.0
2020  55  2 24 0300   -5.2  972.6    9.6  281.0   50.0  444.0
2020  55  2 24 0400   -4.9  972.7    8.6  280.0   49.0  444.0
2020  55  2 24 0500   -4.8  972.9    7.0  279.0   50.5  444.0
2020  55  2 24 0600   -4.6  973.2    5.7  277.0   49.0  444.0
2020  55  2 24 0700   -4.8  973.5    3.7  268.0   52.3  444.0
2020  55  2 24 0800   -5.0  973.6    3.6  269.0   55.0  444.0
2020  55  2 24 0900   -5.3  973.7    5.2  275.0   57.0  444.0
2020  55  2 24 1000   -5.9  974.0    4.5  268.0   58.0  444.0
2020  55  2 24 1100   -5.9  974.1    4.8  274.0   59.0  444.0
2020  55  2 24 1200   -6.1  974.1    7.5  278.0   57.0  444.0
2020  55  2 24 1300   -5.8  974.1    8.0  272.0   55.0  444.0
2020  55  2 24 1400   -5.8  974.3    6.5  263.0   61.0  444.0
2020  55  2 24 1500   -6.9  974.4    5.0  249.0   68.1  444.0
2020  55  2 24 1600   -6.4  974.3    6.6  260.0   57.0  444.0
2020  55  2 24 1700   -7.3  974.4    7.4  264.0   69.0  444.0
2020  55  2 24 1800   -7.1  974.2    8.8  262.0   58.0  444.0
2020  55  2 24 1900   -7.1  974.0   11.1  257.0   53.0  444.0
2020  55  2 24 2000   -7.2  974.0   11.8  259.0   51.2  444.0
2020  55  2 24 2100   -7.5  973.7   13.2  261.0   52.0  444.0
2020  55  2 24 2200   -7.8  973.7   13.1  262.0   52.0  444.0
2020  55  2 24 2300   -8.0  973.9   13.5  263.0   51.0  444.0
2020  56  2 25 0000   -8.2  974.0   13.5  260.0   52.7  444.0
2020  56  2 25 0100   -7.7  973.5   13.6  264.0   51.6  444.0
2020  56  2 25 0200   -8.1  972.8   15.3  266.0   53.0  444.0
2020  56  2 25 0300   -7.6  973.2   13.3  266.0   53.0  444.0
2020  56  2 25 0400   -7.3  972.7   13.0  267.0   52.0  444.0
2020  56  2 25 0500   -7.1  972.7   11.9  268.0   51.6  444.0
2020  56  2 25 0600   -6.9  972.8   11.7  267.0   52.7  444.0
2020  56  2 25 0700   -7.0  972.7   11.8  266.0   51.0  444.0
2020  56  2 25 0800   -7.0  972.9    8.7  274.0   57.2  444.0
2020  56  2 25 0900   -6.8  972.8    9.2  277.0   46.0  444.0
2020  56  2 25 1000   -7.4  973.1    8.4  270.0   53.0  444.0
2020  56  2 25 1100   -7.7  973.3    8.1  268.0   54.4  444.0
2020  56  2 25 1200   -8.6  973.3    7.8  272.0   59.0  444.0
2020  56  2 25 1300   -9.0  973.2    8.1  268.0   56.7  444.0
2020  56  2 25 1400   -8.9  973.4    7.7  268.0   56.0  444.0
2020  56  2 25 1500   -9.1  973.6    8.6  269.0   56.0  444.0
2020  56  2 25 1600   -9.2  973.7    9.4  266.0   55.0  444.0
2020  56  2 25 1700   -9.6  974.0    9.6  275.0   58.1  444.0
2020  56  2 25 1800   -9.9  974.2    8.1  266.0   60.0  444.0
2020  56  2 25 1900   -9.8  974.6    6.9  264.0   64.0  444.0
2020  56  2 25 2000   -8.9  974.6    9.5  275.0   51.0  444.0
2020  56  2 25 2100   -9.1  975.1    8.3  268.0   64.0  444.0
2020  56  2 25 2200   -8.1  975.4    8.4  268.0   52.6  444.0
2020  56  2 25 2300   -8.3  975.8    7.6  269.0   58.0  444.0
2020  57  2 26 0000   -7.5  976.1    6.7  268.0   52.0  444.0
2020  57  2 26 0100   -7.5  976.2    7.6  271.0   54.6  444.0
2020  57  2 26 0200   -8.2  976.1    8.9  271.0   68.0  444.0
2020  57  2 26 0300   -8.7  976.1    9.1  271.0   78.0  444.0
2020  57  2 26 0400   -8.5  976.2    9.7  267.0   83.5  444.0
2020  57  2 26 0500   -8.2  976.0    9.4  266.0   87.0  444.0
2020  57  2 26 0600   -7.3  976.4    6.7  255.0   90.2  444.0
2020  57  2 26 0700   -7.1  976.6    6.4  197.0   92.0  444.0
2020  57  2 26 0800   -7.5  976.7    8.0  201.0   91.8  444.0
2020  57  2 26 0900   -7.3  976.8    6.7  191.0   92.5  444.0
2020  57  2 26 1000   -6.1  976.8    6.8  204.0   93.0  444.0
2020  57  2 26 1100   -6.2  977.1    5.4  198.0   92.7  444.0
2020  57  2 26 1200   -6.4  977.5    4.1  178.0   93.0  444.0
2020  57  2 26 1300   -3.9  977.9    4.6  154.0   95.0  444.0
2020  57  2 26 1400   -6.9  978.4    7.6  266.0   92.7  444.0
2020  57  2 26 1500   -6.3  978.8    2.2  206.0   93.0  444.0
2020  57  2 26 1600   -7.2  979.3    4.3  183.0   92.6  444.0
2020  57  2 26 1700   -6.4  979.9    2.0  247.0   94.0  444.0
2020  57  2 26 1800   -4.8  980.8    5.1   90.0   94.0  444.0
2020  57  2 26 1900   -4.8  981.2   12.5  102.0   94.1  444.0
2020  57  2 26 2000   -5.1  982.5   10.9  115.0   90.0  444.0
2020  57  2 26 2100   -5.1  983.6    9.4  117.0   86.2  444.0
2020  57  2 26 2200   -5.4  984.5    6.5  128.0   89.0  444.0
2020  57  2 26 2300   -5.6  985.4    5.4  132.0   87.0  444.0
2020  58  2 27 0000   -5.6  986.3    5.2  131.0   88.2  444.0
2020  58  2 27 0100   -6.8  986.8    4.6  164.0   91.0  444.0
2020  58  2 27 0200   -6.8  987.2    4.3  189.0   90.1  444.0
2020  58  2 27 0300   -6.4  987.6    3.2  190.0   84.0  444.0
2020  58  2 27 0400   -7.5  987.8    1.5  242.0   88.6  444.0
2020  58  2 27 0500   -7.2  987.7    5.2  271.0   91.0  444.0
2020  58  2 27 0600   -7.4  987.5    8.4  282.0   67.9  444.0
2020  58  2 27 0700   -8.7  986.6   15.4  282.0   75.6  444.0
2020  58  2 27 0800   -9.6  986.8   14.0  274.0   79.0  444.0
2020  58  2 27 0900  -10.2  986.0   16.9  271.0   76.3  444.0
2020  58  2 27 1000  -11.9  985.8   17.8  268.0   80.0  444.0
2020  58  2 27 1100  -12.9  986.5   16.6  264.0   83.0  444.0
2020  58  2 27 1200  -13.1  986.0   16.9  258.0   84.0  444.0
2020  58  2 27 1300  -12.7  986.4   14.4  260.0   81.0  444.0
2020  58  2 27 1400  -13.1  985.6   16.1  262.0   79.7  444.0
2020  58  2 27 1500  -13.6  984.2   16.8  268.0   81.0  444.0
2020  58  2 27 1600  -14.3  984.5   20.5  267.0   78.0  444.0
2020  58  2 27 1700  -15.7  982.7   25.7  265.0   84.0  444.0
2020  58  2 27 1800  -16.7  983.1   23.8  260.0   84.0  444.0
2020  58  2 27 1900  -16.6  982.3   26.0  259.0   82.6  444.0
2020  58  2 27 2000  -16.3  982.6   24.3  254.0   82.0  444.0
2020  58  2 27 2100  -16.3  981.3   28.0  255.0   82.0  444.0
2020  58  2 27 2200  -16.3  981.7   23.9  256.0   81.0  444.0
2020  58  2 27 2300  -16.1  981.9   22.4  258.0   81.0  444.0
2020  59  2 28 0000  -16.2  980.6   26.1  256.0   80.5  444.0
2020  59  2 28 0100  -16.2  980.0   26.2  259.0   80.0  444.0
2020  59  2 28 0200  -16.1  981.1   22.4  256.0   82.0  444.0
2020  59  2 28 0300  -15.2  981.3   18.0  256.0   75.0  444.0
2020  59  2 28 0400  -14.7  981.4   16.4  259.0   76.6  444.0
2020  59  2 28 0500  -14.6  980.5   16.7  258.0   77.0  444.0
2020  59  2 28 0600  -14.2  980.9   15.0  258.0   71.0  444.0
2020  59  2 28 0700  -14.4  980.5   15.1  261.0   74.0  444.0
2020  59  2 28 0800  -14.7  980.5   14.6  261.0   72.0  444.0
2020  59  2 28 0900  -15.2  980.8   14.6  259.0   74.0  444.0
2020  59  2 28 1000  -15.8  981.0   15.1  261.0   74.0  444.0
2020  59  2 28 1100  -15.9  980.3   19.1  262.0   76.0  444.0
2020  59  2 28 1200  -16.5  980.4   21.2  264.0   76.5  444.0
2020  59  2 28 1300  -17.3  980.1   20.6  258.0   78.0  444.0
2020  59  2 28 1400  -17.8  980.5   19.0  261.0   78.0  444.0
2020  59  2 28 1500  -18.1  980.5   18.3  261.0   78.0  444.0
2020  59  2 28 1600  -18.6  980.8   17.9  259.0   78.0  444.0
2020  59  2 28 1700  -17.9  980.5   18.9  260.0   77.8  444.0
2020  59  2 28 1800  -17.7  980.5   18.2  258.0   75.0  444.0
2020  59  2 28 1900  -17.7  980.3   19.0  260.0   75.0  444.0
2020  59  2 28 2000  -17.6  980.6   17.7  262.0   75.0  444.0
2020  59  2 28 2100  -17.7  980.8   19.1  264.0   74.0  444.0
2020  59  2 28 2200  -17.3  981.3   17.0  261.0   71.0  444.0
2020  59  2 28 2300  -16.9  981.1   16.1  259.0   71.0  444.0
2020  60  2 29 0000  -16.4  981.1   15.7  262.0   70.0  444.0
2020  60  2 29 0100  -15.9  980.9   14.0  260.0   69.0  444.0
2020  60  2 29 0200  -15.5  980.8   13.1  261.0   68.0  444.0
2020  60  2 29 0300  -15.1  980.4   12.5  260.0   69.0  444.0
2020  60  2 29 0400  -14.8  980.3   11.4  261.0   62.9  444.0
2020  60  2 29 0500  -14.5  979.8   10.3  260.0   63.0  444.0
2020  60  2 29 0600  -14.5  979.3   12.3  263.0   69.0  444.0
2020  60  2 29 0700  -14.3  979.2   10.7  257.0   72.0  444.0
2020  60  2 29 0800  -14.5  979.0    9.7  255.0   82.0  444.0
2020  60  2 29 0900  -14.2  978.9    9.7  251.0   78.0  444.0
2020  60  2 29 1000  -14.6  978.7   11.0  253.0   80.0  444.0
2020  60  2 29 1100  -14.6  979.0    7.6  245.0   73.0  444.0
2020  60  2 29 1200  -15.0  978.5    8.8  263.0   81.0  444.0
2020  60  2 29 1300  -15.0  978.2   10.4  254.0   76.0  444.0
2020  60  2 29 1400  -15.0  978.4    8.8  256.0   74.0  444.0
2020  60  2 29 1500  -15.7  977.7   13.0  255.0   79.0  444.0
2020  60  2 29 1600  -16.2  976.9   14.7  255.0   78.0  444.0
2020  60  2 29 1700  -17.2  976.6   16.1  259.0   80.0  444.0
2020  60  2 29 1800  -17.5  976.4   16.2  260.0   78.0  444.0
2020  60  2 29 1900  -17.2  976.3   15.1  261.0   76.0  444.0
2020  60  2 29 2000  -17.1  975.8   16.3  264.0   75.0  444.0
2020  60  2 29 2100  -17.1  975.7   16.0  261.0   75.0  444.0
2020  60  2 29 2200  -16.9  974.9   18.0  265.0   71.0  444.0
2020  60  2 29 2300  -16.7  975.0   17.9  263.0   72.7  444.0
