Year: 2020  Month: 08  ID: MLA  ARGOS:  8905  Name: Manuela             
Lat: 74.95S  Lon: 163.69E  Elev:   78m
2020 214  8  1 0000  -29.2  988.8    3.5  265.0   73.0  444.0
2020 214  8  1 0100  -28.8  988.8    2.6  266.0   74.0  444.0
2020 214  8  1 0200  -27.5  988.8    0.5  295.0   75.0  444.0
2020 214  8  1 0300  -26.8  988.8    0.0    0.0   75.0  444.0
2020 214  8  1 0400  -26.6  989.0    0.2  344.0   76.0  444.0
2020 214  8  1 0500  -26.7  989.1    0.0    0.0   75.3  444.0
2020 214  8  1 0600  -27.4  989.4    0.5  255.0   75.0  444.0
2020 214  8  1 0700  -27.2  989.4    0.7  254.0   75.0  444.0
2020 214  8  1 0800  -27.0  989.7    0.7  212.0   75.0  444.0
2020 214  8  1 0900  -26.9  989.9    0.0    0.0   76.0  444.0
2020 214  8  1 1000  -26.1  990.3    0.3  168.0   76.0  444.0
2020 214  8  1 1100  -25.8  990.5    0.7  147.0   76.0  444.0
2020 214  8  1 1200  -26.3  990.3    0.0    0.0   76.0  444.0
2020 214  8  1 1300  -26.1  990.4    0.0    0.0   76.0  444.0
2020 214  8  1 1400  -26.9  990.6    0.7  218.0   75.0  444.0
2020 214  8  1 1500  -26.4  990.6    1.9  241.0   76.0  444.0
2020 214  8  1 1600  -27.7  990.6    1.4  235.0   75.0  444.0
2020 214  8  1 1700  -27.1  990.5    4.8  228.0   75.0  444.0
2020 214  8  1 1800  -25.8  989.1   11.5  242.0   77.0  444.0
2020 214  8  1 1900  -25.6  987.7   22.3  260.0   76.0  444.0
2020 214  8  1 2000  -26.2  985.9   25.5  257.0   76.0  444.0
2020 214  8  1 2100  -26.8  985.7   27.1  258.0   75.0  444.0
2020 214  8  1 2200  -26.7  984.0   32.5  255.0   75.0  444.0
2020 214  8  1 2300  -27.2  983.3   33.8  256.0   75.0  444.0
2020 215  8  2 0000  -27.7  982.1   36.7  255.0   74.5  444.0
2020 215  8  2 0100  -27.0  981.8   32.9  254.0   75.0  444.0
2020 215  8  2 0200  -27.6  978.1   39.6  256.0   74.0  444.0
2020 215  8  2 0300  -28.0  980.0   37.0  253.0   72.0  444.0
2020 215  8  2 0400  -28.3  975.1   39.2  258.0   71.0  444.0
2020 215  8  2 0500  -28.3  978.4   37.0  258.0   39.5  444.0
2020 215  8  2 0600  -29.0  974.0   38.2  258.0   40.0  444.0
2020 215  8  2 0700  -30.3  975.2   38.3  255.0   45.0  444.0
2020 215  8  2 0800  -30.8  974.4   36.9  257.0   44.0  444.0
2020 215  8  2 0900  -30.8  975.9   35.2  261.0   44.0  444.0
2020 215  8  2 1000  -30.5  977.8   26.6  258.0   47.0  444.0
2020 215  8  2 1100  -29.6  977.5   22.9  255.0   47.0  444.0
2020 215  8  2 1200  -29.6  976.6   27.3  254.0   44.0  444.0
2020 215  8  2 1300  -29.6  978.1   24.8  255.0   47.0  444.0
2020 215  8  2 1400  -29.3  977.1   26.5  258.0   46.0  444.0
2020 215  8  2 1500  -28.9  975.2   23.8  257.0   52.0  444.0
2020 215  8  2 1600  -28.6  975.4   20.2  254.0   53.0  444.0
2020 215  8  2 1700  -28.1  974.1   21.2  253.0   54.0  444.0
2020 215  8  2 1800  -29.6  974.5   13.9  231.0   71.0  444.0
2020 215  8  2 1900  -28.3  973.0   19.5  255.0   49.0  444.0
2020 215  8  2 2000  -28.9  972.4   18.2  249.0   61.0  444.0
2020 215  8  2 2100  -31.5  973.2   11.5  211.0   69.0  444.0
2020 215  8  2 2200  -31.1  973.2    7.0  197.0   70.1  444.0
2020 215  8  2 2300  -32.9  973.1    6.9  190.0   72.0  444.0
2020 216  8  3 0000  -30.8  972.2    7.5  175.0   66.0  444.0
2020 216  8  3 0100  -31.5  972.4    6.1  190.0   67.0  444.0
2020 216  8  3 0200  -32.4  971.9    4.2  166.0   74.0  444.0
2020 216  8  3 0300  -34.7  972.5    5.7  207.0   69.6  444.0
2020 216  8  3 0400  -33.7  972.0    4.3  165.0   71.2  444.0
2020 216  8  3 0500  -34.0  972.1    4.1  186.0   70.0  444.0
2020 216  8  3 0600  -34.1  972.0    2.7  199.0   70.0  444.0
2020 216  8  3 0700  -34.2  972.2    1.6  183.0   70.0  444.0
2020 216  8  3 0800  -35.2  971.8    1.3  235.0   69.0  444.0
2020 216  8  3 0900  -35.4  970.9    2.5  256.0   69.0  444.0
2020 216  8  3 1000  -33.4  970.4    5.2  238.0   68.0  444.0
2020 216  8  3 1100  -33.5  969.2   11.6  258.0   63.0  444.0
2020 216  8  3 1200  -33.7  967.7   17.1  264.0   64.0  444.0
2020 216  8  3 1300  -33.7  966.0   18.8  261.0   61.0  444.0
2020 216  8  3 1400  -33.8  966.0   21.4  264.0   59.0  444.0
2020 216  8  3 1500  -34.2  966.3   21.9  264.0   56.0  444.0
2020 216  8  3 1600  -34.6  964.8   25.2  263.0   55.0  444.0
2020 216  8  3 1700  -34.4  965.5   22.0  260.0   51.7  444.0
2020 216  8  3 1800  -34.8  963.3   29.3  261.0   49.0  444.0
2020 216  8  3 1900  -34.8  962.7   30.8  261.0   45.0  444.0
2020 216  8  3 2000  -34.4  963.5   24.4  267.0   42.0  444.0
2020 216  8  3 2100  -34.7  963.9   23.6  269.0   49.0  444.0
2020 216  8  3 2200  -34.4  965.1   24.0  270.0   47.0  444.0
2020 216  8  3 2300  -34.0  964.6   23.6  270.0   41.0  444.0
2020 217  8  4 0000  -34.3  964.9   14.8  270.0   53.0  444.0
2020 217  8  4 0100  -34.5  964.5   15.8  272.0   53.9  444.0
2020 217  8  4 0200  -34.6  963.7   17.7  275.0   61.0  444.0
2020 217  8  4 0300  -34.8  963.1   16.9  275.0   63.0  444.0
2020 217  8  4 0400  -33.9  962.9   17.5  277.0   64.0  444.0
2020 217  8  4 0500  -33.6  961.9   18.8  281.0   64.5  444.0
2020 217  8  4 0600  -33.2  960.3   20.8  281.0   61.0  444.0
2020 217  8  4 0700  -33.8  960.4   17.5  275.0   66.0  444.0
2020 217  8  4 0800  -33.3  961.0   18.4  277.0   66.0  444.0
2020 217  8  4 0900  -32.7  961.8   16.2  278.0   63.2  444.0
2020 217  8  4 1000  -31.4  962.5   14.1  278.0   51.7  444.0
2020 217  8  4 1100  -31.0  962.5   13.1  281.0   52.0  444.0
2020 217  8  4 1200  -30.9  963.3   10.5  276.0   49.0  444.0
2020 217  8  4 1300  -29.3  963.6   10.3  277.0   44.0  444.0
2020 217  8  4 1400  -29.6  964.2    9.3  276.0   47.3  444.0
2020 217  8  4 1500  -29.6  964.4   10.1  275.0   48.8  444.0
2020 217  8  4 1600  -28.1  964.7    9.4  276.0   42.0  444.0
2020 217  8  4 1700  -28.5  964.6   10.5  277.0   46.0  444.0
2020 217  8  4 1800  -28.5  964.6   10.1  278.0   48.0  444.0
2020 217  8  4 1900  -29.8  965.6    5.6  257.0   53.0  444.0
2020 217  8  4 2000  -28.6  965.9    5.3  272.0   51.4  444.0
2020 217  8  4 2100  -28.4  966.6    1.7  256.0   53.0  444.0
2020 217  8  4 2200  -28.6  967.0    1.7  234.0   58.0  444.0
2020 217  8  4 2300  -29.1  967.4    2.9  226.0   72.0  444.0
2020 218  8  5 0000  -28.3  968.1    1.3  218.0   74.0  444.0
2020 218  8  5 0100  -28.5  968.2    3.5  262.0   74.0  444.0
2020 218  8  5 0200  -26.2  967.7    9.4  272.0   65.0  444.0
2020 218  8  5 0300  -25.7  968.2    9.4  272.0   52.0  444.0
2020 218  8  5 0400  -25.4  968.9   11.4  276.0   53.0  444.0
2020 218  8  5 0500  -25.1  970.3    9.0  270.0   53.7  444.0
2020 218  8  5 0600  -24.4  971.8    7.7  271.0   61.0  444.0
2020 218  8  5 0700  -27.4  973.7    4.4  249.0   74.6  444.0
2020 218  8  5 0800  -26.1  975.0    3.7  242.0   76.0  444.0
2020 218  8  5 0900  -25.1  976.0    3.9  235.0   76.0  444.0
2020 218  8  5 1000  -24.5  976.4    5.8  250.0   76.0  444.0
2020 218  8  5 1100  -24.3  976.3    7.0  268.0   77.0  444.0
2020 218  8  5 1200  -23.7  976.2    7.7  279.0   76.6  444.0
2020 218  8  5 1300  -23.2  975.3   10.3  282.0   72.2  444.0
2020 218  8  5 1400  -23.5  975.3   14.1  274.0   68.0  444.0
2020 218  8  5 1500  -23.4  976.4   12.6  272.0   64.0  444.0
2020 218  8  5 1600  -26.0  977.3    6.8  248.0   72.0  444.0
2020 218  8  5 1700  -24.3  977.4    9.4  237.0   68.7  444.0
2020 218  8  5 1800  -23.9  976.1   15.5  257.0   65.1  444.0
2020 218  8  5 1900  -24.8  975.5   16.4  264.0   73.0  444.0
2020 218  8  5 2000  -25.2  975.3   19.1  262.0   73.0  444.0
2020 218  8  5 2100  -25.4  974.5   19.9  259.0   73.0  444.0
2020 218  8  5 2200  -24.9  973.2   26.0  265.0   73.5  444.0
2020 218  8  5 2300  -24.1  971.7   28.0  269.0   67.0  444.0
2020 219  8  6 0000  -23.8  972.4   26.3  269.0   58.0  444.0
2020 219  8  6 0100  -23.6  970.6   31.3  267.0   43.0  444.0
2020 219  8  6 0200  -24.1  972.8   21.3  271.0   49.0  444.0
2020 219  8  6 0300  -23.7  970.8   29.4  268.0   39.0  444.0
2020 219  8  6 0400  -24.3  970.8   29.2  267.0   40.0  444.0
2020 219  8  6 0500  -25.5  970.8   29.8  264.0   41.4  444.0
2020 219  8  6 0600  -25.6  970.8   28.1  263.0   41.0  444.0
2020 219  8  6 0700  -26.4  971.5   26.9  259.0   43.0  444.0
2020 219  8  6 0800  -26.5  971.2   24.0  260.0   43.0  444.0
2020 219  8  6 0900  -26.2  972.1   22.4  264.0   41.0  444.0
2020 219  8  6 1000  -27.0  970.6   27.5  262.0   42.5  444.0
2020 219  8  6 1100  -27.4  972.6   25.6  262.0   42.0  444.0
2020 219  8  6 1200  -28.6  972.0   25.3  267.0   47.0  444.0
2020 219  8  6 1300  -29.1  971.4   24.8  259.0   47.0  444.0
2020 219  8  6 1400  -29.3  973.1   23.1  264.0   46.0  444.0
2020 219  8  6 1500  -29.3  971.2   25.8  261.0   46.0  444.0
2020 219  8  6 1600  -29.6  970.8   28.9  260.0   45.0  444.0
2020 219  8  6 1700  -29.9  972.3   24.9  260.0   45.0  444.0
2020 219  8  6 1800  -29.9  970.7   27.8  258.0   44.0  444.0
2020 219  8  6 1900  -30.3  971.6   27.8  258.0   44.0  444.0
2020 219  8  6 2000  -30.4  970.5   27.5  259.0   45.4  444.0
2020 219  8  6 2100  -30.6  971.0   28.2  260.0   43.0  444.0
2020 219  8  6 2200  -30.6  972.2   26.7  262.0   43.0  444.0
2020 219  8  6 2300  -30.7  971.6   24.6  262.0   44.0  444.0
2020 220  8  7 0000  -30.1  971.3   25.9  261.0   42.0  444.0
2020 220  8  7 0100  -29.9  972.2   23.3  260.0   42.6  444.0
2020 220  8  7 0200  -29.6  972.5   21.9  262.0   42.0  444.0
2020 220  8  7 0300  -29.1  972.1   22.7  267.0   40.0  444.0
2020 220  8  7 0400  -28.6  972.0   23.3  269.0   38.0  444.0
2020 220  8  7 0500  -29.0  971.3   21.3  270.0   39.0  444.0
2020 220  8  7 0600  -29.2  971.7   22.8  267.0   40.2  444.0
2020 220  8  7 0700  -29.7  972.3   23.5  266.0   41.0  444.0
2020 220  8  7 0800  -29.6  971.2   21.9  271.0   41.3  444.0
2020 220  8  7 0900  -29.8  971.6   22.6  268.0   41.3  444.0
2020 220  8  7 1000  -29.7  971.2   22.0  266.0   41.0  444.0
2020 220  8  7 1100  -29.8  971.6   23.0  271.0   41.0  444.0
2020 220  8  7 1200  -29.6  971.0   22.1  273.0   40.0  444.0
2020 220  8  7 1300  -29.5  971.2   24.6  271.0   38.2  444.0
2020 220  8  7 1400  -29.4  971.3   21.7  276.0   40.0  444.0
2020 220  8  7 1500  -29.4  971.4   19.6  276.0   42.0  444.0
2020 220  8  7 1600  -29.6  972.1   14.6  281.0   41.0  444.0
2020 220  8  7 1700  -30.3  972.2   10.0  282.0   47.0  444.0
2020 220  8  7 1800  -30.4  972.5    8.6  278.0   51.2  444.0
2020 220  8  7 1900  -28.8  972.7    8.8  291.0   42.0  444.0
2020 220  8  7 2000  -29.7  972.6   12.3  292.0   48.0  444.0
2020 220  8  7 2100  -27.8  972.9    8.1  287.0   39.0  444.0
2020 220  8  7 2200  -28.1  972.1   10.9  289.0   45.0  444.0
2020 220  8  7 2300  -28.9  972.4   13.3  277.0   48.0  444.0
2020 221  8  8 0000  -29.2  972.0   15.5  279.0   45.0  444.0
2020 221  8  8 0100  -28.1  972.3   12.7  276.0   42.0  444.0
2020 221  8  8 0200  -27.0  972.5   13.1  273.0   38.0  444.0
2020 221  8  8 0300  -27.8  972.4   13.2  275.0   44.0  444.0
2020 221  8  8 0400  -27.3  972.0   12.8  276.0   42.9  444.0
2020 221  8  8 0500  -27.2  972.3   13.6  278.0   44.0  444.0
2020 221  8  8 0600  -27.6  972.0   14.7  278.0   50.0  444.0
2020 221  8  8 0700  -27.1  971.7   16.6  280.0   49.0  444.0
2020 221  8  8 0800  -27.7  971.5   17.0  280.0   49.0  444.0
2020 221  8  8 0900  -26.4  971.2   14.8  278.0   45.0  444.0
2020 221  8  8 1000  -26.0  970.9   16.1  279.0   46.0  444.0
2020 221  8  8 1100  -26.1  971.2   15.6  278.0   46.2  444.0
2020 221  8  8 1200  -25.5  970.9   15.8  278.0   44.0  444.0
2020 221  8  8 1300  -24.3  971.2   14.7  276.0   40.0  444.0
2020 221  8  8 1400  -24.6  971.1   15.6  277.0   43.0  444.0
2020 221  8  8 1500  -24.3  970.9   14.7  273.0   44.0  444.0
2020 221  8  8 1600  -25.3  969.9   18.3  279.0   47.4  444.0
2020 221  8  8 1700  -23.9  971.4   15.5  275.0   42.0  444.0
2020 221  8  8 1800  -23.3  971.2   15.3  273.0   40.0  444.0
2020 221  8  8 1900  -23.1  970.7   17.2  271.0   40.0  444.0
2020 221  8  8 2000  -22.7  970.7   16.4  274.0   40.0  444.0
2020 221  8  8 2100  -24.0  970.9   15.4  273.0   46.9  444.0
2020 221  8  8 2200  -22.0  971.5   15.6  277.0   40.0  444.0
2020 221  8  8 2300  -21.9  971.9   18.7  272.0   43.0  444.0
2020 222  8  9 0000  -23.8  972.3   16.5  274.0   48.0  444.0
2020 222  8  9 0100  -23.0  972.5   17.3  275.0   43.0  444.0
2020 222  8  9 0200  -22.5  974.1   17.1  271.0   43.7  444.0
2020 222  8  9 0300  -22.0  973.6   18.7  271.0   42.0  444.0
2020 222  8  9 0400  -22.2  974.3   19.1  270.0   39.9  444.0
2020 222  8  9 0500  -22.2  974.9   17.5  270.0   40.0  444.0
2020 222  8  9 0600  -22.5  975.9   14.8  267.0   43.0  444.0
2020 222  8  9 0700  -22.4  976.1   17.4  268.0   40.8  444.0
2020 222  8  9 0800  -22.5  976.9   15.9  272.0   44.0  444.0
2020 222  8  9 0900  -22.8  978.0   15.1  267.0   44.3  444.0
2020 222  8  9 1000  -23.9  979.2   11.7  270.0   52.0  444.0
2020 222  8  9 1100  -23.5  979.1   13.9  263.0   47.0  444.0
2020 222  8  9 1200  -23.4  979.3   16.5  261.0   44.0  444.0
2020 222  8  9 1300  -23.5  980.7   12.9  262.0   47.0  444.0
2020 222  8  9 1400  -23.4  981.0   16.1  260.0   50.7  444.0
2020 222  8  9 1500  -23.0  981.8   16.3  257.0   47.0  444.0
2020 222  8  9 1600  -22.9  983.2   15.0  256.0   54.0  444.0
2020 222  8  9 1700  -22.9  983.3   16.5  255.0   54.0  444.0
2020 222  8  9 1800  -23.1  984.2   16.7  258.0   55.0  444.0
2020 222  8  9 1900  -23.6  984.9   16.6  262.0   49.1  444.0
2020 222  8  9 2000  -23.9  984.4   17.6  262.0   44.0  444.0
2020 222  8  9 2100  -24.2  985.0   17.2  263.0   44.0  444.0
2020 222  8  9 2200  -24.6  983.7   19.6  269.0   42.0  444.0
2020 222  8  9 2300  -24.7  983.0   25.0  269.0   39.0  444.0
2020 223  8 10 0000  -25.0  981.9   24.6  269.0   39.9  444.0
2020 223  8 10 0100  -25.3  982.2   24.3  267.0   41.0  444.0
2020 223  8 10 0200  -24.7  981.4   25.9  271.0   39.0  444.0
2020 223  8 10 0300  -24.8  981.8   23.7  272.0   42.0  444.0
2020 223  8 10 0400  -24.5  980.6   24.2  270.0   42.0  444.0
2020 223  8 10 0500  -24.5  980.3   27.1  270.0   41.7  444.0
2020 223  8 10 0600  -24.4  981.7   19.5  271.0   44.0  444.0
2020 223  8 10 0700  -23.9  980.4   24.1  267.0   38.5  444.0
2020 223  8 10 0800  -25.0  978.9   31.0  268.0   40.0  444.0
2020 223  8 10 0900  -25.2  979.2   27.2  263.0   43.0  444.0
2020 223  8 10 1000  -24.8  978.9   28.2  268.0   42.0  444.0
2020 223  8 10 1100  -24.6  979.4   28.2  271.0   42.0  444.0
2020 223  8 10 1200  -24.7  981.6   24.6  265.0   42.0  444.0
2020 223  8 10 1300  -24.8  982.4   20.9  260.0   45.0  444.0
2020 223  8 10 1400  -24.9  983.5   22.1  266.0   45.0  444.0
2020 223  8 10 1500  -24.5  984.5   17.1  262.0   48.0  444.0
2020 223  8 10 1600  -24.1  984.5   18.2  267.0   50.0  444.0
2020 223  8 10 1700  -23.9  983.8   19.4  267.0   53.2  444.0
2020 223  8 10 1800  -23.5  984.9   20.8  277.0   47.0  444.0
2020 223  8 10 1900  -23.7  985.1   17.8  273.0   50.0  444.0
2020 223  8 10 2000  -24.0  986.7   16.4  278.0   53.0  444.0
2020 223  8 10 2100  -24.0  986.0   18.0  278.0   53.0  444.0
2020 223  8 10 2200  -23.7  986.3   20.7  275.0   51.7  444.0
2020 223  8 10 2300  -24.0  987.0   20.0  275.0   54.0  444.0
2020 224  8 11 0000  -24.2  988.5   15.3  272.0   57.0  444.0
2020 224  8 11 0100  -24.4  988.4   18.0  270.0   52.0  444.0
2020 224  8 11 0200  -24.7  989.5   17.8  272.0   55.8  444.0
2020 224  8 11 0300  -24.9  990.2   17.4  271.0   54.8  444.0
2020 224  8 11 0400  -25.1  990.5   15.4  274.0   54.6  444.0
2020 224  8 11 0500  -25.2  990.3   16.5  272.0   49.0  444.0
2020 224  8 11 0600  -25.4  990.6   19.7  273.0   42.0  444.0
2020 224  8 11 0700  -25.2  990.6   18.1  273.0   45.0  444.0
2020 224  8 11 0800  -25.1  990.6   19.4  274.0   51.0  444.0
2020 224  8 11 0900  -26.1  990.4   15.5  269.0   59.0  444.0
2020 224  8 11 1000  -25.2  989.7   17.6  273.0   54.0  444.0
2020 224  8 11 1100  -24.9  989.7   15.8  271.0   58.0  444.0
2020 224  8 11 1200  -24.8  988.2   18.9  271.0   49.0  444.0
2020 224  8 11 1300  -24.3  987.2   22.5  276.0   43.0  444.0
2020 224  8 11 1400  -24.7  986.4   24.9  279.0   42.0  444.0
2020 224  8 11 1500  -25.4  985.2   23.1  274.0   42.0  444.0
2020 224  8 11 1600  -25.4  984.7   23.4  270.0   42.0  444.0
2020 224  8 11 1700  -25.5  983.6   27.2  272.0   43.0  444.0
2020 224  8 11 1800  -25.3  982.7   28.7  274.0   41.0  444.0
2020 224  8 11 1900  -24.7  985.2   19.1  271.0   49.0  444.0
2020 224  8 11 2000  -24.1  985.9   17.3  272.0   51.0  444.0
2020 224  8 11 2100  -24.3  986.0   18.4  271.0   54.2  444.0
2020 224  8 11 2200  -23.9  985.1   19.4  273.0   53.0  444.0
2020 224  8 11 2300  -23.4  985.7   16.9  271.0   54.0  444.0
2020 225  8 12 0000  -24.0  985.8   16.1  273.0   60.0  444.0
2020 225  8 12 0100  -23.9  985.7   15.3  277.0   62.9  444.0
2020 225  8 12 0200  -22.9  984.1   19.2  273.0   56.7  444.0
2020 225  8 12 0300  -21.6  983.0   22.6  271.0   49.0  444.0
2020 225  8 12 0400  -21.9  982.1   19.9  272.0   55.0  444.0
2020 225  8 12 0500  -21.4  981.2   22.4  274.0   45.7  444.0
2020 225  8 12 0600  -20.9  981.3   22.0  272.0   46.0  444.0
2020 225  8 12 0700  -20.7  979.7   24.0  271.0   40.0  444.0
2020 225  8 12 0800  -21.2  978.1   25.7  274.0   40.0  444.0
2020 225  8 12 0900  -22.3  978.6   20.8  273.0   45.0  444.0
2020 225  8 12 1000  -22.6  977.1   24.6  270.0   42.0  444.0
2020 225  8 12 1100  -22.8  976.6   19.8  275.0   48.0  444.0
2020 225  8 12 1200  -22.9  974.5   27.2  270.0   44.0  444.0
2020 225  8 12 1300  -23.2  973.4   27.5  270.0   44.0  444.0
2020 225  8 12 1400  -23.0  972.2   29.5  271.0   42.0  444.0
2020 225  8 12 1500  -23.2  970.7   30.8  271.0   42.0  444.0
2020 225  8 12 1600  -23.1  969.8   29.2  270.0   42.0  444.0
2020 225  8 12 1700  -22.6  966.2   35.6  273.0   41.0  444.0
2020 225  8 12 1800  -22.1  964.0   36.1  271.0   40.0  444.0
2020 225  8 12 1900  -21.4  966.9   34.4  275.0   39.0  444.0
2020 225  8 12 2000  -20.4  966.0   33.6  273.0   38.0  444.0
2020 225  8 12 2100  -20.1  966.4   32.6  272.0   40.0  444.0
2020 225  8 12 2200  -19.5  969.7   25.7  269.0   42.0  444.0
2020 225  8 12 2300  -19.2  969.4   26.8  269.0   47.0  444.0
2020 226  8 13 0000  -19.4  971.2   21.3  268.0   53.9  444.0
2020 226  8 13 0100  -18.3  971.5   22.7  275.0   52.0  444.0
2020 226  8 13 0200  -19.9  972.4   22.8  278.0   80.0  444.0
2020 226  8 13 0300  -19.5  972.6   21.6  278.0   80.5  444.0
2020 226  8 13 0400  -18.3  973.7   21.2  276.0   81.0  444.0
2020 226  8 13 0500  -18.2  975.1   18.3  276.0   82.0  444.0
2020 226  8 13 0600  -17.5  975.9   17.1  276.0   83.0  444.0
2020 226  8 13 0700  -17.6  976.3   16.4  275.0   82.0  444.0
2020 226  8 13 0800  -17.4  976.9   15.5  274.0   84.0  444.0
2020 226  8 13 0900  -16.1  978.4   14.2  276.0   84.0  444.0
2020 226  8 13 1000  -14.8  980.2    9.1  275.0   86.0  444.0
2020 226  8 13 1100  -14.7  981.5    3.6  257.0   85.0  444.0
2020 226  8 13 1200  -14.4  982.5    3.1  253.0   86.0  444.0
2020 226  8 13 1300  -13.8  983.4    4.1  263.0   86.0  444.0
2020 226  8 13 1400  -13.8  984.0    7.7  276.0   87.0  444.0
2020 226  8 13 1500  -13.4  984.6    7.3  274.0   84.0  444.0
2020 226  8 13 1600  -14.1  985.4    6.6  267.0   85.0  444.0
2020 226  8 13 1700  -13.9  986.1    4.8  260.0   84.0  444.0
2020 226  8 13 1800  -14.2  986.6    6.9  271.0   85.0  444.0
2020 226  8 13 1900  -13.4  986.9    6.5  268.0   87.0  444.0
2020 226  8 13 2000  -13.6  987.5    6.4  270.0   87.0  444.0
2020 226  8 13 2100  -14.0  987.7    7.9  271.0   86.0  444.0
2020 226  8 13 2200  -14.9  988.1    7.4  270.0   84.0  444.0
2020 226  8 13 2300  -15.1  988.0    8.8  268.0   86.0  444.0
2020 227  8 14 0000  -14.8  987.4   12.3  275.0   79.0  444.0
2020 227  8 14 0100  -14.8  987.4   13.0  272.0   75.0  444.0
2020 227  8 14 0200  -15.6  987.1   15.5  272.0   78.0  444.0
2020 227  8 14 0300  -16.3  987.0   17.6  266.0   78.5  444.0
2020 227  8 14 0400  -16.7  987.0   16.0  271.0   78.0  444.0
2020 227  8 14 0500  -16.2  985.3   22.6  268.0   81.0  444.0
2020 227  8 14 0600  -15.8  985.7   24.2  271.0   80.7  444.0
2020 227  8 14 0700  -17.3  987.1   14.1  277.0   78.0  444.0
2020 227  8 14 0800  -15.9  986.9   15.9  277.0   79.0  444.0
2020 227  8 14 0900  -18.0  987.7   10.3  278.0   76.0  444.0
2020 227  8 14 1000  -18.5  983.8   25.3  265.0   82.0  444.0
2020 227  8 14 1100  -17.9  984.3   29.8  267.0   81.0  444.0
2020 227  8 14 1200  -18.0  985.5   23.2  264.0   82.0  444.0
2020 227  8 14 1300  -18.1  984.6   23.4  263.0   80.0  444.0
2020 227  8 14 1400  -17.9  984.1   24.6  259.0   77.0  444.0
2020 227  8 14 1500  -18.5  985.6   24.0  256.0   79.0  444.0
2020 227  8 14 1600  -18.8  984.2   26.5  260.0   80.0  444.0
2020 227  8 14 1700  -18.8  984.5   22.8  259.0   76.0  444.0
2020 227  8 14 1800  -18.5  983.1   26.3  259.0   76.0  444.0
2020 227  8 14 1900  -18.5  983.5   23.6  260.0   73.0  444.0
2020 227  8 14 2000  -17.2  983.1   23.6  263.0   67.0  444.0
2020 227  8 14 2100  -16.0  980.9   22.3  262.0   64.0  444.0
2020 227  8 14 2200  -17.5  983.6   27.0  259.0   66.0  444.0
2020 227  8 14 2300  -18.2  983.4   26.6  258.0   63.0  444.0
2020 228  8 15 0000  -18.1  983.3   26.7  260.0   60.0  444.0
2020 228  8 15 0100  -17.8  983.5   26.9  258.0   58.3  444.0
2020 228  8 15 0200  -19.0  984.6   23.1  261.0   47.0  444.0
2020 228  8 15 0300  -19.9  985.4   23.4  267.0   48.0  444.0
2020 228  8 15 0400  -20.5  985.1   20.5  260.0   47.6  444.0
2020 228  8 15 0500  -20.8  985.8   23.0  258.0   43.0  444.0
2020 228  8 15 0600  -21.2  986.4   21.2  260.0   46.0  444.0
2020 228  8 15 0700  -21.7  987.3   21.3  264.0   46.0  444.0
2020 228  8 15 0800  -22.1  987.8   22.9  264.0   46.0  444.0
2020 228  8 15 0900  -22.4  988.0   21.4  265.0   48.0  444.0
2020 228  8 15 1000  -22.9  988.3   23.8  265.0   46.0  444.0
2020 228  8 15 1100  -23.2  991.0   21.4  268.0   50.0  444.0
2020 228  8 15 1200  -24.3  991.3   23.2  264.0   52.0  444.0
2020 228  8 15 1300  -24.8  991.1   24.7  260.0   52.0  444.0
2020 228  8 15 1400  -25.3  992.1   23.9  262.0   52.0  444.0
2020 228  8 15 1500  -25.8  993.6   25.1  264.0   52.0  444.0
2020 228  8 15 1600  -26.8  992.6   27.3  263.0   52.0  444.0
2020 228  8 15 1700  -27.3  992.7   27.6  264.0   51.0  444.0
2020 228  8 15 1800  -27.8  992.8   29.7  267.0   49.0  444.0
2020 228  8 15 1900  -27.6  993.3   27.6  266.0   49.0  444.0
2020 228  8 15 2000  -27.7  995.3   27.9  266.0   50.0  444.0
2020 228  8 15 2100  -28.2  994.3   31.2  266.0   46.0  444.0
2020 228  8 15 2200  -28.5  994.2   27.5  260.0   49.0  444.0
2020 228  8 15 2300  -29.0  994.8   28.4  264.0   49.0  444.0
2020 229  8 16 0000  -29.1  994.1   28.0  265.0   49.0  444.0
2020 229  8 16 0100  -29.1  993.8   31.6  265.0   46.0  444.0
2020 229  8 16 0200  -29.4  993.7   29.7  264.0   47.0  444.0
2020 229  8 16 0300  -29.7  994.0   28.8  263.0   48.0  444.0
2020 229  8 16 0400  -29.9  994.0   29.2  262.0   47.3  444.0
2020 229  8 16 0500  -30.1  994.8   29.3  263.0   46.0  444.0
2020 229  8 16 0600  -30.0  994.4   27.9  262.0   47.0  444.0
2020 229  8 16 0700  -30.2  995.5   26.3  261.0   47.0  444.0
2020 229  8 16 0800  -30.3  994.8   27.9  260.0   46.0  444.0
2020 229  8 16 0900  -30.7  993.8   31.9  262.0   46.0  444.0
2020 229  8 16 1000  -30.6  993.8   30.8  261.0   46.0  444.0
2020 229  8 16 1100  -30.4  992.6   33.3  263.0   43.0  444.0
2020 229  8 16 1200  -30.0  991.7   32.4  263.0   44.0  444.0
2020 229  8 16 1300  -30.0  993.0   33.7  266.0   43.0  444.0
2020 229  8 16 1400  -30.1  992.0   33.6  265.0   43.0  444.0
2020 229  8 16 1500  -29.7  993.5   33.6  268.0   42.6  444.0
2020 229  8 16 1600  -29.9  992.4   33.3  266.0   42.0  444.0
2020 229  8 16 1700  -29.7  994.5   32.6  270.0   42.0  444.0
2020 229  8 16 1800  -29.1  993.9   30.7  270.0   42.0  444.0
2020 229  8 16 1900  -28.8  994.5   26.8  270.0   45.0  444.0
2020 229  8 16 2000  -27.7  995.2   26.6  266.0   44.1  444.0
2020 229  8 16 2100  -27.2  997.6   17.1  269.0   53.0  444.0
2020 229  8 16 2200  -26.7  997.4   17.7  270.0   62.0  444.0
2020 229  8 16 2300  -26.4  997.6   18.7  272.0   61.0  444.0
2020 230  8 17 0000  -26.5  996.9   19.9  278.0   62.0  444.0
2020 230  8 17 0100  -26.5  996.8   20.8  278.0   66.2  444.0
2020 230  8 17 0200  -25.9  998.0   20.4  281.0   62.8  444.0
2020 230  8 17 0300  -26.1  997.8   19.1  280.0   68.0  444.0
2020 230  8 17 0400  -25.8  997.6   19.4  277.0   66.0  444.0
2020 230  8 17 0500  -25.3  997.4   19.5  277.0   63.0  444.0
2020 230  8 17 0600  -25.3  998.4   18.0  274.0   63.0  444.0
2020 230  8 17 0700  -24.8  998.7   16.4  275.0   63.0  444.0
2020 230  8 17 0800  -24.3  998.0   18.9  278.0   64.4  444.0
2020 230  8 17 0900  -23.8  997.7   17.3  277.0   62.0  444.0
2020 230  8 17 1000  -23.7  997.3   17.0  274.0   65.0  444.0
2020 230  8 17 1100  -22.1  998.2   15.0  278.0   60.0  444.0
2020 230  8 17 1200  -21.6  998.1   12.2  277.0   62.0  444.0
2020 230  8 17 1300  -22.6  997.1   14.0  273.0   62.6  444.0
2020 230  8 17 1400  -21.9  997.2   12.8  276.0   71.0  444.0
2020 230  8 17 1500  -21.8  996.6   13.5  274.0   62.0  444.0
2020 230  8 17 1600  -20.7  996.6   12.5  272.0   55.0  444.0
2020 230  8 17 1700  -21.6  996.5   10.4  251.0   55.0  444.0
2020 230  8 17 1800  -21.6  995.1   13.4  262.0   51.2  444.0
2020 230  8 17 1900  -21.4  994.0   15.6  257.0   44.0  444.0
2020 230  8 17 2000  -21.7  993.4   16.5  265.0   47.0  444.0
2020 230  8 17 2100  -21.7  994.4   13.6  264.0   47.0  444.0
2020 230  8 17 2200  -22.0  993.4   14.1  261.0   47.0  444.0
2020 230  8 17 2300  -22.8  993.0   16.3  259.0   47.0  444.0
2020 231  8 18 0000  -23.4  993.8   14.9  254.0   48.0  444.0
2020 231  8 18 0100  -23.6  993.1   16.2  253.0   47.0  444.0
2020 231  8 18 0200  -23.7  992.8   15.5  262.0   48.0  444.0
2020 231  8 18 0300  -24.6  992.8   16.1  264.0   47.0  444.0
2020 231  8 18 0400  -25.4  992.8   14.3  259.0   47.0  444.0
2020 231  8 18 0500  -25.6  992.4   16.5  263.0   44.6  444.0
2020 231  8 18 0600  -25.9  992.7   17.8  264.0   45.2  444.0
2020 231  8 18 0700  -25.8  993.2   16.4  267.0   44.0  444.0
2020 231  8 18 0800  -25.8  992.8   14.8  268.0   46.0  444.0
2020 231  8 18 0900  -26.4  993.2   14.3  271.0   45.0  444.0
2020 231  8 18 1000  -26.6  992.6   15.8  267.0   45.0  444.0
2020 231  8 18 1100  -26.7  992.4   15.6  269.0   43.8  444.0
2020 231  8 18 1200  -27.0  991.4   17.1  266.0   44.0  444.0
2020 231  8 18 1300  -26.8  991.7   14.1  268.0   46.0  444.0
2020 231  8 18 1400  -27.4  990.6   15.3  264.0   44.0  444.0
2020 231  8 18 1500  -26.9  989.9   15.9  274.0   42.0  444.0
2020 231  8 18 1600  -26.6  989.0   16.6  266.0   38.7  444.0
2020 231  8 18 1700  -26.4  987.3   17.4  266.0   36.0  444.0
2020 231  8 18 1800  -26.0  987.5   19.3  266.0   35.0  444.0
2020 231  8 18 1900  -26.1  987.3   18.9  258.0   37.0  444.0
2020 231  8 18 2000  -26.0  985.9   23.0  261.0   34.0  444.0
2020 231  8 18 2100  -26.3  985.4   23.3  264.0   36.3  444.0
2020 231  8 18 2200  -27.2  984.5   26.9  261.0   36.0  444.0
2020 231  8 18 2300  -28.1  985.1   25.7  259.0   38.0  444.0
2020 232  8 19 0000  -28.6  984.1   26.8  258.0   39.0  444.0
2020 232  8 19 0100  -28.9  983.3   28.4  257.0   40.0  444.0
2020 232  8 19 0200  -29.0  983.0   26.7  260.0   38.1  444.0
2020 232  8 19 0300  -29.2  982.6   25.5  259.0   40.0  444.0
2020 232  8 19 0400  -29.2  982.4   27.1  260.0   39.0  444.0
2020 232  8 19 0500  -29.4  982.0   26.5  262.0   40.0  444.0
2020 232  8 19 0600  -29.0  981.2   27.9  260.0   39.0  444.0
2020 232  8 19 0700  -28.8  980.1   28.7  264.0   39.0  444.0
2020 232  8 19 0800  -28.6  980.8   20.2  261.0   43.0  444.0
2020 232  8 19 0900  -28.2  980.8   23.1  267.0   40.2  444.0
2020 232  8 19 1000  -28.0  980.9   23.8  266.0   40.0  444.0
2020 232  8 19 1100  -27.7  979.6   23.3  266.0   41.0  444.0
2020 232  8 19 1200  -27.9  980.0   23.1  263.0   41.9  444.0
2020 232  8 19 1300  -27.9  978.0   23.8  260.0   43.0  444.0
2020 232  8 19 1400  -27.8  978.7   21.9  263.0   42.5  444.0
2020 232  8 19 1500  -28.0  978.3   19.2  262.0   44.0  444.0
2020 232  8 19 1600  -27.8  979.1   19.1  263.0   45.0  444.0
2020 232  8 19 1700  -28.2  977.2   23.3  259.0   42.8  444.0
2020 232  8 19 1800  -28.6  977.6   22.2  260.0   43.0  444.0
2020 232  8 19 1900  -28.9  978.0   22.9  263.0   43.0  444.0
2020 232  8 19 2000  -29.3  977.7   22.6  260.0   44.0  444.0
2020 232  8 19 2100  -29.7  977.5   24.9  265.0   44.0  444.0
2020 232  8 19 2200  -29.9  977.1   28.0  264.0   41.5  444.0
2020 232  8 19 2300  -30.2  976.4   29.4  268.0   41.0  444.0
2020 233  8 20 0000  -30.4  977.8   25.5  266.0   44.3  444.0
2020 233  8 20 0100  -30.6  977.9   27.1  267.0   42.0  444.0
2020 233  8 20 0200  -30.4  978.5   27.1  267.0   41.0  444.0
2020 233  8 20 0300  -30.3  980.2   23.0  268.0   42.0  444.0
2020 233  8 20 0400  -29.4  979.8   21.5  268.0   43.0  444.0
2020 233  8 20 0500  -29.5  979.5   19.7  277.0   55.5  444.0
2020 233  8 20 0600  -29.5  979.8   19.0  275.0   55.0  444.0
2020 233  8 20 0700  -29.9  978.9   20.0  276.0   55.0  444.0
2020 233  8 20 0800  -30.6  978.2   20.9  280.0   61.0  444.0
2020 233  8 20 0900  -29.9  977.7   21.6  282.0   61.2  444.0
2020 233  8 20 1000  -29.1  977.7   21.1  282.0   58.3  444.0
2020 233  8 20 1100  -28.4  976.8   19.1  281.0   51.0  444.0
2020 233  8 20 1200  -28.2  976.4   20.1  279.0   48.4  444.0
2020 233  8 20 1300  -28.0  976.9   19.4  280.0   54.0  444.0
2020 233  8 20 1400  -27.3  977.4   18.9  279.0   53.0  444.0
2020 233  8 20 1500  -27.0  977.4   19.1  275.0   56.6  444.0
2020 233  8 20 1600  -26.5  978.6   14.4  279.0   52.0  444.0
2020 233  8 20 1700  -26.0  979.5   11.5  266.0   51.6  444.0
2020 233  8 20 1800  -25.9  979.9   10.7  272.0   52.0  444.0
2020 233  8 20 1900  -24.6  980.7   10.2  266.0   51.0  444.0
2020 233  8 20 2000  -24.8  981.0   10.0  264.0   53.7  444.0
2020 233  8 20 2100  -24.5  981.2    9.7  267.0   55.0  444.0
2020 233  8 20 2200  -24.1  981.7   11.5  267.0   50.9  444.0
2020 233  8 20 2300  -24.2  982.0   11.9  266.0   49.0  444.0
2020 234  8 21 0000  -24.1  982.0   12.0  264.0   48.0  444.0
2020 234  8 21 0100  -23.5  981.8   16.0  261.0   48.1  444.0
2020 234  8 21 0200  -23.6  982.2   15.6  272.0   45.0  444.0
2020 234  8 21 0300  -24.2  981.7   14.7  271.0   49.1  444.0
2020 234  8 21 0400  -24.1  981.9   18.0  265.0   45.0  444.0
2020 234  8 21 0500  -23.8  981.4   19.0  269.0   44.0  444.0
2020 234  8 21 0600  -23.8  982.8   15.1  260.0   46.0  444.0
2020 234  8 21 0700  -24.9  982.4   13.4  268.0   54.3  444.0
2020 234  8 21 0800  -25.3  982.9   14.0  272.0   59.0  444.0
2020 234  8 21 0900  -24.1  982.8   15.7  268.0   47.0  444.0
2020 234  8 21 1000  -24.8  983.0   19.1  270.0   46.0  444.0
2020 234  8 21 1100  -25.9  983.1   16.3  267.0   48.0  444.0
2020 234  8 21 1200  -27.3  982.1   18.5  259.0   47.0  444.0
2020 234  8 21 1300  -28.1  982.3   19.0  260.0   47.5  444.0
2020 234  8 21 1400  -28.7  981.7   20.0  255.0   48.0  444.0
2020 234  8 21 1500  -28.9  982.2   19.5  257.0   49.0  444.0
2020 234  8 21 1600  -29.8  981.4   20.6  255.0   53.0  444.0
2020 234  8 21 1700  -29.5  982.2   18.5  259.0   48.0  444.0
2020 234  8 21 1800  -29.6  982.1   20.0  257.0   46.4  444.0
2020 234  8 21 1900  -29.3  981.8   20.4  261.0   45.0  444.0
2020 234  8 21 2000  -28.9  981.9   19.0  261.0   45.0  444.0
2020 234  8 21 2100  -28.8  982.1   18.0  262.0   45.0  444.0
2020 234  8 21 2200  -28.7  981.9   18.0  264.0   44.0  444.0
2020 234  8 21 2300  -28.8  981.4   15.3  264.0   48.0  444.0
2020 235  8 22 0000  -28.4  982.1   18.8  265.0   40.0  444.0
2020 235  8 22 0100  -29.0  982.0   14.4  271.0   46.0  444.0
2020 235  8 22 0200  -29.2  980.7   18.8  268.0   44.0  444.0
2020 235  8 22 0300  -29.0  979.8   20.0  268.0   42.3  444.0
2020 235  8 22 0400  -28.3  979.9   18.4  261.0   41.0  444.0
2020 235  8 22 0500  -28.5  979.8   16.5  265.0   41.1  444.0
2020 235  8 22 0600  -29.2  978.9   18.1  267.0   41.0  444.0
2020 235  8 22 0700  -29.4  976.9   22.6  267.0   40.0  444.0
2020 235  8 22 0800  -29.6  975.5   22.4  262.0   41.0  444.0
2020 235  8 22 0900  -29.4  973.4   24.0  264.0   39.0  444.0
2020 235  8 22 1000  -29.4  971.4   24.1  268.0   38.5  444.0
2020 235  8 22 1100  -29.0  970.6   25.4  272.0   38.0  444.0
2020 235  8 22 1200  -28.7  969.8   25.1  271.0   40.0  444.0
2020 235  8 22 1300  -29.7  970.6   17.2  274.0   47.0  444.0
2020 235  8 22 1400  -29.4  969.2   18.9  273.0   44.0  444.0
2020 235  8 22 1500  -30.8  968.8   15.3  276.0   57.0  444.0
2020 235  8 22 1600  -30.3  967.6   13.9  274.0   60.0  444.0
2020 235  8 22 1700  -28.4  966.8   17.2  263.0   52.0  444.0
2020 235  8 22 1800  -27.4  965.4   19.8  270.0   47.0  444.0
2020 235  8 22 1900  -28.2  964.6   16.4  270.0   55.0  444.0
2020 235  8 22 2000  -26.8  961.9   24.2  273.0   41.0  444.0
2020 235  8 22 2100  -26.7  960.4   26.7  274.0   39.0  444.0
2020 235  8 22 2200  -27.4  958.9   29.2  270.0   39.0  444.0
2020 235  8 22 2300  -27.4  957.2   29.5  271.0   38.0  444.0
2020 236  8 23 0000  -27.4  956.9   29.3  270.0   38.0  444.0
2020 236  8 23 0100  -26.8  958.2   24.4  267.0   38.0  444.0
2020 236  8 23 0200  -26.0  957.8   22.2  269.0   36.0  444.0
2020 236  8 23 0300  -27.0  958.1   21.6  262.0   41.0  444.0
2020 236  8 23 0400  -27.5  958.1   19.9  256.0   42.0  444.0
2020 236  8 23 0500  -27.8  958.9   21.7  258.0   42.0  444.0
2020 236  8 23 0600  -28.3  956.9   21.9  260.0   45.0  444.0
2020 236  8 23 0700  -28.5  954.2   29.6  264.0   42.0  444.0
2020 236  8 23 0800  -28.6  952.3   34.5  267.0   39.7  444.0
2020 236  8 23 0900  -28.8  952.3   32.7  266.0   40.0  444.0
2020 236  8 23 1000  -29.3  951.2   32.1  266.0   39.0  444.0
2020 236  8 23 1100  -29.5  952.3   34.2  268.0   38.7  444.0
2020 236  8 23 1200  -29.3  953.5   27.3  270.0   39.0  444.0
2020 236  8 23 1300  -28.7  954.9   16.4  275.0   44.0  444.0
2020 236  8 23 1400  -28.4  952.4   23.2  269.0   39.0  444.0
2020 236  8 23 1500  -29.1  952.6   15.8  275.0   55.0  444.0
2020 236  8 23 1600  -28.6  947.3   28.3  280.0   62.0  444.0
2020 236  8 23 1700  -28.2  947.2   25.9  276.0   69.0  444.0
2020 236  8 23 1800  -28.6  946.4   27.4  279.0   70.7  444.0
2020 236  8 23 1900  -27.9  947.2   26.4  278.0   71.0  444.0
2020 236  8 23 2000  -27.8  947.4   20.9  278.0   65.0  444.0
2020 236  8 23 2100  -27.4  947.0   18.3  277.0   58.0  444.0
2020 236  8 23 2200  -26.5  947.8   21.2  278.0   54.0  444.0
2020 236  8 23 2300  -26.3  946.5   23.1  278.0   52.0  444.0
2020 237  8 24 0000  -24.2  947.7   23.6  280.0   41.0  444.0
2020 237  8 24 0100  -23.6  947.6   21.8  279.0   47.0  444.0
2020 237  8 24 0200  -24.0  948.8   20.1  277.0   52.0  444.0
2020 237  8 24 0300  -23.6  950.2   18.1  275.0   54.0  444.0
2020 237  8 24 0400  -22.7  952.9   16.7  278.0   54.0  444.0
2020 237  8 24 0500  -21.0  955.0   13.9  274.0   79.0  444.0
2020 237  8 24 0600  -19.1  957.3    4.5  266.0   81.7  444.0
2020 237  8 24 0700  -15.5  958.7   10.1  131.0   78.0  444.0
2020 237  8 24 0800  -15.2  960.7    9.6  138.0   80.0  444.0
2020 237  8 24 0900  -15.3  962.5    8.5  130.0   79.8  444.0
2020 237  8 24 1000  -15.3  963.9    8.5  128.0   74.0  444.0
2020 237  8 24 1100  -18.5  965.2    4.6  199.0   82.5  444.0
2020 237  8 24 1200  -18.9  966.0    4.2  207.0   82.0  444.0
2020 237  8 24 1300  -19.1  966.7    2.5  219.0   82.0  444.0
2020 237  8 24 1400  -18.4  966.8    5.9  278.0   82.0  444.0
2020 237  8 24 1500  -18.3  966.2   10.8  281.0   83.0  444.0
2020 237  8 24 1600  -18.1  966.0   12.2  279.0   80.0  444.0
2020 237  8 24 1700  -18.5  966.9   12.1  277.0   70.0  444.0
2020 237  8 24 1800  -19.3  966.5   13.2  278.0   74.0  444.0
2020 237  8 24 1900  -18.0  966.9   13.1  278.0   70.0  444.0
2020 237  8 24 2000  -19.9  967.5   12.6  269.0   78.0  444.0
2020 237  8 24 2100  -19.6  969.1   14.1  278.0   75.5  444.0
2020 237  8 24 2200  -18.4  971.4    6.9  264.0   67.0  444.0
2020 237  8 24 2300  -18.9  973.3    3.5  243.0   71.0  444.0
2020 238  8 25 0000  -19.3  974.5    4.4  256.0   82.0  444.0
2020 238  8 25 0100  -18.2  975.6    5.7  251.0   82.0  444.0
2020 238  8 25 0200  -17.8  976.4    5.4  242.0   81.2  444.0
2020 238  8 25 0300  -18.8  977.3    3.1  248.0   82.7  444.0
2020 238  8 25 0400  -17.0  977.9    5.9  186.0   84.0  444.0
2020 238  8 25 0500  -17.6  979.1    6.0  185.0   82.0  444.0
2020 238  8 25 0600  -18.3  979.9    5.4  186.0   83.0  444.0
2020 238  8 25 0700  -18.2  980.5    4.6  186.0   83.0  444.0
2020 238  8 25 0800  -19.3  980.5    4.0  226.0   82.0  444.0
2020 238  8 25 0900  -20.4  980.5    5.0  251.0   80.6  444.0
2020 238  8 25 1000  -20.1  980.6    4.9  260.0   81.0  444.0
2020 238  8 25 1100  -19.7  980.5    7.5  268.0   82.0  444.0
2020 238  8 25 1200  -19.8  980.4    8.2  266.0   81.0  444.0
2020 238  8 25 1300  -20.0  980.2    7.5  263.0   74.0  444.0
2020 238  8 25 1400  -20.2  980.2    7.5  263.0   72.3  444.0
2020 238  8 25 1500  -20.3  980.5    7.2  262.0   75.0  444.0
2020 238  8 25 1600  -21.0  980.9    6.0  255.0   78.0  444.0
2020 238  8 25 1700  -20.7  981.0    7.3  262.0   80.0  444.0
2020 238  8 25 1800  -21.0  981.7    6.1  236.0   81.0  444.0
2020 238  8 25 1900  -18.8  982.1    9.4  147.0   75.5  444.0
2020 238  8 25 2000  -20.0  983.0    6.4  191.0   76.0  444.0
2020 238  8 25 2100  -20.4  983.5    4.4  210.0   78.0  444.0
2020 238  8 25 2200  -21.6  984.3    4.9  213.0   74.0  444.0
2020 238  8 25 2300  -21.0  984.4    3.8  183.0   80.0  444.0
2020 239  8 26 0000  -19.9  985.1    3.2  185.0   76.7  444.0
2020 239  8 26 0100  -20.3  985.5    2.9  203.0   81.4  444.0
2020 239  8 26 0200  -19.9  986.2    2.9  190.0   77.0  444.0
2020 239  8 26 0300  -21.4  986.8    3.1  213.0   69.0  444.0
2020 239  8 26 0400  -21.7  987.5    4.8  256.0   71.0  444.0
2020 239  8 26 0500  -21.2  988.6    5.3  258.0   77.0  444.0
2020 239  8 26 0600  -21.6  989.4    6.4  262.0   80.0  444.0
2020 239  8 26 0700  -21.6  989.9    8.1  258.0   79.0  444.0
2020 239  8 26 0800  -21.6  990.8    8.1  250.0   80.0  444.0
2020 239  8 26 0900  -21.8  991.3   10.6  252.0   80.0  444.0
2020 239  8 26 1000  -21.6  992.3    9.0  248.0   80.0  444.0
2020 239  8 26 1100  -20.9  993.4    7.4  229.0   80.0  444.0
2020 239  8 26 1200  -21.2  994.4    5.0  234.0   80.3  444.0
2020 239  8 26 1300  -22.6  994.7    8.7  274.0   78.8  444.0
2020 239  8 26 1400  -22.8  994.9    8.8  265.0   79.0  444.0
2020 239  8 26 1500  -23.6  994.8    9.6  276.0   78.0  444.0
2020 239  8 26 1600  -24.5  995.3   11.0  254.0   77.0  444.0
2020 239  8 26 1700  -25.5  994.7   11.4  265.0   76.0  444.0
2020 239  8 26 1800  -24.6  994.8   12.5  268.0   70.5  444.0
2020 239  8 26 1900  -24.0  995.4   11.1  268.0   69.0  444.0
2020 239  8 26 2000  -23.5  995.4   11.1  273.0   67.0  444.0
2020 239  8 26 2100  -23.9  994.8   13.8  275.0   74.0  444.0
2020 239  8 26 2200  -23.5  996.5   10.3  266.0   69.7  444.0
2020 239  8 26 2300  -23.6  996.5    8.1  273.0   73.5  444.0
2020 240  8 27 0000  -23.4  996.5    7.1  269.0   76.0  444.0
2020 240  8 27 0100  -23.5  996.9    5.1  258.0   75.0  444.0
2020 240  8 27 0200  -23.2  997.2    5.8  261.0   76.0  444.0
2020 240  8 27 0300  -22.7  997.3    6.3  266.0   78.0  444.0
2020 240  8 27 0400  -22.4  997.6    5.3  266.0   79.3  444.0
2020 240  8 27 0500  -22.4  997.8    5.2  264.0   79.0  444.0
2020 240  8 27 0600  -22.7  998.0    3.6  255.0   78.8  444.0
2020 240  8 27 0700  -22.4  998.0    5.3  269.0   79.4  444.0
2020 240  8 27 0800  -22.4  998.1    4.7  266.0   79.0  444.0
2020 240  8 27 0900  -22.5  998.2    4.5  264.0   79.0  444.0
2020 240  8 27 1000  -22.5  998.4    4.2  259.0   79.0  444.0
2020 240  8 27 1100  -22.2  998.4    5.1  270.0   79.1  444.0
2020 240  8 27 1200  -22.1  998.6    3.9  254.0   79.0  444.0
2020 240  8 27 1300  -22.8  998.8    3.6  255.0   79.0  444.0
2020 240  8 27 1400  -22.4  999.1    3.5  238.0   79.0  444.0
2020 240  8 27 1500  -22.6  999.4    2.1  231.0   79.0  444.0
2020 240  8 27 1600  -22.2  999.5    4.0  193.0   79.2  444.0
2020 240  8 27 1700  -23.2  999.7    4.1  241.0   78.0  444.0
2020 240  8 27 1800  -23.1 1000.0    3.6  227.0   78.0  444.0
2020 240  8 27 1900  -22.4  999.9    3.9  158.0   79.0  444.0
2020 240  8 27 2000  -23.5 1000.4    2.0  201.0   78.0  444.0
2020 240  8 27 2100  -23.1 1000.6    3.2  167.0   79.2  444.0
2020 240  8 27 2200  -24.2 1001.1    2.5  205.0   78.0  444.0
2020 240  8 27 2300  -23.6 1001.1    4.2  211.0   78.0  444.0
2020 241  8 28 0000  -23.9 1000.9    4.0  242.0   78.0  444.0
2020 241  8 28 0100  -23.8 1001.1    4.7  264.0   77.0  444.0
2020 241  8 28 0200  -23.6 1001.0    6.1  266.0   77.8  444.0
2020 241  8 28 0300  -23.4 1001.2    6.4  267.0   78.0  444.0
2020 241  8 28 0400  -23.9 1001.1    7.4  270.0   77.5  444.0
2020 241  8 28 0500  -22.7 1001.2    6.3  272.0   77.8  444.0
2020 241  8 28 0600  -23.0 1001.3    4.1  261.0   78.0  444.0
2020 241  8 28 0700  -23.5 1001.4    3.2  248.0   76.0  444.0
2020 241  8 28 0800  -24.3 1001.4    2.2  248.0   78.0  444.0
2020 241  8 28 0900  -24.8 1001.5    2.3  258.0   77.8  444.0
2020 241  8 28 1000  -24.2 1001.2    1.9  242.0   78.0  444.0
2020 241  8 28 1100  -23.9 1001.0    2.0  253.0   78.0  444.0
2020 241  8 28 1200  -24.6 1000.7    3.0  260.0   78.0  444.0
2020 241  8 28 1300  -25.5 1000.6    3.6  260.0   77.0  444.0
2020 241  8 28 1400  -25.3 1000.4    4.2  266.0   77.2  444.0
2020 241  8 28 1500  -25.1 1000.3    4.5  262.0   78.0  444.0
2020 241  8 28 1600  -24.7 1000.0    4.5  259.0   77.0  444.0
2020 241  8 28 1700  -24.7  999.7    4.3  259.0   77.0  444.0
2020 241  8 28 1800  -23.7  999.6    3.2  267.0   77.0  444.0
2020 241  8 28 1900  -23.6  999.3    2.4  272.0   78.0  444.0
2020 241  8 28 2000  -23.4  999.2    1.3  255.0   78.0  444.0
2020 241  8 28 2100  -24.6  998.9    1.3  257.0   77.0  444.0
2020 241  8 28 2200  -23.8  998.7    1.5  246.0   78.0  444.0
2020 241  8 28 2300  -23.1  998.2    1.4  252.0   78.0  444.0
2020 242  8 29 0000  -23.2  997.4    1.5  246.0   77.9  444.0
2020 242  8 29 0100  -22.6  997.1    0.9  246.0   78.0  444.0
2020 242  8 29 0200  -22.6  996.8    0.8  245.0   78.0  444.0
2020 242  8 29 0300  -21.7  996.0    2.4  130.0   79.0  444.0
2020 242  8 29 0400  -21.7  995.1    2.2  131.0   79.0  444.0
2020 242  8 29 0500  -22.4  994.5    1.2  167.0   79.4  444.0
2020 242  8 29 0600  -22.4  994.0    2.6  152.0   79.0  444.0
2020 242  8 29 0700  -22.1  993.5    3.7  154.0   78.0  444.0
2020 242  8 29 0800  -23.0  993.0    2.3  202.0   78.9  444.0
2020 242  8 29 0900  -23.1  992.2    5.5  240.0   78.0  444.0
2020 242  8 29 1000  -22.1  989.9   19.9  255.0   80.0  444.0
2020 242  8 29 1100  -22.9  987.6   22.9  260.0   78.0  444.0
2020 242  8 29 1200  -24.3  985.6   29.4  262.0   77.1  444.0
2020 242  8 29 1300  -24.8  984.9   29.9  258.0   77.0  444.0
2020 242  8 29 1400  -25.0  982.8   33.0  257.0   77.0  444.0
2020 242  8 29 1500  -25.1  983.1   32.9  255.0   77.0  444.0
2020 242  8 29 1600  -27.0  980.0   37.3  255.0   75.0  444.0
2020 242  8 29 1700  -29.4  979.0   38.8  256.0   73.5  444.0
2020 242  8 29 1800  -28.9  977.3   39.5  259.0   74.0  444.0
2020 242  8 29 1900  -28.5  977.9   41.2  259.0   74.0  444.0
2020 242  8 29 2000  -28.1  978.8   34.1  254.0   75.0  444.0
2020 242  8 29 2100  -27.9  979.2   35.3  251.0   75.0  444.0
2020 242  8 29 2200  -28.1  980.5   30.7  253.0   74.7  444.0
2020 242  8 29 2300  -28.4  978.9   32.2  252.0   74.0  444.0
2020 243  8 30 0000  -28.0  978.9   27.1  257.0   75.0  444.0
2020 243  8 30 0100  -27.9  979.4   26.0  255.0   74.0  444.0
2020 243  8 30 0200  -27.3  977.9   25.1  259.0   74.0  444.0
2020 243  8 30 0300  -27.0  976.7   25.6  258.0   74.0  444.0
2020 243  8 30 0400  -26.6  976.2   27.3  257.0   75.0  444.0
2020 243  8 30 0500  -26.3  976.4   23.1  259.0   73.0  444.0
2020 243  8 30 0600  -26.1  975.6   22.0  260.0   72.0  444.0
2020 243  8 30 0700  -26.4  976.5   21.3  261.0   71.0  444.0
2020 243  8 30 0800  -26.1  975.1   22.9  262.0   70.0  444.0
2020 243  8 30 0900  -26.0  974.4   25.3  268.0   64.0  444.0
2020 243  8 30 1000  -26.2  973.2   26.8  267.0   68.1  444.0
2020 243  8 30 1100  -25.6  972.4   25.5  272.0   65.0  444.0
2020 243  8 30 1200  -25.5  973.3   12.3  272.0   68.0  444.0
2020 243  8 30 1300  -24.7  972.2   18.3  271.0   69.0  444.0
2020 243  8 30 1400  -24.3  971.1   19.6  271.0   68.0  444.0
2020 243  8 30 1500  -24.0  970.3   16.4  271.0   69.2  444.0
2020 243  8 30 1600  -24.3  971.0   14.4  267.0   75.0  444.0
2020 243  8 30 1700  -23.4  970.0   12.6  266.0   73.0  444.0
2020 243  8 30 1800  -23.1  969.2   13.2  271.0   72.0  444.0
2020 243  8 30 1900  -22.9  969.6    7.0  248.0   69.0  444.0
2020 243  8 30 2000  -23.1  969.6    3.3  236.0   78.2  444.0
2020 243  8 30 2100  -22.7  968.6    2.5  235.0   78.0  444.0
2020 243  8 30 2200  -21.9  967.8    4.0  249.0   80.0  444.0
2020 243  8 30 2300  -20.6  966.6    6.3  225.0   61.0  444.0
2020 244  8 31 0000  -21.4  965.7    6.8  238.0   70.0  444.0
2020 244  8 31 0100  -21.6  964.9    4.3  224.0   79.8  444.0
2020 244  8 31 0200  -20.9  962.6   13.0  251.0   79.0  444.0
2020 244  8 31 0300  -21.0  962.8    9.2  234.0   78.0  444.0
2020 244  8 31 0400  -21.3  961.5   16.6  247.0   78.0  444.0
2020 244  8 31 0500  -20.9  959.3   20.4  264.0   78.0  444.0
2020 244  8 31 0600  -20.9  960.4   18.8  270.0   80.1  444.0
2020 244  8 31 0700  -20.3  958.7   21.5  270.0   81.0  444.0
2020 244  8 31 0800  -19.6  958.4   20.1  272.0   81.0  444.0
2020 244  8 31 0900  -19.1  956.9   21.4  274.0   82.0  444.0
2020 244  8 31 1000  -18.9  957.1   18.6  270.0   83.0  444.0
2020 244  8 31 1100  -18.4  957.1   18.5  275.0   83.0  444.0
2020 244  8 31 1200  -17.3  955.8   18.2  276.0   83.0  444.0
2020 244  8 31 1300  -16.8  955.0   17.5  274.0   85.0  444.0
2020 244  8 31 1400  -15.7  955.3   16.2  267.0   85.0  444.0
2020 244  8 31 1500  -15.1  954.6   12.8  270.0   85.0  444.0
2020 244  8 31 1600  -13.1  954.4    7.0  244.0   88.0  444.0
2020 244  8 31 1700   -8.6  953.2   11.6  154.0   92.0  444.0
2020 244  8 31 1800   -7.9  952.0   14.9  151.0   93.0  444.0
2020 244  8 31 1900   -7.7  951.5   15.2  133.0   93.0  444.0
2020 244  8 31 2000   -7.0  951.9   14.5  126.0   94.0  444.0
2020 244  8 31 2100   -6.9  952.1   13.4  120.0   94.0  444.0
2020 244  8 31 2200   -7.3  951.1   16.1  122.0   93.7  444.0
2020 244  8 31 2300   -7.7  951.2   14.4  128.0   94.0  444.0
