Year: 2006  Month: 01  ID: MLA  ARGOS:  8905  Name: Manuela           
Lat: 74.95S  Lon: 163.69E  Elev:   78m                                
2006   1  1  1 0000    0.5  987.0  444.0   75.0   53.2  444.0
2006   1  1  1 0100    1.2  986.7  444.0   75.0   52.3  444.0
2006   1  1  1 0200    0.6  986.2  444.0   72.0   54.9  444.0
2006   1  1  1 0300    1.9  985.8  444.0   58.0   52.3  444.0
2006   1  1  1 0400    2.9  985.5  444.0   85.0   54.0  444.0
2006   1  1  1 0500    1.6  985.2  444.0   82.0   56.5  444.0
2006   1  1  1 0600    1.6  985.0  444.0   76.0   57.0  444.0
2006   1  1  1 0700    0.1  984.7  444.0  100.0   57.8  444.0
2006   1  1  1 0800    0.1  984.5  444.0  112.0   56.1   -3.8
2006   1  1  1 0900   -0.6  984.3  444.0   90.0   70.8   -3.4
2006   1  1  1 1000   -1.9  984.0  444.0   90.0   84.7   -2.2
2006   1  1  1 1100   -2.4  983.7  444.0    0.0   86.4   -2.6
2006   1  1  1 1200   -2.4  983.4  444.0  134.0   87.6   -4.0
2006   1  1  1 1300   -2.9  983.1  444.0    0.0   90.1   -3.9
2006   1  1  1 1400   -2.9  982.7  444.0  154.0   92.2   -3.1
2006   1  1  1 1500   -2.9  982.4  444.0  161.0   93.9   -3.2
2006   1  1  1 1600   -2.6  982.0  444.0  158.0   94.8   -4.0
2006   1  1  1 1700   -2.9  981.9  444.0  149.0   95.6   -3.0
2006   1  1  1 1800   -2.9  981.7  444.0  151.0   96.0  444.0
2006   1  1  1 1900   -2.9  981.6  444.0  162.0   94.8   -3.8
2006   1  1  1 2000   -2.6  981.5  444.0    0.0   94.3  444.0
2006   1  1  1 2100   -2.4  981.3  444.0  171.0   88.0  444.0
2006   1  1  1 2200   -2.2  981.3  444.0  161.0   83.4  444.0
2006   1  1  1 2300   -1.9  981.1  444.0  168.0   78.8  444.0
2006   2  1  2 0000   -1.6  980.8  444.0    0.0   75.4  444.0
2006   2  1  2 0100   -0.5  980.5  444.0  185.0   69.1  444.0
2006   2  1  2 0200   -0.5  980.1  444.0  186.0   72.9   -1.4
2006   2  1  2 0300    0.1  980.2  444.0    0.0   67.9  444.0
2006   2  1  2 0400   -0.5  980.1  444.0  223.0   69.1  444.0
2006   2  1  2 0500   -1.5  980.0  444.0    0.0   75.4  444.0
2006   2  1  2 0600   -1.9  980.1  444.0  218.0   78.0  444.0
2006   2  1  2 0700   -1.9  980.4  444.0  189.0   83.8  444.0
2006   2  1  2 0800   -2.9  980.6  444.0  194.0   85.9  444.0
2006   2  1  2 0900  444.0  980.7  444.0  209.0   83.4  444.0
2006   2  1  2 1000   -3.1  981.0  444.0  211.0   86.8  444.0
2006   2  1  2 1100   -4.0  981.0  444.0  223.0   85.5  444.0
2006   2  1  2 1200   -3.6  981.2  444.0  231.0   88.5  444.0
2006   2  1  2 1300   -3.8  981.5  444.0    0.0   89.7  444.0
2006   2  1  2 1400   -3.6  981.6  444.0  216.0   91.4  444.0
2006   2  1  2 1500   -3.6  981.8  444.0    0.0   91.4  444.0
2006   2  1  2 1600   -3.6  982.1  444.0  238.0   88.9  444.0
2006   2  1  2 1700   -3.2  982.5  444.0  268.0   86.8  444.0
2006   2  1  2 1800   -2.6  982.6  444.0  280.0   83.8  444.0
2006   2  1  2 1900   -2.6  982.6  444.0  292.0   74.6  444.0
2006   2  1  2 2000   -2.2  982.7  444.0  296.0   68.3  444.0
2006   2  1  2 2100   -1.6  982.7  444.0    0.0   64.9  444.0
2006   2  1  2 2200   -0.5  982.7  444.0  300.0   57.0   -3.0
2006   2  1  2 2300    1.2  982.6  444.0  303.0   49.0  444.0
2006   3  1  3 0000    0.5  982.7  444.0  307.0   46.0  444.0
2006   3  1  3 0100    0.8  982.8  444.0   41.0   47.7  444.0
2006   3  1  3 0200    2.1  982.7  444.0   24.0   45.6  444.0
2006   3  1  3 0300  444.0  982.4  444.0  328.0   37.6  444.0
2006   3  1  3 0400  444.0  982.5  444.0    0.0   43.1  444.0
2006   3  1  3 0500    1.8  982.7  444.0   99.0   51.5  444.0
2006   3  1  3 0600    2.5  982.9  444.0   75.0   57.8  444.0
2006   3  1  3 0700    2.5  983.1  444.0    0.0   57.8  444.0
2006   3  1  3 0800  444.0  983.4  444.0   90.0   59.1  444.0
2006   3  1  3 0900    0.4  983.7  444.0  102.0   60.7   -3.8
2006   3  1  3 1000  444.0  984.1  444.0  109.0   64.5   -3.2
2006   3  1  3 1100   -0.5  984.4  444.0  131.0   70.0   -2.6
2006   3  1  3 1200   -0.6  985.1  444.0  134.0   69.1   -2.6
2006   3  1  3 1300   -4.5  985.5  444.0  158.0   81.7   -0.9
2006   3  1  3 1400   -5.4  985.9  444.0  176.0   86.8   -2.9
2006   3  1  3 1500   -6.2  986.1  444.0  159.0   83.0   -1.4
2006   3  1  3 1600   -6.0  986.4  444.0  147.0   72.5   -1.6
2006   3  1  3 1700  444.0  986.7  444.0    0.0   61.6   -2.3
2006   3  1  3 1800   -5.4  986.8  444.0  232.0   63.7   -1.6
2006   3  1  3 1900   -4.9  987.0  444.0  238.0   62.0   -2.0
2006   3  1  3 2000   -4.0  987.1  444.0  207.0   54.9   -2.5
2006   3  1  3 2100  444.0  987.0  444.0  161.0   50.2   -3.8
2006   3  1  3 2200   -0.5  986.8  444.0  161.0   50.2  444.0
2006   3  1  3 2300    0.1  986.6  444.0    0.0   56.1   -3.4
2006   4  1  4 0000  444.0  986.3  444.0  117.0   54.4  444.0
2006   4  1  4 0100   -0.1  986.1  444.0  110.0   54.4  444.0
2006   4  1  4 0200   -0.1  986.2  444.0  134.0   56.1  444.0
2006   4  1  4 0300   -0.1  986.1  444.0  127.0   58.2  444.0
2006   4  1  4 0400    0.0  986.1  444.0  134.0   58.6  444.0
2006   4  1  4 0500    0.1  986.0  444.0    0.0   59.9  444.0
2006   4  1  4 0600   -0.1  985.8  444.0  134.0   60.7  444.0
2006   4  1  4 0700    0.0  985.7  444.0  123.0   63.3  444.0
2006   4  1  4 0800   -0.5  985.7  444.0  119.0   63.7   -3.7
2006   4  1  4 0900   -1.2  985.6  444.0  134.0   68.3   -2.8
2006   4  1  4 1000   -2.4  985.7  444.0  134.0   74.2   -2.2
2006   4  1  4 1100   -3.4  985.7  444.0  145.0   75.9   -2.2
2006   4  1  4 1200   -5.2  985.8  444.0  178.0   81.3   -1.4
2006   4  1  4 1300   -6.2  985.7  444.0  166.0   79.2   -1.4
2006   4  1  4 1400   -5.2  986.0  444.0  178.0   74.6   -1.8
2006   4  1  4 1500   -5.5  985.8  444.0  192.0   70.4   -2.0
2006   4  1  4 1600   -7.6  985.8  444.0  266.0   69.1   -1.3
2006   4  1  4 1700   -6.1  985.7  444.0    0.0   70.8   -2.0
2006   4  1  4 1800   -5.9  985.6  444.0  286.0   42.7   -1.7
2006   4  1  4 1900   -5.8  985.2  444.0  284.0   49.4   -1.6
2006   4  1  4 2000   -5.0  985.5  444.0  275.0   52.3   -1.8
2006   4  1  4 2100   -4.0  985.3  444.0  269.0   45.2   -1.7
2006   4  1  4 2200   -2.6  985.2  444.0  286.0   44.4   -2.4
2006   4  1  4 2300   -1.6  985.2  444.0  241.0   41.4   -2.8
2006   5  1  5 0000    0.1  985.4  444.0  228.0   36.4   -3.6
2006   5  1  5 0100    0.5  985.2  444.0  261.0   36.0  444.0
2006   5  1  5 0200  444.0  985.1  444.0  252.0   36.4  444.0
2006   5  1  5 0300   -0.1  985.0  444.0  223.0   43.5   -3.4
2006   5  1  5 0400    0.6  985.0  444.0  179.0   49.0   -4.0
2006   5  1  5 0500    0.4  985.0  444.0  165.0   52.8   -4.0
2006   5  1  5 0600   -0.1  985.1  444.0  175.0   54.9   -3.5
2006   5  1  5 0700  444.0  985.3  444.0  251.0   57.0   -2.1
2006   5  1  5 0800   -1.6  985.5  444.0  282.0   59.5   -1.7
2006   5  1  5 0900   -2.2  985.7  444.0  314.0   66.2   -1.3
2006   5  1  5 1000   -2.9  986.0  444.0    0.0   62.8   -1.4
2006   5  1  5 1100   -3.6  986.0  444.0    0.0   75.9   -0.8
2006   5  1  5 1200  444.0  986.1  444.0    0.0   76.3   -1.3
2006   5  1  5 1300  444.0  986.2  444.0  353.0   71.7   -0.7
2006   5  1  5 1400  444.0  986.3  444.0    0.0   75.4   -0.6
2006   5  1  5 1500   -3.8  986.1  444.0    0.0   82.6   -0.8
2006   5  1  5 1600   -3.6  986.2  444.0  314.0   80.5   -0.8
2006   5  1  5 1700   -4.0  986.4  444.0  300.0   83.8   -1.0
2006   5  1  5 1800   -4.0  986.4  444.0  287.0   81.7   -1.3
2006   5  1  5 1900   -3.6  986.5  444.0  294.0   67.5   -1.3
2006   5  1  5 2000   -3.0  986.7  444.0  294.0   62.4   -1.0
2006   5  1  5 2100   -2.2  986.7  444.0  294.0   50.2   -2.1
2006   5  1  5 2200   -2.9  986.5  444.0  301.0   45.2   -1.6
2006   5  1  5 2300   -2.2  986.4  444.0  300.0   39.7   -2.0
2006   6  1  6 0000   -2.0  986.4  444.0    0.0   42.3   -2.3
2006   6  1  6 0100   -1.2  986.4  444.0  286.0   41.8   -2.2
2006   6  1  6 0200   -1.4  986.3  444.0  270.0   47.3   -2.2
2006   6  1  6 0300   -1.0  986.1  444.0  261.0   43.5   -2.2
2006   6  1  6 0400  444.0  986.0  444.0    0.0   49.4   -2.1
2006   6  1  6 0500  444.0  985.9  444.0  193.0   43.5   -2.1
2006   6  1  6 0600  444.0  986.2  444.0  216.0   54.0   -1.6
2006   6  1  6 0700  444.0  986.5  444.0  169.0   57.8   -1.4
2006   6  1  6 0800   -2.5  986.6  444.0  178.0   60.7   -1.0
2006   6  1  6 0900   -2.9  986.7  444.0  182.0   64.1   -0.5
2006   6  1  6 1000   -3.2  986.9  444.0    0.0   65.8   -0.7
2006   6  1  6 1100   -3.2  987.0  444.0  162.0   66.6   -0.7
2006   6  1  6 1200   -3.4  987.0  444.0  168.0   73.8   -0.7
2006   6  1  6 1300   -3.5  987.1  444.0  164.0   75.4   -0.8
2006   6  1  6 1400   -3.4  987.0  444.0  171.0   74.2   -0.7
2006   6  1  6 1500   -4.0  986.9  444.0    0.0   75.9   -0.6
2006   6  1  6 1600   -4.2  986.9  444.0  186.0   74.6   -0.5
2006   6  1  6 1700   -4.4  986.8  444.0  178.0   76.3   -0.3
2006   6  1  6 1800   -4.0  987.1  444.0    0.0   75.4   -0.5
2006   6  1  6 1900   -4.4  987.0  444.0  173.0   74.6   -0.5
2006   6  1  6 2000   -3.9  987.1  444.0    0.0   71.2   -0.5
2006   6  1  6 2100   -3.4  987.2  444.0  189.0   67.0   -0.7
2006   6  1  6 2200   -2.6  987.1  444.0  183.0   63.7   -0.9
2006   6  1  6 2300   -2.2  986.8  444.0  216.0   56.5   -1.1
2006   7  1  7 0000  444.0  986.5  444.0    0.0   54.0   -0.9
2006   7  1  7 0100  444.0  986.1  444.0  213.0   48.6   -1.3
2006   7  1  7 0200   -1.2  985.5  444.0  270.0   51.9   -1.1
2006   7  1  7 0300    0.0  984.7  444.0  287.0   50.2   -1.7
2006   7  1  7 0400    0.0  984.1  444.0  303.0   53.6   -1.7
2006   7  1  7 0500   -1.2  983.4  444.0  301.0   58.2   -1.2
2006   7  1  7 0600   -0.9  983.3  444.0  293.0   51.1   -1.2
2006   7  1  7 0700  444.0  983.2  444.0    0.0   41.8   -2.0
2006   7  1  7 0800   -0.1  982.9  444.0  303.0   46.9   -1.5
2006   7  1  7 0900   -1.0  982.7  444.0  293.0   56.1   -0.9
2006   7  1  7 1000  444.0  982.5  444.0    0.0   54.0   -1.3
2006   7  1  7 1100  444.0  982.4  444.0  100.0   49.4   -1.1
2006   7  1  7 1200   -2.4  982.4  444.0    0.0   57.0   -1.1
2006   7  1  7 1300   -4.6  982.2  444.0    0.0   68.7    0.1
2006   7  1  7 1400   -6.1  982.2  444.0    0.0   75.9    0.0
2006   7  1  7 1500   -5.5  982.0  444.0  259.0   72.1   -0.4
2006   7  1  7 1600   -5.4  981.8  444.0  248.0   70.8   -0.2
2006   7  1  7 1700   -5.0  981.7  444.0  258.0   64.9   -0.2
2006   7  1  7 1800   -4.6  981.6  444.0  262.0   58.6   -0.4
2006   7  1  7 1900   -2.4  981.7  444.0  289.0   43.9   -1.0
2006   7  1  7 2000   -2.4  981.5  444.0  301.0   41.4   -1.0
2006   7  1  7 2100   -1.9  981.4  444.0  297.0   42.3   -1.2
2006   7  1  7 2200   -0.5  981.3  444.0  296.0   39.3   -1.7
2006   7  1  7 2300   -0.2  981.5  444.0  273.0   44.4   -1.6
2006   8  1  8 0000   -0.2  981.6  444.0    0.0   38.5   -1.6
2006   8  1  8 0100    0.4  981.7  444.0  228.0   43.1   -2.4
2006   8  1  8 0200   -0.1  981.5  444.0  241.0   46.5   -1.4
2006   8  1  8 0300    1.5  981.5  444.0  277.0   42.7   -1.8
2006   8  1  8 0400    2.4  981.3  444.0    0.0   36.0   -2.3
2006   8  1  8 0500    1.9  981.2  444.0  232.0   30.5   -2.3
2006   8  1  8 0600   -0.1  981.2  444.0  289.0   49.4   -1.3
2006   8  1  8 0700    1.1  981.6  444.0  289.0   37.2   -1.7
2006   8  1  8 0800  444.0  982.1  444.0    0.0   30.5   -1.3
2006   8  1  8 0900  444.0  982.4  444.0    0.0   28.4   -1.1
2006   8  1  8 1000  444.0  982.6  444.0    0.0   30.5   -1.0
2006   8  1  8 1100   -1.5  982.5  444.0  294.0   33.0   -0.7
2006   8  1  8 1200   -1.8  982.5  444.0  294.0   35.5   -0.7
2006   8  1  8 1300   -2.5  982.4  444.0  284.0   45.6   -0.5
2006   8  1  8 1400   -2.9  982.6  444.0  254.0   44.8   -0.4
2006   8  1  8 1500  444.0  982.4  444.0  242.0   41.0   -0.5
2006   8  1  8 1600  444.0  982.6  444.0  216.0   42.7   -0.4
2006   8  1  8 1700   -3.8  982.9  444.0  155.0   54.0   -0.3
2006   8  1  8 1800   -4.2  983.5  444.0    0.0   51.9   -0.2
2006   8  1  8 1900   -4.1  983.7  444.0  272.0   50.2   -0.2
2006   8  1  8 2000   -4.1  983.6  444.0  299.0   50.2   -0.2
2006   8  1  8 2100   -4.6  983.5  444.0  290.0   52.3   -0.2
2006   8  1  8 2200   -2.6  983.3  444.0  286.0   47.3   -0.5
2006   8  1  8 2300   -2.6  982.9  444.0  290.0   45.6   -0.4
2006   9  1  9 0000   -2.0  981.9  444.0  284.0   45.6   -0.7
2006   9  1  9 0100   -1.0  981.8  444.0  273.0   41.8   -0.8
2006   9  1  9 0200    1.0  981.8  444.0  310.0   38.1   -1.3
2006   9  1  9 0300    0.5  981.2  444.0  294.0   42.3   -1.3
2006   9  1  9 0400    2.5  981.2  444.0  313.0   33.9   -1.8
2006   9  1  9 0500    3.1  981.1  444.0  332.0   28.8   -2.0
2006   9  1  9 0600    3.4  980.7  444.0   23.0   28.8   -2.3
2006   9  1  9 0700    0.5  980.3  444.0    0.0   41.4   -0.9
2006   9  1  9 0800    1.9  980.2  444.0    3.0   40.2   -1.6
2006   9  1  9 0900    1.8  980.2  444.0    0.0   31.8   -1.7
2006   9  1  9 1000   -0.5  980.1  444.0    0.0   45.2   -0.8
2006   9  1  9 1100   -2.0  979.7  444.0  231.0   47.7   -0.6
2006   9  1  9 1200   -3.2  979.3  444.0  261.0   43.9   -0.2
2006   9  1  9 1300   -4.1  978.1  444.0  282.0   49.4   -0.1
2006   9  1  9 1400   -5.2  977.2  444.0  270.0   54.9    0.0
2006   9  1  9 1500   -6.0  977.2  444.0  296.0   57.4    0.1
2006   9  1  9 1600   -6.6  976.6  444.0  275.0   57.8    0.2
2006   9  1  9 1700   -6.6  977.3  444.0  268.0   56.1    0.2
2006   9  1  9 1800   -6.6  976.8  444.0  290.0   53.6    0.1
2006   9  1  9 1900   -6.6  977.2  444.0  284.0   54.4    0.1
2006   9  1  9 2000   -6.1  976.7  444.0  279.0   53.6    0.1
2006   9  1  9 2100   -5.5  977.6  444.0  275.0   50.2    0.1
2006   9  1  9 2200   -4.6  977.8  444.0  279.0   52.8   -0.1
2006   9  1  9 2300   -4.6  977.2  444.0  275.0   50.2    0.1
2006  10  1 10 0000   -3.6  976.9  444.0  279.0   48.6   -0.1
2006  10  1 10 0100   -3.6  976.2  444.0  277.0   50.7   -0.1
2006  10  1 10 0200   -2.9  976.8  444.0  275.0   47.3   -0.3
2006  10  1 10 0300   -2.9  976.5  444.0  275.0   48.6   -0.3
2006  10  1 10 0400   -2.2  976.5  444.0  275.0   47.3   -0.3
2006  10  1 10 0500   -1.0  977.6  444.0  242.0   41.4   -0.5
2006  10  1 10 0600   -0.5  977.8  444.0  210.0   37.6   -0.7
2006  10  1 10 0700   -0.9  977.9  444.0    0.0   64.9   -0.7
2006  10  1 10 0800   -1.9  978.1  444.0  178.0   67.0   -0.2
2006  10  1 10 0900   -2.4  978.2  444.0  169.0   68.3   -0.2
2006  10  1 10 1000   -4.1  978.1  444.0  179.0   65.8    0.2
2006  10  1 10 1100   -4.8  978.1  444.0  172.0   72.9    0.2
2006  10  1 10 1200   -5.9  978.3  444.0    0.0   70.0    0.5
2006  10  1 10 1300   -6.6  978.5  444.0  204.0   72.5    0.7
2006  10  1 10 1400   -5.4  978.5  444.0  237.0   73.8    0.4
2006  10  1 10 1500   -5.5  978.5  444.0    0.0   61.6    0.1
2006  10  1 10 1600   -6.0  978.5  444.0  262.0   54.4    0.1
2006  10  1 10 1700   -7.4  978.6  444.0  272.0   49.0    0.1
2006  10  1 10 1800   -7.1  978.5  444.0  275.0   48.1    0.1
2006  10  1 10 1900   -6.9  978.3  444.0  272.0   45.2    0.0
2006  10  1 10 2000   -6.0  978.4  444.0  275.0   46.0    0.1
2006  10  1 10 2100   -4.9  979.0  444.0  283.0   46.9   -0.1
2006  10  1 10 2200   -4.1  979.0  444.0  280.0   42.7   -0.1
2006  10  1 10 2300   -3.5  979.0  444.0  282.0   39.7   -0.2
2006  11  1 11 0000   -3.2  978.7  444.0  282.0   39.3   -0.1
2006  11  1 11 0100   -2.5  978.9  444.0  280.0   36.8   -0.2
2006  11  1 11 0200   -2.4  978.5  444.0  286.0   40.2   -0.2
2006  11  1 11 0300   -1.6  978.5  444.0  280.0   39.7   -0.4
2006  11  1 11 0400   -1.2  978.4  444.0  284.0   39.7   -0.4
2006  11  1 11 0500   -1.4  978.5  444.0  289.0   36.8   -0.4
2006  11  1 11 0600   -0.9  978.8  444.0  296.0   34.7   -0.4
2006  11  1 11 0700   -0.9  979.0  444.0  308.0   35.1   -0.3
2006  11  1 11 0800   -1.8  979.2  444.0  299.0   40.2   -0.2
2006  11  1 11 0900   -1.8  979.5  444.0  296.0   49.4   -0.2
2006  11  1 11 1000  444.0  979.7  444.0  272.0   40.2   -0.2
2006  11  1 11 1100   -2.9  979.8  444.0  269.0   45.6   -0.1
2006  11  1 11 1200   -4.2  979.6  444.0  301.0   49.0    0.0
2006  11  1 11 1300   -4.8  979.8  444.0  306.0   50.2    0.0
2006  11  1 11 1400   -6.9  979.5  444.0  265.0   48.6    0.1
2006  11  1 11 1500   -6.0  979.7  444.0  296.0   43.9    0.1
2006  11  1 11 1600   -6.9  980.2  444.0  268.0   44.8    0.1
2006  11  1 11 1700   -7.6  980.3  444.0  283.0   53.2    0.1
2006  11  1 11 1800   -7.6  980.3  444.0  299.0   55.3    0.1
2006  11  1 11 1900   -5.4  980.4  444.0  292.0   43.1    0.1
2006  11  1 11 2000   -4.4  980.7  444.0  287.0   41.8   -0.1
2006  11  1 11 2100   -5.2  980.7  444.0  279.0   39.3    0.1
2006  11  1 11 2200   -4.4  981.2  444.0  272.0   39.7    0.0
2006  11  1 11 2300   -3.2  981.7  444.0  254.0   36.8   -0.1
2006  12  1 12 0000   -2.9  981.8  444.0  268.0   37.2   -0.1
2006  12  1 12 0100   -2.4  981.9  444.0  270.0   38.9   -0.1
2006  12  1 12 0200   -1.8  981.8  444.0  256.0   38.9   -0.2
2006  12  1 12 0300   -1.0  982.3  444.0  228.0   35.1   -0.3
2006  12  1 12 0400    1.9  982.5  444.0  338.0   30.9   -0.8
2006  12  1 12 0500    1.4  982.5  444.0  346.0   37.6   -0.6
2006  12  1 12 0600    1.0  981.9  444.0  306.0   32.2   -0.5
2006  12  1 12 0700   -0.5  982.2  444.0  322.0   27.1   -0.3
2006  12  1 12 0800   -0.8  982.4  444.0  313.0   35.5   -0.2
2006  12  1 12 0900   -3.8  982.9  444.0    0.0   57.0    0.2
2006  12  1 12 1000   -3.9  983.1  444.0    0.0   54.9    0.0
2006  12  1 12 1100  444.0  983.1  444.0    0.0   56.1    0.1
2006  12  1 12 1200   -4.1  983.0  444.0  249.0   46.0    0.1
2006  12  1 12 1300   -5.0  981.8  444.0  275.0   42.7    0.1
2006  12  1 12 1400   -5.8  982.4  444.0  300.0   48.1    0.1
2006  12  1 12 1500   -6.0  982.0  444.0  294.0   41.4    0.1
2006  12  1 12 1600   -6.9  981.5  444.0  294.0   43.9    0.4
2006  12  1 12 1700   -6.4  981.2  444.0  290.0   41.0    0.1
2006  12  1 12 1800   -6.0  980.7  444.0  290.0   37.6    0.1
2006  12  1 12 1900   -5.6  980.9  444.0  303.0   39.3    0.2
2006  12  1 12 2000   -5.2  981.4  444.0  294.0   43.1    0.1
2006  12  1 12 2100   -4.2  981.2  444.0  290.0   42.7    0.5
2006  12  1 12 2200   -3.5  981.0  444.0  292.0   39.3    0.5
2006  12  1 12 2300   -2.9  980.9  444.0  287.0   37.2    0.0
2006  13  1 13 0000   -2.2  981.5  444.0  292.0   41.0    0.4
2006  13  1 13 0100   -2.0  980.1  444.0  275.0   36.0    0.0
2006  13  1 13 0200   -1.2  980.8  444.0  276.0   37.2    0.5
2006  13  1 13 0300   -0.9  980.7  444.0  276.0   36.0    0.8
2006  13  1 13 0400   -0.8  980.5  444.0  293.0   35.5    0.0
2006  13  1 13 0500   -0.9  980.3  444.0  286.0   37.2    0.5
2006  13  1 13 0600   -1.2  980.4  444.0  292.0   37.6   -0.1
2006  13  1 13 0700   -1.4  980.3  444.0  287.0   38.1    0.0
2006  13  1 13 0800   -1.6  980.7  444.0  294.0   38.1    0.2
2006  13  1 13 0900   -2.2  981.1  444.0  290.0   41.0    0.3
2006  13  1 13 1000   -2.9  981.9  444.0  289.0   41.4    0.2
2006  13  1 13 1100   -3.1  981.7  444.0  297.0   40.2    0.1
2006  13  1 13 1200   -3.8  982.4  444.0  286.0   40.2    0.1
2006  13  1 13 1300   -4.1  982.2  444.0  290.0   39.3    0.1
2006  13  1 13 1400   -4.4  981.9  444.0  282.0   37.2    0.1
2006  13  1 13 1500   -5.0  981.8  444.0  286.0   38.9    0.1
2006  13  1 13 1600   -5.2  981.6  444.0  272.0   38.1    0.2
2006  13  1 13 1700   -6.1  444.0  444.0  279.0   49.8    0.2
2006  13  1 13 1800   -6.4  982.4  444.0  280.0   51.1    0.2
2006  13  1 13 1900   -5.4  982.8  444.0  284.0   41.0    0.2
2006  13  1 13 2000   -4.9  982.9  444.0  270.0   36.0    0.2
2006  13  1 13 2100   -4.9  984.1  444.0  273.0   38.5    0.2
2006  13  1 13 2200   -4.2  984.6  444.0  286.0   38.9    0.2
2006  13  1 13 2300   -3.5  985.5  444.0  276.0   38.5    0.1
2006  14  1 14 0000   -2.9  985.7  444.0  275.0   37.6    0.2
2006  14  1 14 0100   -2.0  986.0  444.0  284.0   38.1    0.1
2006  14  1 14 0200   -1.4  986.4  444.0  292.0   37.6   -0.1
2006  14  1 14 0300   -0.9  987.0  444.0  293.0   41.8    0.1
2006  14  1 14 0400   -0.9  986.5  444.0  294.0   40.6    0.1
2006  14  1 14 0500   -0.5  986.8  444.0  297.0   43.5    0.1
2006  14  1 14 0600   -0.5  986.7  444.0  299.0   43.5   -0.1
2006  14  1 14 0700   -0.5  986.9  444.0  294.0   39.7    0.4
2006  14  1 14 0800   -0.5  987.5  444.0  294.0   38.1   -0.1
2006  14  1 14 0900   -0.5  987.9  444.0  300.0   31.8   -0.1
2006  14  1 14 1000   -1.6  987.9  444.0  292.0   34.3    0.0
2006  14  1 14 1100   -2.9  987.8  444.0    0.0   38.1    0.1
2006  14  1 14 1200   -3.6  988.1  444.0  283.0   42.3    0.1
2006  14  1 14 1300   -4.8  988.3  444.0  289.0   46.9    0.1
2006  14  1 14 1400   -5.2  988.6  444.0  275.0   49.8    0.1
2006  14  1 14 1500   -6.6  989.1  444.0    0.0   76.7    0.8
2006  14  1 14 1600   -7.0  989.0  444.0  261.0   74.6    1.0
2006  14  1 14 1700   -6.2  988.9  444.0  255.0   70.4    0.7
2006  14  1 14 1800   -6.0  987.7  444.0  289.0   56.1    0.2
2006  14  1 14 1900   -4.6  987.6  444.0    0.0   43.9    0.1
2006  14  1 14 2000   -2.9  988.1  444.0  296.0   39.7    0.1
2006  14  1 14 2100   -2.9  988.0  444.0    0.0   41.4    0.1
2006  14  1 14 2200   -2.5  988.1  444.0  158.0   58.6    0.0
2006  14  1 14 2300  444.0  987.6  444.0    0.0   45.2   -0.1
2006  15  1 15 0000  444.0  987.1  444.0  185.0   36.8   -0.2
2006  15  1 15 0100  444.0  986.6  444.0  127.0   48.6   -0.2
2006  15  1 15 0200   -0.9  986.5  444.0  119.0   56.1   -0.1
2006  15  1 15 0300   -0.6  986.2  444.0  127.0   52.8   -0.1
2006  15  1 15 0400    0.5  986.2  444.0  134.0   51.1   -0.3
2006  15  1 15 0500    0.4  986.3  444.0  134.0   55.7   -0.3
2006  15  1 15 0600    0.1  986.5  444.0  133.0   57.0   -0.2
2006  15  1 15 0700  444.0  986.7  444.0   81.0   57.4   -0.2
2006  15  1 15 0800   -0.8  986.8  444.0  166.0   61.2    0.0
2006  15  1 15 0900   -3.2  987.1  444.0  151.0   56.1    0.1
2006  15  1 15 1000   -2.9  987.3  444.0  168.0   53.6    0.1
2006  15  1 15 1100   -3.4  987.3  444.0    0.0   61.6    0.3
2006  15  1 15 1200   -3.8  987.6  444.0  259.0   67.5    0.3
2006  15  1 15 1300   -4.0  987.7  444.0  293.0   66.6    0.4
2006  15  1 15 1400   -3.8  987.7  444.0  301.0   70.0    0.4
2006  15  1 15 1500   -2.2  987.9  444.0  303.0   53.6    0.1
2006  15  1 15 1600   -2.2  987.5  444.0  296.0   48.1    0.1
2006  15  1 15 1700   -2.9  987.4  444.0  282.0   50.2    0.1
2006  15  1 15 1800   -1.9  987.4  444.0  300.0   42.7    0.1
2006  15  1 15 1900   -1.4  987.3  444.0  299.0   41.8    0.0
2006  15  1 15 2000   -0.9  987.2  444.0  300.0   40.6    0.0
2006  15  1 15 2100   -0.6  987.4  444.0  301.0   43.5    0.1
2006  15  1 15 2200   -0.2  987.5  444.0  308.0   43.1    0.0
2006  15  1 15 2300    1.1  987.7  444.0  304.0   40.2   -0.1
2006  16  1 16 0000    2.4  987.8  444.0  301.0   39.7   -0.3
2006  16  1 16 0100    2.2  987.7  444.0  306.0   38.5   -0.2
2006  16  1 16 0200    3.8  987.5  444.0  303.0   36.8   -0.4
2006  16  1 16 0300    4.6  987.4  444.0  308.0   33.9   -0.5
2006  16  1 16 0400    5.1  987.5  444.0  304.0   34.7   -0.6
2006  16  1 16 0500    5.5  987.3  444.0  310.0   31.8   -0.7
2006  16  1 16 0600    5.1  987.4  444.0  296.0   34.7   -0.5
2006  16  1 16 0700    1.9  987.6  444.0  156.0   57.4   -0.2
2006  16  1 16 0800    0.5  987.8  444.0    0.0   69.6    0.1
2006  16  1 16 0900    0.0  987.9  444.0  180.0   71.7   -0.1
2006  16  1 16 1000   -0.5  988.0  444.0  197.0   67.5    0.2
2006  16  1 16 1100   -2.0  987.9  444.0  225.0   68.3    0.2
2006  16  1 16 1200   -2.4  987.9  444.0    0.0   70.4    0.4
2006  16  1 16 1300   -2.2  987.6  444.0  255.0   70.0    0.6
2006  16  1 16 1400   -3.1  987.5  444.0  261.0   71.7    0.7
2006  16  1 16 1500   -4.2  987.2  444.0    0.0   75.0    0.8
2006  16  1 16 1600   -4.1  986.7  444.0  270.0   74.6    0.7
2006  16  1 16 1700   -3.8  986.1  444.0  299.0   69.1    0.7
2006  16  1 16 1800   -2.2  985.4  444.0  313.0   47.3    0.1
2006  16  1 16 1900   -1.6  984.3  444.0  294.0   44.4    0.1
2006  16  1 16 2000   -1.1  983.5  444.0  294.0   42.7    0.1
2006  16  1 16 2100   -0.6  983.1  444.0  292.0   42.7    0.1
2006  16  1 16 2200   -0.5  982.0  444.0  277.0   39.3    0.1
2006  16  1 16 2300   -0.5  981.4  444.0  277.0   36.8    0.1
2006  17  1 17 0000   -0.1  980.8  444.0  265.0   38.9    0.0
2006  17  1 17 0100   -0.2  980.4  444.0  269.0   36.8    0.1
2006  17  1 17 0200    0.2  980.2  444.0  284.0   38.5    0.0
2006  17  1 17 0300    1.5  980.3  444.0  284.0   39.3   -0.1
2006  17  1 17 0400    1.6  979.5  444.0  283.0   38.1   -0.1
2006  17  1 17 0500    1.9  978.8  444.0  273.0   35.5   -0.1
2006  17  1 17 0600    1.9  978.8  444.0  277.0   38.5   -0.1
2006  17  1 17 0700    0.4  980.6  444.0  178.0   55.7    0.0
2006  17  1 17 0800   -1.0  980.7  444.0  178.0   70.4    0.1
2006  17  1 17 0900   -1.6  980.5  444.0  183.0   72.1   -0.1
2006  17  1 17 1000   -2.4  980.5  444.0  155.0   72.9    0.2
2006  17  1 17 1100   -3.2  980.3  444.0  175.0   75.4    0.2
2006  17  1 17 1200   -3.2  980.2  444.0  175.0   74.6    0.4
2006  17  1 17 1300   -4.1  980.4  444.0  241.0   76.7    0.5
2006  17  1 17 1400   -3.9  980.2  444.0  249.0   80.5    0.5
2006  17  1 17 1500   -4.0  980.2  444.0  266.0   64.5    0.2
2006  17  1 17 1600   -4.4  980.1  444.0  266.0   57.4    0.2
2006  17  1 17 1700   -4.6  980.1  444.0  277.0   57.0    0.2
2006  17  1 17 1800   -4.9  980.2  444.0  272.0   55.7    0.2
2006  17  1 17 1900   -4.4  980.1  444.0  279.0   55.7    0.2
2006  17  1 17 2000   -3.5  980.1  444.0  272.0   55.3    0.2
2006  17  1 17 2100   -4.0  980.2  444.0  265.0   66.2    0.1
2006  17  1 17 2200   -4.2  980.3  444.0  277.0   69.1    0.3
2006  17  1 17 2300   -3.6  980.4  444.0  276.0   61.2    0.2
2006  18  1 18 0000   -4.0  980.7  444.0    0.0   71.7    0.0
2006  18  1 18 0100   -4.6  980.5  444.0  266.0   76.3    1.0
2006  18  1 18 0200   -4.5  980.7  444.0  273.0   79.2    0.2
2006  18  1 18 0300   -4.0  980.9  444.0  268.0   76.7    1.3
2006  18  1 18 0400   -3.2  981.0  444.0  265.0   69.1    0.3
2006  18  1 18 0500   -3.1  981.0  444.0  180.0   70.8    0.7
2006  18  1 18 0600   -3.2  981.2  444.0  206.0   71.7    0.4
2006  18  1 18 0700   -3.0  981.4  444.0  178.0   71.7    0.5
2006  18  1 18 0800   -3.4  981.7  444.0  190.0   77.1   -0.2
2006  18  1 18 0900   -3.4  982.1  444.0  173.0   77.5    0.8
2006  18  1 18 1000   -4.0  982.4  444.0  179.0   78.8    0.9
2006  18  1 18 1100   -4.5  982.7  444.0  186.0   83.0    1.0
2006  18  1 18 1200   -4.6  982.9  444.0    0.0   87.6    0.5
2006  18  1 18 1300   -5.0  983.1  444.0  217.0   88.9    1.3
2006  18  1 18 1400   -5.2  983.4  444.0    0.0   89.3    1.1
2006  18  1 18 1500   -5.0  983.8  444.0  225.0   89.3    1.0
2006  18  1 18 1600   -4.6  984.0  444.0  231.0   87.2    0.8
2006  18  1 18 1700   -4.1  984.2  444.0    0.0   77.1    0.6
2006  18  1 18 1800  444.0  984.3  444.0    0.0   65.8    0.5
2006  18  1 18 1900  444.0  984.6  444.0    0.0   58.6    0.4
2006  18  1 18 2000  444.0  984.7  444.0    0.0   51.5   -0.1
2006  18  1 18 2100  444.0  984.9  444.0  300.0   53.6    0.2
2006  18  1 18 2200   -2.9  985.2  444.0  235.0   52.8    0.3
2006  18  1 18 2300   -3.4  985.5  444.0  230.0   59.1    0.4
2006  19  1 19 0000   -2.9  985.8  444.0  179.0   51.5    0.1
2006  19  1 19 0100   -2.2  986.0  444.0  171.0   56.1    0.1
2006  19  1 19 0200   -1.2  986.5  444.0  187.0   60.3    0.1
2006  19  1 19 0300   -2.4  986.8  444.0    0.0   61.6    0.0
2006  19  1 19 0400   -2.9  987.1  444.0  207.0   61.6    0.1
2006  19  1 19 0500   -3.4  987.3  444.0  224.0   65.8    0.2
2006  19  1 19 0600   -4.1  987.4  444.0  203.0   70.4    0.4
2006  19  1 19 0700   -4.0  988.0  444.0  218.0   73.3    0.7
2006  19  1 19 0800   -2.9  988.5  444.0  134.0   69.1    0.4
2006  19  1 19 0900   -4.1  988.9  444.0  183.0   77.5    0.8
2006  19  1 19 1000   -4.4  988.8  444.0  185.0   79.6    0.8
2006  19  1 19 1100  444.0  988.8  444.0    0.0   75.0    0.5
2006  19  1 19 1200   -5.0  988.7  444.0    0.0   75.9    0.8
2006  19  1 19 1300   -5.6  988.5  444.0  296.0   80.5    1.0
2006  19  1 19 1400   -6.0  988.1  444.0  296.0   82.6    1.0
2006  19  1 19 1500   -5.0  987.7  444.0  296.0   75.9    0.4
2006  19  1 19 1600   -4.9  987.1  444.0  297.0   62.8    0.2
2006  19  1 19 1700   -5.0  986.8  444.0  293.0   60.3    0.3
2006  19  1 19 1800   -5.4  986.6  444.0    0.0   55.7    0.2
2006  19  1 19 1900   -4.0  986.2  444.0  299.0   51.1    0.1
2006  19  1 19 2000   -4.5  986.0  444.0  300.0   50.2    0.1
2006  19  1 19 2100   -2.6  985.4  444.0  313.0   45.6    0.1
2006  19  1 19 2200   -1.8  984.9  444.0  304.0   46.0   -0.1
2006  19  1 19 2300   -0.9  984.7  444.0  297.0   45.6   -0.1
2006  20  1 20 0000    1.1  984.5  444.0  310.0   39.7   -0.3
2006  20  1 20 0100    0.9  983.9  444.0  299.0   43.1   -0.3
2006  20  1 20 0200    0.1  982.9  444.0  277.0   45.2   -0.1
2006  20  1 20 0300    1.2  982.6  444.0  297.0   46.0   -0.4
2006  20  1 20 0400    1.6  981.8  444.0  277.0   46.0   -0.3
2006  20  1 20 0500    1.0  981.6  444.0  300.0   49.4   -0.2
2006  20  1 20 0600    0.5  980.9  444.0  296.0   46.5   -0.2
2006  20  1 20 0700    0.1  980.4  444.0  296.0   48.1   -0.2
2006  20  1 20 0800    0.0  980.6  444.0  279.0   49.0   -0.1
2006  20  1 20 0900   -0.5  981.1  444.0  262.0   47.3   -0.1
2006  20  1 20 1000   -1.5  980.9  444.0  276.0   44.8    0.0
2006  20  1 20 1100   -3.4  980.3  444.0  252.0   52.8    0.1
2006  20  1 20 1200   -3.6  979.3  444.0  270.0   42.7    0.1
2006  20  1 20 1300   -4.6  979.9  444.0  279.0   47.7    0.1
2006  20  1 20 1400   -5.0  979.7  444.0  283.0   46.0    0.1
2006  20  1 20 1500   -5.9  979.7  444.0  275.0   48.6    0.1
2006  20  1 20 1600   -6.0  979.5  444.0  270.0   45.6    0.1
2006  20  1 20 1700   -6.5  979.3  444.0  266.0   48.6    0.1
2006  20  1 20 1800   -6.1  978.8  444.0  272.0   46.9    0.2
2006  20  1 20 1900   -7.0  978.8  444.0  277.0   50.7    0.2
2006  20  1 20 2000   -7.0  978.9  444.0  277.0   51.1    0.5
2006  20  1 20 2100   -6.4  979.4  444.0  276.0   46.5    0.1
2006  20  1 20 2200   -6.5  979.7  444.0  276.0   44.8    0.2
2006  20  1 20 2300   -5.9  980.0  444.0  266.0   43.1    0.2
2006  21  1 21 0000   -4.9  980.7  444.0  268.0   41.4    0.1
2006  21  1 21 0100   -4.6  980.6  444.0  272.0   43.1    0.1
2006  21  1 21 0200   -4.6  980.5  444.0  273.0   43.9    0.2
2006  21  1 21 0300   -4.4  981.0  444.0  272.0   43.5    0.1
2006  21  1 21 0400   -3.6  981.6  444.0  283.0   41.8    0.1
2006  21  1 21 0500   -3.2  981.8  444.0  287.0   46.5    0.1
2006  21  1 21 0600  444.0  982.0  444.0  290.0   38.9    0.1
2006  21  1 21 0700  444.0  982.3  444.0    0.0   39.3    0.1
2006  21  1 21 0800  444.0  982.7  444.0  144.0   39.7    0.1
2006  21  1 21 0900  444.0  982.9  444.0    0.0   45.6    0.1
2006  21  1 21 1000   -4.1  983.1  444.0    0.0   60.3    0.2
2006  21  1 21 1100   -4.0  983.1  444.0  211.0   54.9    0.1
2006  21  1 21 1200   -4.9  983.1  444.0  300.0   67.5    0.2
2006  21  1 21 1300   -5.6  983.0  444.0  293.0   54.9    0.2
2006  21  1 21 1400   -6.6  983.0  444.0    0.0   56.1    0.2
2006  21  1 21 1500   -7.1  983.1  444.0  296.0   54.4    0.2
2006  21  1 21 1600   -7.0  983.4  444.0  277.0   55.3    0.2
2006  21  1 21 1700   -6.9  983.1  444.0    0.0   57.0    0.2
2006  21  1 21 1800   -5.5  983.4  444.0  301.0   48.6    0.2
2006  21  1 21 1900   -7.1  983.4  444.0  296.0   50.7    0.2
2006  21  1 21 2000   -5.5  983.4  444.0  301.0   46.5    0.2
2006  21  1 21 2100   -3.5  983.3  444.0  294.0   42.3    0.1
2006  21  1 21 2200   -2.9  983.1  444.0  311.0   39.7    0.1
2006  21  1 21 2300   -1.4  983.0  444.0  304.0   34.3    0.0
2006  22  1 22 0000    0.1  982.7  444.0  320.0   33.4   -0.1
2006  22  1 22 0100   -1.2  982.5  444.0  303.0   38.9    0.0
2006  22  1 22 0200   -1.9  982.2  444.0  286.0   42.7    0.1
2006  22  1 22 0300   -3.8  982.2  444.0  277.0   41.4    0.2
2006  22  1 22 0400   -2.9  981.9  444.0  268.0   39.3    0.1
2006  22  1 22 0500   -2.9  981.5  444.0  294.0   37.6    0.1
2006  22  1 22 0600   -2.5  981.3  444.0  290.0   35.1    0.1
2006  22  1 22 0700   -2.9  981.2  444.0  284.0   34.7    0.1
2006  22  1 22 0800   -2.9  981.5  444.0  296.0   35.1    0.1
2006  22  1 22 0900   -2.9  982.3  444.0  301.0   38.5    0.1
2006  22  1 22 1000   -4.1  982.2  444.0  286.0   42.3    0.1
2006  22  1 22 1100   -4.4  982.0  444.0  275.0   36.4    0.1
2006  22  1 22 1200   -5.9  981.9  444.0  277.0   41.0    0.1
2006  22  1 22 1300   -7.1  982.0  444.0  272.0   45.2    0.2
2006  22  1 22 1400   -7.6  982.3  444.0  276.0   46.5    0.2
2006  22  1 22 1500   -8.5  982.4  444.0  283.0   52.8    0.2
2006  22  1 22 1600   -8.4  981.8  444.0  280.0   48.1    0.2
2006  22  1 22 1700   -8.4  981.8  444.0  283.0   48.1    0.2
2006  22  1 22 1800   -7.9  981.8  444.0  287.0   50.2    0.2
2006  22  1 22 1900   -7.9  981.9  444.0  286.0   49.0    0.2
2006  22  1 22 2000   -7.8  982.1  444.0  296.0   46.0    0.2
2006  22  1 22 2100   -7.2  981.7  444.0  277.0   45.6    0.2
2006  22  1 22 2200   -6.4  981.9  444.0  286.0   45.2    0.2
2006  22  1 22 2300   -6.0  982.0  444.0  310.0   46.5    0.2
2006  23  1 23 0000   -5.0  982.1  444.0  296.0   45.2    0.2
2006  23  1 23 0100   -4.6  982.1  444.0  313.0   48.6    0.2
2006  23  1 23 0200   -4.1  981.7  444.0  300.0   42.7    0.2
2006  23  1 23 0300   -4.0  981.5  444.0  306.0   39.7    0.1
2006  23  1 23 0400   -3.4  981.5  444.0  306.0   36.0    0.1
2006  23  1 23 0500   -3.5  981.6  444.0  304.0   39.3    0.1
2006  23  1 23 0600   -4.0  981.7  444.0  282.0   49.8    0.2
2006  23  1 23 0700   -5.5  981.5  444.0    0.0   61.2    0.2
2006  23  1 23 0800   -6.0  981.6  444.0  217.0   73.3    0.2
2006  23  1 23 0900   -6.0  981.8  444.0  238.0   75.0    0.5
2006  23  1 23 1000   -6.2  981.8  444.0    0.0   75.4    0.5
2006  23  1 23 1100   -5.6  981.8  444.0    0.0   66.2    0.3
2006  23  1 23 1200   -5.6  981.3  444.0  310.0   64.9    0.4
2006  23  1 23 1300   -5.0  980.8  444.0  306.0   59.1    0.2
2006  23  1 23 1400   -4.9  980.6  444.0  300.0   56.1    0.1
2006  23  1 23 1500   -4.9  980.3  444.0  307.0   50.7    0.2
2006  23  1 23 1600   -4.6  979.9  444.0  294.0   45.6    0.2
2006  23  1 23 1700   -5.2  979.4  444.0  300.0   47.7    0.2
2006  23  1 23 1800   -5.4  979.0  444.0  304.0   46.9    0.2
2006  23  1 23 1900   -5.9  977.8  444.0  287.0   43.1    0.2
2006  23  1 23 2000   -6.4  977.4  444.0  283.0   41.4    0.2
2006  23  1 23 2100   -6.6  976.7  444.0  277.0   41.8    0.2
2006  23  1 23 2200   -5.5  976.5  444.0  275.0   39.7    0.2
2006  23  1 23 2300   -4.6  977.1  444.0  287.0   38.5    0.5
2006  24  1 24 0000   -3.9  977.2  444.0  290.0   40.2    0.2
2006  24  1 24 0100   -3.1  977.0  444.0  279.0   38.9    0.2
2006  24  1 24 0200   -2.9  976.8  444.0  283.0   39.7    0.1
2006  24  1 24 0300   -2.5  976.6  444.0  292.0   38.9    0.1
2006  24  1 24 0400   -2.2  976.4  444.0  283.0   38.5    0.2
2006  24  1 24 0500   -2.0  976.3  444.0  282.0   39.7    0.2
2006  24  1 24 0600   -2.4  976.2  444.0  280.0   39.3    0.1
2006  24  1 24 0700   -3.1  976.1  444.0  294.0   41.0    0.5
2006  24  1 24 0800   -3.2  976.2  444.0  287.0   37.2    0.2
2006  24  1 24 0900   -4.0  976.4  444.0  290.0   40.2    0.2
2006  24  1 24 1000   -4.6  976.1  444.0  290.0   38.9    0.2
2006  24  1 24 1100   -4.8  976.2  444.0  290.0   41.0    0.2
2006  24  1 24 1200   -5.2  976.5  444.0    0.0   34.3    0.2
2006  24  1 24 1300   -6.5  976.3  444.0  301.0   41.8    0.2
2006  24  1 24 1400   -7.2  976.1  444.0  306.0   41.8    0.2
2006  24  1 24 1500   -7.9  975.9  444.0  292.0   41.8    0.2
2006  24  1 24 1600   -8.5  976.1  444.0  300.0   43.5    0.2
2006  24  1 24 1700   -8.8  976.1  444.0  287.0   40.6    0.2
2006  24  1 24 1800   -8.8  976.2  444.0  287.0   41.0    0.2
2006  24  1 24 1900   -8.4  976.6  444.0  284.0   41.4    0.2
2006  24  1 24 2000   -8.0  976.6  444.0  289.0   40.2    0.2
2006  24  1 24 2100   -7.1  977.0  444.0  286.0   42.7    0.2
2006  24  1 24 2200   -6.4  977.5  444.0  284.0   41.0    0.1
2006  24  1 24 2300   -5.4  977.5  444.0  275.0   37.6    0.2
2006  25  1 25 0000   -4.6  978.0  444.0  297.0   39.3    0.1
2006  25  1 25 0100   -3.6  978.0  444.0  296.0   36.0    0.2
2006  25  1 25 0200   -2.9  978.0  444.0  290.0   38.1    0.1
2006  25  1 25 0300   -1.9  978.3  444.0  283.0   36.8    0.1
2006  25  1 25 0400   -1.6  978.3  444.0  292.0   39.7    0.1
2006  25  1 25 0500   -1.8  978.8  444.0  299.0   37.2    0.1
2006  25  1 25 0600   -1.6  979.1  444.0  290.0   36.0    0.1
2006  25  1 25 0700   -1.2  979.5  444.0  275.0   36.8    0.1
2006  25  1 25 0800  444.0  979.9  444.0  176.0   35.1    0.1
2006  25  1 25 0900   -3.4  980.1  444.0  232.0   49.8    0.2
2006  25  1 25 1000   -5.9  980.6  444.0  171.0   69.6    0.1
2006  25  1 25 1100   -6.6  981.1  444.0  203.0   70.4    0.4
2006  25  1 25 1200   -7.0  981.4  444.0  214.0   67.0    0.4
2006  25  1 25 1300   -7.1  981.5  444.0  210.0   69.6    0.7
2006  25  1 25 1400   -7.6  981.7  444.0  223.0   83.8    1.4
2006  25  1 25 1500   -7.6  982.1  444.0  265.0   85.5    1.0
2006  25  1 25 1600   -8.9  982.6  444.0  272.0   70.4    0.4
2006  25  1 25 1700   -9.4  982.7  444.0  277.0   58.6    0.2
2006  25  1 25 1800   -8.8  982.6  444.0  268.0   51.9    0.2
2006  25  1 25 1900   -8.8  982.7  444.0  273.0   54.9    0.3
2006  25  1 25 2000   -8.1  983.3  444.0    0.0   56.5    0.2
2006  25  1 25 2100   -7.6  983.8  444.0  179.0   62.4    0.4
2006  25  1 25 2200   -7.0  983.9  444.0  194.0   57.8    0.2
2006  25  1 25 2300   -5.5  984.1  444.0  232.0   44.8    0.2
2006  26  1 26 0000   -5.2  983.9  444.0  207.0   47.3    0.2
2006  26  1 26 0100   -4.6  983.6  444.0  217.0   49.4    0.2
2006  26  1 26 0200   -3.4  983.4  444.0  234.0   43.5    0.1
2006  26  1 26 0300   -3.6  983.0  444.0  223.0   42.7    0.2
2006  26  1 26 0400  444.0  982.9  444.0    0.0   44.4    0.2
2006  26  1 26 0500  444.0  982.8  444.0  269.0   46.5    0.2
2006  26  1 26 0600   -4.0  982.7  444.0  245.0   50.2    0.2
2006  26  1 26 0700   -4.9  982.4  444.0  292.0   50.7    0.2
2006  26  1 26 0800   -5.2  982.5  444.0  301.0   45.6    0.2
2006  26  1 26 0900   -4.6  982.1  444.0  297.0   41.8    0.2
2006  26  1 26 1000   -5.2  981.6  444.0  306.0   43.9    0.2
2006  26  1 26 1100   -5.5  981.8  444.0  304.0   43.5    0.2
2006  26  1 26 1200   -6.1  981.1  444.0  297.0   45.2    0.2
2006  26  1 26 1300   -5.9  981.0  444.0  297.0   41.0    0.2
2006  26  1 26 1400   -7.6  981.2  444.0  290.0   49.4    0.2
2006  26  1 26 1500   -7.9  981.2  444.0  297.0   51.5    0.2
2006  26  1 26 1600   -8.2  981.1  444.0  286.0   49.4    0.2
2006  26  1 26 1700   -8.4  980.7  444.0  287.0   48.6    0.2
2006  26  1 26 1800   -8.8  980.9  444.0  286.0   49.8    0.2
2006  26  1 26 1900   -8.8  980.8  444.0  286.0   50.7    0.2
2006  26  1 26 2000   -7.2  980.8  444.0  282.0   48.6    0.2
2006  26  1 26 2100   -6.6  980.7  444.0  279.0   49.4    0.2
2006  26  1 26 2200   -6.1  980.6  444.0  269.0   45.6    0.2
2006  26  1 26 2300   -5.5  980.5  444.0  282.0   47.7    0.2
2006  27  1 27 0000   -4.4  980.4  444.0  283.0   44.4    0.2
2006  27  1 27 0100   -3.8  980.4  444.0  283.0   46.0    0.2
2006  27  1 27 0200   -3.1  980.3  444.0  282.0   45.6    0.2
2006  27  1 27 0300   -2.4  980.2  444.0  283.0   41.8    0.2
2006  27  1 27 0400   -1.8  980.5  444.0  287.0   42.7    0.1
2006  27  1 27 0500   -2.6  980.1  444.0  290.0   41.4    0.2
2006  27  1 27 0600   -2.2  979.9  444.0  290.0   40.2    0.2
2006  27  1 27 0700   -2.4  980.2  444.0  282.0   38.9    0.1
2006  27  1 27 0800   -2.9  980.3  444.0  286.0   41.4    0.2
2006  27  1 27 0900   -3.8  981.3  444.0    0.0   51.9    0.2
2006  27  1 27 1000   -5.8  981.6  444.0  180.0   56.1    0.2
2006  27  1 27 1100   -6.5  981.8  444.0  203.0   60.3    0.2
2006  27  1 27 1200   -7.0  981.9  444.0  241.0   67.5    0.3
2006  27  1 27 1300   -7.4  981.5  444.0  252.0   47.7    0.2
2006  27  1 27 1400   -7.8  981.2  444.0  269.0   48.6    0.2
2006  27  1 27 1500   -8.5  981.1  444.0  276.0   47.7    0.2
2006  27  1 27 1600   -8.9  980.6  444.0  287.0   49.8    0.2
2006  27  1 27 1700   -9.0  981.0  444.0  292.0   49.0    0.2
2006  27  1 27 1800   -8.9  981.0  444.0  294.0   45.6    0.2
2006  27  1 27 1900   -8.2  979.9  444.0  290.0   40.6    0.2
2006  27  1 27 2000   -7.9  980.3  444.0  290.0   42.3    0.1
2006  27  1 27 2100   -7.1  980.3  444.0  289.0   41.8    0.2
2006  27  1 27 2200   -6.0  980.2  444.0  290.0   41.8    0.2
2006  27  1 27 2300   -5.2  980.5  444.0  282.0   38.5    0.2
2006  28  1 28 0000   -4.1  981.0  444.0  282.0   38.9    0.1
2006  28  1 28 0100   -4.0  981.1  444.0  286.0   40.2    0.2
2006  28  1 28 0200   -3.1  981.0  444.0  290.0   38.5    0.1
2006  28  1 28 0300   -2.5  981.3  444.0  272.0   41.8    0.2
2006  28  1 28 0400   -1.6  981.6  444.0  268.0   43.1    0.2
2006  28  1 28 0500   -2.9  981.2  444.0  261.0   41.8    0.1
2006  28  1 28 0600   -1.9  981.2  444.0  282.0   45.2    0.1
2006  28  1 28 0700   -1.8  981.2  444.0  283.0   46.9    0.2
2006  28  1 28 0800   -2.2  981.3  444.0  280.0   48.1    0.2
2006  28  1 28 0900   -3.2  981.4  444.0  290.0   49.4    0.2
2006  28  1 28 1000   -4.6  981.6  444.0  303.0   51.5    0.2
2006  28  1 28 1100   -4.9  981.9  444.0  277.0   45.6    0.2
2006  28  1 28 1200   -5.8  982.3  444.0  287.0   46.9    0.2
2006  28  1 28 1300   -7.1  982.8  444.0  269.0   55.7    0.2
2006  28  1 28 1400   -8.1  983.3  444.0  266.0   67.5    0.2
2006  28  1 28 1500   -7.4  983.8  444.0  252.0   72.1    0.1
2006  28  1 28 1600   -8.1  983.9  444.0    0.0   56.5    0.2
2006  28  1 28 1700   -8.4  984.0  444.0  276.0   57.4    0.2
2006  28  1 28 1800   -8.4  984.1  444.0    0.0   51.9    0.2
2006  28  1 28 1900   -8.8  984.5  444.0    0.0   50.7    0.3
2006  28  1 28 2000   -7.8  984.4  444.0  296.0   49.8    0.2
2006  28  1 28 2100   -7.4  984.3  444.0    0.0   51.9    0.2
2006  28  1 28 2200   -6.1  984.3  444.0  282.0   49.0    0.2
2006  28  1 28 2300   -5.4  984.4  444.0  279.0   53.6    0.2
2006  29  1 29 0000   -5.6  984.5  444.0  273.0   67.0    0.0
2006  29  1 29 0100   -5.0  984.7  444.0  272.0   67.0   -0.8
2006  29  1 29 0200   -4.6  984.5  444.0  275.0   69.6    0.5
2006  29  1 29 0300   -4.6  984.4  444.0  277.0   72.1    0.7
2006  29  1 29 0400   -5.4  984.5  444.0  276.0   76.3    0.6
2006  29  1 29 0500   -4.5  984.5  444.0  265.0   72.1    0.2
2006  29  1 29 0600   -5.2  984.7  444.0  287.0   72.5    0.3
2006  29  1 29 0700   -5.4  984.8  444.0  290.0   70.4    0.0
2006  29  1 29 0800   -5.2  984.8  444.0  300.0   66.2    0.2
2006  29  1 29 0900   -5.5  985.1  444.0  282.0   69.1    0.2
2006  29  1 29 1000   -5.5  985.7  444.0    0.0   79.6    0.6
2006  29  1 29 1100   -5.9  985.9  444.0  214.0   80.1    0.7
2006  29  1 29 1200   -5.9  986.3  444.0  246.0   81.3    0.7
2006  29  1 29 1300   -6.6  986.3  444.0  217.0   80.5    0.8
2006  29  1 29 1400   -6.4  986.7  444.0  234.0   77.1    0.4
2006  29  1 29 1500   -6.0  986.7  444.0  225.0   71.7    0.4
2006  29  1 29 1600   -6.6  986.7  444.0  275.0   80.9    0.8
2006  29  1 29 1700   -6.4  987.0  444.0  251.0   78.8    0.5
2006  29  1 29 1800   -6.9  987.3  444.0  231.0   66.2    0.3
2006  29  1 29 1900   -7.0  987.6  444.0  227.0   71.2    0.4
2006  29  1 29 2000   -6.1  987.6  444.0  225.0   64.5    0.2
2006  29  1 29 2100   -6.0  987.8  444.0  213.0   59.9    0.3
2006  29  1 29 2200   -5.6  987.9  444.0    0.0   58.6    0.2
2006  29  1 29 2300   -5.2  987.9  444.0  270.0   67.0    0.3
2006  30  1 30 0000   -5.9  988.1  444.0  189.0   61.2    0.7
2006  30  1 30 0100   -5.6  987.9  444.0  239.0   64.9    0.3
2006  30  1 30 0200   -4.9  988.0  444.0  211.0   59.1    0.2
2006  30  1 30 0300   -4.9  987.7  444.0  231.0   57.4    0.2
2006  30  1 30 0400   -4.6  987.5  444.0  213.0   56.5    0.2
2006  30  1 30 0500  444.0  987.3  444.0    0.0   51.5    0.2
2006  30  1 30 0600  444.0  987.2  444.0    0.0   52.8    0.2
2006  30  1 30 0700   -2.4  986.9  444.0  314.0   41.8    0.2
2006  30  1 30 0800   -4.6  986.2  444.0  294.0   41.4    0.2
2006  30  1 30 0900   -5.4  986.0  444.0  299.0   44.4    0.2
2006  30  1 30 1000   -6.1  985.7  444.0  287.0   47.7    0.2
2006  30  1 30 1100   -8.0  985.4  444.0  303.0   51.5    0.2
2006  30  1 30 1200   -9.0  985.4  444.0  289.0   52.3    0.2
2006  30  1 30 1300   -9.4  984.4  444.0  289.0   52.8    0.2
2006  30  1 30 1400  -10.1  984.2  444.0  287.0   54.9    0.4
2006  30  1 30 1500  -10.6  983.7  444.0  282.0   55.7    0.4
2006  30  1 30 1600  -10.2  983.5  444.0  279.0   53.6    0.4
2006  30  1 30 1700  -10.0  983.4  444.0  275.0   51.9    0.4
2006  30  1 30 1800   -9.5  983.2  444.0  286.0   49.4    0.3
2006  30  1 30 1900   -8.4  982.6  444.0  277.0   39.7    0.2
2006  30  1 30 2000   -8.0  982.7  444.0  275.0   36.0    0.2
2006  30  1 30 2100   -7.9  982.6  444.0  280.0   35.5    0.2
2006  30  1 30 2200  444.0  444.0  444.0  444.0  444.0  444.0
2006  30  1 30 2300   -7.1  982.9  444.0  270.0   36.0    0.2
2006  31  1 31 0000   -6.4  982.9  444.0  279.0   35.1    0.2
2006  31  1 31 0100   -6.0  983.2  444.0  270.0   35.1    0.2
2006  31  1 31 0200   -5.4  982.9  444.0  273.0   36.4    0.2
2006  31  1 31 0300  444.0  444.0  444.0  444.0  444.0  444.0
2006  31  1 31 0400   -4.6  982.6  444.0  269.0   36.8    0.2
2006  31  1 31 0500   -3.9  982.8  444.0  284.0   35.5    0.2
2006  31  1 31 0600   -3.1  983.6  444.0  272.0   35.5    0.2
2006  31  1 31 0700   -2.5  984.0  444.0    0.0   34.3    0.2
2006  31  1 31 0800   -4.6  984.2  444.0  290.0   43.9    0.2
2006  31  1 31 0900   -4.0  984.2  444.0  287.0   35.5    0.2
2006  31  1 31 1000   -6.0  984.4  444.0  303.0   43.9    0.2
2006  31  1 31 1100   -7.1  984.9  444.0  299.0   47.3    0.2
2006  31  1 31 1200   -7.0  984.6  444.0  280.0   39.3    0.2
2006  31  1 31 1300   -9.0  985.3  444.0  301.0   44.4    0.2
2006  31  1 31 1400   -8.5  985.1  444.0  299.0   37.2    0.2
2006  31  1 31 1500   -9.5  985.6  444.0  275.0   39.3    0.2
2006  31  1 31 1600   -9.5  985.6  444.0  297.0   39.3    0.2
2006  31  1 31 1700  -10.1  986.0  444.0  292.0   41.0    0.2
2006  31  1 31 1800  -10.8  985.9  444.0  297.0   37.6    0.2
2006  31  1 31 1900  -10.4  986.8  444.0  286.0   41.8    0.2
2006  31  1 31 2000   -9.8  986.3  444.0  277.0   37.2    0.2
2006  31  1 31 2100   -9.0  987.1  444.0  287.0   37.6    0.2
2006  31  1 31 2200   -8.2  987.6  444.0  293.0   36.8    0.2
2006  31  1 31 2300   -7.2  987.9  444.0  287.0   35.1    0.2
