Year: 2020  Month: 09  ID: MLA  ARGOS:  8905  Name: Manuela             
Lat: 74.95S  Lon: 163.69E  Elev:   78m
2020 245  9  1 0000  -11.0  952.2    6.5   53.0   89.0  444.0
2020 245  9  1 0100  -14.0  953.8    9.0   52.0   87.0  444.0
2020 245  9  1 0200  -13.2  955.1    7.1   80.0   84.0  444.0
2020 245  9  1 0300  -13.0  957.2    6.5  113.0   86.0  444.0
2020 245  9  1 0400  -12.0  958.6    7.7  107.0   83.0  444.0
2020 245  9  1 0500  -12.8  960.5    9.9   85.0   88.0  444.0
2020 245  9  1 0600  -14.1  963.1    8.3   82.0   85.3  444.0
2020 245  9  1 0700  -15.6  965.1    9.9   90.0   87.0  444.0
2020 245  9  1 0800  -15.5  967.2    7.3   89.0   86.0  444.0
2020 245  9  1 0900  -14.4  968.5    5.6   98.0   87.0  444.0
2020 245  9  1 1000  -13.8  969.6    5.3   93.0   84.0  444.0
2020 245  9  1 1100  -13.5  970.7    5.9   74.0   80.9  444.0
2020 245  9  1 1200  -15.2  971.6    3.4  181.0   87.0  444.0
2020 245  9  1 1300  -14.4  972.1    0.8  110.0   82.0  444.0
2020 245  9  1 1400  -15.0  972.5    3.1  162.0   87.0  444.0
2020 245  9  1 1500  -15.2  973.0    3.3  190.0   85.0  444.0
2020 245  9  1 1600  -15.6  973.2    2.0  194.0   85.0  444.0
2020 245  9  1 1700  -16.7  973.6    3.5  250.0   86.0  444.0
2020 245  9  1 1800  -16.9  973.6    4.2  270.0   84.0  444.0
2020 245  9  1 1900  -16.9  973.4    4.8  280.0   83.0  444.0
2020 245  9  1 2000  -16.0  973.2    6.4  270.0   78.0  444.0
2020 245  9  1 2100  -14.8  973.2    6.4  277.0   70.0  444.0
2020 245  9  1 2200  -14.3  973.3    7.0  280.0   64.0  444.0
2020 245  9  1 2300  -14.1  973.3    8.3  283.0   63.0  444.0
2020 246  9  2 0000  -13.6  973.3    8.9  284.0   63.0  444.0
2020 246  9  2 0100  -14.0  973.1    9.7  282.0   66.8  444.0
2020 246  9  2 0200  -14.4  973.3    9.1  275.0   68.0  444.0
2020 246  9  2 0300  -13.4  973.4    8.2  282.0   66.0  444.0
2020 246  9  2 0400  -13.8  973.8    8.8  283.0   71.4  444.0
2020 246  9  2 0500  -12.6  973.7    9.5  287.0   70.0  444.0
2020 246  9  2 0600  -12.6  974.9    8.0  285.0   75.0  444.0
2020 246  9  2 0700  -12.6  975.8    5.2  281.0   73.0  444.0
2020 246  9  2 0800  -13.0  976.5    3.7  278.0   68.0  444.0
2020 246  9  2 0900  -12.2  977.0    4.4  286.0   64.2  444.0
2020 246  9  2 1000  -12.5  977.7    8.0  286.0   65.0  444.0
2020 246  9  2 1100  -11.9  978.6    7.2  283.0   70.0  444.0
2020 246  9  2 1200   -9.8  979.9    1.7  357.0   62.0  444.0
2020 246  9  2 1300  -11.1  981.4    0.9  352.0   58.2  444.0
2020 246  9  2 1400  -10.6  982.6    3.0   21.0   72.6  444.0
2020 246  9  2 1500  -11.3  984.2    8.6   31.0   81.0  444.0
2020 246  9  2 1600  -11.5  985.8    7.2   32.0   88.0  444.0
2020 246  9  2 1700  -11.8  987.4    7.0   32.0   86.0  444.0
2020 246  9  2 1800  -11.6  988.9    5.9   24.0   86.0  444.0
2020 246  9  2 1900  -11.5  990.5    5.1   32.0   83.2  444.0
2020 246  9  2 2000  -13.0  991.7    2.4  281.0   85.5  444.0
2020 246  9  2 2100  -12.6  992.9    1.5  277.0   84.0  444.0
2020 246  9  2 2200  -13.6  993.7    4.5  279.0   88.0  444.0
2020 246  9  2 2300  -12.7  994.0    7.6  279.0   88.0  444.0
2020 247  9  3 0000  -11.4  994.8    9.2  278.0   87.0  444.0
2020 247  9  3 0100  -11.2  995.9    4.1  242.0   91.0  444.0
2020 247  9  3 0200  -10.4  996.4    6.1  239.0   89.0  444.0
2020 247  9  3 0300   -9.8  996.7    8.1  243.0   87.0  444.0
2020 247  9  3 0400   -9.1  997.7    8.8  206.0   91.7  444.0
2020 247  9  3 0500   -9.6  998.4    5.9  241.0   92.0  444.0
2020 247  9  3 0600   -9.6  997.9    7.7  241.0   92.0  444.0
2020 247  9  3 0700   -9.9  997.1   12.1  278.0   90.0  444.0
2020 247  9  3 0800   -9.7  996.9   12.6  274.0   86.0  444.0
2020 247  9  3 0900   -9.1  997.7    7.6  172.0   79.0  444.0
2020 247  9  3 1000   -9.8  998.9    5.1  200.0   69.0  444.0
2020 247  9  3 1100  -10.8  998.3    3.0  253.0   63.0  444.0
2020 247  9  3 1200  -10.5  997.3    5.4  277.0   56.0  444.0
2020 247  9  3 1300  -12.0  995.2    8.8  278.0   76.5  444.0
2020 247  9  3 1400  -13.7  994.1   10.6  258.0   72.4  444.0
2020 247  9  3 1500  -12.7  992.8   13.6  275.0   82.0  444.0
2020 247  9  3 1600  -12.6  991.0   14.4  276.0   76.0  444.0
2020 247  9  3 1700  -13.7  990.6   14.2  265.0   81.0  444.0
2020 247  9  3 1800  -14.4  989.5   20.8  263.0   85.7  444.0
2020 247  9  3 1900  -15.5  988.6   20.0  262.0   84.6  444.0
2020 247  9  3 2000  -16.5  987.7   20.5  262.0   84.0  444.0
2020 247  9  3 2100  -17.5  987.2   19.1  258.0   83.0  444.0
2020 247  9  3 2200  -18.0  986.4   22.9  263.0   83.0  444.0
2020 247  9  3 2300  -18.4  984.6   27.0  264.0   81.9  444.0
2020 248  9  4 0000  -18.4  984.0   24.2  262.0   82.0  444.0
2020 248  9  4 0100  -18.0  983.6   21.5  261.0   82.0  444.0
2020 248  9  4 0200  -18.1  981.6   20.4  262.0   82.1  444.0
2020 248  9  4 0300  -18.3  981.3   22.1  263.0   81.0  444.0
2020 248  9  4 0400  -18.0  980.1   18.4  263.0   81.0  444.0
2020 248  9  4 0500  -18.0  979.2   21.2  266.0   83.0  444.0
2020 248  9  4 0600  -17.6  978.8   21.9  265.0   83.0  444.0
2020 248  9  4 0700  -17.5  979.2   15.3  275.0   76.6  444.0
2020 248  9  4 0800  -17.4  979.3   13.9  274.0   80.0  444.0
2020 248  9  4 0900  -17.3  978.9   15.4  270.0   76.0  444.0
2020 248  9  4 1000  -17.6  978.8   15.5  273.0   77.0  444.0
2020 248  9  4 1100  -17.5  978.7   11.1  274.0   69.0  444.0
2020 248  9  4 1200  -18.4  978.7    9.4  264.0   71.0  444.0
2020 248  9  4 1300  -18.2  979.3   10.3  270.0   72.0  444.0
2020 248  9  4 1400  -19.9  978.7    7.1  270.0   74.0  444.0
2020 248  9  4 1500  -17.7  977.8   16.9  267.0   66.0  444.0
2020 248  9  4 1600  -18.6  977.3   18.0  266.0   73.0  444.0
2020 248  9  4 1700  -17.8  976.5   21.2  271.0   71.0  444.0
2020 248  9  4 1800  -18.0  978.5   14.0  275.0   66.0  444.0
2020 248  9  4 1900  -17.5  977.8   17.1  276.0   68.0  444.0
2020 248  9  4 2000  -17.3  977.4   17.1  275.0   63.0  444.0
2020 248  9  4 2100  -17.3  977.8   16.8  273.0   61.0  444.0
2020 248  9  4 2200  -17.7  977.3   17.2  274.0   68.0  444.0
2020 248  9  4 2300  -17.5  977.2   17.2  274.0   62.0  444.0
2020 249  9  5 0000  -17.3  976.9   17.8  277.0   67.4  444.0
2020 249  9  5 0100  -17.4  975.7   19.2  274.0   67.0  444.0
2020 249  9  5 0200  -17.2  974.4   20.8  273.0   69.0  444.0
2020 249  9  5 0300  -17.3  974.1   19.8  268.0   70.0  444.0
2020 249  9  5 0400  -17.2  973.3   19.7  266.0   64.0  444.0
2020 249  9  5 0500  -18.0  973.1   17.9  269.0   65.5  444.0
2020 249  9  5 0600  -16.9  973.4   16.3  272.0   58.0  444.0
2020 249  9  5 0700  -18.2  972.6   11.7  276.0   67.0  444.0
2020 249  9  5 0800  -15.2  971.1   15.6  267.0   55.0  444.0
2020 249  9  5 0900  -17.8  972.5    8.9  279.0   61.3  444.0
2020 249  9  5 1000  -16.8  970.8   18.6  267.0   73.0  444.0
2020 249  9  5 1100  -17.2  970.3   20.4  262.0   72.0  444.0
2020 249  9  5 1200  -16.6  970.1   19.3  262.0   70.0  444.0
2020 249  9  5 1300  -16.9  969.9   19.1  262.0   75.0  444.0
2020 249  9  5 1400  -17.5  968.6   19.3  254.0   79.7  444.0
2020 249  9  5 1500  -17.3  968.5   21.4  264.0   74.0  444.0
2020 249  9  5 1600  -17.6  968.5   24.0  262.0   79.0  444.0
2020 249  9  5 1700  -18.3  968.2   22.8  261.0   78.0  444.0
2020 249  9  5 1800  -17.9  967.6   25.7  255.0   79.0  444.0
2020 249  9  5 1900  -18.7  967.0   26.2  262.0   76.0  444.0
2020 249  9  5 2000  -19.2  967.8   24.1  264.0   76.0  444.0
2020 249  9  5 2100  -19.6  967.8   26.3  264.0   76.0  444.0
2020 249  9  5 2200  -19.7  967.6   26.8  263.0   77.0  444.0
2020 249  9  5 2300  -19.4  967.8   28.0  262.0   76.0  444.0
2020 250  9  6 0000  -19.5  968.4   24.3  266.0   75.0  444.0
2020 250  9  6 0100  -19.9  967.8   27.5  265.0   76.0  444.0
2020 250  9  6 0200  -20.1  967.0   27.3  266.0   75.0  444.0
2020 250  9  6 0300  -20.2  968.8   25.4  261.0   75.5  444.0
2020 250  9  6 0400  -19.8  969.9   23.3  262.0   72.7  444.0
2020 250  9  6 0500  -20.3  970.8   23.0  259.0   74.0  444.0
2020 250  9  6 0600  -21.0  971.5   20.3  252.0   75.0  444.0
2020 250  9  6 0700  -20.8  974.6   11.8  295.0   60.0  444.0
2020 250  9  6 0800  -21.5  973.9   15.7  246.0   70.0  444.0
2020 250  9  6 0900  -21.9  974.4   17.1  250.0   70.0  444.0
2020 250  9  6 1000  -22.0  974.6   19.7  252.0   72.0  444.0
2020 250  9  6 1100  -22.3  975.2   18.6  256.0   73.0  444.0
2020 250  9  6 1200  -22.7  975.5   19.1  253.0   72.3  444.0
2020 250  9  6 1300  -22.5  977.4   13.0  239.0   61.0  444.0
2020 250  9  6 1400  -22.8  978.4    5.8  231.0   55.0  444.0
2020 250  9  6 1500  -23.0  978.9    5.1  240.0   55.0  444.0
2020 250  9  6 1600  -22.6  979.5    8.9  243.0   52.0  444.0
2020 250  9  6 1700  -22.6  979.9    8.1  242.0   54.8  444.0
2020 250  9  6 1800  -22.5  980.4    5.8  238.0   51.0  444.0
2020 250  9  6 1900  -22.9  981.1    7.4  280.0   58.0  444.0
2020 250  9  6 2000  -23.3  981.6    7.2  263.0   59.0  444.0
2020 250  9  6 2100  -24.2  981.8    8.6  255.0   64.0  444.0
2020 250  9  6 2200  -24.3  981.5   12.9  252.0   66.1  444.0
2020 250  9  6 2300  -24.8  981.2   17.9  260.0   74.0  444.0
2020 251  9  7 0000  -25.0  980.7   20.0  254.0   75.0  444.0
2020 251  9  7 0100  -24.8  981.8   19.5  258.0   75.0  444.0
2020 251  9  7 0200  -23.7  981.4   21.5  259.0   73.0  444.0
2020 251  9  7 0300  -22.9  981.3   20.9  260.0   72.6  444.0
2020 251  9  7 0400  -22.2  982.5   17.0  256.0   69.0  444.0
2020 251  9  7 0500  -22.2  983.6   10.6  240.0   66.0  444.0
2020 251  9  7 0600  -21.9  983.7   12.7  247.0   67.0  444.0
2020 251  9  7 0700  -23.0  984.8    7.1  219.0   63.0  444.0
2020 251  9  7 0800  -22.4  984.0    7.6  229.0   60.0  444.0
2020 251  9  7 0900  -22.1  982.8   14.9  253.0   72.0  444.0
2020 251  9  7 1000  -21.8  984.7    9.8  240.0   64.9  444.0
2020 251  9  7 1100  -22.4  983.3   14.8  234.0   70.0  444.0
2020 251  9  7 1200  -22.4  983.8   16.2  250.0   72.0  444.0
2020 251  9  7 1300  -22.6  983.8   18.1  243.0   76.0  444.0
2020 251  9  7 1400  -22.9  983.5   15.2  248.0   75.0  444.0
2020 251  9  7 1500  -23.0  985.4   11.9  237.0   70.7  444.0
2020 251  9  7 1600  -22.8  985.0   17.8  236.0   74.0  444.0
2020 251  9  7 1700  -22.9  985.1   17.4  249.0   72.0  444.0
2020 251  9  7 1800  -23.3  984.9   19.3  245.0   76.0  444.0
2020 251  9  7 1900  -23.9  985.3   19.1  245.0   72.3  444.0
2020 251  9  7 2000  -24.8  983.6   21.6  243.0   74.2  444.0
2020 251  9  7 2100  -25.5  985.2   20.3  246.0   75.0  444.0
2020 251  9  7 2200  -25.8  985.6   20.4  242.0   72.0  444.0
2020 251  9  7 2300  -27.0  985.8   24.6  244.0   74.0  444.0
2020 252  9  8 0000  -26.6  986.2   21.1  252.0   73.0  444.0
2020 252  9  8 0100  -27.4  986.1   25.1  250.0   73.5  444.0
2020 252  9  8 0200  -27.4  985.5   24.8  247.0   75.0  444.0
2020 252  9  8 0300  -26.9  985.7   23.1  248.0   75.0  444.0
2020 252  9  8 0400  -27.2  988.0   21.3  246.0   75.0  444.0
2020 252  9  8 0500  -27.2  988.4   21.4  252.0   73.0  444.0
2020 252  9  8 0600  -26.6  990.4   11.0  245.0   75.0  444.0
2020 252  9  8 0700  -26.1  990.9   16.5  255.0   70.0  444.0
2020 252  9  8 0800  -26.2  990.4   19.1  260.0   73.0  444.0
2020 252  9  8 0900  -27.3  988.2   22.4  264.0   74.0  444.0
2020 252  9  8 1000  -27.3  988.2   25.8  259.0   74.0  444.0
2020 252  9  8 1100  -26.6  988.5   21.3  271.0   73.0  444.0
2020 252  9  8 1200  -26.6  987.2   24.3  268.0   69.9  444.0
2020 252  9  8 1300  -25.6  986.9   26.6  274.0   69.7  444.0
2020 252  9  8 1400  -24.9  985.8   25.3  272.0   67.0  444.0
2020 252  9  8 1500  -24.5  985.8   25.1  271.0   65.0  444.0
2020 252  9  8 1600  -24.6  985.5   21.4  273.0   67.0  444.0
2020 252  9  8 1700  -23.7  985.4   20.3  271.0   60.8  444.0
2020 252  9  8 1800  -23.6  985.6   18.6  275.0   60.8  444.0
2020 252  9  8 1900  -24.1  985.3   16.4  275.0   67.0  444.0
2020 252  9  8 2000  -24.1  986.3   15.1  276.0   65.0  444.0
2020 252  9  8 2100  -22.6  984.9   19.8  274.0   64.0  444.0
2020 252  9  8 2200  -22.5  983.7   21.8  277.0   68.2  444.0
2020 252  9  8 2300  -22.3  982.7   27.1  269.0   68.7  444.0
2020 253  9  9 0000  -22.6  981.8   26.5  261.0   71.0  444.0
2020 253  9  9 0100  -22.4  980.5   27.9  266.0   73.0  444.0
2020 253  9  9 0200  -21.7  979.0   28.5  264.0   71.0  444.0
2020 253  9  9 0300  -20.9  976.6   30.6  262.0   75.0  444.0
2020 253  9  9 0400  -21.4  977.5   27.6  259.0   73.0  444.0
2020 253  9  9 0500  -21.2  977.3   28.9  263.0   76.0  444.0
2020 253  9  9 0600  -20.6  978.1   20.3  267.0   66.0  444.0
2020 253  9  9 0700  -21.0  977.1   25.0  268.0   73.0  444.0
2020 253  9  9 0800  -20.7  975.4   26.7  260.0   74.0  444.0
2020 253  9  9 0900  -20.2  975.9   23.6  260.0   72.0  444.0
2020 253  9  9 1000  -19.6  976.1   21.5  262.0   67.0  444.0
2020 253  9  9 1100  -18.9  975.1   24.9  261.0   71.6  444.0
2020 253  9  9 1200  -18.3  975.0   19.4  261.0   67.0  444.0
2020 253  9  9 1300  -18.4  975.4   16.9  257.0   67.0  444.0
2020 253  9  9 1400  -19.9  978.0    4.5  159.0   84.0  444.0
2020 253  9  9 1500  -21.2  978.0    3.8  155.0   80.0  444.0
2020 253  9  9 1600  -21.9  978.2    5.8  148.0   80.0  444.0
2020 253  9  9 1700  -22.4  978.2    3.4  178.0   79.0  444.0
2020 253  9  9 1800  -22.1  978.1    5.7  199.0   79.0  444.0
2020 253  9  9 1900  -22.8  978.2    5.6  157.0   79.0  444.0
2020 253  9  9 2000  -23.0  978.4    5.3  150.0   79.0  444.0
2020 253  9  9 2100  -22.4  978.5    5.2  156.0   77.6  444.0
2020 253  9  9 2200  -22.8  979.5    5.3  176.0   76.0  444.0
2020 253  9  9 2300  -22.9  978.1   16.2  245.0   76.0  444.0
2020 254  9 10 0000  -23.5  980.8    5.7  156.0   76.0  444.0
2020 254  9 10 0100  -23.5  980.6    8.1  189.0   71.0  444.0
2020 254  9 10 0200  -23.1  981.2    8.9  192.0   70.0  444.0
2020 254  9 10 0300  -22.8  982.0    5.1  185.0   67.0  444.0
2020 254  9 10 0400  -22.5  981.6    7.0  190.0   63.0  444.0
2020 254  9 10 0500  -23.7  982.1    5.8  142.0   69.0  444.0
2020 254  9 10 0600  -22.2  981.0   13.5  235.0   70.0  444.0
2020 254  9 10 0700  -22.3  979.7   16.7  234.0   71.0  444.0
2020 254  9 10 0800  -23.8  981.5    9.6  210.0   67.9  444.0
2020 254  9 10 0900  -23.3  981.2   14.3  226.0   71.0  444.0
2020 254  9 10 1000  -23.8  981.8   15.0  236.0   75.0  444.0
2020 254  9 10 1100  -24.7  982.1   14.1  216.0   75.0  444.0
2020 254  9 10 1200  -24.2  981.6   21.6  242.0   74.0  444.0
2020 254  9 10 1300  -24.2  981.4   18.9  242.0   72.1  444.0
2020 254  9 10 1400  -23.0  981.3   22.9  253.0   72.0  444.0
2020 254  9 10 1500  -23.1  979.7   28.8  256.0   74.0  444.0
2020 254  9 10 1600  -23.2  978.8   26.2  257.0   73.0  444.0
2020 254  9 10 1700  -23.5  978.7   26.9  256.0   74.0  444.0
2020 254  9 10 1800  -22.9  979.5   24.0  256.0   68.0  444.0
2020 254  9 10 1900  -23.6  979.2   23.8  261.0   69.0  444.0
2020 254  9 10 2000  -24.1  977.1   32.1  262.0   74.0  444.0
2020 254  9 10 2100  -23.2  977.6   27.8  264.0   72.0  444.0
2020 254  9 10 2200  -22.4  978.7   24.5  259.0   71.0  444.0
2020 254  9 10 2300  -21.2  977.9   22.9  262.0   61.0  444.0
2020 255  9 11 0000  -21.4  977.6   24.3  260.0   62.0  444.0
2020 255  9 11 0100  -21.0  977.4   17.3  265.0   55.0  444.0
2020 255  9 11 0200  -19.8  976.5   19.8  262.0   65.0  444.0
2020 255  9 11 0300  -19.7  974.9   24.7  258.0   68.0  444.0
2020 255  9 11 0400  -19.1  972.8   29.6  261.0   73.0  444.0
2020 255  9 11 0500  -18.9  971.4   30.1  263.0   76.0  444.0
2020 255  9 11 0600  -18.8  970.5   32.5  256.0   74.2  444.0
2020 255  9 11 0700  -18.8  971.1   33.9  262.0   73.0  444.0
2020 255  9 11 0800  -18.9  971.6   31.6  260.0   76.0  444.0
2020 255  9 11 0900  -18.8  970.1   32.3  261.0   75.0  444.0
2020 255  9 11 1000  -17.8  970.0   27.5  260.0   68.0  444.0
2020 255  9 11 1100  -16.9  969.3   28.5  258.0   67.8  444.0
2020 255  9 11 1200  -17.2  968.4   23.0  260.0   70.0  444.0
2020 255  9 11 1300  -16.6  969.4   24.6  268.0   55.0  444.0
2020 255  9 11 1400  -16.8  969.7   18.8  265.0   67.0  444.0
2020 255  9 11 1500  -15.3  968.3   13.5  276.0   44.0  444.0
2020 255  9 11 1600  -16.5  966.3   21.7  269.0   60.2  444.0
2020 255  9 11 1700  -17.7  964.4   30.1  261.0   71.0  444.0
2020 255  9 11 1800  -17.2  963.1   28.1  258.0   70.0  444.0
2020 255  9 11 1900  -18.4  962.9   31.2  257.0   73.0  444.0
2020 255  9 11 2000  -20.1  962.1   28.1  256.0   70.0  444.0
2020 255  9 11 2100  -21.8  962.9   30.3  255.0   73.5  444.0
2020 255  9 11 2200  -21.6  965.0   25.3  255.0   69.0  444.0
2020 255  9 11 2300  -22.6  966.0   27.6  246.0   72.0  444.0
2020 256  9 12 0000  -26.2  970.5    7.4  161.0   75.0  444.0
2020 256  9 12 0100  -26.6  971.7    7.1  165.0   75.0  444.0
2020 256  9 12 0200  -28.3  972.3    5.2  191.0   73.9  444.0
2020 256  9 12 0300  -28.1  973.1    4.5  182.0   74.0  444.0
2020 256  9 12 0400  -27.0  973.4    4.2  184.0   75.0  444.0
2020 256  9 12 0500  -25.8  973.9    6.1  154.0   75.0  444.0
2020 256  9 12 0600  -25.7  974.0    3.4  167.0   74.0  444.0
2020 256  9 12 0700  -27.3  974.5    3.8  198.0   66.1  444.0
2020 256  9 12 0800  -28.0  975.2    4.5  206.0   68.0  444.0
2020 256  9 12 0900  -28.4  975.8    3.6  203.0   66.7  444.0
2020 256  9 12 1000  -27.7  976.7    3.2  213.0   63.0  444.0
2020 256  9 12 1100  -27.6  977.0    2.5  184.0   63.0  444.0
2020 256  9 12 1200  -27.6  977.8    2.6  193.0   69.9  444.0
2020 256  9 12 1300  -28.8  978.3    2.4  214.0   68.0  444.0
2020 256  9 12 1400  -28.7  978.6    2.3  207.0   68.1  444.0
2020 256  9 12 1500  -28.4  979.0    1.5  238.0   65.0  444.0
2020 256  9 12 1600  -29.4  979.5    3.4  255.0   64.0  444.0
2020 256  9 12 1700  -29.0  979.8    2.1  266.0   59.0  444.0
2020 256  9 12 1800  -28.8  979.9    3.7  259.0   53.0  444.0
2020 256  9 12 1900  -28.9  979.8    8.2  257.0   53.8  444.0
2020 256  9 12 2000  -28.0  979.9   11.4  262.0   54.0  444.0
2020 256  9 12 2100  -27.2  979.6   15.9  266.0   58.0  444.0
2020 256  9 12 2200  -26.9  979.4   16.4  261.0   58.0  444.0
2020 256  9 12 2300  -26.8  979.9   18.7  262.0   62.0  444.0
2020 257  9 13 0000  -26.3  979.8   18.6  257.0   59.5  444.0
2020 257  9 13 0100  -25.8  981.3   15.0  263.0   56.0  444.0
2020 257  9 13 0200  -25.3  981.7   16.8  262.0   57.0  444.0
2020 257  9 13 0300  -25.1  982.3   15.0  253.0   55.0  444.0
2020 257  9 13 0400  -25.9  983.6    7.9  275.0   47.9  444.0
2020 257  9 13 0500  -25.2  983.6    9.9  265.0   44.3  444.0
2020 257  9 13 0600  -25.4  984.1    9.4  265.0   47.0  444.0
2020 257  9 13 0700  -25.1  985.1    3.8  276.0   34.8  444.0
2020 257  9 13 0800  -25.3  985.4    1.2  319.0   36.0  444.0
2020 257  9 13 0900  -25.2  985.3    0.5  238.0   38.0  444.0
2020 257  9 13 1000  -25.1  985.3    0.9  277.0   31.0  444.0
2020 257  9 13 1100  -26.7  984.8    9.5  280.0   38.0  444.0
2020 257  9 13 1200  -26.6  984.5   11.8  270.0   47.8  444.0
2020 257  9 13 1300  -26.3  983.8   14.8  265.0   51.0  444.0
2020 257  9 13 1400  -26.4  983.7   17.0  265.0   54.0  444.0
2020 257  9 13 1500  -26.3  983.7   18.0  270.0   54.0  444.0
2020 257  9 13 1600  -26.3  984.7    2.8  300.0   53.0  444.0
2020 257  9 13 1700  -27.0  983.7    8.9  266.0   52.8  444.0
2020 257  9 13 1800  -26.4  984.4    0.3  214.0   56.0  444.0
2020 257  9 13 1900  -27.2  982.0   21.5  263.0   62.0  444.0
2020 257  9 13 2000  -28.0  982.4   20.5  268.0   65.0  444.0
2020 257  9 13 2100  -27.4  983.2   14.3  270.0   55.0  444.0
2020 257  9 13 2200  -27.5  981.8   19.6  262.0   59.9  444.0
2020 257  9 13 2300  -26.7  983.3   12.4  276.0   45.0  444.0
2020 258  9 14 0000  -26.0  982.5   14.0  276.0   60.0  444.0
2020 258  9 14 0100  -26.4  979.2   24.0  260.0   63.0  444.0
2020 258  9 14 0200  -26.4  980.3   26.3  258.0   63.0  444.0
2020 258  9 14 0300  -26.7  979.8   20.7  262.0   58.3  444.0
2020 258  9 14 0400  -27.0  980.1   18.9  260.0   59.0  444.0
2020 258  9 14 0500  -26.9  979.5   20.8  263.0   59.0  444.0
2020 258  9 14 0600  -28.9  982.2    7.0  238.0   65.0  444.0
2020 258  9 14 0700  -27.9  982.2    1.8  149.0   62.4  444.0
2020 258  9 14 0800  -27.8  982.1    4.8  123.0   63.0  444.0
2020 258  9 14 0900  -28.2  982.1    2.9  128.0   63.0  444.0
2020 258  9 14 1000  -28.0  982.2    2.2  121.0   65.5  444.0
2020 258  9 14 1100  -28.2  981.7    3.2  110.0   68.0  444.0
2020 258  9 14 1200  -28.2  981.5    2.2  139.0   66.0  444.0
2020 258  9 14 1300  -28.1  981.2    1.4  128.0   69.0  444.0
2020 258  9 14 1400  -29.2  981.0    1.4  158.0   74.0  444.0
2020 258  9 14 1500  -28.1  980.9    2.8  155.0   74.0  444.0
2020 258  9 14 1600  -27.9  980.8    3.5  151.0   69.0  444.0
2020 258  9 14 1700  -29.7  980.9    1.6  181.0   69.0  444.0
2020 258  9 14 1800  -29.7  981.2    2.1  200.0   68.0  444.0
2020 258  9 14 1900  -29.5  981.2    3.0  211.0   66.0  444.0
2020 258  9 14 2000  -30.4  981.5    3.4  215.0   65.8  444.0
2020 258  9 14 2100  -30.4  981.6    3.4  223.0   67.0  444.0
2020 258  9 14 2200  -30.3  981.6    2.9  228.0   67.0  444.0
2020 258  9 14 2300  -29.8  981.5    2.2  234.0   68.0  444.0
2020 259  9 15 0000  -29.0  981.2    2.1  226.0   71.0  444.0
2020 259  9 15 0100  -29.1  980.9    3.4  212.0   72.0  444.0
2020 259  9 15 0200  -30.1  980.8    3.0  195.0   70.0  444.0
2020 259  9 15 0300  -30.4  980.4    3.6  210.0   70.6  444.0
2020 259  9 15 0400  -31.1  980.5    4.4  218.0   70.0  444.0
2020 259  9 15 0500  -31.8  980.4    4.0  219.0   69.4  444.0
2020 259  9 15 0600  -32.5  980.4    4.0  219.0   69.0  444.0
2020 259  9 15 0700  -32.8  980.4    4.5  230.0   68.0  444.0
2020 259  9 15 0800  -32.5  980.8    3.3  240.0   68.1  444.0
2020 259  9 15 0900  -32.8  980.7    2.0  233.0   67.0  444.0
2020 259  9 15 1000  -33.0  980.5    2.0  258.0   68.0  444.0
2020 259  9 15 1100  -33.0  979.2    8.5  263.0   58.0  444.0
2020 259  9 15 1200  -33.1  979.2   12.3  262.0   64.0  444.0
2020 259  9 15 1300  -33.2  979.4   10.2  260.0   59.2  444.0
2020 259  9 15 1400  -33.6  979.5   10.0  256.0   59.0  444.0
2020 259  9 15 1500  -33.7  979.4   12.3  262.0   60.0  444.0
2020 259  9 15 1600  -33.4  979.5   12.6  260.0   57.0  444.0
2020 259  9 15 1700  -33.4  979.2   14.3  260.0   59.0  444.0
2020 259  9 15 1800  -33.1  979.5   14.0  259.0   54.0  444.0
2020 259  9 15 1900  -33.1  979.2   16.3  258.0   53.0  444.0
2020 259  9 15 2000  -32.8  979.0   16.2  258.0   55.0  444.0
2020 259  9 15 2100  -32.5  979.2   13.9  260.0   54.0  444.0
2020 259  9 15 2200  -32.1  979.2   13.9  260.0   56.0  444.0
2020 259  9 15 2300  -31.5  979.9   10.9  264.0   63.0  444.0
2020 260  9 16 0000  -31.3  979.4   12.6  272.0   65.0  444.0
2020 260  9 16 0100  -30.9  978.7   15.6  273.0   65.5  444.0
2020 260  9 16 0200  -30.7  979.0   11.8  275.0   69.0  444.0
2020 260  9 16 0300  -30.4  978.6   14.3  280.0   71.0  444.0
2020 260  9 16 0400  -30.4  979.3   13.5  279.0   70.6  444.0
2020 260  9 16 0500  -29.9  979.7   12.3  280.0   69.0  444.0
2020 260  9 16 0600  -29.6  980.4   11.3  281.0   70.0  444.0
2020 260  9 16 0700  -29.8  982.7    4.6  248.0   72.0  444.0
2020 260  9 16 0800  -30.2  983.0    4.1  238.0   72.0  444.0
2020 260  9 16 0900  -30.2  982.7    4.5  252.0   72.0  444.0
2020 260  9 16 1000  -30.1  982.8    5.2  258.0   73.0  444.0
2020 260  9 16 1100  -29.7  982.9    7.0  258.0   73.0  444.0
2020 260  9 16 1200  -29.3  984.0    4.3  224.0   73.0  444.0
2020 260  9 16 1300  -29.6  983.8    0.9  226.0   73.0  444.0
2020 260  9 16 1400  -29.5  983.4    3.8  258.0   73.0  444.0
2020 260  9 16 1500  -29.2  983.0    6.6  271.0   73.0  444.0
2020 260  9 16 1600  -28.8  982.7    7.4  274.0   74.0  444.0
2020 260  9 16 1700  -28.0  982.4    9.6  279.0   74.0  444.0
2020 260  9 16 1800  -27.5  982.2    9.6  279.0   73.0  444.0
2020 260  9 16 1900  -27.2  981.7   10.6  280.0   74.0  444.0
2020 260  9 16 2000  -26.8  981.2   11.4  282.0   73.0  444.0
2020 260  9 16 2100  -26.5  980.7   11.6  282.0   73.0  444.0
2020 260  9 16 2200  -26.9  980.7   10.9  279.0   71.0  444.0
2020 260  9 16 2300  -26.8  980.4    9.9  280.0   69.0  444.0
2020 261  9 17 0000  -26.5  980.2   10.8  282.0   67.9  444.0
2020 261  9 17 0100  -26.0  979.6   10.7  281.0   65.0  444.0
2020 261  9 17 0200  -25.8  979.3   10.6  281.0   62.0  444.0
2020 261  9 17 0300  -25.3  978.7   10.3  282.0   59.0  444.0
2020 261  9 17 0400  -25.3  978.0   10.2  282.0   57.0  444.0
2020 261  9 17 0500  -24.6  977.6    9.3  283.0   52.0  444.0
2020 261  9 17 0600  -25.2  977.5    9.3  278.0   54.1  444.0
2020 261  9 17 0700  -25.5  977.1    9.6  278.0   53.0  444.0
2020 261  9 17 0800  -25.7  976.4   11.1  273.0   53.0  444.0
2020 261  9 17 0900  -25.1  976.3   11.4  277.0   54.0  444.0
2020 261  9 17 1000  -24.4  976.2   10.5  272.0   46.0  444.0
2020 261  9 17 1100  -24.2  975.9   11.2  272.0   46.0  444.0
2020 261  9 17 1200  -24.1  975.3   12.2  273.0   49.6  444.0
2020 261  9 17 1300  -24.2  975.1   12.2  274.0   51.0  444.0
2020 261  9 17 1400  -24.2  974.9   12.9  272.0   53.0  444.0
2020 261  9 17 1500  -24.7  974.7   12.8  270.0   54.0  444.0
2020 261  9 17 1600  -24.6  974.2   13.8  276.0   57.0  444.0
2020 261  9 17 1700  -24.2  973.9   15.3  273.0   54.5  444.0
2020 261  9 17 1800  -24.4  973.8   16.3  272.0   61.0  444.0
2020 261  9 17 1900  -24.6  973.4   15.2  272.0   64.0  444.0
2020 261  9 17 2000  -24.5  973.3   14.9  267.0   65.0  444.0
2020 261  9 17 2100  -24.4  973.6   14.1  265.0   64.0  444.0
2020 261  9 17 2200  -24.4  973.4   14.9  264.0   64.0  444.0
2020 261  9 17 2300  -24.4  973.5   15.3  267.0   63.0  444.0
2020 262  9 18 0000  -24.4  973.0   14.0  269.0   64.0  444.0
2020 262  9 18 0100  -23.8  973.0   12.7  269.0   53.0  444.0
2020 262  9 18 0200  -23.1  972.4   15.5  265.0   59.0  444.0
2020 262  9 18 0300  -22.9  972.2   14.8  269.0   59.0  444.0
2020 262  9 18 0400  -22.9  972.5   10.6  274.0   48.0  444.0
2020 262  9 18 0500  -22.8  971.6   12.2  273.0   51.0  444.0
2020 262  9 18 0600  -23.0  972.1   11.9  269.0   52.0  444.0
2020 262  9 18 0700  -24.1  972.4   10.3  272.0   48.0  444.0
2020 262  9 18 0800  -24.7  972.2   11.8  261.0   61.0  444.0
2020 262  9 18 0900  -24.4  971.6   12.9  265.0   55.0  444.0
2020 262  9 18 1000  -25.0  972.1   11.8  263.0   63.9  444.0
2020 262  9 18 1100  -24.9  971.8   12.6  261.0   65.0  444.0
2020 262  9 18 1200  -24.9  971.9   13.1  262.0   57.0  444.0
2020 262  9 18 1300  -25.0  972.1   11.2  274.0   47.0  444.0
2020 262  9 18 1400  -25.7  972.1   11.6  260.0   65.0  444.0
2020 262  9 18 1500  -25.7  971.8   12.7  260.0   63.1  444.0
2020 262  9 18 1600  -25.8  972.3   12.6  263.0   59.0  444.0
2020 262  9 18 1700  -25.9  971.4   17.5  255.0   63.0  444.0
2020 262  9 18 1800  -26.3  972.0   15.9  258.0   67.0  444.0
2020 262  9 18 1900  -26.1  972.2   16.4  272.0   63.0  444.0
2020 262  9 18 2000  -26.5  972.2   14.3  266.0   64.7  444.0
2020 262  9 18 2100  -26.3  972.6   15.1  262.0   63.0  444.0
2020 262  9 18 2200  -25.8  972.0   17.4  261.0   65.0  444.0
2020 262  9 18 2300  -25.6  972.6   15.4  263.0   63.0  444.0
2020 263  9 19 0000  -24.7  972.4   15.0  262.0   62.0  444.0
2020 263  9 19 0100  -24.1  972.5   14.0  264.0   60.3  444.0
2020 263  9 19 0200  -23.8  972.1   13.3  267.0   53.0  444.0
2020 263  9 19 0300  -23.7  971.8   14.3  269.0   51.0  444.0
2020 263  9 19 0400  -23.7  971.8   12.7  269.0   47.4  444.0
2020 263  9 19 0500  -23.3  971.7   12.5  269.0   47.0  444.0
2020 263  9 19 0600  -22.9  971.5   12.1  270.0   44.0  444.0
2020 263  9 19 0700  -22.3  971.2   10.8  270.0   43.0  444.0
2020 263  9 19 0800  -22.4  971.2   11.2  273.0   45.0  444.0
2020 263  9 19 0900  -21.5  970.9   12.6  273.0   48.0  444.0
2020 263  9 19 1000  -21.4  970.3   15.0  279.0   60.0  444.0
2020 263  9 19 1100  -21.7  969.7   16.4  278.0   63.0  444.0
2020 263  9 19 1200  -23.0  969.2   16.9  277.0   69.0  444.0
2020 263  9 19 1300  -22.5  969.3   16.5  277.0   68.7  444.0
2020 263  9 19 1400  -20.9  969.7   13.9  274.0   57.0  444.0
2020 263  9 19 1500  -20.8  969.1   15.4  274.0   52.0  444.0
2020 263  9 19 1600  -20.9  967.9   17.7  280.0   59.0  444.0
2020 263  9 19 1700  -20.7  968.6   14.4  273.0   56.0  444.0
2020 263  9 19 1800  -21.1  968.6   17.3  277.0   66.9  444.0
2020 263  9 19 1900  -21.6  968.4   14.3  272.0   61.0  444.0
2020 263  9 19 2000  -20.7  969.1   12.2  267.0   53.0  444.0
2020 263  9 19 2100  -21.5  969.0   12.9  266.0   56.0  444.0
2020 263  9 19 2200  -21.2  969.0   14.7  260.0   51.0  444.0
2020 263  9 19 2300  -20.9  969.4   15.7  262.0   51.2  444.0
2020 264  9 20 0000  -21.0  969.4   15.6  264.0   58.0  444.0
2020 264  9 20 0100  -20.9  970.6   16.9  268.0   62.0  444.0
2020 264  9 20 0200  -20.5  971.5   13.1  276.0   57.4  444.0
2020 264  9 20 0300  -20.0  970.5   17.3  264.0   52.0  444.0
2020 264  9 20 0400  -20.3  969.9   18.3  275.0   69.0  444.0
2020 264  9 20 0500  -18.9  969.9   17.8  279.0   72.0  444.0
2020 264  9 20 0600  -17.8  971.4   14.2  273.0   71.0  444.0
2020 264  9 20 0700  -17.3  973.8    8.3  262.0   80.0  444.0
2020 264  9 20 0800  -17.1  973.9   12.1  272.0   82.0  444.0
2020 264  9 20 0900  -17.6  972.8   14.7  280.0   84.0  444.0
2020 264  9 20 1000  -17.2  973.1   15.0  280.0   79.0  444.0
2020 264  9 20 1100  -18.2  973.8   12.9  276.0   76.0  444.0
2020 264  9 20 1200  -18.1  971.6   21.3  268.0   75.0  444.0
2020 264  9 20 1300  -19.0  972.6   20.0  265.0   75.0  444.0
2020 264  9 20 1400  -19.5  973.8   17.8  263.0   70.0  444.0
2020 264  9 20 1500  -20.1  974.9   14.8  258.0   55.0  444.0
2020 264  9 20 1600  -20.9  976.0   12.2  255.0   57.0  444.0
2020 264  9 20 1700  -22.3  975.8   19.8  255.0   59.0  444.0
2020 264  9 20 1800  -23.3  975.3   18.9  258.0   70.0  444.0
2020 264  9 20 1900  -23.9  976.6   18.4  260.0   67.0  444.0
2020 264  9 20 2000  -23.9  976.4   23.4  260.0   60.0  444.0
2020 264  9 20 2100  -25.2  976.8   26.5  264.0   57.0  444.0
2020 264  9 20 2200  -25.5  977.3   29.7  261.0   56.0  444.0
2020 264  9 20 2300  -25.6  976.7   29.4  261.0   56.3  444.0
2020 265  9 21 0000  -25.4  977.3   25.1  259.0   59.0  444.0
2020 265  9 21 0100  -24.4  976.8   26.9  261.0   48.0  444.0
2020 265  9 21 0200  -23.2  976.8   25.7  266.0   46.0  444.0
2020 265  9 21 0300  -22.6  975.0   31.5  268.0   44.0  444.0
2020 265  9 21 0400  -23.8  978.1   13.2  281.0   61.9  444.0
2020 265  9 21 0500  -23.3  977.1   16.9  270.0   57.0  444.0
2020 265  9 21 0600  -23.2  976.3   18.0  281.0   69.0  444.0
2020 265  9 21 0700  -23.3  976.4   18.5  275.0   70.0  444.0
2020 265  9 21 0800  -22.7  975.6   16.7  277.0   64.0  444.0
2020 265  9 21 0900  -22.7  974.6   18.2  272.0   63.5  444.0
2020 265  9 21 1000  -23.2  974.4   16.8  277.0   65.0  444.0
2020 265  9 21 1100  -20.3  973.0   26.5  274.0   43.3  444.0
2020 265  9 21 1200  -19.7  972.3   23.8  270.0   41.0  444.0
2020 265  9 21 1300  -20.9  970.9   25.9  275.0   45.0  444.0
2020 265  9 21 1400  -20.1  970.0   28.8  270.0   40.5  444.0
2020 265  9 21 1500  -20.4  969.9   24.7  269.0   42.0  444.0
2020 265  9 21 1600  -20.7  969.4   28.8  268.0   40.0  444.0
2020 265  9 21 1700  -21.3  969.0   28.5  263.0   42.0  444.0
2020 265  9 21 1800  -22.4  969.8   28.1  258.0   43.0  444.0
2020 265  9 21 1900  -23.5  971.3   25.0  262.0   45.0  444.0
2020 265  9 21 2000  -23.9  971.3   24.5  263.0   44.0  444.0
2020 265  9 21 2100  -24.2  972.5   25.1  258.0   43.0  444.0
2020 265  9 21 2200  -24.3  972.5   22.9  258.0   45.0  444.0
2020 265  9 21 2300  -24.9  972.9   27.6  256.0   49.0  444.0
2020 266  9 22 0000  -25.1  973.7   26.9  259.0   49.0  444.0
2020 266  9 22 0100  -25.3  971.7   30.4  260.0   49.0  444.0
2020 266  9 22 0200  -25.3  444.0   32.0  258.0   46.6  444.0
2020 266  9 22 0300  -25.1  972.6   31.3  261.0   44.0  444.0
2020 266  9 22 0400  -24.3  973.0   28.1  262.0   40.0  444.0
2020 266  9 22 0500  -24.0  970.3   34.4  266.0   38.0  444.0
2020 266  9 22 0600  -23.9  970.3   31.6  270.0   39.0  444.0
2020 266  9 22 0700  -22.8  971.1   26.4  264.0   38.5  444.0
2020 266  9 22 0800  -22.0  972.8   21.6  271.0   35.0  444.0
2020 266  9 22 0900  -23.2  973.1   23.5  262.0   46.3  444.0
2020 266  9 22 1000  -23.1  973.2   20.8  260.0   50.0  444.0
2020 266  9 22 1100  -23.3  974.8   21.4  263.0   50.0  444.0
2020 266  9 22 1200  -23.5  974.5   22.2  259.0   47.4  444.0
2020 266  9 22 1300  -23.9  974.3   23.1  257.0   47.0  444.0
2020 266  9 22 1400  -24.5  976.8   19.3  252.0   48.0  444.0
2020 266  9 22 1500  -24.8  975.2   22.0  262.0   46.0  444.0
2020 266  9 22 1600  -25.1  976.2   23.2  257.0   51.0  444.0
2020 266  9 22 1700  -26.3  975.5   24.6  256.0   49.4  444.0
2020 266  9 22 1800  -27.8  977.2   23.6  257.0   50.0  444.0
2020 266  9 22 1900  -28.5  978.3   22.4  258.0   52.0  444.0
2020 266  9 22 2000  -28.7  977.1   28.8  257.0   48.0  444.0
2020 266  9 22 2100  -28.4  977.8   28.9  256.0   43.0  444.0
2020 266  9 22 2200  -28.0  980.1   22.0  261.0   42.6  444.0
2020 266  9 22 2300  -27.9  981.5   22.3  262.0   44.0  444.0
2020 267  9 23 0000  -26.8  982.3   16.5  257.0   47.1  444.0
2020 267  9 23 0100  -26.3  982.9   16.1  262.0   48.0  444.0
2020 267  9 23 0200  -26.0  983.2   15.9  276.0   47.0  444.0
2020 267  9 23 0300  -25.9  982.4   16.6  273.0   43.0  444.0
2020 267  9 23 0400  -26.4  981.9   16.5  275.0   46.0  444.0
2020 267  9 23 0500  -25.9  981.7   19.2  272.0   40.1  444.0
2020 267  9 23 0600  -26.3  981.4   16.0  278.0   42.0  444.0
2020 267  9 23 0700  -27.4  981.5   15.2  284.0   49.0  444.0
2020 267  9 23 0800  -27.6  980.8   18.0  278.0   47.0  444.0
2020 267  9 23 0900  -28.5  981.3   17.8  280.0   51.2  444.0
2020 267  9 23 1000  -27.1  981.8   15.0  276.0   44.4  444.0
2020 267  9 23 1100  -26.4  981.9   16.6  276.0   42.0  444.0
2020 267  9 23 1200  -25.9  982.0   16.5  277.0   42.0  444.0
2020 267  9 23 1300  -25.9  982.0   16.4  279.0   43.0  444.0
2020 267  9 23 1400  -26.0  982.6   16.0  279.0   45.1  444.0
2020 267  9 23 1500  -26.2  981.8   19.1  276.0   43.4  444.0
2020 267  9 23 1600  -26.2  981.4   21.3  275.0   41.0  444.0
2020 267  9 23 1700  -26.1  980.7   23.2  270.0   46.0  444.0
2020 267  9 23 1800  -25.9  981.3   21.9  272.0   41.0  444.0
2020 267  9 23 1900  -26.1  980.4   23.5  274.0   41.0  444.0
2020 267  9 23 2000  -26.1  981.0   19.4  270.0   44.6  444.0
2020 267  9 23 2100  -26.5  981.1   19.4  275.0   48.0  444.0
2020 267  9 23 2200  -25.8  981.0   21.1  275.0   46.6  444.0
2020 267  9 23 2300  -25.0  981.3   20.3  273.0   45.0  444.0
2020 268  9 24 0000  -24.8  980.7   22.5  274.0   42.7  444.0
2020 268  9 24 0100  -24.9  980.9   22.6  277.0   45.7  444.0
2020 268  9 24 0200  -25.0  980.3   24.9  271.0   44.0  444.0
2020 268  9 24 0300  -24.1  980.5   20.4  271.0   41.0  444.0
2020 268  9 24 0400  -23.9  980.5   19.2  272.0   41.0  444.0
2020 268  9 24 0500  -24.3  979.9   23.4  274.0   41.0  444.0
2020 268  9 24 0600  -24.7  978.9   24.5  270.0   41.0  444.0
2020 268  9 24 0700  -25.3  979.7   24.0  268.0   42.0  444.0
2020 268  9 24 0800  -25.8  979.7   22.8  269.0   41.2  444.0
2020 268  9 24 0900  -26.2  979.4   22.6  266.0   42.0  444.0
2020 268  9 24 1000  -26.8  979.6   21.4  265.0   43.0  444.0
2020 268  9 24 1100  -27.1  980.2   21.6  267.0   43.0  444.0
2020 268  9 24 1200  -26.9  979.7   20.2  268.0   40.5  444.0
2020 268  9 24 1300  -27.7  980.4   22.0  268.0   42.1  444.0
2020 268  9 24 1400  -27.7  979.9   20.8  268.0   43.0  444.0
2020 268  9 24 1500  -27.9  979.5   21.5  268.0   43.0  444.0
2020 268  9 24 1600  -28.0  978.8   21.9  268.0   42.0  444.0
2020 268  9 24 1700  -27.8  977.8   21.6  268.0   40.2  444.0
2020 268  9 24 1800  -27.6  977.0   22.1  270.0   39.8  444.0
2020 268  9 24 1900  -27.9  976.4   23.5  270.0   41.0  444.0
2020 268  9 24 2000  -27.3  977.0   20.8  268.0   42.0  444.0
2020 268  9 24 2100  -26.5  976.7   20.8  272.0   42.0  444.0
2020 268  9 24 2200  -26.5  977.1   17.3  272.0   44.3  444.0
2020 268  9 24 2300  -27.1  976.2   13.4  278.0   50.0  444.0
2020 269  9 25 0000  -26.9  975.6   14.7  278.0   52.0  444.0
2020 269  9 25 0100  -26.4  974.8   14.1  278.0   49.0  444.0
2020 269  9 25 0200  -24.5  972.5   25.1  269.0   40.0  444.0
2020 269  9 25 0300  -24.2  973.0   22.0  267.0   39.9  444.0
2020 269  9 25 0400  -24.5  971.9   24.2  267.0   43.0  444.0
2020 269  9 25 0500  -23.8  971.9   23.3  267.0   38.0  444.0
2020 269  9 25 0600  -23.9  971.4   24.7  268.0   38.9  444.0
2020 269  9 25 0700  -24.1  970.5   25.9  269.0   39.2  444.0
2020 269  9 25 0800  -24.1  970.6   26.8  268.0   38.0  444.0
2020 269  9 25 0900  -24.5  971.1   23.9  270.0   40.0  444.0
2020 269  9 25 1000  -25.0  972.7   20.8  268.0   44.0  444.0
2020 269  9 25 1100  -25.2  973.1   19.3  270.0   45.0  444.0
2020 269  9 25 1200  -25.4  973.4   20.3  268.0   44.0  444.0
2020 269  9 25 1300  -25.6  975.1   14.6  267.0   46.0  444.0
2020 269  9 25 1400  -26.2  975.7   12.8  261.0   52.0  444.0
2020 269  9 25 1500  -26.3  976.2   13.4  260.0   54.0  444.0
2020 269  9 25 1600  -26.8  976.7   15.5  264.0   52.0  444.0
2020 269  9 25 1700  -26.9  977.4   13.4  265.0   56.0  444.0
2020 269  9 25 1800  -26.8  977.4   14.8  278.0   59.0  444.0
2020 269  9 25 1900  -27.1  978.2   17.3  278.0   51.0  444.0
2020 269  9 25 2000  -27.5  978.5   18.7  279.0   50.0  444.0
2020 269  9 25 2100  -28.0  978.3   19.0  277.0   50.0  444.0
2020 269  9 25 2200  -27.9  977.8   22.4  269.0   46.0  444.0
2020 269  9 25 2300  -28.3  977.1   26.9  274.0   45.0  444.0
2020 270  9 26 0000  -27.8  977.9   24.2  276.0   43.0  444.0
2020 270  9 26 0100  -26.4  977.8   24.6  274.0   43.0  444.0
2020 270  9 26 0200  -26.1  977.1   27.2  272.0   45.1  444.0
2020 270  9 26 0300  -25.6  978.0   20.0  274.0   45.0  444.0
2020 270  9 26 0400  -25.2  978.7   18.8  272.0   47.0  444.0
2020 270  9 26 0500  -24.7  979.7   16.0  273.0   44.9  444.0
2020 270  9 26 0600  -24.7  981.3   13.3  272.0   47.0  444.0
2020 270  9 26 0700  -24.1  982.7   11.6  275.0   45.0  444.0
2020 270  9 26 0800  -24.0  982.9   11.2  268.0   46.0  444.0
2020 270  9 26 0900  -24.8  984.0   10.6  258.0   51.0  444.0
2020 270  9 26 1000  -24.5  984.2   13.0  280.0   50.0  444.0
2020 270  9 26 1100  -24.9  984.1   12.3  265.0   49.0  444.0
2020 270  9 26 1200  -24.1  983.7   16.7  270.0   46.0  444.0
2020 270  9 26 1300  -24.5  983.9   15.3  270.0   43.0  444.0
2020 270  9 26 1400  -24.8  984.0   16.8  267.0   46.0  444.0
2020 270  9 26 1500  -25.0  986.3   10.8  258.0   49.0  444.0
2020 270  9 26 1600  -26.0  986.5   13.5  261.0   52.0  444.0
2020 270  9 26 1700  -26.6  986.3   13.7  261.0   53.0  444.0
2020 270  9 26 1800  -26.9  986.4   15.6  262.0   52.0  444.0
2020 270  9 26 1900  -27.2  986.8   18.0  261.0   53.0  444.0
2020 270  9 26 2000  -28.3  985.9   18.4  260.0   55.0  444.0
2020 270  9 26 2100  -28.3  984.2   23.2  258.0   54.0  444.0
2020 270  9 26 2200  -28.9  986.0   23.6  262.0   56.0  444.0
2020 270  9 26 2300  -28.9  985.1   28.4  258.0   65.0  444.0
2020 271  9 27 0000  -28.8  985.5   25.9  258.0   67.0  444.0
2020 271  9 27 0100  -29.1  984.6   30.4  260.0   66.0  444.0
2020 271  9 27 0200  -29.7  984.3   32.0  255.0   68.0  444.0
2020 271  9 27 0300  -29.5  985.3   31.7  258.0   58.0  444.0
2020 271  9 27 0400  -29.2  985.8   30.8  259.0   52.0  444.0
2020 271  9 27 0500  -29.2  985.6   26.3  260.0   56.0  444.0
2020 271  9 27 0600  -29.5  986.2   27.7  258.0   55.0  444.0
2020 271  9 27 0700  -29.8  986.4   28.9  260.0   47.0  444.0
2020 271  9 27 0800  -30.1  985.7   32.2  258.0   44.5  444.0
2020 271  9 27 0900  -30.5  986.5   31.1  260.0   45.0  444.0
2020 271  9 27 1000  -30.3  986.6   29.9  260.0   43.0  444.0
2020 271  9 27 1100  -30.1  987.6   31.2  265.0   44.0  444.0
2020 271  9 27 1200  -29.2  987.3   31.0  266.0   42.0  444.0
2020 271  9 27 1300  -27.6  988.7   28.8  272.0   40.0  444.0
2020 271  9 27 1400  -27.5  990.5   18.8  278.0   46.0  444.0
2020 271  9 27 1500  -27.9  989.6   21.5  276.0   55.0  444.0
2020 271  9 27 1600  -28.5  989.0   22.8  278.0   68.0  444.0
2020 271  9 27 1700  -27.8  989.4   24.9  277.0   71.0  444.0
2020 271  9 27 1800  -26.9  988.8   23.2  276.0   69.0  444.0
2020 271  9 27 1900  -25.6  989.7   23.9  274.0   48.0  444.0
2020 271  9 27 2000  -24.1  989.1   27.6  270.0   39.0  444.0
2020 271  9 27 2100  -24.4  988.3   27.7  268.0   41.0  444.0
2020 271  9 27 2200  -23.8  987.5   32.4  268.0   40.0  444.0
2020 271  9 27 2300  -23.3  987.8   30.5  267.0   40.0  444.0
2020 272  9 28 0000  -22.9  988.1   30.7  266.0   39.0  444.0
2020 272  9 28 0100  -22.8  987.8   31.0  268.0   40.0  444.0
2020 272  9 28 0200  -22.8  986.6   30.7  268.0   42.9  444.0
2020 272  9 28 0300  -22.5  986.9   33.9  269.0   40.5  444.0
2020 272  9 28 0400  -22.5  986.2   34.0  267.0   40.0  444.0
2020 272  9 28 0500  -22.6  986.7   32.5  268.0   40.0  444.0
2020 272  9 28 0600  -22.3  986.5   30.1  269.0   38.6  444.0
2020 272  9 28 0700  -22.3  986.3   30.5  270.0   39.0  444.0
2020 272  9 28 0800  -22.1  986.6   30.5  270.0   39.0  444.0
2020 272  9 28 0900  -21.6  985.5   30.8  268.0   38.0  444.0
2020 272  9 28 1000  -21.8  984.6   27.3  266.0   39.0  444.0
2020 272  9 28 1100  -21.6  986.8   24.2  268.0   39.0  444.0
2020 272  9 28 1200  -21.5  985.4   23.8  270.0   37.0  444.0
2020 272  9 28 1300  -21.2  985.3   23.7  273.0   40.0  444.0
2020 272  9 28 1400  -21.0  985.6   21.7  275.0   36.0  444.0
2020 272  9 28 1500  -21.5  986.0   12.0  282.0   37.0  444.0
2020 272  9 28 1600  -20.8  984.3   12.1  278.0   31.0  444.0
2020 272  9 28 1700  -20.3  983.0   18.1  275.0   32.0  444.0
2020 272  9 28 1800  -20.5  982.5   14.7  274.0   31.0  444.0
2020 272  9 28 1900  -20.1  982.5   10.0  285.0   31.0  444.0
2020 272  9 28 2000  -18.8  981.7   11.6  282.0   28.0  444.0
2020 272  9 28 2100  -19.3  980.5   11.8  276.0   32.0  444.0
2020 272  9 28 2200  -18.4  977.5   21.8  258.0   37.0  444.0
2020 272  9 28 2300  -19.7  977.3   27.6  260.0   38.0  444.0
2020 273  9 29 0000  -21.4  976.8   24.9  258.0   42.4  444.0
2020 273  9 29 0100  -21.8  977.0   22.8  258.0   43.0  444.0
2020 273  9 29 0200  -22.3  977.6   24.1  257.0   46.0  444.0
2020 273  9 29 0300  -22.3  979.3   21.6  259.0   45.0  444.0
2020 273  9 29 0400  -22.4  979.7   22.3  261.0   40.0  444.0
2020 273  9 29 0500  -22.8  979.4   22.6  258.0   40.0  444.0
2020 273  9 29 0600  -23.0  980.3   22.5  253.0   40.1  444.0
2020 273  9 29 0700  -22.7  980.6   19.6  256.0   39.0  444.0
2020 273  9 29 0800  -23.5  982.4   16.0  256.0   43.0  444.0
2020 273  9 29 0900  -24.1  982.3   13.6  259.0   46.5  444.0
2020 273  9 29 1000  -24.7  982.6   13.3  257.0   47.0  444.0
2020 273  9 29 1100  -24.5  982.9   12.3  263.0   48.0  444.0
2020 273  9 29 1200  -24.6  983.3   12.2  259.0   50.0  444.0
2020 273  9 29 1300  -25.0  983.3   13.4  259.0   51.0  444.0
2020 273  9 29 1400  -25.6  983.4   15.2  260.0   50.0  444.0
2020 273  9 29 1500  -26.6  983.7   16.6  259.0   51.0  444.0
2020 273  9 29 1600  -27.8  983.4   19.7  259.0   50.0  444.0
2020 273  9 29 1700  -28.6  984.1   18.2  259.0   45.0  444.0
2020 273  9 29 1800  -29.1  984.0   19.9  261.0   44.0  444.0
2020 273  9 29 1900  -29.7  983.4   20.9  259.0   45.0  444.0
2020 273  9 29 2000  -30.0  984.2   20.8  258.0   42.0  444.0
2020 273  9 29 2100  -30.1  984.1   22.6  256.0   43.0  444.0
2020 273  9 29 2200  -29.9  984.0   21.4  255.0   43.0  444.0
2020 273  9 29 2300  -29.6  984.4   19.7  258.0   46.0  444.0
2020 274  9 30 0000  -29.8  982.8   24.7  260.0   45.0  444.0
2020 274  9 30 0100  -29.7  983.1   24.3  261.0   45.0  444.0
2020 274  9 30 0200  -29.5  983.2   23.9  262.0   44.0  444.0
2020 274  9 30 0300  -29.5  983.1   22.9  260.0   44.0  444.0
2020 274  9 30 0400  -29.4  982.1   24.2  261.0   44.0  444.0
2020 274  9 30 0500  -29.8  982.2   24.5  259.0   42.0  444.0
2020 274  9 30 0600  -29.9  981.0   26.7  261.0   41.1  444.0
2020 274  9 30 0700  -30.4  980.8   26.8  260.0   41.7  444.0
2020 274  9 30 0800  -30.7  980.8   28.8  266.0   39.0  444.0
2020 274  9 30 0900  -30.9  980.8   28.2  269.0   41.0  444.0
2020 274  9 30 1000  -30.8  980.2   28.4  270.0   40.0  444.0
2020 274  9 30 1100  -30.4  979.7   27.3  274.0   42.0  444.0
2020 274  9 30 1200  -29.2  981.2   21.5  271.0   42.2  444.0
2020 274  9 30 1300  -29.2  980.6   20.1  277.0   53.0  444.0
2020 274  9 30 1400  -28.8  979.0   23.1  277.0   58.0  444.0
2020 274  9 30 1500  -28.7  979.0   23.2  280.0   62.0  444.0
2020 274  9 30 1600  -28.6  979.3   22.8  280.0   67.0  444.0
2020 274  9 30 1700  -28.2  979.1   22.7  280.0   68.4  444.0
2020 274  9 30 1800  -27.8  978.8   22.0  277.0   70.0  444.0
2020 274  9 30 1900  -27.2  978.6   20.5  280.0   63.0  444.0
2020 274  9 30 2000  -25.7  979.2   19.6  280.0   56.0  444.0
2020 274  9 30 2100  -25.4  977.8   21.9  280.0   54.0  444.0
2020 274  9 30 2200  -23.2  978.0   20.0  280.0   48.0  444.0
2020 274  9 30 2300  -22.5  978.1   19.8  280.0   49.0  444.0
