Year: 2019  Month: 08  ID: MLA  ARGOS:  8905  Name: Manuela             
Lat: 74.95S  Lon: 163.70E  Elev:   78m
2019 213  8  1 0000  -27.9  988.0   19.0  256.0   35.4  444.0
2019 213  8  1 0100  -27.9  986.5   22.9  261.0   36.0  444.0
2019 213  8  1 0200  -27.1  988.4   20.3  261.0   34.3  444.0
2019 213  8  1 0300  -26.7  988.1   19.0  255.0   33.7  444.0
2019 213  8  1 0400  -27.4  987.9   13.1  285.0   42.0  444.0
2019 213  8  1 0500  -26.4  987.8   16.0  255.0   35.8  444.0
2019 213  8  1 0600  -27.3  989.0   12.5  249.0   41.0  444.0
2019 213  8  1 0700  -27.1  988.8   13.7  248.0   39.4  444.0
2019 213  8  1 0800  -27.0  988.4   11.2  247.0   35.9  444.0
2019 213  8  1 0900  -26.6  987.4   17.5  267.0   34.0  444.0
2019 213  8  1 1000  -27.1  987.7   15.8  259.0   36.0  444.0
2019 213  8  1 1100  -26.4  987.0   17.4  257.0   35.0  444.0
2019 213  8  1 1200  -27.8  987.8   11.0  234.0   40.0  444.0
2019 213  8  1 1300  -27.4  987.9    9.0  260.0   41.0  444.0
2019 213  8  1 1400  -28.3  987.5    4.6  244.0   43.0  444.0
2019 213  8  1 1500  -30.4  987.8    2.9  201.0   60.0  444.0
2019 213  8  1 1600  -28.9  987.6    0.8  215.0   57.0  444.0
2019 213  8  1 1700  -28.6  987.3    2.2  234.0   46.1  444.0
2019 213  8  1 1800  -29.8  987.0    2.1  200.0   62.0  444.0
2019 213  8  1 1900  -29.0  987.4    3.3  141.0   74.0  444.0
2019 213  8  1 2000  -29.8  987.4    4.2  156.0   74.0  444.0
2019 213  8  1 2100  -32.2  987.6    0.8  226.0   72.0  444.0
2019 213  8  1 2200  -32.7  987.9    1.4  214.0   71.8  444.0
2019 213  8  1 2300  -33.1  988.3    2.5  242.0   70.0  444.0
2019 214  8  2 0000  -32.8  988.7    3.5  226.0   70.0  444.0
2019 214  8  2 0100  -32.3  988.9    4.1  223.0   70.0  444.0
2019 214  8  2 0200  -32.0  989.3    4.2  218.0   70.0  444.0
2019 214  8  2 0300  -31.7  989.7    4.8  220.0   69.7  444.0
2019 214  8  2 0400  -31.2  990.1    4.3  233.0   70.0  444.0
2019 214  8  2 0500  -31.8  990.5    4.1  248.0   70.0  444.0
2019 214  8  2 0600  -31.4  990.9    3.9  246.0   70.0  444.0
2019 214  8  2 0700  -31.6  991.4    4.5  232.0   70.0  444.0
2019 214  8  2 0800  -31.6  992.1    3.4  219.0   67.0  444.0
2019 214  8  2 0900  -32.4  992.6    3.5  209.0   67.0  444.0
2019 214  8  2 1000  -32.7  992.9    2.2  201.0   68.0  444.0
2019 214  8  2 1100  -32.5  993.1    2.1  177.0   70.0  444.0
2019 214  8  2 1200  -32.9  993.3    3.2  168.0   71.6  444.0
2019 214  8  2 1300  -34.0  993.7    2.8  169.0   70.0  444.0
2019 214  8  2 1400  -32.9  993.9    2.5  161.0   72.0  444.0
2019 214  8  2 1500  -33.4  993.9    0.7  157.0   70.8  444.0
2019 214  8  2 1600  -33.0  994.4    0.7  141.0   70.0  444.0
2019 214  8  2 1700  -35.6  994.6    0.1  233.0   69.0  444.0
2019 214  8  2 1800  -35.9  994.8    1.3  222.0   69.0  444.0
2019 214  8  2 1900  -35.0  994.7    1.0  198.0   69.0  444.0
2019 214  8  2 2000  -35.4  994.7    2.0  210.0   68.6  444.0
2019 214  8  2 2100  -35.5  994.7    0.5  232.0   69.0  444.0
2019 214  8  2 2200  -36.4  994.7    0.6  251.0   68.0  444.0
2019 214  8  2 2300  -36.3  994.5    0.4  260.0   69.0  444.0
2019 215  8  3 0000  -36.1  994.0    0.8  258.0   68.0  444.0
2019 215  8  3 0100  -35.7  993.5    0.4  231.0   68.6  444.0
2019 215  8  3 0200  -36.4  992.8    0.3  222.0   69.0  444.0
2019 215  8  3 0300  -35.9  992.4    1.4  193.0   67.6  444.0
2019 215  8  3 0400  -37.1  991.8    1.3  224.0   67.0  444.0
2019 215  8  3 0500  -37.1  991.8    1.5  261.0   67.5  444.0
2019 215  8  3 0600  -37.8  991.4    1.3  256.0   67.0  444.0
2019 215  8  3 0700  -37.4  990.9    0.6  244.0   67.0  444.0
2019 215  8  3 0800  -38.0  990.3    2.0  253.0   67.0  444.0
2019 215  8  3 0900  -38.3  989.8    1.8  256.0   68.0  444.0
2019 215  8  3 1000  -35.3  989.7    0.1  186.0   68.7  444.0
2019 215  8  3 1100  -35.9  989.0    2.7  196.0   67.0  444.0
2019 215  8  3 1200  -37.0  988.9    0.9  223.0   67.0  444.0
2019 215  8  3 1300  -34.4  989.0    1.8  178.0   69.0  444.0
2019 215  8  3 1400  -36.8  988.7    0.8  226.0   67.0  444.0
2019 215  8  3 1500  -35.6  988.8    1.7  174.0   69.3  444.0
2019 215  8  3 1600  -35.8  989.1    2.1  208.0   68.0  444.0
2019 215  8  3 1700  -35.3  989.4    1.2  217.0   68.0  444.0
2019 215  8  3 1800  -35.6  990.0    2.9  233.0   68.0  444.0
2019 215  8  3 1900  -35.2  990.6    3.3  256.0   68.0  444.0
2019 215  8  3 2000  -35.1  991.5    4.0  250.0   68.3  444.0
2019 215  8  3 2100  -34.8  992.5    5.1  253.0   68.0  444.0
2019 215  8  3 2200  -33.9  993.6    4.7  236.0   69.0  444.0
2019 215  8  3 2300  -33.6  994.3    4.6  241.0   69.0  444.0
2019 216  8  4 0000  -34.0  994.9    5.4  263.0   69.0  444.0
2019 216  8  4 0100  -33.3  995.8    4.1  249.0   69.8  444.0
2019 216  8  4 0200  -32.8  996.4    3.5  265.0   70.0  444.0
2019 216  8  4 0300  -32.9  996.6    5.8  268.0   70.0  444.0
2019 216  8  4 0400  -32.3  997.1    5.6  268.0   70.0  444.0
2019 216  8  4 0500  -31.9  998.2    4.1  256.0   70.0  444.0
2019 216  8  4 0600  -31.7  999.1    4.5  260.0   70.6  444.0
2019 216  8  4 0700  -31.3 1000.1    4.9  259.0   70.0  444.0
2019 216  8  4 0800  -31.2 1001.0    4.6  247.0   70.0  444.0
2019 216  8  4 0900  -31.3 1001.6    4.2  254.0   71.0  444.0
2019 216  8  4 1000  -31.3 1002.4    5.2  253.0   71.0  444.0
2019 216  8  4 1100  -31.3 1003.0    3.9  258.0   70.9  444.0
2019 216  8  4 1200  -30.7 1003.9    4.5  257.0   71.6  444.0
2019 216  8  4 1300  -30.4 1004.5    4.2  246.0   72.0  444.0
2019 216  8  4 1400  -30.0 1005.6    4.8  253.0   72.0  444.0
2019 216  8  4 1500  -30.2 1006.3    4.7  252.0   72.0  444.0
2019 216  8  4 1600  -29.8 1007.5    4.5  227.0   72.2  444.0
2019 216  8  4 1700  -30.1 1008.1    5.1  194.0   72.0  444.0
2019 216  8  4 1800  -30.0 1008.5    4.4  186.0   72.0  444.0
2019 216  8  4 1900  -30.2 1009.4    4.3  203.0   72.0  444.0
2019 216  8  4 2000  -30.0 1009.8    2.1  195.0   72.0  444.0
2019 216  8  4 2100  -30.2 1010.3    4.1  260.0   72.0  444.0
2019 216  8  4 2200  -30.0 1010.0    5.1  268.0   72.0  444.0
2019 216  8  4 2300  -30.0 1009.8    5.8  268.0   72.2  444.0
2019 217  8  5 0000  -29.3 1009.3    6.1  276.0   73.0  444.0
2019 217  8  5 0100  -28.5 1009.3    3.5  277.0   73.0  444.0
2019 217  8  5 0200  -28.8 1008.8    4.6  266.0   73.0  444.0
2019 217  8  5 0300  -28.2 1007.5    7.8  268.0   73.6  444.0
2019 217  8  5 0400  -28.0 1007.7    6.0  262.0   73.8  444.0
2019 217  8  5 0500  -26.2 1008.9    1.1   53.0   76.0  444.0
2019 217  8  5 0600  -25.9 1009.5    3.6   98.0   75.0  444.0
2019 217  8  5 0700  -25.6 1010.0    2.5   54.0   76.0  444.0
2019 217  8  5 0800  -25.6 1010.8    2.8   65.0   76.0  444.0
2019 217  8  5 0900  -26.7 1011.6    1.7  174.0   74.8  444.0
2019 217  8  5 1000  -27.9 1011.6    2.4  179.0   74.0  444.0
2019 217  8  5 1100  -28.3 1011.6    5.5  152.0   73.0  444.0
2019 217  8  5 1200  -28.9 1011.4    4.2  161.0   73.0  444.0
2019 217  8  5 1300  -28.9 1011.6    2.9  187.0   73.0  444.0
2019 217  8  5 1400  -29.4 1011.4    2.7  165.0   72.9  444.0
2019 217  8  5 1500  -29.6 1011.6    3.2  154.0   73.0  444.0
2019 217  8  5 1600  -29.5 1011.7    2.7  154.0   73.0  444.0
2019 217  8  5 1700  -29.5 1011.8    2.4  151.0   73.0  444.0
2019 217  8  5 1800  -29.5 1011.6    1.6  153.0   73.0  444.0
2019 217  8  5 1900  -30.2 1011.4    1.3  227.0   72.2  444.0
2019 217  8  5 2000  -30.3 1011.2    1.5  242.0   72.0  444.0
2019 217  8  5 2100  -30.2 1010.7    1.5  262.0   72.0  444.0
2019 217  8  5 2200  -30.2 1010.0    3.5  280.0   72.0  444.0
2019 217  8  5 2300  -30.0 1009.3    0.9  323.0   72.0  444.0
2019 218  8  6 0000  -29.9 1008.6    0.4  283.0   72.4  444.0
2019 218  8  6 0100  -28.8 1008.1    3.6   60.0   73.6  444.0
2019 218  8  6 0200  -27.2 1007.3    6.0   36.0   74.5  444.0
2019 218  8  6 0300  -26.3 1007.0    4.4   39.0   75.0  444.0
2019 218  8  6 0400  -27.6 1006.6    0.8  269.0   74.0  444.0
2019 218  8  6 0500  -28.4 1006.1    3.4  274.0   73.0  444.0
2019 218  8  6 0600  -26.9 1005.8    3.0  275.0   75.0  444.0
2019 218  8  6 0700  -25.7 1005.6    3.2  248.0   75.9  444.0
2019 218  8  6 0800  -25.7 1004.2    7.9  261.0   76.0  444.0
2019 218  8  6 0900  -26.3 1003.9    5.8  267.0   70.0  444.0
2019 218  8  6 1000  -21.1 1002.4   10.0  284.0   64.0  444.0
2019 218  8  6 1100  -20.9 1001.2   11.7  274.0   67.0  444.0
2019 218  8  6 1200  -20.3 1000.3    7.2  286.0   65.0  444.0
2019 218  8  6 1300  -22.5  998.4   10.9  283.0   75.0  444.0
2019 218  8  6 1400  -20.6  997.1    8.3  289.0   69.0  444.0
2019 218  8  6 1500  -17.7  995.0   11.3  287.0   60.0  444.0
2019 218  8  6 1600  -18.3  993.0   11.4  286.0   64.0  444.0
2019 218  8  6 1700  -18.3  988.4   25.9  274.0   77.0  444.0
2019 218  8  6 1800  -16.8  987.3   25.3  278.0   71.0  444.0
2019 218  8  6 1900  -17.8  986.8   22.8  276.0   82.0  444.0
2019 218  8  6 2000  -17.1  985.0   30.5  266.0   82.0  444.0
2019 218  8  6 2100  -17.4  983.3   33.0  258.0   82.0  444.0
2019 218  8  6 2200  -18.7  988.0   26.1  254.0   81.0  444.0
2019 218  8  6 2300  -25.0  994.9    6.9  207.0   72.0  444.0
2019 219  8  7 0000  -25.8  995.2    4.9  172.0   76.0  444.0
2019 219  8  7 0100  -23.4  994.6    7.9  238.0   70.0  444.0
2019 219  8  7 0200  -20.5  992.1   22.5  260.0   78.0  444.0
2019 219  8  7 0300  -20.2  990.6   23.1  256.0   77.0  444.0
2019 219  8  7 0400  -20.1  992.1   19.2  255.0   76.0  444.0
2019 219  8  7 0500  -22.2  994.5    5.5  192.0   72.8  444.0
2019 219  8  7 0600  -24.9  994.8    5.7  148.0   76.1  444.0
2019 219  8  7 0700  -25.4  994.3    2.9  131.0   79.0  444.0
2019 219  8  7 0800  -23.9  994.1    4.4  202.0   77.0  444.0
2019 219  8  7 0900  -25.6  994.5    2.8  140.0   77.0  444.0
2019 219  8  7 1000  -22.9  993.7    3.4  252.0   73.0  444.0
2019 219  8  7 1100  -19.5  992.6   13.3  234.0   58.6  444.0
2019 219  8  7 1200  -19.4  990.7   18.5  258.0   68.0  444.0
2019 219  8  7 1300  -18.9  990.9   15.2  261.0   57.0  444.0
2019 219  8  7 1400  -19.2  991.2   10.8  272.0   47.0  444.0
2019 219  8  7 1500  -18.1  989.9   16.2  270.0   59.0  444.0
2019 219  8  7 1600  -18.2  989.0   16.6  262.0   70.0  444.0
2019 219  8  7 1700  -17.7  989.4   17.7  255.0   67.7  444.0
2019 219  8  7 1800  -25.4  991.4    3.6  161.0   77.0  444.0
2019 219  8  7 1900  -28.0  992.0    4.5  153.0   75.0  444.0
2019 219  8  7 2000  -29.9  992.5    3.8  191.0   74.0  444.0
2019 219  8  7 2100  -23.0  989.1   28.8  256.0   78.0  444.0
2019 219  8  7 2200  -24.5  990.8   14.8  236.0   73.0  444.0
2019 219  8  7 2300  -23.1  987.8   25.3  260.0   74.0  444.0
2019 220  8  8 0000  -22.9  986.9   29.8  259.0   76.0  444.0
2019 220  8  8 0100  -22.4  987.0   29.9  258.0   75.0  444.0
2019 220  8  8 0200  -22.2  987.3   22.6  262.0   73.0  444.0
2019 220  8  8 0300  -21.3  987.1   23.0  268.0   64.0  444.0
2019 220  8  8 0400  -20.5  987.0   21.4  274.0   54.8  444.0
2019 220  8  8 0500  -21.3  988.1    4.0  291.0   44.6  444.0
2019 220  8  8 0600  -22.1  987.7    3.3  280.0   49.0  444.0
2019 220  8  8 0700  -21.5  988.7   19.0  258.0   64.0  444.0
2019 220  8  8 0800  -29.9  990.6    7.5  151.0   72.0  444.0
2019 220  8  8 0900  -30.3  990.9    6.6  163.0   72.1  444.0
2019 220  8  8 1000  -30.3  992.1    6.0  163.0   72.3  444.0
2019 220  8  8 1100  -29.7  992.9    7.4  160.0   72.0  444.0
2019 220  8  8 1200  -29.9  993.6    7.1  161.0   72.0  444.0
2019 220  8  8 1300  -29.4  994.4    4.9  168.0   73.0  444.0
2019 220  8  8 1400  -28.4  994.4    7.0  157.0   73.7  444.0
2019 220  8  8 1500  -27.5  995.2    8.9  151.0   71.6  444.0
2019 220  8  8 1600  -28.2  996.2    6.0  142.0   73.0  444.0
2019 220  8  8 1700  -28.8  997.3    1.2  120.0   74.0  444.0
2019 220  8  8 1800  -30.1  997.6    0.0    0.0   73.0  444.0
2019 220  8  8 1900  -31.9  997.8    4.2  261.0   71.2  444.0
2019 220  8  8 2000  -30.5  997.4    0.4  261.0   71.0  444.0
2019 220  8  8 2100  -28.9  996.6    2.4  268.0   67.0  444.0
2019 220  8  8 2200  -27.7  995.0   13.9  251.0   63.0  444.0
2019 220  8  8 2300  -27.1  994.4   16.8  258.0   63.0  444.0
2019 221  8  9 0000  -27.2  993.6   15.8  263.0   56.6  444.0
2019 221  8  9 0100  -27.7  993.4   12.7  269.0   54.0  444.0
2019 221  8  9 0200  -26.6  992.3   14.8  262.0   58.6  444.0
2019 221  8  9 0300  -26.8  993.2   11.0  276.0   47.0  444.0
2019 221  8  9 0400  -25.8  991.4   19.6  271.0   55.0  444.0
2019 221  8  9 0500  -25.9  990.2   17.8  273.0   57.0  444.0
2019 221  8  9 0600  -25.7  989.3   21.4  262.0   65.0  444.0
2019 221  8  9 0700  -28.1  991.0   12.1  244.0   70.0  444.0
2019 221  8  9 0800  -31.5  992.1    3.4  167.0   71.0  444.0
2019 221  8  9 0900  -31.6  991.9    0.1  248.0   68.0  444.0
2019 221  8  9 1000  -34.3  990.9    6.5  239.0   69.0  444.0
2019 221  8  9 1100  -26.6  989.8   16.6  254.0   65.0  444.0
2019 221  8  9 1200  -25.6  988.5   17.0  256.0   63.6  444.0
2019 221  8  9 1300  -25.9  988.3   14.6  259.0   63.0  444.0
2019 221  8  9 1400  -25.7  988.0   16.6  259.0   64.0  444.0
2019 221  8  9 1500  -25.8  987.3   16.0  262.0   62.0  444.0
2019 221  8  9 1600  -25.6  986.3   22.3  264.0   68.0  444.0
2019 221  8  9 1700  -25.6  985.1   22.6  266.0   65.7  444.0
2019 221  8  9 1800  -25.5  983.6   23.3  267.0   64.0  444.0
2019 221  8  9 1900  -25.2  981.7   25.1  268.0   63.0  444.0
2019 221  8  9 2000  -25.2  981.0   25.8  268.0   66.0  444.0
2019 221  8  9 2100  -24.9  980.0   23.7  269.0   62.0  444.0
2019 221  8  9 2200  -24.8  979.3   21.1  269.0   60.7  444.0
2019 221  8  9 2300  -24.7  979.3   18.9  274.0   61.0  444.0
2019 222  8 10 0000  -24.4  977.3   24.7  277.0   65.0  444.0
2019 222  8 10 0100  -24.2  976.0   28.6  271.0   65.0  444.0
2019 222  8 10 0200  -25.0  976.2   22.4  268.0   51.0  444.0
2019 222  8 10 0300  -25.1  975.2   20.2  268.0   54.6  444.0
2019 222  8 10 0400  -24.6  973.7   25.7  269.0   63.0  444.0
2019 222  8 10 0500  -24.1  973.2   27.1  272.0   61.7  444.0
2019 222  8 10 0600  -24.0  971.9   28.1  273.0   66.0  444.0
2019 222  8 10 0700  -24.1  971.3   23.9  272.0   62.4  444.0
2019 222  8 10 0800  -24.1  970.2   26.3  276.0   67.0  444.0
2019 222  8 10 0900  -23.9  969.9   23.2  277.0   63.0  444.0
2019 222  8 10 1000  -23.9  968.1   22.4  270.0   59.2  444.0
2019 222  8 10 1100  -23.2  967.1   27.6  271.0   62.0  444.0
2019 222  8 10 1200  -23.2  964.7   31.6  267.0   68.0  444.0
2019 222  8 10 1300  -23.2  964.3   31.7  267.0   67.0  444.0
2019 222  8 10 1400  -23.4  962.9   29.8  269.0   65.0  444.0
2019 222  8 10 1500  -23.5  962.8   29.1  274.0   64.6  444.0
2019 222  8 10 1600  -23.7  961.0   30.6  270.0   65.0  444.0
2019 222  8 10 1700  -23.2  962.3   30.7  273.0   62.0  444.0
2019 222  8 10 1800  -23.3  962.3   20.9  271.0   57.4  444.0
2019 222  8 10 1900  -24.2  961.3   32.4  270.0   66.0  444.0
2019 222  8 10 2000  -23.5  961.6   30.1  270.0   64.8  444.0
2019 222  8 10 2100  -23.8  961.7   28.9  269.0   64.0  444.0
2019 222  8 10 2200  -24.0  961.3   30.8  269.0   65.0  444.0
2019 222  8 10 2300  -23.5  961.7   29.3  268.0   62.0  444.0
2019 223  8 11 0000  -23.6  959.7   33.3  269.0   65.0  444.0
2019 223  8 11 0100  -22.6  961.2   26.9  271.0   55.8  444.0
2019 223  8 11 0200  -22.0  961.4   26.8  271.0   53.0  444.0
2019 223  8 11 0300  -23.6  962.2   19.3  269.0   65.5  444.0
2019 223  8 11 0400  -23.6  962.2   20.0  272.0   63.0  444.0
2019 223  8 11 0500  -22.7  962.4   20.4  270.0   56.0  444.0
2019 223  8 11 0600  -22.8  963.1   19.0  271.0   63.8  444.0
2019 223  8 11 0700  -21.6  962.7   22.4  270.0   59.0  444.0
2019 223  8 11 0800  -20.6  963.4   25.5  272.0   56.0  444.0
2019 223  8 11 0900  -20.1  964.0   22.7  271.0   55.0  444.0
2019 223  8 11 1000  -20.0  963.3   24.7  273.0   55.1  444.0
2019 223  8 11 1100  -19.5  963.4   22.4  272.0   55.0  444.0
2019 223  8 11 1200  -19.9  964.6   24.9  277.0   61.0  444.0
2019 223  8 11 1300  -19.3  964.3   27.3  274.0   57.0  444.0
2019 223  8 11 1400  -19.0  964.2   26.3  277.0   62.3  444.0
2019 223  8 11 1500  -18.3  964.2   27.1  275.0   57.0  444.0
2019 223  8 11 1600  -18.3  963.5   27.5  276.0   56.0  444.0
2019 223  8 11 1700  -19.3  965.1   18.9  272.0   60.0  444.0
2019 223  8 11 1800  -17.5  963.5   23.2  272.0   45.0  444.0
2019 223  8 11 1900  -17.1  964.4   21.8  272.0   49.0  444.0
2019 223  8 11 2000  -17.8  964.1   24.9  268.0   46.0  444.0
2019 223  8 11 2100  -18.3  964.1   26.4  272.0   47.0  444.0
2019 223  8 11 2200  -18.9  963.9   27.4  269.0   47.0  444.0
2019 223  8 11 2300  -19.8  964.8   25.2  273.0   50.3  444.0
2019 224  8 12 0000  -20.1  966.2   25.5  268.0   48.0  444.0
2019 224  8 12 0100  -20.1  965.1   24.9  267.0   49.0  444.0
2019 224  8 12 0200  -20.8  964.8   26.8  266.0   48.0  444.0
2019 224  8 12 0300  -21.4  966.2   26.2  266.0   48.0  444.0
2019 224  8 12 0400  -22.7  964.1   30.2  268.0   47.8  444.0
2019 224  8 12 0500  -23.3  963.8   33.5  265.0   47.0  444.0
2019 224  8 12 0600  -23.6  962.7   36.0  264.0   46.0  444.0
2019 224  8 12 0700  -22.9  965.0   30.3  263.0   45.0  444.0
2019 224  8 12 0800  -22.4  963.5   30.4  265.0   45.0  444.0
2019 224  8 12 0900  -22.1  964.6   34.3  267.0   43.0  444.0
2019 224  8 12 1000  -22.4  964.2   33.1  266.0   43.0  444.0
2019 224  8 12 1100  -22.6  965.0   35.1  266.0   43.2  444.0
2019 224  8 12 1200  -22.7  965.3   28.2  264.0   48.0  444.0
2019 224  8 12 1300  -23.7  964.1   31.0  267.0   47.0  444.0
2019 224  8 12 1400  -24.0  963.6   31.0  264.0   47.0  444.0
2019 224  8 12 1500  -23.5  965.0   28.2  263.0   44.0  444.0
2019 224  8 12 1600  -23.0  964.3   31.5  265.0   42.0  444.0
2019 224  8 12 1700  -22.2  965.1   30.1  267.0   40.0  444.0
2019 224  8 12 1800  -21.5  965.9   25.5  273.0   41.0  444.0
2019 224  8 12 1900  -21.4  966.0   28.3  271.0   40.0  444.0
2019 224  8 12 2000  -21.9  966.5   28.7  273.0   41.0  444.0
2019 224  8 12 2100  -22.0  966.7   30.1  271.0   41.0  444.0
2019 224  8 12 2200  -21.8  967.6   29.8  271.0   40.0  444.0
2019 224  8 12 2300  -22.8  968.8   29.6  268.0   43.3  444.0
2019 225  8 13 0000  -23.0  970.9   23.3  264.0   45.0  444.0
2019 225  8 13 0100  -22.9  971.9   23.4  264.0   42.0  444.0
2019 225  8 13 0200  -22.6  973.1   20.8  266.0   42.0  444.0
2019 225  8 13 0300  -23.2  973.8   18.4  267.0   45.6  444.0
2019 225  8 13 0400  -22.5  974.9   17.7  320.0   45.0  444.0
2019 225  8 13 0500  -22.6  975.7   16.9  264.0   44.0  444.0
2019 225  8 13 0600  -22.6  976.1   17.6  264.0   44.0  444.0
2019 225  8 13 0700  -22.8  976.9   15.6  265.0   47.0  444.0
2019 225  8 13 0800  -22.7  976.4   19.8  267.0   44.0  444.0
2019 225  8 13 0900  -23.4  976.1   20.8  264.0   42.7  444.0
2019 225  8 13 1000  -23.8  976.3   19.8  263.0   43.0  444.0
2019 225  8 13 1100  -23.8  976.8   22.1  265.0   42.0  444.0
2019 225  8 13 1200  -23.2  977.0   17.0  262.0   41.0  444.0
2019 225  8 13 1300  -22.8  977.7   15.4  273.0   40.0  444.0
2019 225  8 13 1400  -22.6  977.6   16.7  262.0   39.0  444.0
2019 225  8 13 1500  -22.2  978.3   15.0  266.0   41.0  444.0
2019 225  8 13 1600  -21.8  979.1   16.2  266.0   39.0  444.0
2019 225  8 13 1700  -21.9  978.9   17.0  264.0   38.0  444.0
2019 225  8 13 1800  -22.5  979.5   17.8  256.0   40.0  444.0
2019 225  8 13 1900  -22.8  979.5   18.6  256.0   40.0  444.0
2019 225  8 13 2000  -23.3  980.5   18.3  258.0   38.8  444.0
2019 225  8 13 2100  -23.2  981.1   17.9  260.0   37.0  444.0
2019 225  8 13 2200  -23.4  981.7   18.2  255.0   39.0  444.0
2019 225  8 13 2300  -23.9  982.4   16.2  258.0   42.0  444.0
2019 226  8 14 0000  -24.2  983.5   13.8  260.0   44.0  444.0
2019 226  8 14 0100  -23.9  983.9   14.4  262.0   42.5  444.0
2019 226  8 14 0200  -23.7  984.5   12.8  265.0   46.0  444.0
2019 226  8 14 0300  -23.6  984.1   14.1  264.0   46.0  444.0
2019 226  8 14 0400  -23.9  984.6   13.6  261.0   46.0  444.0
2019 226  8 14 0500  -24.1  984.8   13.9  261.0   44.1  444.0
2019 226  8 14 0600  -23.9  985.0   13.8  262.0   42.5  444.0
2019 226  8 14 0700  -23.9  984.9   12.8  264.0   42.0  444.0
2019 226  8 14 0800  -24.2  985.0   11.2  265.0   43.7  444.0
2019 226  8 14 0900  -24.4  984.9   12.0  265.0   41.0  444.0
2019 226  8 14 1000  -24.6  985.2   11.1  263.0   43.0  444.0
2019 226  8 14 1100  -24.7  985.1   12.0  261.0   42.0  444.0
2019 226  8 14 1200  -24.7  984.6   12.6  259.0   40.0  444.0
2019 226  8 14 1300  -25.2  984.5   10.1  256.0   44.7  444.0
2019 226  8 14 1400  -25.0  983.6   12.7  260.0   41.0  444.0
2019 226  8 14 1500  -24.6  982.9   16.2  260.0   40.0  444.0
2019 226  8 14 1600  -23.9  982.4   18.6  264.0   36.0  444.0
2019 226  8 14 1700  -23.9  981.7   18.8  264.0   37.0  444.0
2019 226  8 14 1800  -23.4  981.0   18.4  262.0   34.5  444.0
2019 226  8 14 1900  -23.6  982.2   16.5  257.0   38.0  444.0
2019 226  8 14 2000  -23.8  981.8   15.4  256.0   38.0  444.0
2019 226  8 14 2100  -23.4  982.2   18.4  263.0   34.0  444.0
2019 226  8 14 2200  -24.5  982.7   14.9  253.0   39.0  444.0
2019 226  8 14 2300  -25.1  983.4   10.9  249.0   43.0  444.0
2019 227  8 15 0000  -25.7  983.6    6.7  239.0   45.0  444.0
2019 227  8 15 0100  -24.7  982.9   13.0  258.0   36.0  444.0
2019 227  8 15 0200  -24.3  981.8   14.1  255.0   34.0  444.0
2019 227  8 15 0300  -24.2  981.4   15.9  257.0   36.0  444.0
2019 227  8 15 0400  -24.2  982.2   15.6  255.0   35.8  444.0
2019 227  8 15 0500  -24.6  982.1   13.8  253.0   38.0  444.0
2019 227  8 15 0600  -24.4  982.6   14.1  254.0   38.3  444.0
2019 227  8 15 0700  -24.3  982.3   15.4  256.0   37.0  444.0
2019 227  8 15 0800  -24.5  982.2   13.6  256.0   38.0  444.0
2019 227  8 15 0900  -24.5  982.3   14.5  259.0   37.0  444.0
2019 227  8 15 1000  -24.3  981.9   15.3  255.0   36.0  444.0
2019 227  8 15 1100  -24.9  982.3   13.6  256.0   39.8  444.0
2019 227  8 15 1200  -24.9  982.6   11.6  256.0   41.0  444.0
2019 227  8 15 1300  -24.5  982.5   12.8  258.0   40.0  444.0
2019 227  8 15 1400  -24.8  982.4   11.7  257.0   42.0  444.0
2019 227  8 15 1500  -24.3  982.4   12.0  258.0   40.0  444.0
2019 227  8 15 1600  -25.2  983.1   10.2  253.0   46.2  444.0
2019 227  8 15 1700  -25.6  983.3    8.5  265.0   48.0  444.0
2019 227  8 15 1800  -26.4  983.7    6.8  246.0   49.0  444.0
2019 227  8 15 1900  -26.7  983.8    5.9  243.0   48.0  444.0
2019 227  8 15 2000  -27.6  983.7    7.1  253.0   54.0  444.0
2019 227  8 15 2100  -26.3  984.0    8.8  260.0   45.8  444.0
2019 227  8 15 2200  -26.2  984.0   10.8  265.0   47.0  444.0
2019 227  8 15 2300  -26.4  983.9    9.2  258.0   48.0  444.0
2019 228  8 16 0000  -26.3  984.1   10.9  257.0   45.0  444.0
2019 228  8 16 0100  -26.4  984.4   10.5  255.0   44.0  444.0
2019 228  8 16 0200  -26.6  984.6    9.9  263.0   44.6  444.0
2019 228  8 16 0300  -27.1  984.1   12.8  262.0   44.0  444.0
2019 228  8 16 0400  -27.5  984.1   13.7  262.0   44.0  444.0
2019 228  8 16 0500  -27.8  984.5   14.3  263.0   45.0  444.0
2019 228  8 16 0600  -28.2  984.1   16.2  260.0   43.0  444.0
2019 228  8 16 0700  -28.6  983.8   14.5  260.0   44.3  444.0
2019 228  8 16 0800  -28.7  983.3   18.1  264.0   41.0  444.0
2019 228  8 16 0900  -29.2  983.6   15.4  264.0   45.0  444.0
2019 228  8 16 1000  -29.6  983.1   16.1  270.0   45.0  444.0
2019 228  8 16 1100  -29.6  983.0   15.5  269.0   45.0  444.0
2019 228  8 16 1200  -29.6  982.6   15.6  279.0   46.0  444.0
2019 228  8 16 1300  -29.3  982.1   18.2  275.0   44.0  444.0
2019 228  8 16 1400  -29.2  981.0   21.6  276.0   41.2  444.0
2019 228  8 16 1500  -28.6  981.3   19.1  273.0   38.0  444.0
2019 228  8 16 1600  -28.2  981.3   20.6  273.0   41.0  444.0
2019 228  8 16 1700  -28.2  980.0   23.4  276.0   44.0  444.0
2019 228  8 16 1800  -27.8  978.7   24.9  275.0   40.0  444.0
2019 228  8 16 1900  -28.1  979.2   18.1  272.0   47.7  444.0
2019 228  8 16 2000  -28.2  978.6   18.2  268.0   48.0  444.0
2019 228  8 16 2100  -28.2  978.8   19.2  270.0   47.0  444.0
2019 228  8 16 2200  -27.9  978.6   18.8  269.0   45.0  444.0
2019 228  8 16 2300  -28.2  977.4   19.8  270.0   45.0  444.0
2019 229  8 17 0000  -28.8  976.9   18.4  271.0   51.4  444.0
2019 229  8 17 0100  -28.6  976.3   18.5  272.0   50.0  444.0
2019 229  8 17 0200  -29.3  975.5   19.0  270.0   55.0  444.0
2019 229  8 17 0300  -27.7  974.3   23.1  268.0   48.6  444.0
2019 229  8 17 0400  -28.3  971.9   24.8  272.0   42.0  444.0
2019 229  8 17 0500  -28.5  970.5   24.9  274.0   43.0  444.0
2019 229  8 17 0600  -28.5  969.9   25.6  273.0   41.0  444.0
2019 229  8 17 0700  -28.1  969.2   26.4  270.0   39.0  444.0
2019 229  8 17 0800  -28.1  967.3   27.1  272.0   40.0  444.0
2019 229  8 17 0900  -27.5  966.4   26.4  271.0   39.0  444.0
2019 229  8 17 1000  -27.7  964.5   31.5  271.0   37.0  444.0
2019 229  8 17 1100  -28.0  965.3   26.7  277.0   40.0  444.0
2019 229  8 17 1200  -29.4  966.6   12.7  277.0   57.7  444.0
2019 229  8 17 1300  -28.9  965.1   16.1  280.0   50.0  444.0
2019 229  8 17 1400  -28.6  964.0   17.4  281.0   45.0  444.0
2019 229  8 17 1500  -27.6  961.4   24.3  275.0   41.0  444.0
2019 229  8 17 1600  -27.5  961.4   24.6  274.0   40.0  444.0
2019 229  8 17 1700  -28.3  959.9   29.0  267.0   39.5  444.0
2019 229  8 17 1800  -28.7  959.9   26.6  267.0   42.0  444.0
2019 229  8 17 1900  -28.5  960.5   24.6  264.0   41.0  444.0
2019 229  8 17 2000  -28.1  960.0   23.0  267.0   41.0  444.0
2019 229  8 17 2100  -28.8  961.3   21.6  262.0   43.0  444.0
2019 229  8 17 2200  -28.7  961.0   22.8  265.0   41.8  444.0
2019 229  8 17 2300  -28.9  961.2   24.2  263.0   41.0  444.0
2019 230  8 18 0000  -28.8  961.0   23.6  268.0   39.0  444.0
2019 230  8 18 0100  -28.4  961.0   24.0  269.0   37.0  444.0
2019 230  8 18 0200  -28.8  960.5   24.2  267.0   38.6  444.0
2019 230  8 18 0300  -29.1  960.3   24.8  266.0   39.8  444.0
2019 230  8 18 0400  -29.8  959.6   30.5  267.0   40.0  444.0
2019 230  8 18 0500  -30.1  959.9   30.5  268.0   41.0  444.0
2019 230  8 18 0600  -30.5  960.2   31.1  267.0   42.0  444.0
2019 230  8 18 0700  -30.6  959.0   33.3  268.0   41.5  444.0
2019 230  8 18 0800  -30.6  959.9   35.2  268.0   40.7  444.0
2019 230  8 18 0900  -30.2  960.6   30.4  267.0   40.0  444.0
2019 230  8 18 1000  -30.1  960.6   32.1  266.0   39.0  444.0
2019 230  8 18 1100  -29.5  962.3   27.4  268.0   38.0  444.0
2019 230  8 18 1200  -29.5  962.4   28.3  272.0   38.0  444.0
2019 230  8 18 1300  -29.1  962.9   24.8  271.0   38.0  444.0
2019 230  8 18 1400  -29.1  965.0   21.7  267.0   39.0  444.0
2019 230  8 18 1500  -30.0  965.5   17.5  273.0   48.0  444.0
2019 230  8 18 1600  -30.0  965.0   18.1  270.0   52.0  444.0
2019 230  8 18 1700  -28.8  964.8   19.4  272.0   52.0  444.0
2019 230  8 18 1800  -28.6  965.0   18.9  272.0   57.0  444.0
2019 230  8 18 1900  -28.0  964.6   19.2  277.0   56.0  444.0
2019 230  8 18 2000  -28.0  964.5   20.6  277.0   63.4  444.0
2019 230  8 18 2100  -27.2  964.8   21.0  279.0   62.0  444.0
2019 230  8 18 2200  -25.4  965.1   19.8  277.0   57.0  444.0
2019 230  8 18 2300  -25.0  964.9   19.2  276.0   55.0  444.0
2019 231  8 19 0000  -25.1  965.6   19.6  275.0   52.0  444.0
2019 231  8 19 0100  -23.0  964.9   18.9  276.0   46.1  444.0
2019 231  8 19 0200  -22.7  965.0   20.7  272.0   46.0  444.0
2019 231  8 19 0300  -23.9  965.6   18.3  268.0   54.0  444.0
2019 231  8 19 0400  -21.9  965.1   19.5  270.0   49.0  444.0
2019 231  8 19 0500  -21.4  965.3   19.1  276.0   49.0  444.0
2019 231  8 19 0600  -20.1  963.9   23.5  274.0   45.0  444.0
2019 231  8 19 0700  -20.9  965.8   18.9  275.0   49.0  444.0
2019 231  8 19 0800  -21.1  965.9   17.2  269.0   47.0  444.0
2019 231  8 19 0900  -21.7  966.3   19.5  264.0   45.0  444.0
2019 231  8 19 1000  -22.1  965.3   23.7  262.0   43.0  444.0
2019 231  8 19 1100  -22.7  964.7   25.5  261.0   43.0  444.0
2019 231  8 19 1200  -23.4  963.7   30.0  266.0   43.0  444.0
2019 231  8 19 1300  -24.1  964.3   29.6  265.0   44.0  444.0
2019 231  8 19 1400  -24.3  963.2   30.6  267.0   44.0  444.0
2019 231  8 19 1500  -24.6  962.5   31.4  266.0   42.0  444.0
2019 231  8 19 1600  -24.6  963.1   30.2  266.0   38.0  444.0
2019 231  8 19 1700  -24.8  963.4   29.7  266.0   39.0  444.0
2019 231  8 19 1800  -25.1  963.0   29.6  266.0   41.0  444.0
2019 231  8 19 1900  -25.1  962.6   31.8  269.0   40.0  444.0
2019 231  8 19 2000  -25.3  961.5   34.8  270.0   40.0  444.0
2019 231  8 19 2100  -25.3  961.0   32.8  267.0   40.0  444.0
2019 231  8 19 2200  -25.5  962.8   33.2  269.0   41.0  444.0
2019 231  8 19 2300  -25.3  961.8   32.4  268.0   41.0  444.0
2019 232  8 20 0000  -24.2  963.0   29.1  272.0   40.1  444.0
2019 232  8 20 0100  -23.9  962.9   31.3  269.0   38.0  444.0
2019 232  8 20 0200  -23.5  964.4   25.4  268.0   42.0  444.0
2019 232  8 20 0300  -24.6  965.5   18.4  273.0   51.0  444.0
2019 232  8 20 0400  -24.5  965.0   19.7  272.0   52.0  444.0
2019 232  8 20 0500  -22.9  966.3   20.6  273.0   44.7  444.0
2019 232  8 20 0600  -21.8  964.9   24.9  272.0   38.0  444.0
2019 232  8 20 0700  -22.2  964.3   28.7  273.0   39.0  444.0
2019 232  8 20 0800  -23.0  965.1   27.7  272.0   42.0  444.0
2019 232  8 20 0900  -23.5  964.9   28.8  271.0   41.0  444.0
2019 232  8 20 1000  -24.4  965.6   29.4  268.0   42.0  444.0
2019 232  8 20 1100  -24.4  965.8   26.8  270.0   42.9  444.0
2019 232  8 20 1200  -25.1  966.3   27.4  269.0   44.0  444.0
2019 232  8 20 1300  -24.5  965.1   28.9  270.0   41.0  444.0
2019 232  8 20 1400  -23.6  966.0   25.3  274.0   42.0  444.0
2019 232  8 20 1500  -23.5  966.2   23.4  272.0   44.0  444.0
2019 232  8 20 1600  -23.2  967.2   22.4  273.0   41.0  444.0
2019 232  8 20 1700  -24.0  966.9   20.3  270.0   46.0  444.0
2019 232  8 20 1800  -25.0  968.2   15.5  269.0   56.0  444.0
2019 232  8 20 1900  -23.8  967.6   21.0  270.0   40.0  444.0
2019 232  8 20 2000  -22.9  967.1   24.3  269.0   41.0  444.0
2019 232  8 20 2100  -22.8  967.5   25.5  271.0   40.0  444.0
2019 232  8 20 2200  -22.8  967.8   24.3  272.0   42.0  444.0
2019 232  8 20 2300  -23.2  968.0   25.0  272.0   42.0  444.0
2019 233  8 21 0000  -22.6  968.8   23.0  270.0   42.0  444.0
2019 233  8 21 0100  -22.8  969.5   25.2  271.0   40.0  444.0
2019 233  8 21 0200  -22.8  972.1   20.7  271.0   44.0  444.0
2019 233  8 21 0300  -23.1  973.2   16.3  267.0   46.1  444.0
2019 233  8 21 0400  -21.9  974.0   17.4  270.0   42.0  444.0
2019 233  8 21 0500  -21.6  974.6   18.1  273.0   43.0  444.0
2019 233  8 21 0600  -21.0  974.6   19.2  270.0   45.0  444.0
2019 233  8 21 0700  -21.2  975.4   16.3  270.0   47.0  444.0
2019 233  8 21 0800  -20.7  976.2   15.3  270.0   48.0  444.0
2019 233  8 21 0900  -20.1  976.0   16.4  274.0   45.0  444.0
2019 233  8 21 1000  -20.2  976.3   18.5  278.0   45.0  444.0
2019 233  8 21 1100  -19.5  976.6   18.7  279.0   43.0  444.0
2019 233  8 21 1200  -20.3  976.6   18.2  274.0   47.0  444.0
2019 233  8 21 1300  -20.6  976.0   21.1  268.0   45.0  444.0
2019 233  8 21 1400  -21.7  975.1   23.9  269.0   48.0  444.0
2019 233  8 21 1500  -22.4  975.2   24.0  269.0   49.0  444.0
2019 233  8 21 1600  -22.9  975.8   23.9  268.0   43.0  444.0
2019 233  8 21 1700  -22.2  975.7   23.0  266.0   43.0  444.0
2019 233  8 21 1800  -21.8  975.5   23.7  271.0   44.0  444.0
2019 233  8 21 1900  -21.8  976.1   22.1  266.0   41.0  444.0
2019 233  8 21 2000  -22.0  974.3   22.1  268.0   43.0  444.0
2019 233  8 21 2100  -21.5  975.1   20.6  272.0   43.0  444.0
2019 233  8 21 2200  -22.1  973.9   24.6  268.0   43.0  444.0
2019 233  8 21 2300  -22.6  975.2   20.1  271.0   46.0  444.0
2019 234  8 22 0000  -22.7  975.0   19.4  262.0   46.0  444.0
2019 234  8 22 0100  -22.9  974.2   20.1  264.0   46.1  444.0
2019 234  8 22 0200  -23.4  975.7   14.5  261.0   48.0  444.0
2019 234  8 22 0300  -23.6  974.8   17.8  263.0   47.0  444.0
2019 234  8 22 0400  -23.6  974.2   17.5  268.0   47.0  444.0
2019 234  8 22 0500  -23.3  972.6   21.8  265.0   45.0  444.0
2019 234  8 22 0600  -23.8  973.0   22.2  268.0   45.0  444.0
2019 234  8 22 0700  -23.8  970.9   24.3  266.0   45.0  444.0
2019 234  8 22 0800  -23.8  971.1   21.9  263.0   44.0  444.0
2019 234  8 22 0900  -24.1  971.4   17.6  263.0   45.0  444.0
2019 234  8 22 1000  -24.9  969.1   24.2  260.0   44.0  444.0
2019 234  8 22 1100  -25.9  969.3   23.2  263.0   47.0  444.0
2019 234  8 22 1200  -26.6  967.8   25.4  262.0   47.0  444.0
2019 234  8 22 1300  -26.8  966.6   27.6  262.0   44.0  444.0
2019 234  8 22 1400  -27.3  966.1   29.0  260.0   42.0  444.0
2019 234  8 22 1500  -27.3  966.4   30.6  260.0   40.0  444.0
2019 234  8 22 1600  -27.3  966.2   30.0  261.0   40.0  444.0
2019 234  8 22 1700  -28.0  966.9   28.7  260.0   40.0  444.0
2019 234  8 22 1800  -27.9  967.1   24.0  259.0   42.0  444.0
2019 234  8 22 1900  -28.4  967.4   24.8  260.0   44.0  444.0
2019 234  8 22 2000  -28.4  967.6   23.6  261.0   45.0  444.0
2019 234  8 22 2100  -28.0  967.4   26.2  265.0   43.0  444.0
2019 234  8 22 2200  -27.6  966.9   27.7  269.0   42.0  444.0
2019 234  8 22 2300  -27.3  967.6   23.4  268.0   44.0  444.0
2019 235  8 23 0000  -26.3  967.5   22.6  273.0   43.0  444.0
2019 235  8 23 0100  -25.8  967.4   18.9  272.0   41.1  444.0
2019 235  8 23 0200  -25.8  967.2   18.0  269.0   42.0  444.0
2019 235  8 23 0300  -26.2  966.8   17.1  273.0   42.0  444.0
2019 235  8 23 0400  -25.0  965.8   16.7  277.0   42.0  444.0
2019 235  8 23 0500  -24.3  965.6   19.0  276.0   41.0  444.0
2019 235  8 23 0600  -24.4  965.1   19.8  277.0   43.0  444.0
2019 235  8 23 0700  -24.1  965.0   19.9  276.0   42.0  444.0
2019 235  8 23 0800  -24.1  964.5   17.2  276.0   44.0  444.0
2019 235  8 23 0900  -24.0  964.1   20.3  274.0   41.0  444.0
2019 235  8 23 1000  -25.0  964.4   17.2  279.0   42.0  444.0
2019 235  8 23 1100  -24.2  963.6   23.2  272.0   43.0  444.0
2019 235  8 23 1200  -25.2  964.4   20.5  268.0   44.0  444.0
2019 235  8 23 1300  -25.4  965.6   18.7  268.0   43.0  444.0
2019 235  8 23 1400  -25.6  966.5   16.8  268.0   43.0  444.0
2019 235  8 23 1500  -25.9  966.9   17.3  268.0   44.0  444.0
2019 235  8 23 1600  -26.2  967.5   17.3  266.0   43.0  444.0
2019 235  8 23 1700  -26.4  968.8   13.6  265.0   45.0  444.0
2019 235  8 23 1800  -26.8  969.5   14.4  258.0   45.1  444.0
2019 235  8 23 1900  -27.3  970.4   14.5  258.0   45.0  444.0
2019 235  8 23 2000  -26.7  971.8   14.2  266.0   45.0  444.0
2019 235  8 23 2100  -25.6  972.5   14.2  270.0   43.0  444.0
2019 235  8 23 2200  -25.5  973.3   15.5  274.0   41.0  444.0
2019 235  8 23 2300  -25.5  974.3   15.2  276.0   44.7  444.0
2019 236  8 24 0000  -25.2  975.1   13.3  272.0   42.0  444.0
2019 236  8 24 0100  -25.1  976.6   10.5  269.0   52.0  444.0
2019 236  8 24 0200  -25.8  977.4    9.5  269.0   60.0  444.0
2019 236  8 24 0300  -25.2  978.3    9.3  276.0   66.0  444.0
2019 236  8 24 0400  -24.7  978.7    9.2  276.0   73.0  444.0
2019 236  8 24 0500  -24.1  979.4    8.6  273.0   74.1  444.0
2019 236  8 24 0600  -23.6  979.7    8.1  274.0   73.8  444.0
2019 236  8 24 0700  -23.4  980.2    7.7  278.0   75.0  444.0
2019 236  8 24 0800  -23.4  980.5    8.2  279.0   75.0  444.0
2019 236  8 24 0900  -23.8  980.8    8.7  280.0   75.0  444.0
2019 236  8 24 1000  -23.7  980.7    8.5  278.0   74.0  444.0
2019 236  8 24 1100  -23.6  980.8    6.8  275.0   73.5  444.0
2019 236  8 24 1200  -25.3  980.6    6.5  275.0   68.0  444.0
2019 236  8 24 1300  -25.4  980.1    7.1  278.0   62.0  444.0
2019 236  8 24 1400  -24.6  979.3    9.8  277.0   60.0  444.0
2019 236  8 24 1500  -24.0  978.9   10.4  279.0   61.0  444.0
2019 236  8 24 1600  -23.9  978.2   11.2  276.0   58.7  444.0
2019 236  8 24 1700  -24.4  977.7   11.5  276.0   55.0  444.0
2019 236  8 24 1800  -24.6  977.1   12.8  274.0   52.0  444.0
2019 236  8 24 1900  -23.9  976.7   12.4  277.0   53.0  444.0
2019 236  8 24 2000  -22.9  976.1   12.9  276.0   55.0  444.0
2019 236  8 24 2100  -23.0  975.9   11.7  275.0   53.6  444.0
2019 236  8 24 2200  -23.1  975.2   12.5  275.0   54.0  444.0
2019 236  8 24 2300  -22.0  975.0   13.2  275.0   50.0  444.0
2019 237  8 25 0000  -22.9  974.5   12.2  274.0   55.0  444.0
2019 237  8 25 0100  -21.9  974.7   12.0  274.0   49.0  444.0
2019 237  8 25 0200  -22.0  975.0    7.6  269.0   50.0  444.0
2019 237  8 25 0300  -22.7  975.3    4.8  257.0   52.0  444.0
2019 237  8 25 0400  -23.3  975.1    4.5  262.0   57.0  444.0
2019 237  8 25 0500  -22.9  975.0    5.8  262.0   55.0  444.0
2019 237  8 25 0600  -22.5  974.8    5.1  260.0   54.0  444.0
2019 237  8 25 0700  -22.5  974.6    4.7  264.0   52.0  444.0
2019 237  8 25 0800  -22.5  974.1    4.7  260.0   54.0  444.0
2019 237  8 25 0900  -22.6  973.6    5.2  262.0   55.8  444.0
2019 237  8 25 1000  -22.3  972.9    7.9  269.0   54.0  444.0
2019 237  8 25 1100  -21.9  972.5    8.1  271.0   54.0  444.0
2019 237  8 25 1200  -22.7  972.1    4.9  253.0   59.0  444.0
2019 237  8 25 1300  -22.8  971.8    5.2  262.0   62.1  444.0
2019 237  8 25 1400  -21.1  969.7   12.6  269.0   59.7  444.0
2019 237  8 25 1500  -20.2  969.4   13.3  270.0   58.0  444.0
2019 237  8 25 1600  -19.4  968.5   12.3  276.0   61.0  444.0
2019 237  8 25 1700  -20.0  967.8   12.2  272.0   65.0  444.0
2019 237  8 25 1800  -20.4  965.6   13.7  274.0   66.0  444.0
2019 237  8 25 1900  -20.0  964.8   13.6  280.0   66.1  444.0
2019 237  8 25 2000  -19.7  964.6   14.0  272.0   67.0  444.0
2019 237  8 25 2100  -19.0  962.9   16.6  274.0   71.0  444.0
2019 237  8 25 2200  -18.4  962.3   16.3  276.0   72.0  444.0
2019 237  8 25 2300  -18.0  961.8   16.1  278.0   76.0  444.0
2019 238  8 26 0000  -18.0  961.6   14.4  271.0   73.7  444.0
2019 238  8 26 0100  -18.5  961.7    9.1  255.0   81.0  444.0
2019 238  8 26 0200  -18.9  961.9    2.8  258.0   81.7  444.0
2019 238  8 26 0300  -17.3  961.7    5.7  242.0   82.6  444.0
2019 238  8 26 0400  -17.4  961.2    5.0  243.0   83.0  444.0
2019 238  8 26 0500  -17.5  960.1    7.6  260.0   83.0  444.0
2019 238  8 26 0600  -16.9  959.8    7.7  248.0   82.0  444.0
2019 238  8 26 0700  -18.3  959.2    6.5  262.0   82.1  444.0
2019 238  8 26 0800  -17.3  958.2    8.1  274.0   82.0  444.0
2019 238  8 26 0900  -17.7  957.2    9.3  268.0   81.0  444.0
2019 238  8 26 1000  -16.1  956.9   12.0  274.0   72.0  444.0
2019 238  8 26 1100  -16.2  956.6    8.6  267.0   71.0  444.0
2019 238  8 26 1200  -15.8  956.6    8.3  263.0   68.3  444.0
2019 238  8 26 1300  -15.6  956.0    9.2  276.0   68.0  444.0
2019 238  8 26 1400  -16.1  955.8    9.0  269.0   64.0  444.0
2019 238  8 26 1500  -15.9  955.8    6.2  260.0   64.0  444.0
2019 238  8 26 1600  -16.1  955.3    4.8  258.0   63.0  444.0
2019 238  8 26 1700  -15.8  954.5    7.6  274.0   62.5  444.0
2019 238  8 26 1800  -15.7  954.1    8.3  266.0   75.0  444.0
2019 238  8 26 1900  -15.9  953.5   10.5  262.0   77.0  444.0
2019 238  8 26 2000  -15.7  953.6   12.4  270.0   77.0  444.0
2019 238  8 26 2100  -15.3  952.7   13.6  274.0   81.0  444.0
2019 238  8 26 2200  -15.1  952.3   14.0  270.0   79.3  444.0
2019 238  8 26 2300  -15.3  952.5   14.9  275.0   75.0  444.0
2019 239  8 27 0000  -15.8  952.9   15.2  276.0   83.0  444.0
2019 239  8 27 0100  -15.4  953.1   15.8  274.0   76.0  444.0
2019 239  8 27 0200  -15.4  952.7   16.7  277.0   78.0  444.0
2019 239  8 27 0300  -15.2  953.2   14.9  278.0   70.0  444.0
2019 239  8 27 0400  -15.3  953.1   15.0  271.0   81.0  444.0
2019 239  8 27 0500  -14.8  954.2   13.0  276.0   85.0  444.0
2019 239  8 27 0600  -14.3  954.8   11.9  275.0   82.0  444.0
2019 239  8 27 0700  -14.4  955.5   10.9  272.0   85.0  444.0
2019 239  8 27 0800  -14.3  956.2   11.2  274.0   86.0  444.0
2019 239  8 27 0900  -14.2  956.3   10.8  277.0   86.0  444.0
2019 239  8 27 1000  -14.2  956.6   12.4  274.0   86.1  444.0
2019 239  8 27 1100  -14.1  956.9   12.9  277.0   86.0  444.0
2019 239  8 27 1200  -14.8  956.8   14.8  279.0   85.0  444.0
2019 239  8 27 1300  -14.1  956.5   16.1  278.0   82.0  444.0
2019 239  8 27 1400  -14.8  956.6   15.7  278.0   82.0  444.0
2019 239  8 27 1500  -14.0  956.6   15.1  278.0   76.0  444.0
2019 239  8 27 1600  -14.3  957.1   14.4  276.0   75.0  444.0
2019 239  8 27 1700  -14.7  959.5   10.1  270.0   71.0  444.0
2019 239  8 27 1800  -14.2  960.1    9.1  269.0   86.0  444.0
2019 239  8 27 1900  -14.3  960.9   10.2  256.0   86.0  444.0
2019 239  8 27 2000  -14.5  962.3    9.0  252.0   86.0  444.0
2019 239  8 27 2100  -14.4  963.4    8.1  272.0   86.0  444.0
2019 239  8 27 2200  -13.5  964.1    6.8  208.0   86.0  444.0
2019 239  8 27 2300  -15.5  964.1   10.5  254.0   85.0  444.0
2019 240  8 28 0000  -16.6  963.8   11.0  273.0   84.0  444.0
2019 240  8 28 0100  -15.3  964.1   11.9  273.0   80.3  444.0
2019 240  8 28 0200  -15.4  964.4   10.9  272.0   80.0  444.0
2019 240  8 28 0300  -16.0  964.7   10.5  272.0   71.0  444.0
2019 240  8 28 0400  -16.6  964.2   16.4  274.0   67.0  444.0
2019 240  8 28 0500  -18.3  964.8   12.6  282.0   75.0  444.0
2019 240  8 28 0600  -18.2  966.1    7.9  274.0   74.0  444.0
2019 240  8 28 0700  -16.7  966.8    9.6  272.0   78.0  444.0
2019 240  8 28 0800  -16.4  967.4   10.3  263.0   83.0  444.0
2019 240  8 28 0900  -16.5  967.7   13.0  273.0   83.0  444.0
2019 240  8 28 1000  -16.8  968.8   11.8  269.0   81.0  444.0
2019 240  8 28 1100  -16.2  969.3   10.8  264.0   84.0  444.0
2019 240  8 28 1200  -17.4  970.3    9.6  267.0   83.0  444.0
2019 240  8 28 1300  -17.4  970.3   11.8  269.0   83.0  444.0
2019 240  8 28 1400  -17.7  971.1    9.4  270.0   83.0  444.0
2019 240  8 28 1500  -17.0  971.6    8.7  264.0   77.0  444.0
2019 240  8 28 1600  -17.3  972.2    9.2  265.0   82.0  444.0
2019 240  8 28 1700  -17.5  972.2    9.5  262.0   83.3  444.0
2019 240  8 28 1800  -17.3  972.3   11.0  272.0   83.0  444.0
2019 240  8 28 1900  -17.4  971.9   11.0  264.0   83.0  444.0
2019 240  8 28 2000  -15.8  971.8    9.2  243.0   84.0  444.0
2019 240  8 28 2100  -16.0  971.9    9.7  252.0   84.0  444.0
2019 240  8 28 2200  -16.1  972.1    7.2  251.0   79.7  444.0
2019 240  8 28 2300  -15.9  972.2    5.9  230.0   74.0  444.0
2019 241  8 29 0000  -16.2  971.8    7.0  209.0   72.0  444.0
2019 241  8 29 0100  -16.7  971.6    6.7  223.0   72.0  444.0
2019 241  8 29 0200  -16.8  971.6    4.6  239.0   72.0  444.0
2019 241  8 29 0300  -17.0  971.4    5.3  241.0   72.0  444.0
2019 241  8 29 0400  -16.9  971.3    7.7  259.0   73.0  444.0
2019 241  8 29 0500  -17.5  970.9   14.5  252.0   80.3  444.0
2019 241  8 29 0600  -18.6  969.7   17.0  255.0   82.0  444.0
2019 241  8 29 0700  -18.5  969.8   15.9  251.0   81.0  444.0
2019 241  8 29 0800  -18.5  970.5   16.5  255.0   81.0  444.0
2019 241  8 29 0900  -18.3  969.8   16.3  256.0   82.0  444.0
2019 241  8 29 1000  -18.3  970.0   15.5  255.0   80.8  444.0
2019 241  8 29 1100  -18.3  969.8   16.4  259.0   81.0  444.0
2019 241  8 29 1200  -18.2  969.5   17.1  257.0   80.0  444.0
2019 241  8 29 1300  -18.4  969.5   17.9  255.0   81.0  444.0
2019 241  8 29 1400  -18.5  969.8   14.8  257.0   80.0  444.0
2019 241  8 29 1500  -18.8  970.7   11.5  260.0   79.9  444.0
2019 241  8 29 1600  -18.6  969.9   14.1  256.0   79.1  444.0
2019 241  8 29 1700  -19.2  969.6   16.4  257.0   81.0  444.0
2019 241  8 29 1800  -18.9  970.4   12.6  261.0   80.0  444.0
2019 241  8 29 1900  -18.9  970.2   13.8  256.0   78.0  444.0
2019 241  8 29 2000  -18.8  970.8   13.0  268.0   71.9  444.0
2019 241  8 29 2100  -19.0  970.8   13.7  264.0   75.0  444.0
2019 241  8 29 2200  -19.7  970.5   14.2  263.0   74.0  444.0
2019 241  8 29 2300  -20.1  969.8   19.2  272.0   75.0  444.0
2019 242  8 30 0000  -20.4  969.2   24.9  270.0   75.0  444.0
2019 242  8 30 0100  -20.9  970.8   21.8  263.0   75.8  444.0
2019 242  8 30 0200  -21.4  972.8   16.0  258.0   74.0  444.0
2019 242  8 30 0300  -22.0  971.1   19.8  262.0   76.7  444.0
2019 242  8 30 0400  -22.4  971.4   23.3  264.0   76.9  444.0
2019 242  8 30 0500  -23.0  971.3   23.0  264.0   76.0  444.0
2019 242  8 30 0600  -23.3  970.3   25.0  264.0   77.0  444.0
2019 242  8 30 0700  -23.3  972.1   21.1  259.0   76.0  444.0
2019 242  8 30 0800  -23.8  972.8   20.5  256.0   72.8  444.0
2019 242  8 30 0900  -23.9  972.1   21.3  256.0   73.0  444.0
2019 242  8 30 1000  -24.0  971.7   25.3  261.0   77.0  444.0
2019 242  8 30 1100  -24.5  972.0   25.9  263.0   75.0  444.0
2019 242  8 30 1200  -25.4  971.9   27.9  262.0   75.0  444.0
2019 242  8 30 1300  -26.0  972.5   24.9  262.0   74.3  444.0
2019 242  8 30 1400  -26.2  972.9   26.5  261.0   74.0  444.0
2019 242  8 30 1500  -26.5  973.0   28.9  264.0   75.0  444.0
2019 242  8 30 1600  -26.5  973.1   27.9  264.0   74.9  444.0
2019 242  8 30 1700  -26.6  973.2   27.8  263.0   74.0  444.0
2019 242  8 30 1800  -27.3  973.5   27.9  265.0   73.5  444.0
2019 242  8 30 1900  -28.1  973.1   28.6  264.0   73.0  444.0
2019 242  8 30 2000  -28.5  973.8   27.3  263.0   73.0  444.0
2019 242  8 30 2100  -28.8  973.6   27.6  266.0   72.0  444.0
2019 242  8 30 2200  -29.5  974.4   25.9  261.0   71.0  444.0
2019 242  8 30 2300  -29.7  975.0   25.7  264.0   70.9  444.0
2019 243  8 31 0000  -29.7  974.6   25.7  262.0   70.0  444.0
2019 243  8 31 0100  -29.8  974.0   27.0  260.0   70.0  444.0
2019 243  8 31 0200  -29.5  974.3   26.1  262.0   70.3  444.0
2019 243  8 31 0300  -29.6  974.8   26.3  260.0   70.0  444.0
2019 243  8 31 0400  -29.7  975.6   25.9  261.0   69.0  444.0
2019 243  8 31 0500  -29.8  975.6   26.5  262.0   68.0  444.0
2019 243  8 31 0600  -29.7  975.9   27.6  266.0   68.0  444.0
2019 243  8 31 0700  -29.8  976.3   22.9  263.0   67.0  444.0
2019 243  8 31 0800  -29.9  975.4   25.5  264.0   69.0  444.0
2019 243  8 31 0900  -29.9  976.5   22.4  267.0   65.0  444.0
2019 243  8 31 1000  -29.9  976.5   23.2  265.0   66.0  444.0
2019 243  8 31 1100  -29.4  976.7   20.9  267.0   63.4  444.0
2019 243  8 31 1200  -28.8  977.0   20.7  268.0   63.0  444.0
2019 243  8 31 1300  -27.9  977.0   19.4  268.0   62.0  444.0
2019 243  8 31 1400  -27.3  976.5   21.6  272.0   65.0  444.0
2019 243  8 31 1500  -26.8  976.5   22.5  273.0   63.0  444.0
2019 243  8 31 1600  -26.4  976.6   23.6  274.0   62.4  444.0
2019 243  8 31 1700  -26.0  976.4   22.4  273.0   64.0  444.0
2019 243  8 31 1800  -26.1  976.8   20.4  277.0   63.0  444.0
2019 243  8 31 1900  -25.9  975.9   21.0  273.0   62.0  444.0
2019 243  8 31 2000  -26.0  976.3   19.7  272.0   63.0  444.0
2019 243  8 31 2100  -26.0  976.1   18.5  274.0   61.6  444.0
2019 243  8 31 2200  -24.8  974.9   25.5  274.0   64.0  444.0
2019 243  8 31 2300  -24.4  974.2   24.8  272.0   63.0  444.0
