Year: 2024  Month: 06  ID: MLA  ARGOS:  8905  Name: Manuela             
Lat: 74.95S  Lon: 163.69E  Elev:   78m
2024 153  6  1 0000  -10.4  972.7    4.6  194.0  100.0  444.0
2024 153  6  1 0100  -10.4  972.8    5.5  216.0  100.0  444.0
2024 153  6  1 0200  -10.6  972.5    5.1  210.0  100.0  444.0
2024 153  6  1 0300  -11.3  972.4    6.3  270.0  100.0  444.0
2024 153  6  1 0400  -11.3  972.0    7.6  275.0   99.7  444.0
2024 153  6  1 0500  -11.5  971.9    6.9  270.0  100.0  444.0
2024 153  6  1 0600  -11.1  972.2    8.3  275.0   99.7  444.0
2024 153  6  1 0700  -11.2  972.2    7.8  279.0  100.0  444.0
2024 153  6  1 0800  -11.8  972.0    9.1  279.0  100.0  444.0
2024 153  6  1 0900  -13.1  971.4   14.0  279.0   99.7  444.0
2024 153  6  1 1000  -14.2  971.6   13.4  279.0  100.0  444.0
2024 153  6  1 1100  -15.7  971.3   14.0  266.0  100.0  444.0
2024 153  6  1 1200  -16.8  971.8   14.7  268.0  100.0  444.0
2024 153  6  1 1300  -18.2  972.1   14.6  266.0  100.0  444.0
2024 153  6  1 1400  -19.7  972.1   16.0  265.0   99.6  444.0
2024 153  6  1 1500  -20.3  973.4   13.5  268.0  100.0  444.0
2024 153  6  1 1600  -20.1  973.5   13.8  270.0  100.0  444.0
2024 153  6  1 1700  -20.3  974.0   14.8  264.0  100.0  444.0
2024 153  6  1 1800  -20.6  974.5   17.2  268.0  100.0  444.0
2024 153  6  1 1900  -20.5  975.0   14.2  264.0  100.0  444.0
2024 153  6  1 2000  -20.6  975.8   13.8  274.0  100.0  444.0
2024 153  6  1 2100  -20.3  975.7   16.8  268.0  100.0  444.0
2024 153  6  1 2200  -19.8  976.1   17.0  268.0  100.0  444.0
2024 153  6  1 2300  -19.7  977.2   16.6  266.0  100.0  444.0
2024 154  6  2 0000  -19.7  977.3   14.5  271.0   99.6  444.0
2024 154  6  2 0100  -19.7  977.8   14.9  269.0  100.0  444.0
2024 154  6  2 0200  -19.6  978.8   12.7  282.0  100.0  444.0
2024 154  6  2 0300  -19.7  979.1   13.4  280.0  100.0  444.0
2024 154  6  2 0400  -19.4  979.6   12.6  279.0   99.7  444.0
2024 154  6  2 0500  -19.3  979.8   14.6  281.0  100.0  444.0
2024 154  6  2 0600  -19.1  981.1   11.6  277.0  100.0  444.0
2024 154  6  2 0700  -18.8  981.6   11.5  276.0   99.7  444.0
2024 154  6  2 0800  -19.0  982.3    8.2  276.0  100.0  444.0
2024 154  6  2 0900  -18.4  982.7   10.3  268.0  100.0  444.0
2024 154  6  2 1000  -18.2  983.2   10.0  270.0  100.0  444.0
2024 154  6  2 1100  -18.0  983.5   10.7  274.0  100.0  444.0
2024 154  6  2 1200  -17.7  984.0   10.7  270.0   99.7  444.0
2024 154  6  2 1300  -18.9  984.0   11.7  279.0  100.0  444.0
2024 154  6  2 1400  -18.6  983.6   13.7  280.0  100.0  444.0
2024 154  6  2 1500  -19.3  983.1   15.5  280.0  100.0  444.0
2024 154  6  2 1600  -18.7  983.1   15.4  280.0  100.0  444.0
2024 154  6  2 1700  -18.0  983.2   14.7  276.0  100.0  444.0
2024 154  6  2 1800  -17.8  983.6   13.9  276.0  100.0  444.0
2024 154  6  2 1900  -18.1  984.2   11.7  272.0  100.0  444.0
2024 154  6  2 2000  -18.1  984.4   12.6  277.0  100.0  444.0
2024 154  6  2 2100  -18.8  984.0   12.9  277.0  100.0  444.0
2024 154  6  2 2200  -20.0  983.1   16.5  272.0   99.6  444.0
2024 154  6  2 2300  -21.0  982.6   19.6  267.0   99.0  444.0
2024 155  6  3 0000  -20.8  982.3   18.0  266.0  100.0  444.0
2024 155  6  3 0100  -22.5  983.2   10.3  274.0   99.0  444.0
2024 155  6  3 0200  -21.9  982.7   14.2  263.0   99.0  444.0
2024 155  6  3 0300  -21.8  983.4   12.9  250.0   99.4  444.0
2024 155  6  3 0400  -22.1  982.5   13.5  255.0   99.0  444.0
2024 155  6  3 0500  -23.7  983.6    5.5  253.0   99.0  444.0
2024 155  6  3 0600  -23.2  983.1    8.4  263.0   99.0  444.0
2024 155  6  3 0700  -24.1  982.7    7.1  252.0   99.0  444.0
2024 155  6  3 0800  -23.3  981.9    9.8  261.0   99.0  444.0
2024 155  6  3 0900  -23.2  981.4   12.2  258.0   99.0  444.0
2024 155  6  3 1000  -22.4  980.3   14.4  260.0   99.5  444.0
2024 155  6  3 1100  -21.9  980.0   12.8  260.0   99.0  444.0
2024 155  6  3 1200  -21.6  979.1   15.9  262.0   99.0  444.0
2024 155  6  3 1300  -20.9  977.6   18.8  268.0  100.0  444.0
2024 155  6  3 1400  -20.8  977.1   14.6  261.0  100.0  444.0
2024 155  6  3 1500  -21.1  976.7   16.5  260.0  100.0  444.0
2024 155  6  3 1600  -21.0  975.3   23.4  264.0  100.0  444.0
2024 155  6  3 1700  -21.3  973.9   28.5  260.0  100.0  444.0
2024 155  6  3 1800  -20.9  444.0   25.7  264.0  100.0  444.0
2024 155  6  3 1900  -21.3  972.6   22.8  265.0  100.0  444.0
2024 155  6  3 2000  -21.7  969.1   29.8  263.0   99.4  444.0
2024 155  6  3 2100  -22.3  970.6   29.1  265.0   99.0  444.0
2024 155  6  3 2200  -21.4  970.5   20.6  266.0   99.0  444.0
2024 155  6  3 2300  -21.4  969.5   26.4  266.0  100.0  444.0
2024 156  6  4 0000  -21.6  969.3   26.1  263.0   99.0  444.0
2024 156  6  4 0100  -22.4  968.4   23.6  258.0   99.4  444.0
2024 156  6  4 0200  -22.6  967.5   25.6  257.0   99.0  444.0
2024 156  6  4 0300  -22.9  964.6   31.8  263.0   99.0  444.0
2024 156  6  4 0400  -23.4  963.6   30.9  258.0   99.0  444.0
2024 156  6  4 0500  -23.2  964.4   29.8  256.0   99.0  444.0
2024 156  6  4 0600  -23.1  963.4   22.9  258.0   99.0  444.0
2024 156  6  4 0700  -21.1  965.6   10.9  267.0   99.5  444.0
2024 156  6  4 0800  -23.8  961.1   26.7  257.0   99.0  444.0
2024 156  6  4 0900  -23.7  961.5   17.1  261.0   99.0  444.0
2024 156  6  4 1000  -24.8  959.5   27.9  261.0   97.0  444.0
2024 156  6  4 1100  -25.4  958.1   31.8  256.0   96.0  444.0
2024 156  6  4 1200  -25.1  956.8   32.1  263.0   97.3  444.0
2024 156  6  4 1300  -25.3  956.5   26.6  265.0   96.0  444.0
2024 156  6  4 1400  -26.1  956.7   29.1  264.0   94.0  444.0
2024 156  6  4 1500  -27.1  954.5   33.3  267.0   92.0  444.0
2024 156  6  4 1600  -26.3  954.0   30.9  267.0   94.0  444.0
2024 156  6  4 1700  -27.2  950.8   34.4  262.0   91.6  444.0
2024 156  6  4 1800  -27.2  949.9   35.0  261.0   92.0  444.0
2024 156  6  4 1900  -26.4  951.5   33.3  264.0   93.0  444.0
2024 156  6  4 2000  -26.5  949.9   35.2  263.0   93.0  444.0
2024 156  6  4 2100  -26.6  948.1   39.8  261.0   93.0  444.0
2024 156  6  4 2200  -26.6  949.0   39.8  258.0   93.1  444.0
2024 156  6  4 2300  -27.0  948.0   39.5  262.0   91.0  444.0
2024 157  6  5 0000  -27.4  947.2   42.8  260.0   90.0  444.0
2024 157  6  5 0100  -28.0  949.6   39.7  261.0   90.0  444.0
2024 157  6  5 0200  -27.7  949.6   37.8  260.0   89.0  444.0
2024 157  6  5 0300  -27.7  950.6   38.8  261.0   90.0  444.0
2024 157  6  5 0400  -28.7  954.4   32.5  262.0   88.0  444.0
2024 157  6  5 0500  -29.2  955.8   29.8  260.0   86.3  444.0
2024 157  6  5 0600  -29.9  956.3   29.9  262.0   85.0  444.0
2024 157  6  5 0700  -30.3  956.1   32.9  258.0   85.0  444.0
2024 157  6  5 0800  -30.8  957.3   32.7  257.0   83.4  444.0
2024 157  6  5 0900  -31.1  957.3   33.8  258.0   83.0  444.0
2024 157  6  5 1000  -31.2  959.7   29.2  263.0   82.5  444.0
2024 157  6  5 1100  -31.8  959.9   29.4  263.0   82.0  444.0
2024 157  6  5 1200  -31.6  960.4   26.9  262.0   82.0  444.0
2024 157  6  5 1300  -31.8  960.7   26.7  261.0   81.0  444.0
2024 157  6  5 1400  -31.8  962.1   25.7  266.0   82.0  444.0
2024 157  6  5 1500  -31.4  962.5   26.3  266.0   82.1  444.0
2024 157  6  5 1600  -30.4  962.4   26.2  269.0   84.0  444.0
2024 157  6  5 1700  -30.2  964.8   26.2  276.0   84.0  444.0
2024 157  6  5 1800  -29.6  965.8   23.0  274.0   85.0  444.0
2024 157  6  5 1900  -29.9  966.9   18.1  273.0   84.0  444.0
2024 157  6  5 2000  -29.5  968.1   18.4  275.0   84.9  444.0
2024 157  6  5 2100  -30.2  968.7   18.8  280.0   83.0  444.0
2024 157  6  5 2200  -29.9  970.0   17.5  280.0   84.0  444.0
2024 157  6  5 2300  -29.2  971.1   17.3  277.0   86.0  444.0
2024 158  6  6 0000  -28.7  971.8   17.0  278.0   86.0  444.0
2024 158  6  6 0100  -28.4  972.6   16.0  277.0   86.7  444.0
2024 158  6  6 0200  -28.8  972.4   16.3  279.0   86.0  444.0
2024 158  6  6 0300  -28.7  972.6   17.7  280.0   86.0  444.0
2024 158  6  6 0400  -28.7  972.3   17.1  278.0   85.5  444.0
2024 158  6  6 0500  -29.0  971.0   20.1  279.0   85.0  444.0
2024 158  6  6 0600  -28.5  971.0   19.9  281.0   86.4  444.0
2024 158  6  6 0700  -28.4  970.3   20.1  279.0   87.0  444.0
2024 158  6  6 0800  -28.0  969.8   18.4  274.0   87.4  444.0
2024 158  6  6 0900  -27.8  969.3   19.4  277.0   88.0  444.0
2024 158  6  6 1000  -27.1  968.7   22.2  275.0   89.0  444.0
2024 158  6  6 1100  -27.4  968.3   24.4  274.0   89.0  444.0
2024 158  6  6 1200  -27.1  967.8   23.8  277.0   89.0  444.0
2024 158  6  6 1300  -27.3  967.4   24.9  277.0   89.0  444.0
2024 158  6  6 1400  -27.3  966.6   24.7  273.0   90.0  444.0
2024 158  6  6 1500  -26.9  966.7   22.8  274.0   91.0  444.0
2024 158  6  6 1600  -26.5  965.6   23.6  274.0   91.0  444.0
2024 158  6  6 1700  -27.0  966.2   20.3  272.0   90.0  444.0
2024 158  6  6 1800  -27.6  964.9   20.9  273.0   89.0  444.0
2024 158  6  6 1900  -27.2  963.9   25.8  273.0   90.0  444.0
2024 158  6  6 2000  -27.2  962.7   26.0  274.0   91.0  444.0
2024 158  6  6 2100  -27.1  963.1   24.9  273.0   90.0  444.0
2024 158  6  6 2200  -28.1  963.8   18.1  270.0   88.0  444.0
2024 158  6  6 2300  -28.0  963.1   18.4  272.0   88.0  444.0
2024 159  6  7 0000  -27.7  962.8   18.9  271.0   89.0  444.0
2024 159  6  7 0100  -26.8  961.3   21.5  273.0   91.0  444.0
2024 159  6  7 0200  -27.7  962.0   18.2  271.0   89.0  444.0
2024 159  6  7 0300  -27.4  961.1   20.8  277.0   90.0  444.0
2024 159  6  7 0400  -27.3  960.6   21.2  278.0   90.0  444.0
2024 159  6  7 0500  -27.2  959.6   24.1  279.0   90.0  444.0
2024 159  6  7 0600  -27.2  959.3   24.5  281.0   90.0  444.0
2024 159  6  7 0700  -26.4  959.1   23.7  278.0   93.0  444.0
2024 159  6  7 0800  -26.0  958.7   21.7  277.0   93.0  444.0
2024 159  6  7 0900  -26.4  958.4   19.4  276.0   92.2  444.0
2024 159  6  7 1000  -26.0  957.9   20.8  276.0   95.0  444.0
2024 159  6  7 1100  -26.3  957.4   21.0  277.0   94.0  444.0
2024 159  6  7 1200  -25.4  957.5   20.1  273.0   96.0  444.0
2024 159  6  7 1300  -25.8  957.3   19.0  273.0   93.0  444.0
2024 159  6  7 1400  -25.5  957.0   20.2  275.0   94.0  444.0
2024 159  6  7 1500  -23.8  956.1   32.8  258.0   97.0  444.0
2024 159  6  7 1600  -23.8  954.4   28.4  271.0   99.0  444.0
2024 159  6  7 1700  -24.5  955.2   22.2  272.0   96.0  444.0
2024 159  6  7 1800  -24.9  954.2   30.9  272.0   96.0  444.0
2024 159  6  7 1900  -25.8  953.9   30.5  269.0   94.0  444.0
2024 159  6  7 2000  -26.6  953.6   30.3  267.0   92.0  444.0
2024 159  6  7 2100  -27.2  954.9   30.8  269.0   91.0  444.0
2024 159  6  7 2200  -27.5  955.4   28.8  267.0   90.2  444.0
2024 159  6  7 2300  -27.6  955.4   28.3  267.0   90.0  444.0
2024 160  6  8 0000  -27.8  956.5   28.0  268.0   90.0  444.0
2024 160  6  8 0100  -27.7  957.7   24.9  268.0   90.0  444.0
2024 160  6  8 0200  -27.8  959.6   22.7  268.0   90.0  444.0
2024 160  6  8 0300  -27.8  960.7   20.3  266.0   90.0  444.0
2024 160  6  8 0400  -27.7  960.1   21.3  273.0   90.0  444.0
2024 160  6  8 0500  -27.4  960.6   22.5  273.0   91.0  444.0
2024 160  6  8 0600  -26.8  960.5   26.7  275.0   92.0  444.0
2024 160  6  8 0700  -26.9  960.7   25.1  273.0   92.0  444.0
2024 160  6  8 0800  -26.8  962.4   21.4  274.0   92.0  444.0
2024 160  6  8 0900  -26.5  962.6   21.3  272.0   93.0  444.0
2024 160  6  8 1000  -25.7  962.1   21.6  272.0   95.0  444.0
2024 160  6  8 1100  -25.4  964.0   18.5  273.0   95.0  444.0
2024 160  6  8 1200  -25.2  963.6   19.3  273.0   96.0  444.0
2024 160  6  8 1300  -25.1  963.6   17.8  272.0   95.0  444.0
2024 160  6  8 1400  -25.7  963.3   18.6  276.0   95.0  444.0
2024 160  6  8 1500  -26.0  962.3   20.0  279.0   94.0  444.0
2024 160  6  8 1600  -25.6  961.5   21.9  279.0   95.0  444.0
2024 160  6  8 1700  -25.7  962.3   20.4  276.0   95.0  444.0
2024 160  6  8 1800  -25.4  961.8   20.6  278.0   95.0  444.0
2024 160  6  8 1900  -25.0  962.7   19.5  280.0   96.0  444.0
2024 160  6  8 2000  -24.7  962.8   18.2  280.0   97.0  444.0
2024 160  6  8 2100  -23.7  964.4   13.1  274.0   99.0  444.0
2024 160  6  8 2200  -22.3  963.1   17.2  275.0   99.0  444.0
2024 160  6  8 2300  -22.3  962.7   19.4  276.0   99.0  444.0
2024 161  6  9 0000  -23.0  961.6   21.8  278.0   99.0  444.0
2024 161  6  9 0100  -23.0  962.0   19.3  265.0   99.0  444.0
2024 161  6  9 0200  -23.0  961.7   20.0  274.0   99.2  444.0
2024 161  6  9 0300  -23.2  961.3   16.3  278.0   99.0  444.0
2024 161  6  9 0400  -23.4  960.5   18.9  275.0   99.0  444.0
2024 161  6  9 0500  -23.1  958.6   25.2  277.0   99.0  444.0
2024 161  6  9 0600  -23.2  957.6   23.1  276.0   99.0  444.0
2024 161  6  9 0700  -23.0  956.8   24.7  274.0   99.0  444.0
2024 161  6  9 0800  -22.9  956.0   26.3  272.0   99.0  444.0
2024 161  6  9 0900  -23.0  954.8   26.6  270.0   99.0  444.0
2024 161  6  9 1000  -23.1  953.4   30.5  269.0   99.0  444.0
2024 161  6  9 1100  -24.0  951.8   29.9  267.0   99.0  444.0
2024 161  6  9 1200  -24.5  950.1   32.1  265.0   98.0  444.0
2024 161  6  9 1300  -24.2  948.5   33.1  268.0   99.0  444.0
2024 161  6  9 1400  -23.9  947.2   35.0  270.0   99.0  444.0
2024 161  6  9 1500  -23.5  947.1   31.7  269.0   99.0  444.0
2024 161  6  9 1600  -23.6  946.3   29.2  272.0   99.0  444.0
2024 161  6  9 1700  -23.6  947.6   28.3  273.0   99.0  444.0
2024 161  6  9 1800  -23.2  946.6   28.2  267.0   99.0  444.0
2024 161  6  9 1900  -23.1  943.7   27.4  266.0   99.0  444.0
2024 161  6  9 2000  -22.4  945.0   25.8  265.0   99.0  444.0
2024 161  6  9 2100  -22.5  945.0   26.3  263.0   99.0  444.0
2024 161  6  9 2200  -22.5  943.9   25.4  264.0   99.0  444.0
2024 161  6  9 2300  -22.7  945.7   23.9  263.0   99.0  444.0
2024 162  6 10 0000  -22.7  946.0   19.7  264.0   99.0  444.0
2024 162  6 10 0100  -21.9  947.8   17.3  269.0   99.0  444.0
2024 162  6 10 0200  -22.4  949.2   17.6  269.0   99.5  444.0
2024 162  6 10 0300  -22.5  950.6   16.8  271.0   99.0  444.0
2024 162  6 10 0400  -23.7  951.4   21.2  269.0   99.4  444.0
2024 162  6 10 0500  -23.6  954.6   17.6  272.0   99.0  444.0
2024 162  6 10 0600  -24.4  955.5   16.1  277.0   98.0  444.0
2024 162  6 10 0700  -24.7  956.8   16.9  283.0   98.0  444.0
2024 162  6 10 0800  -24.6  958.2   14.4  279.0   98.0  444.0
2024 162  6 10 0900  -24.6  960.0   13.9  277.0   99.0  444.0
2024 162  6 10 1000  -24.4  962.2   10.7  267.0   99.0  444.0
2024 162  6 10 1100  -23.3  963.7    9.4  270.0   99.0  444.0
2024 162  6 10 1200  -22.4  964.6    7.9  272.0   99.0  444.0
2024 162  6 10 1300  -22.3  965.3    8.7  278.0   99.0  444.0
2024 162  6 10 1400  -21.5  966.1    9.7  277.0   99.4  444.0
2024 162  6 10 1500  -21.4  967.0   10.1  278.0   99.0  444.0
2024 162  6 10 1600  -20.9  967.9    8.8  277.0  100.0  444.0
2024 162  6 10 1700  -20.7  968.4    9.0  278.0  100.0  444.0
2024 162  6 10 1800  -20.6  969.0    9.1  276.0  100.0  444.0
2024 162  6 10 1900  -20.5  969.2   10.4  279.0   99.6  444.0
2024 162  6 10 2000  -20.2  969.1   11.6  281.0  100.0  444.0
2024 162  6 10 2100  -21.5  969.0   15.1  279.0   99.0  444.0
2024 162  6 10 2200  -21.9  969.3   16.0  280.0   99.0  444.0
2024 162  6 10 2300  -21.2  969.7   16.1  276.0   99.5  444.0
2024 163  6 11 0000  -21.8  969.5   18.4  271.0   99.4  444.0
2024 163  6 11 0100  -21.7  970.2   14.4  267.0   99.0  444.0
2024 163  6 11 0200  -22.8  969.9   12.6  270.0   99.3  444.0
2024 163  6 11 0300  -21.6  969.6   17.4  268.0   99.0  444.0
2024 163  6 11 0400  -21.9  969.2   17.9  265.0   99.0  444.0
2024 163  6 11 0500  -22.5  970.5   14.4  269.0   99.0  444.0
2024 163  6 11 0600  -22.9  971.9   14.3  253.0   99.0  444.0
2024 163  6 11 0700  -23.2  972.8   11.9  258.0   99.0  444.0
2024 163  6 11 0800  -22.8  972.2   16.0  256.0   99.0  444.0
2024 163  6 11 0900  -22.9  973.3   16.1  256.0   99.0  444.0
2024 163  6 11 1000  -23.1  973.0   17.2  253.0   99.0  444.0
2024 163  6 11 1100  -22.9  974.1   18.6  254.0   99.0  444.0
2024 163  6 11 1200  -23.2  975.5   14.6  261.0   99.2  444.0
2024 163  6 11 1300  -23.1  976.5   16.5  259.0   99.0  444.0
2024 163  6 11 1400  -23.5  977.7   16.7  260.0   99.0  444.0
2024 163  6 11 1500  -23.7  979.2   15.4  259.0   99.0  444.0
2024 163  6 11 1600  -24.0  980.4   17.1  255.0   99.0  444.0
2024 163  6 11 1700  -24.4  982.1   14.5  260.0   98.3  444.0
2024 163  6 11 1800  -24.3  983.1   13.3  259.0   99.0  444.0
2024 163  6 11 1900  -24.2  983.1   18.4  266.0   99.0  444.0
2024 163  6 11 2000  -23.8  983.8   18.7  271.0  100.0  444.0
2024 163  6 11 2100  -23.7  984.8   18.8  265.0   99.0  444.0
2024 163  6 11 2200  -24.1  985.8   22.2  268.0   99.3  444.0
2024 163  6 11 2300  -24.1  986.5   22.3  269.0   99.0  444.0
2024 164  6 12 0000  -24.0  987.9   20.9  265.0   99.4  444.0
2024 164  6 12 0100  -23.7  989.2   18.4  271.0   99.0  444.0
2024 164  6 12 0200  -23.7  990.4   16.4  275.0   99.0  444.0
2024 164  6 12 0300  -23.1  991.1   17.2  275.0   99.3  444.0
2024 164  6 12 0400  -21.8  992.5   14.6  272.0   99.0  444.0
2024 164  6 12 0500  -20.6  993.0   14.1  272.0  100.0  444.0
2024 164  6 12 0600  -20.6  994.1    9.5  268.0  100.0  444.0
2024 164  6 12 0700  -21.2  994.7    6.4  265.0  100.0  444.0
2024 164  6 12 0800  -20.2  995.4    3.6  264.0  100.0  444.0
2024 164  6 12 0900  -18.9  996.1    2.0  258.0  100.0  444.0
2024 164  6 12 1000  -17.9  996.1    1.3  246.0   99.6  444.0
2024 164  6 12 1100  -21.7  996.1    1.3  241.0   99.0  444.0
2024 164  6 12 1200  -18.5  995.8    0.5  197.0  100.0  444.0
2024 164  6 12 1300  -18.0  995.5    1.4  162.0  100.0  444.0
2024 164  6 12 1400  -16.5  994.9    1.8  109.0  100.0  444.0
2024 164  6 12 1500  -16.0  994.4    2.4   40.0   99.7  444.0
2024 164  6 12 1600  -16.0  993.9    1.4   37.0  100.0  444.0
2024 164  6 12 1700  -15.6  993.1    2.3   32.0  100.0  444.0
2024 164  6 12 1800  -15.1  992.6    2.4   25.0  100.0  444.0
2024 164  6 12 1900  -15.8  992.0    1.0   23.0  100.0  444.0
2024 164  6 12 2000  -19.4  991.4    1.8  265.0   99.6  444.0
2024 164  6 12 2100  -20.1  990.7    3.8  268.0   99.5  444.0
2024 164  6 12 2200  -20.2  990.0    3.0  265.0  100.0  444.0
2024 164  6 12 2300  -19.8  989.3    4.8  266.0  100.0  444.0
2024 165  6 13 0000  -18.1  988.7    4.7  248.0  100.0  444.0
2024 165  6 13 0100  -17.6  988.3    4.6  212.0   99.9  444.0
2024 165  6 13 0200  -17.5  987.8    4.9  210.0   99.7  444.0
2024 165  6 13 0300  -17.4  987.0    5.7  217.0  100.0  444.0
2024 165  6 13 0400  -17.6  986.4    5.4  233.0  100.0  444.0
2024 165  6 13 0500  -17.2  985.9    6.9  240.0  100.0  444.0
2024 165  6 13 0600  -18.3  985.7    5.7  245.0  100.0  444.0
2024 165  6 13 0700  -18.0  984.9    6.6  240.0  100.0  444.0
2024 165  6 13 0800  -16.6  984.1    9.1  229.0   99.7  444.0
2024 165  6 13 0900  -16.7  983.5    9.8  216.0   99.7  444.0
2024 165  6 13 1000  -16.8  983.5    8.9  230.0  100.0  444.0
2024 165  6 13 1100  -16.7  983.4   10.5  215.0  100.0  444.0
2024 165  6 13 1200  -16.5  982.6    7.6  211.0  100.0  444.0
2024 165  6 13 1300  -17.4  981.9    5.9  237.0  100.0  444.0
2024 165  6 13 1400  -17.3  981.2    6.1  239.0   99.7  444.0
2024 165  6 13 1500  -17.3  979.4    9.8  278.0  100.0  444.0
2024 165  6 13 1600  -18.3  977.8   16.4  273.0  100.0  444.0
2024 165  6 13 1700  -16.9  976.8   16.8  279.0  100.0  444.0
2024 165  6 13 1800  -17.6  976.7   16.8  278.0  100.0  444.0
2024 165  6 13 1900  -17.8  977.0   14.7  272.0  100.0  444.0
2024 165  6 13 2000  -18.6  977.4   13.3  268.0  100.0  444.0
2024 165  6 13 2100  -20.1  978.0    9.8  273.0  100.0  444.0
2024 165  6 13 2200  -20.2  977.0   16.7  273.0  100.0  444.0
2024 165  6 13 2300  -21.1  976.7   15.8  270.0   99.5  444.0
2024 166  6 14 0000  -21.1  976.4   15.2  275.0  100.0  444.0
2024 166  6 14 0100  -20.8  976.5   15.1  278.0  100.0  444.0
2024 166  6 14 0200  -21.1  975.7   15.8  277.0  100.0  444.0
2024 166  6 14 0300  -21.5  974.8   20.0  272.0  100.0  444.0
2024 166  6 14 0400  -22.1  974.3   22.6  266.0   99.4  444.0
2024 166  6 14 0500  -22.4  973.1   21.0  270.0   99.0  444.0
2024 166  6 14 0600  -22.4  973.1   23.0  270.0   99.0  444.0
2024 166  6 14 0700  -23.1  972.6   23.0  265.0   99.3  444.0
2024 166  6 14 0800  -23.6  971.8   24.4  262.0   99.0  444.0
2024 166  6 14 0900  -24.0  972.1   24.6  262.0   99.0  444.0
2024 166  6 14 1000  -24.4  971.6   23.3  264.0   99.0  444.0
2024 166  6 14 1100  -25.3  971.0   25.2  265.0   97.0  444.0
2024 166  6 14 1200  -26.1  970.5   27.0  259.0   95.0  444.0
2024 166  6 14 1300  -26.6  970.5   29.2  259.0   94.0  444.0
2024 166  6 14 1400  -26.7  970.2   29.5  266.0   94.0  444.0
2024 166  6 14 1500  -26.1  968.5   25.7  261.0   95.4  444.0
2024 166  6 14 1600  -25.1  967.7   28.8  263.0   98.0  444.0
2024 166  6 14 1700  -24.5  967.6   27.6  269.0   99.0  444.0
2024 166  6 14 1800  -24.5  966.8   25.5  263.0   99.0  444.0
2024 166  6 14 1900  -24.8  966.0   29.4  263.0   98.0  444.0
2024 166  6 14 2000  -25.0  966.1   27.5  260.0   98.0  444.0
2024 166  6 14 2100  -25.3  965.8   28.4  258.0   97.0  444.0
2024 166  6 14 2200  -25.9  968.1   23.9  259.0   96.0  444.0
2024 166  6 14 2300  -26.4  969.7   23.0  260.0   94.0  444.0
2024 167  6 15 0000  -27.4  969.0   26.4  261.0   92.0  444.0
2024 167  6 15 0100  -28.0  968.9   29.2  261.0   90.6  444.0
2024 167  6 15 0200  -28.8  968.4   30.2  262.0   89.0  444.0
2024 167  6 15 0300  -29.2  969.6   29.2  262.0   88.0  444.0
2024 167  6 15 0400  -29.8  969.9   30.1  260.0   87.0  444.0
2024 167  6 15 0500  -30.6  969.0   33.6  262.0   85.2  444.0
2024 167  6 15 0600  -31.1  969.1   33.5  263.0   84.0  444.0
2024 167  6 15 0700  -31.5  969.3   34.8  264.0   84.0  444.0
2024 167  6 15 0800  -31.3  969.5   32.0  264.0   84.0  444.0
2024 167  6 15 0900  -31.2  969.5   33.9  266.0   84.0  444.0
2024 167  6 15 1000  -30.8  969.8   31.8  270.0   85.0  444.0
2024 167  6 15 1100  -30.5  969.5   35.1  269.0   85.0  444.0
2024 167  6 15 1200  -30.2  969.6   37.3  270.0   86.0  444.0
2024 167  6 15 1300  -29.9  969.7   33.7  272.0   86.0  444.0
2024 167  6 15 1400  -30.5  972.8   15.3  280.0   86.0  444.0
2024 167  6 15 1500  -30.5  971.1   17.0  277.0   85.0  444.0
2024 167  6 15 1600  -30.2  969.9   21.5  280.0   86.0  444.0
2024 167  6 15 1700  -30.0  969.9   19.0  274.0   86.0  444.0
2024 167  6 15 1800  -29.6  969.3   18.1  280.0   86.0  444.0
2024 167  6 15 1900  -28.9  969.6   17.5  275.0   89.0  444.0
2024 167  6 15 2000  -28.9  968.6   19.4  272.0   89.0  444.0
2024 167  6 15 2100  -28.5  967.6   22.2  274.0   90.0  444.0
2024 167  6 15 2200  -27.5  967.9   25.3  270.0   91.0  444.0
2024 167  6 15 2300  -28.1  968.8   18.5  271.0   91.0  444.0
2024 168  6 16 0000  -27.3  969.1   17.9  270.0   91.0  444.0
2024 168  6 16 0100  -27.6  967.1   19.9  274.0   91.0  444.0
2024 168  6 16 0200  -27.3  967.3   24.4  276.0   92.0  444.0
2024 168  6 16 0300  -27.4  967.5   22.5  273.0   91.0  444.0
2024 168  6 16 0400  -27.0  966.1   27.8  275.0   93.0  444.0
2024 168  6 16 0500  -27.1  966.3   28.8  274.0   92.0  444.0
2024 168  6 16 0600  -27.6  965.2   31.1  272.0   91.1  444.0
2024 168  6 16 0700  -28.8  964.7   31.6  267.0   89.0  444.0
2024 168  6 16 0800  -29.8  964.0   35.2  268.0   87.0  444.0
2024 168  6 16 0900  -30.5  964.3   34.7  264.0   85.0  444.0
2024 168  6 16 1000  -29.9  963.5   33.1  266.0   81.0  444.0
2024 168  6 16 1100  -30.9  963.8   33.8  264.0   80.5  444.0
2024 168  6 16 1200  -30.8  964.9   34.2  263.0   81.0  444.0
2024 168  6 16 1300  -29.9  965.7   31.4  267.0   82.0  444.0
2024 168  6 16 1400  -30.0  966.1   31.6  272.0   82.0  444.0
2024 168  6 16 1500  -29.8  965.8   32.7  271.0   82.0  444.0
2024 168  6 16 1600  -29.4  965.7   33.9  271.0   83.0  444.0
2024 168  6 16 1700  -29.7  967.4   31.2  269.0   82.0  444.0
2024 168  6 16 1800  -29.2  968.6   31.3  270.0   83.0  444.0
2024 168  6 16 1900  -29.2  968.8   31.2  272.0   83.0  444.0
2024 168  6 16 2000  -28.9  969.5   33.2  271.0   84.0  444.0
2024 168  6 16 2100  -28.7  971.1   33.9  271.0   83.8  444.0
2024 168  6 16 2200  -28.2  971.7   27.2  272.0   85.0  444.0
2024 168  6 16 2300  -29.1  972.6   21.8  275.0   83.0  444.0
2024 169  6 17 0000  -28.5  972.6   22.6  281.0   84.0  444.0
2024 169  6 17 0100  -27.5  974.1   20.8  277.0   87.0  444.0
2024 169  6 17 0200  -26.9  975.2   18.3  272.0   86.4  444.0
2024 169  6 17 0300  -25.2  975.6   20.5  270.0   91.0  444.0
2024 169  6 17 0400  -26.0  978.3   16.2  277.0   89.0  444.0
2024 169  6 17 0500  -24.2  977.8   20.3  273.0   92.0  444.0
2024 169  6 17 0600  -23.5  978.5   16.4  272.0   94.0  444.0
2024 169  6 17 0700  -24.2  979.2   17.0  271.0   92.0  444.0
2024 169  6 17 0800  -23.9  980.0   14.0  266.0   93.0  444.0
2024 169  6 17 0900  -24.4  981.0   14.1  276.0   92.0  444.0
2024 169  6 17 1000  -23.4  981.9   12.8  270.0   95.0  444.0
2024 169  6 17 1100  -23.4  983.1   10.3  258.0   94.1  444.0
2024 169  6 17 1200  -23.8  983.5   11.4  254.0   93.0  444.0
2024 169  6 17 1300  -24.1  984.3   11.5  259.0   93.0  444.0
2024 169  6 17 1400  -24.2  984.2   12.6  268.0   93.0  444.0
2024 169  6 17 1500  -24.0  984.3   13.5  261.0   93.0  444.0
2024 169  6 17 1600  -24.5  983.8   16.2  261.0   92.1  444.0
2024 169  6 17 1700  -25.0  984.3   17.8  261.0   91.0  444.0
2024 169  6 17 1800  -25.1  985.1   15.0  260.0   91.0  444.0
2024 169  6 17 1900  -25.7  985.2   14.3  259.0   90.0  444.0
2024 169  6 17 2000  -26.1  984.4   17.1  264.0   89.0  444.0
2024 169  6 17 2100  -26.2  984.5   17.3  267.0   89.0  444.0
2024 169  6 17 2200  -27.0  982.6   21.4  265.0   87.0  444.0
2024 169  6 17 2300  -27.6  982.4   21.9  264.0   86.0  444.0
2024 170  6 18 0000  -28.3  981.0   23.7  263.0   85.0  444.0
2024 170  6 18 0100  -28.3  980.4   24.0  260.0   85.0  444.0
2024 170  6 18 0200  -28.4  981.1   22.4  261.0   84.9  444.0
2024 170  6 18 0300  -28.2  980.3   24.7  258.0   85.0  444.0
2024 170  6 18 0400  -28.7  979.5   25.4  260.0   84.0  444.0
2024 170  6 18 0500  -29.4  978.5   30.4  267.0   83.0  444.0
2024 170  6 18 0600  -29.7  978.2   29.2  265.0   82.0  444.0
2024 170  6 18 0700  -29.8  979.5   25.3  266.0   82.5  444.0
2024 170  6 18 0800  -29.4  980.6   26.4  267.0   83.0  444.0
2024 170  6 18 0900  -29.4  981.8   21.3  266.0   83.0  444.0
2024 170  6 18 1000  -30.0  981.5   26.2  266.0   82.0  444.0
2024 170  6 18 1100  -30.4  981.4   28.0  267.0   81.0  444.0
2024 170  6 18 1200  -31.0  981.5   26.4  263.0   80.4  444.0
2024 170  6 18 1300  -31.7  980.7   29.5  265.0   80.0  444.0
2024 170  6 18 1400  -30.9  981.2   32.8  264.0   81.0  444.0
2024 170  6 18 1500  -31.5  981.4   29.8  263.0   80.0  444.0
2024 170  6 18 1600  -31.1  979.2   33.1  263.0   80.0  444.0
2024 170  6 18 1700  -30.5  979.0   35.7  261.0   81.2  444.0
2024 170  6 18 1800  -30.4  980.7   34.5  261.0   81.0  444.0
2024 170  6 18 1900  -31.2  979.7   34.3  264.0   80.0  444.0
2024 170  6 18 2000  -30.9  982.5   32.7  265.0   81.0  444.0
2024 170  6 18 2100  -31.0  983.1   28.8  262.0   80.0  444.0
2024 170  6 18 2200  -30.8  981.7   31.9  259.0   80.6  444.0
2024 170  6 18 2300  -30.8  980.2   34.3  259.0   81.0  444.0
2024 171  6 19 0000  -31.2  979.8   34.9  257.0   80.0  444.0
2024 171  6 19 0100  -31.4  981.4   30.1  259.0   80.0  444.0
2024 171  6 19 0200  -31.1  978.8   33.9  260.0   80.0  444.0
2024 171  6 19 0300  -31.0  980.2   37.6  259.0   80.4  444.0
2024 171  6 19 0400  -31.3  977.1   40.0  255.0   80.0  444.0
2024 171  6 19 0500  -31.6  979.4   36.0  258.0   80.0  444.0
2024 171  6 19 0600  -30.8  979.8   32.8  259.0   81.0  444.0
2024 171  6 19 0700  -30.3  978.8   31.9  262.0   82.0  444.0
2024 171  6 19 0800  -29.9  979.8   29.0  259.0   82.0  444.0
2024 171  6 19 0900  -29.3  979.7   27.3  262.0   83.0  444.0
2024 171  6 19 1000  -29.1  978.4   24.2  262.0   83.0  444.0
2024 171  6 19 1100  -28.8  978.1   24.4  261.0   84.0  444.0
2024 171  6 19 1200  -28.8  976.2   26.3  266.0   84.0  444.0
2024 171  6 19 1300  -30.0  972.6   28.7  265.0   82.0  444.0
2024 171  6 19 1400  -29.4  972.4   29.2  267.0   83.0  444.0
2024 171  6 19 1500  -29.3  972.9   23.7  264.0   83.0  444.0
2024 171  6 19 1600  -28.2  971.3   28.8  265.0   85.0  444.0
2024 171  6 19 1700  -27.9  969.9   27.6  264.0   86.0  444.0
2024 171  6 19 1800  -28.2  968.7   28.3  261.0   85.0  444.0
2024 171  6 19 1900  -28.4  967.1   28.5  264.0   85.0  444.0
2024 171  6 19 2000  -28.5  966.2   28.1  261.0   85.0  444.0
2024 171  6 19 2100  -28.6  965.1   35.0  265.0   85.0  444.0
2024 171  6 19 2200  -28.2  964.1   30.3  269.0   85.0  444.0
2024 171  6 19 2300  -28.0  961.4   26.4  268.0   86.0  444.0
2024 172  6 20 0000  -27.7  959.9   31.8  272.0   87.0  444.0
2024 172  6 20 0100  -27.0  959.7   28.5  273.0   88.0  444.0
2024 172  6 20 0200  -25.9  958.2   27.9  279.0   90.0  444.0
2024 172  6 20 0300  -24.6  958.3   26.5  274.0   93.0  444.0
2024 172  6 20 0400  -24.2  957.2   20.5  268.0   93.0  444.0
2024 172  6 20 0500  -24.4  958.1   24.1  250.0   93.3  444.0
2024 172  6 20 0600  -25.2  956.3   25.0  264.0   91.0  444.0
2024 172  6 20 0700  -26.6  954.4   34.0  273.0   89.0  444.0
2024 172  6 20 0800  -26.8  955.8   30.2  263.0   89.0  444.0
2024 172  6 20 0900  -26.7  955.4   28.4  262.0   89.0  444.0
2024 172  6 20 1000  -26.4  954.7   27.2  260.0   89.7  444.0
2024 172  6 20 1100  -26.0  954.5   28.5  263.0   91.0  444.0
2024 172  6 20 1200  -25.9  954.9   27.9  264.0   91.0  444.0
2024 172  6 20 1300  -25.4  955.1   27.4  267.0   92.0  444.0
2024 172  6 20 1400  -25.3  954.3   27.3  267.0   92.0  444.0
2024 172  6 20 1500  -25.0  953.6   28.6  273.0   93.0  444.0
2024 172  6 20 1600  -24.2  953.2   30.5  272.0   95.0  444.0
2024 172  6 20 1700  -22.6  953.4   29.1  272.0   99.0  444.0
2024 172  6 20 1800  -26.5  957.5   12.4  286.0   89.1  444.0
2024 172  6 20 1900  -25.1  956.8   13.2  276.0   92.0  444.0
2024 172  6 20 2000  -24.4  957.6   11.1  279.0   93.0  444.0
2024 172  6 20 2100  -23.6  957.9   12.6  285.0   95.0  444.0
2024 172  6 20 2200  -21.5  957.1   22.5  272.0   99.0  444.0
2024 172  6 20 2300  -21.6  957.9   22.6  270.0   99.0  444.0
2024 173  6 21 0000  -22.6  958.8   20.5  268.0   98.0  444.0
2024 173  6 21 0100  -23.6  960.7   18.3  264.0   96.0  444.0
2024 173  6 21 0200  -24.5  960.4   20.7  262.0   94.0  444.0
2024 173  6 21 0300  -25.8  962.3   19.6  265.0   91.0  444.0
2024 173  6 21 0400  -26.1  963.2   18.9  266.0   90.0  444.0
2024 173  6 21 0500  -26.1  965.4   16.3  264.0   91.0  444.0
2024 173  6 21 0600  -26.2  967.6   11.7  262.0   90.0  444.0
2024 173  6 21 0700  -26.7  968.2   13.0  260.0   89.0  444.0
2024 173  6 21 0800  -26.6  970.1   10.2  259.0   89.0  444.0
2024 173  6 21 0900  -26.0  971.6   10.4  267.0   91.0  444.0
2024 173  6 21 1000  -25.5  973.2    9.1  264.0   92.0  444.0
2024 173  6 21 1100  -25.4  974.8    9.3  276.0   92.0  444.0
2024 173  6 21 1200  -25.1  975.6    9.8  276.0   92.0  444.0
2024 173  6 21 1300  -24.9  976.6    8.3  275.0   93.0  444.0
2024 173  6 21 1400  -26.4  977.3    9.9  280.0   90.0  444.0
2024 173  6 21 1500  -26.1  977.6   10.1  277.0   90.0  444.0
2024 173  6 21 1600  -27.4  978.2   10.7  277.0   87.0  444.0
2024 173  6 21 1700  -27.1  977.9   12.4  278.0   88.0  444.0
2024 173  6 21 1800  -28.0  977.2   13.7  274.0   86.5  444.0
2024 173  6 21 1900  -28.1  977.3   12.5  279.0   86.0  444.0
2024 173  6 21 2000  -28.0  977.0   12.5  278.0   86.0  444.0
2024 173  6 21 2100  -29.2  977.2   10.8  278.0   84.0  444.0
2024 173  6 21 2200  -28.2  976.5   13.6  283.0   86.0  444.0
2024 173  6 21 2300  -27.9  977.1   11.7  278.0   86.8  444.0
2024 174  6 22 0000  -27.0  976.5   10.2  280.0   89.0  444.0
2024 174  6 22 0100  -25.2  974.8   19.5  270.0   93.0  444.0
2024 174  6 22 0200  -25.0  973.4   24.9  269.0   92.0  444.0
2024 174  6 22 0300  -24.4  972.8   22.1  268.0   94.0  444.0
2024 174  6 22 0400  -24.9  971.7   28.8  263.0   93.0  444.0
2024 174  6 22 0500  -23.5  971.8   22.6  275.0   96.0  444.0
2024 174  6 22 0600  -22.4  969.9   27.8  260.0   99.0  444.0
2024 174  6 22 0700  -22.1  968.9   28.7  257.0   99.0  444.0
2024 174  6 22 0800  -22.2  971.2   21.3  260.0   99.0  444.0
2024 174  6 22 0900  -21.7  971.9   16.9  264.0   99.0  444.0
2024 174  6 22 1000  -22.8  970.6   23.9  265.0   97.5  444.0
2024 174  6 22 1100  -25.6  970.9   26.8  259.0   91.0  444.0
2024 174  6 22 1200  -26.3  970.7   23.9  255.0   90.0  444.0
2024 174  6 22 1300  -27.1  972.7   19.3  256.0   88.0  444.0
2024 174  6 22 1400  -27.5  973.1   19.9  259.0   87.0  444.0
2024 174  6 22 1500  -27.8  973.3   19.4  258.0   86.9  444.0
2024 174  6 22 1600  -27.9  974.0   20.3  260.0   86.0  444.0
2024 174  6 22 1700  -28.1  974.4   21.6  256.0   86.0  444.0
2024 174  6 22 1800  -28.8  973.8   21.8  257.0   85.0  444.0
2024 174  6 22 1900  -29.7  974.5   23.8  258.0   83.0  444.0
2024 174  6 22 2000  -30.2  975.7   23.8  257.0   81.8  444.0
2024 174  6 22 2100  -31.2  976.5   23.7  257.0   80.3  444.0
2024 174  6 22 2200  -31.4  975.9   24.3  256.0   80.0  444.0
2024 174  6 22 2300  -32.0  976.7   23.9  254.0   79.0  444.0
2024 175  6 23 0000  -32.2  976.5   27.2  254.0   79.2  444.0
2024 175  6 23 0100  -32.2  978.2   17.0  251.0   79.2  444.0
2024 175  6 23 0200  -32.7  977.3   24.2  256.0   79.0  444.0
2024 175  6 23 0300  -32.2  977.7   19.9  256.0   79.0  444.0
2024 175  6 23 0400  -32.5  978.3   18.2  254.0   79.0  444.0
2024 175  6 23 0500  -32.6  978.3   23.0  255.0   78.0  444.0
2024 175  6 23 0600  -32.9  976.1   25.0  259.0   78.0  444.0
2024 175  6 23 0700  -33.0  976.6   21.8  255.0   78.0  444.0
2024 175  6 23 0800  -33.1  976.7   20.0  263.0   78.0  444.0
2024 175  6 23 0900  -33.7  974.4   24.4  258.0   76.8  444.0
2024 175  6 23 1000  -33.8  975.1   23.0  259.0   77.0  444.0
2024 175  6 23 1100  -33.9  973.7   22.6  261.0   77.0  444.0
2024 175  6 23 1200  -34.1  974.0   24.2  260.0   76.0  444.0
2024 175  6 23 1300  -33.8  972.9   23.7  261.0   77.0  444.0
2024 175  6 23 1400  -33.5  971.8   23.9  258.0   77.0  444.0
2024 175  6 23 1500  -33.7  971.3   24.2  258.0   77.0  444.0
2024 175  6 23 1600  -33.6  970.4   26.4  263.0   77.0  444.0
2024 175  6 23 1700  -33.7  970.5   24.0  264.0   77.0  444.0
2024 175  6 23 1800  -33.7  970.9   22.3  266.0   77.0  444.0
2024 175  6 23 1900  -34.2  970.3   24.4  265.0   76.0  444.0
2024 175  6 23 2000  -34.4  970.7   22.5  264.0   76.0  444.0
2024 175  6 23 2100  -34.4  970.6   22.7  260.0   76.0  444.0
2024 175  6 23 2200  -34.7  970.2   24.9  262.0   75.4  444.0
2024 175  6 23 2300  -34.2  970.8   23.9  264.0   76.0  444.0
2024 176  6 24 0000  -34.1  970.9   20.9  264.0   76.0  444.0
2024 176  6 24 0100  -33.6  970.1   21.7  263.0   77.0  444.0
2024 176  6 24 0200  -33.4  971.3   20.4  272.0   77.0  444.0
2024 176  6 24 0300  -33.8  971.1   20.8  276.0   76.0  444.0
2024 176  6 24 0400  -33.5  969.6   22.9  274.0   76.8  444.0
2024 176  6 24 0500  -33.5  970.3   23.4  272.0   76.8  444.0
2024 176  6 24 0600  -33.5  971.0   23.1  270.0   77.0  444.0
2024 176  6 24 0700  -33.1  970.5   20.9  268.0   77.0  444.0
2024 176  6 24 0800  -33.0  969.9   20.9  268.0   77.0  444.0
2024 176  6 24 0900  -33.4  968.6   25.6  272.0   77.0  444.0
2024 176  6 24 1000  -33.5  968.6   19.6  272.0   77.0  444.0
2024 176  6 24 1100  -33.7  968.3   27.1  272.0   76.0  444.0
2024 176  6 24 1200  -33.9  968.0   23.9  270.0   76.0  444.0
2024 176  6 24 1300  -33.8  968.5   18.7  271.0   76.0  444.0
2024 176  6 24 1400  -34.5  968.4   14.5  271.0   75.0  444.0
2024 176  6 24 1500  -33.8  968.1   15.6  275.0   76.0  444.0
2024 176  6 24 1600  -32.8  967.6   15.3  276.0   78.0  444.0
2024 176  6 24 1700  -32.2  966.9   15.0  279.0   78.0  444.0
2024 176  6 24 1800  -32.0  966.5   14.9  282.0   79.0  444.0
2024 176  6 24 1900  -31.4  965.7   14.5  277.0   79.0  444.0
2024 176  6 24 2000  -30.3  965.0   15.2  279.0   81.0  444.0
2024 176  6 24 2100  -29.1  964.6   14.4  279.0   83.0  444.0
2024 176  6 24 2200  -29.0  963.7   16.0  279.0   83.0  444.0
2024 176  6 24 2300  -27.6  963.3   16.8  279.0   87.0  444.0
2024 177  6 25 0000  -27.3  962.1   17.0  278.0   87.0  444.0
2024 177  6 25 0100  -26.9  962.5   17.0  277.0   88.0  444.0
2024 177  6 25 0200  -26.1  960.3   21.8  278.0   90.0  444.0
2024 177  6 25 0300  -25.2  960.2   22.5  273.0   90.9  444.0
2024 177  6 25 0400  -24.9  959.6   20.8  276.0   91.7  444.0
2024 177  6 25 0500  -23.9  959.6   22.8  268.0   94.0  444.0
2024 177  6 25 0600  -25.5  959.6   25.6  269.0   91.0  444.0
2024 177  6 25 0700  -25.1  961.6   20.8  260.0   92.0  444.0
2024 177  6 25 0800  -24.7  962.4   21.6  261.0   92.0  444.0
2024 177  6 25 0900  -24.8  961.9   25.2  276.0   92.0  444.0
2024 177  6 25 1000  -24.0  963.2   26.3  272.0   94.0  444.0
2024 177  6 25 1100  -23.9  963.7   26.8  272.0   94.6  444.0
2024 177  6 25 1200  -23.9  962.4   27.5  270.0   94.0  444.0
2024 177  6 25 1300  -24.2  961.9   29.0  266.0   94.0  444.0
2024 177  6 25 1400  -24.2  963.1   28.5  269.0   93.0  444.0
2024 177  6 25 1500  -25.9  964.8   30.6  260.0   90.0  444.0
2024 177  6 25 1600  -27.0  963.9   34.5  260.0   87.0  444.0
2024 177  6 25 1700  -28.4  968.6   32.1  258.0   85.0  444.0
2024 177  6 25 1800  -28.8  970.2   30.6  261.0   84.0  444.0
2024 177  6 25 1900  -29.2  970.4   31.3  260.0   83.0  444.0
2024 177  6 25 2000  -29.3  970.9   31.1  260.0   83.0  444.0
2024 177  6 25 2100  -29.2  973.0   34.4  260.0   83.0  444.0
2024 177  6 25 2200  -28.9  975.4   30.2  258.0   84.0  444.0
2024 177  6 25 2300  -28.3  973.8   35.9  258.0   85.0  444.0
2024 178  6 26 0000  -28.0  974.7   32.5  259.0   85.0  444.0
2024 178  6 26 0100  -28.1  974.1   37.8  260.0   85.3  444.0
2024 178  6 26 0200  -28.4  444.0   34.0  260.0   85.0  444.0
2024 178  6 26 0300  -28.2  973.2   31.8  262.0   85.0  444.0
2024 178  6 26 0400  -28.2  978.0   31.6  262.0   85.0  444.0
2024 178  6 26 0500  -27.8  976.4   28.1  264.0   86.0  444.0
2024 178  6 26 0600  -27.5  979.5   27.5  260.0   87.0  444.0
2024 178  6 26 0700  -27.6  979.3   27.6  260.0   86.0  444.0
2024 178  6 26 0800  -27.3  979.2   26.4  261.0   87.0  444.0
2024 178  6 26 0900  -27.9  979.4   23.4  262.0   86.0  444.0
2024 178  6 26 1000  -27.3  979.0   25.8  263.0   87.0  444.0
2024 178  6 26 1100  -25.3  444.0   29.5  266.0   91.0  444.0
2024 178  6 26 1200  -25.2  979.3   17.6  267.0   91.7  444.0
2024 178  6 26 1300  -25.3  977.2   22.3  268.0   91.0  444.0
2024 178  6 26 1400  -26.0  975.9   21.1  260.0   89.0  444.0
2024 178  6 26 1500  -26.4  976.5   21.0  262.0   89.0  444.0
2024 178  6 26 1600  -26.1  974.7   28.6  265.0   89.0  444.0
2024 178  6 26 1700  -26.4  973.1   27.1  258.0   89.0  444.0
2024 178  6 26 1800  -27.5  974.7   28.5  256.0   86.0  444.0
2024 178  6 26 1900  -27.8  975.7   29.1  254.0   86.0  444.0
2024 178  6 26 2000  -27.9  977.6   17.3  252.0   86.0  444.0
2024 178  6 26 2100  -28.1  977.3   14.8  246.0   86.0  444.0
2024 178  6 26 2200  -28.6  977.8   14.5  252.0   84.3  444.0
2024 178  6 26 2300  -29.0  976.5   17.7  256.0   84.0  444.0
2024 179  6 27 0000  -29.4  976.0   17.5  255.0   82.0  444.0
2024 179  6 27 0100  -29.9  975.2   17.5  256.0   82.0  444.0
2024 179  6 27 0200  -30.2  974.4   17.2  256.0   82.0  444.0
2024 179  6 27 0300  -30.5  972.8   18.8  258.0   80.8  444.0
2024 179  6 27 0400  -30.6  971.2   23.4  254.0   81.0  444.0
2024 179  6 27 0500  -30.8  968.4   29.0  255.0   81.0  444.0
2024 179  6 27 0600  -30.6  967.0   27.6  258.0   81.0  444.0
2024 179  6 27 0700  -31.2  963.4   31.8  260.0   80.0  444.0
2024 179  6 27 0800  -31.4  963.1   28.5  259.0   80.0  444.0
2024 179  6 27 0900  -31.2  961.5   30.4  259.0   80.0  444.0
2024 179  6 27 1000  -31.0  960.8   33.1  260.0   80.4  444.0
2024 179  6 27 1100  -30.5  959.0   32.2  260.0   81.0  444.0
2024 179  6 27 1200  -29.4  959.2   28.3  271.0   83.0  444.0
2024 179  6 27 1300  -29.1  958.4   30.9  264.0   84.0  444.0
2024 179  6 27 1400  -28.8  958.8   29.7  262.0   84.1  444.0
2024 179  6 27 1500  -27.8  958.9   30.6  261.0   85.7  444.0
2024 179  6 27 1600  -27.9  957.2   29.4  265.0   86.0  444.0
2024 179  6 27 1700  -27.7  958.1   31.6  262.0   86.0  444.0
2024 179  6 27 1800  -27.8  956.7   36.0  262.0   86.0  444.0
2024 179  6 27 1900  -28.2  954.1   39.0  259.0   84.8  444.0
2024 179  6 27 2000  -28.8  954.5   40.2  259.0   83.9  444.0
2024 179  6 27 2100  -28.6  953.9   37.7  259.0   84.0  444.0
2024 179  6 27 2200  -29.5  957.8   38.5  264.0   83.0  444.0
2024 179  6 27 2300  -30.1  956.8   38.2  260.0   81.0  444.0
2024 180  6 28 0000  -30.4  959.1   38.8  262.0   81.0  444.0
2024 180  6 28 0100  -30.3  959.5   38.0  262.0   81.0  444.0
2024 180  6 28 0200  -30.6  959.8   35.6  262.0   81.0  444.0
2024 180  6 28 0300  -30.6  961.8   36.1  261.0   80.0  444.0
2024 180  6 28 0400  -30.2  960.7   37.9  260.0   81.0  444.0
2024 180  6 28 0500  -29.7  963.5   36.2  260.0   82.1  444.0
2024 180  6 28 0600  -29.2  964.3   31.8  262.0   83.0  444.0
2024 180  6 28 0700  -28.8  963.6   35.3  263.0   84.0  444.0
2024 180  6 28 0800  -28.3  964.5   35.0  266.0   85.0  444.0
2024 180  6 28 0900  -27.5  964.1   34.3  265.0   87.0  444.0
2024 180  6 28 1000  -26.1  963.4   34.6  261.0   89.0  444.0
2024 180  6 28 1100  -26.0  964.5   32.0  262.0   89.0  444.0
2024 180  6 28 1200  -26.2  967.6   27.6  257.0   89.0  444.0
2024 180  6 28 1300  -26.3  969.5   25.5  255.0   89.0  444.0
2024 180  6 28 1400  -25.9  970.9   21.8  257.0   90.0  444.0
2024 180  6 28 1500  -25.9  973.2   16.9  253.0   90.0  444.0
2024 180  6 28 1600  -25.6  974.4   15.6  247.0   90.0  444.0
2024 180  6 28 1700  -24.8  975.7   12.4  249.0   92.0  444.0
2024 180  6 28 1800  -25.7  977.0    9.8  244.0   90.0  444.0
2024 180  6 28 1900  -25.8  978.4    7.4  260.0   90.0  444.0
2024 180  6 28 2000  -24.9  979.7    8.9  264.0   92.0  444.0
2024 180  6 28 2100  -24.7  981.1    7.6  265.0   93.0  444.0
2024 180  6 28 2200  -24.4  982.1    8.3  270.0   93.0  444.0
2024 180  6 28 2300  -24.6  983.2    6.9  265.0   93.0  444.0
2024 181  6 29 0000  -25.0  983.5    7.2  267.0   92.0  444.0
2024 181  6 29 0100  -24.8  983.8    7.9  270.0   92.0  444.0
2024 181  6 29 0200  -24.8  984.3    7.2  272.0   92.0  444.0
2024 181  6 29 0300  -24.3  984.8    6.4  276.0   93.0  444.0
2024 181  6 29 0400  -23.8  984.8    7.5  276.0   95.0  444.0
2024 181  6 29 0500  -24.3  985.1    9.3  275.0   93.0  444.0
2024 181  6 29 0600  -24.4  984.0   14.1  274.0   93.0  444.0
2024 181  6 29 0700  -23.6  984.9   14.7  270.0   95.0  444.0
2024 181  6 29 0800  -23.7  984.3   18.3  272.0   95.0  444.0
2024 181  6 29 0900  -24.4  985.4   14.6  272.0   92.0  444.0
2024 181  6 29 1000  -24.9  985.7   13.5  271.0   92.0  444.0
2024 181  6 29 1100  -25.1  985.3   18.4  275.0   91.0  444.0
2024 181  6 29 1200  -25.1  985.9   20.5  275.0   92.0  444.0
2024 181  6 29 1300  -25.0  986.1   22.4  274.0   92.0  444.0
2024 181  6 29 1400  -24.2  986.1   22.9  274.0   93.0  444.0
2024 181  6 29 1500  -25.0  987.3   17.6  274.0   93.0  444.0
2024 181  6 29 1600  -24.4  988.1   19.9  271.0   93.0  444.0
2024 181  6 29 1700  -25.0  988.3   17.8  275.0   92.0  444.0
2024 181  6 29 1800  -25.4  989.3   15.4  273.0   91.0  444.0
2024 181  6 29 1900  -25.5  990.5   12.2  281.0   91.0  444.0
2024 181  6 29 2000  -26.0  991.0   11.8  273.0   89.0  444.0
2024 181  6 29 2100  -24.4  991.2   11.4  276.0   95.0  444.0
2024 181  6 29 2200  -23.2  991.1   17.1  272.0   96.0  444.0
2024 181  6 29 2300  -22.6  991.4   17.1  271.0   97.0  444.0
2024 182  6 30 0000  -22.2  991.6   16.9  274.0   99.0  444.0
2024 182  6 30 0100  -23.6  991.8   17.6  278.0   96.0  444.0
2024 182  6 30 0200  -22.5  990.7   17.6  276.0   98.6  444.0
2024 182  6 30 0300  -21.4  991.2   17.0  277.0   99.0  444.0
2024 182  6 30 0400  -22.9  991.6   18.5  279.0   97.0  444.0
2024 182  6 30 0500  -21.2  991.9   17.1  280.0   99.0  444.0
2024 182  6 30 0600  -22.1  991.7   17.7  278.0   99.0  444.0
2024 182  6 30 0700  -20.2  991.7   14.8  276.0  100.0  444.0
2024 182  6 30 0800  -19.4  992.1   14.1  275.0  100.0  444.0
2024 182  6 30 0900  -19.0  992.1   12.1  272.0  100.0  444.0
2024 182  6 30 1000  -18.3  991.6   12.0  276.0  100.0  444.0
2024 182  6 30 1100  -18.0  991.0    9.9  274.0  100.0  444.0
2024 182  6 30 1200  -19.1  990.8   10.2  276.0  100.0  444.0
2024 182  6 30 1300  -18.6  990.7    8.7  278.0  100.0  444.0
2024 182  6 30 1400  -20.1  990.6    6.2  267.0  100.0  444.0
2024 182  6 30 1500  -17.8  989.9    7.3  268.0  100.0  444.0
2024 182  6 30 1600  -20.2  989.6    5.8  264.0  100.0  444.0
2024 182  6 30 1700  -19.2  989.2    5.4  260.0  100.0  444.0
2024 182  6 30 1800  -18.3  989.3    4.7  243.0  100.0  444.0
2024 182  6 30 1900  -19.5  989.6    3.9  204.0   99.6  444.0
2024 182  6 30 2000  -21.5  990.0    3.3  204.0   99.0  444.0
2024 182  6 30 2100  -20.5  989.8    5.4  206.0   99.0  444.0
2024 182  6 30 2200  -23.4  989.6    3.9  264.0   99.0  444.0
2024 182  6 30 2300  -18.7  989.2    3.9  270.0  100.0  444.0
