Year: 2024  Month: 07  ID: MLA  ARGOS:  8905  Name: Manuela             
Lat: 74.95S  Lon: 163.69E  Elev:   78m
2024 183  7  1 0000  -19.7  988.7    4.9  271.0   99.6  444.0
2024 183  7  1 0100  -20.8  987.9    5.7  271.0  100.0  444.0
2024 183  7  1 0200  -23.2  987.1    6.8  267.0   97.0  444.0
2024 183  7  1 0300  -22.0  986.6    8.4  269.0   99.0  444.0
2024 183  7  1 0400  -22.5  986.6   11.0  267.0   99.0  444.0
2024 183  7  1 0500  -22.5  985.5   14.8  271.0   99.0  444.0
2024 183  7  1 0600  -23.1  986.0   15.7  274.0   99.0  444.0
2024 183  7  1 0700  -23.6  985.3   17.8  273.0   96.2  444.0
2024 183  7  1 0800  -23.5  985.4   16.2  260.0   96.0  444.0
2024 183  7  1 0900  -23.6  986.4   13.7  264.0   96.0  444.0
2024 183  7  1 1000  -23.5  985.9   15.5  272.0   97.0  444.0
2024 183  7  1 1100  -23.4  986.4   15.7  278.0   96.0  444.0
2024 183  7  1 1200  -22.9  986.5   17.2  285.0   97.8  444.0
2024 183  7  1 1300  -23.3  986.8   16.5  277.0   97.0  444.0
2024 183  7  1 1400  -23.1  987.2   17.3  288.0   97.0  444.0
2024 183  7  1 1500  -23.0  988.4   15.1  278.0   97.0  444.0
2024 183  7  1 1600  -23.1  987.5   18.4  270.0   97.0  444.0
2024 183  7  1 1700  -23.5  988.0   17.4  280.0   95.8  444.0
2024 183  7  1 1800  -23.4  988.0   18.6  276.0   95.9  444.0
2024 183  7  1 1900  -23.2  988.6   17.3  274.0   97.0  444.0
2024 183  7  1 2000  -23.5  988.2   19.6  274.0   96.0  444.0
2024 183  7  1 2100  -24.4  988.0   18.8  266.0   94.0  444.0
2024 183  7  1 2200  -24.6  988.1   18.6  263.0   93.3  444.0
2024 183  7  1 2300  -25.6  988.2   18.6  267.0   91.5  444.0
2024 184  7  2 0000  -26.1  987.3   23.2  263.0   90.0  444.0
2024 184  7  2 0100  -26.4  987.3   20.5  266.0   90.0  444.0
2024 184  7  2 0200  -26.8  987.5   20.1  267.0   89.0  444.0
2024 184  7  2 0300  -26.9  986.8   21.6  264.0   88.0  444.0
2024 184  7  2 0400  -26.7  986.8   19.5  262.0   88.8  444.0
2024 184  7  2 0500  -26.8  987.6   16.9  264.0   89.0  444.0
2024 184  7  2 0600  -26.4  987.7   19.1  263.0   89.0  444.0
2024 184  7  2 0700  -26.6  987.2   18.8  264.0   89.0  444.0
2024 184  7  2 0800  -26.9  987.2   17.3  262.0   88.0  444.0
2024 184  7  2 0900  -27.4  986.0   18.3  264.0   87.2  444.0
2024 184  7  2 1000  -27.5  986.6   16.3  263.0   87.0  444.0
2024 184  7  2 1100  -27.1  985.9   17.9  260.0   88.0  444.0
2024 184  7  2 1200  -26.6  985.0   17.9  259.0   89.0  444.0
2024 184  7  2 1300  -27.0  984.2   18.9  259.0   88.0  444.0
2024 184  7  2 1400  -27.3  983.0   23.0  257.0   87.3  444.0
2024 184  7  2 1500  -27.4  981.5   23.2  262.0   87.0  444.0
2024 184  7  2 1600  -27.2  981.7   23.3  261.0   87.0  444.0
2024 184  7  2 1700  -27.5  981.2   21.9  260.0   87.0  444.0
2024 184  7  2 1800  -27.9  980.2   23.0  262.0   86.2  444.0
2024 184  7  2 1900  -28.0  979.3   23.4  262.0   86.1  444.0
2024 184  7  2 2000  -27.8  977.9   25.3  261.0   86.0  444.0
2024 184  7  2 2100  -27.2  976.8   27.3  257.0   88.0  444.0
2024 184  7  2 2200  -27.7  976.1   26.4  262.0   86.0  444.0
2024 184  7  2 2300  -27.9  974.9   26.4  259.0   86.0  444.0
2024 185  7  3 0000  -27.9  975.4   28.2  260.0   86.0  444.0
2024 185  7  3 0100  -28.0  974.9   25.9  261.0   86.0  444.0
2024 185  7  3 0200  -28.0  973.5   27.8  262.0   85.8  444.0
2024 185  7  3 0300  -28.2  974.2   28.8  264.0   85.0  444.0
2024 185  7  3 0400  -28.4  973.9   24.7  262.0   85.0  444.0
2024 185  7  3 0500  -28.3  972.3   28.4  262.0   85.0  444.0
2024 185  7  3 0600  -28.2  972.4   26.5  264.0   85.5  444.0
2024 185  7  3 0700  -27.9  972.2   26.5  265.0   85.9  444.0
2024 185  7  3 0800  -27.9  971.1   28.4  266.0   86.0  444.0
2024 185  7  3 0900  -27.9  969.8   29.8  267.0   86.0  444.0
2024 185  7  3 1000  -28.1  969.7   29.5  267.0   86.0  444.0
2024 185  7  3 1100  -28.3  968.8   29.2  263.0   85.0  444.0
2024 185  7  3 1200  -28.1  967.7   29.7  267.0   85.0  444.0
2024 185  7  3 1300  -28.0  967.2   30.3  268.0   86.0  444.0
2024 185  7  3 1400  -28.6  966.6   30.6  272.0   84.5  444.0
2024 185  7  3 1500  -29.0  966.7   30.4  267.0   84.0  444.0
2024 185  7  3 1600  -29.9  966.5   28.0  268.0   82.0  444.0
2024 185  7  3 1700  -30.6  966.5   27.6  264.0   81.0  444.0
2024 185  7  3 1800  -30.8  964.3   30.3  264.0   81.0  444.0
2024 185  7  3 1900  -31.4  963.5   30.5  268.0   80.0  444.0
2024 185  7  3 2000  -31.8  963.8   28.4  264.0   79.0  444.0
2024 185  7  3 2100  -32.2  964.1   30.0  266.0   78.9  444.0
2024 185  7  3 2200  -32.5  961.0   28.6  269.0   79.0  444.0
2024 185  7  3 2300  -32.6  960.5   31.2  267.0   78.0  444.0
2024 186  7  4 0000  -32.9  959.6   33.1  267.0   78.0  444.0
2024 186  7  4 0100  -32.3  960.5   28.3  264.0   79.0  444.0
2024 186  7  4 0200  -31.8  961.1   25.4  263.0   79.0  444.0
2024 186  7  4 0300  -31.2  958.2   29.3  269.0   80.0  444.0
2024 186  7  4 0400  -30.5  957.4   32.1  272.0   81.0  444.0
2024 186  7  4 0500  -31.9  960.7   12.6  275.0   79.0  444.0
2024 186  7  4 0600  -29.8  959.4   12.5  282.0   82.0  444.0
2024 186  7  4 0700  -30.4  957.6   20.0  279.0   81.0  444.0
2024 186  7  4 0800  -31.2  957.5   20.6  278.0   80.0  444.0
2024 186  7  4 0900  -31.1  957.1   21.1  278.0   80.0  444.0
2024 186  7  4 1000  -30.2  957.5   19.6  279.0   82.0  444.0
2024 186  7  4 1100  -30.1  957.7   17.8  278.0   82.0  444.0
2024 186  7  4 1200  -29.5  958.2   16.7  277.0   83.0  444.0
2024 186  7  4 1300  -28.4  957.9   16.4  276.0   84.0  444.0
2024 186  7  4 1400  -27.9  958.4   14.8  277.0   86.0  444.0
2024 186  7  4 1500  -27.9  959.1   13.1  278.0   85.0  444.0
2024 186  7  4 1600  -26.3  959.3   13.1  284.0   89.0  444.0
2024 186  7  4 1700  -25.2  959.9   11.9  280.0   92.0  444.0
2024 186  7  4 1800  -24.8  960.0   11.3  280.0   92.0  444.0
2024 186  7  4 1900  -24.5  960.8   11.5  279.0   93.0  444.0
2024 186  7  4 2000  -24.1  961.8   10.7  275.0   94.0  444.0
2024 186  7  4 2100  -21.4  963.7    6.6  274.0   99.0  444.0
2024 186  7  4 2200  -20.9  963.6   10.5  271.0   99.0  444.0
2024 186  7  4 2300  -21.2  965.0    9.5  272.0  100.0  444.0
2024 187  7  5 0000  -20.1  966.2    6.7  265.0  100.0  444.0
2024 187  7  5 0100  -20.1  967.1    6.1  259.0  100.0  444.0
2024 187  7  5 0200  -20.5  968.1    5.8  268.0  100.0  444.0
2024 187  7  5 0300  -16.7  969.2    7.8  141.0   99.7  444.0
2024 187  7  5 0400  -17.0  970.6    6.5  139.0  100.0  444.0
2024 187  7  5 0500  -17.4  972.3    8.8   51.0  100.0  444.0
2024 187  7  5 0600  -19.1  974.1    3.6   36.0  100.0  444.0
2024 187  7  5 0700  -19.4  975.4    4.0   83.0   99.6  444.0
2024 187  7  5 0800  -21.2  976.7    2.7  177.0   99.0  444.0
2024 187  7  5 0900  -20.2  977.6    0.2   35.0  100.0  444.0
2024 187  7  5 1000  -21.6  978.3    2.2  186.0   99.0  444.0
2024 187  7  5 1100  -20.1  979.2    1.2  186.0  100.0  444.0
2024 187  7  5 1200  -22.7  979.8    5.2  277.0   99.0  444.0
2024 187  7  5 1300  -22.1  980.2    7.0  279.0   99.0  444.0
2024 187  7  5 1400  -22.1  981.0    7.2  272.0   99.0  444.0
2024 187  7  5 1500  -23.6  981.5    6.7  273.0   96.0  444.0
2024 187  7  5 1600  -22.5  981.8    7.1  270.0   99.0  444.0
2024 187  7  5 1700  -23.9  982.5    6.2  265.0   96.0  444.0
2024 187  7  5 1800  -23.2  982.7    7.3  270.0   97.0  444.0
2024 187  7  5 1900  -23.1  982.3    7.7  272.0   97.0  444.0
2024 187  7  5 2000  -22.8  982.6    7.3  274.0   98.0  444.0
2024 187  7  5 2100  -22.5  982.7    7.6  278.0   99.0  444.0
2024 187  7  5 2200  -24.8  982.4    6.0  278.0   93.0  444.0
2024 187  7  5 2300  -24.2  982.5    6.0  276.0   93.8  444.0
2024 188  7  6 0000  -25.4  982.9    7.5  267.0   92.0  444.0
2024 188  7  6 0100  -26.2  983.3    6.6  267.0   90.0  444.0
2024 188  7  6 0200  -27.2  983.6    3.6  255.0   88.0  444.0
2024 188  7  6 0300  -26.9  983.2    8.6  275.0   89.0  444.0
2024 188  7  6 0400  -27.4  983.0    8.8  269.0   87.5  444.0
2024 188  7  6 0500  -28.3  982.6    8.3  274.0   85.2  444.0
2024 188  7  6 0600  -28.6  981.9   11.4  269.0   85.0  444.0
2024 188  7  6 0700  -29.0  980.3   16.9  263.0   84.0  444.0
2024 188  7  6 0800  -28.9  979.7   18.3  265.0   84.0  444.0
2024 188  7  6 0900  -29.1  979.5   17.0  262.0   84.0  444.0
2024 188  7  6 1000  -29.3  979.4   16.0  262.0   83.6  444.0
2024 188  7  6 1100  -29.5  978.9   14.8  264.0   83.0  444.0
2024 188  7  6 1200  -29.8  977.9   20.0  262.0   83.0  444.0
2024 188  7  6 1300  -30.5  978.0   21.4  267.0   81.0  444.0
2024 188  7  6 1400  -31.3  976.7   23.3  265.0   80.0  444.0
2024 188  7  6 1500  -31.9  975.7   24.6  267.0   79.3  444.0
2024 188  7  6 1600  -32.0  975.7   22.6  269.0   79.3  444.0
2024 188  7  6 1700  -32.3  976.3   21.8  268.0   79.0  444.0
2024 188  7  6 1800  -32.8  976.6   20.7  262.0   78.0  444.0
2024 188  7  6 1900  -33.7  977.0   17.9  262.0   77.0  444.0
2024 188  7  6 2000  -34.1  976.8   17.5  261.0   77.0  444.0
2024 188  7  6 2100  -34.3  976.9   17.9  265.0   76.2  444.0
2024 188  7  6 2200  -34.6  976.7   20.8  262.0   76.0  444.0
2024 188  7  6 2300  -34.8  976.4   22.5  262.0   75.0  444.0
2024 189  7  7 0000  -35.0  976.4   23.6  263.0   75.0  444.0
2024 189  7  7 0100  -35.2  975.5   26.3  265.0   75.0  444.0
2024 189  7  7 0200  -34.9  976.1   23.5  267.0   75.0  444.0
2024 189  7  7 0300  -34.9  975.2   24.3  270.0   75.4  444.0
2024 189  7  7 0400  -34.3  975.4   23.9  272.0   76.0  444.0
2024 189  7  7 0500  -33.8  975.1   25.1  273.0   77.0  444.0
2024 189  7  7 0600  -32.7  975.3   24.4  270.0   78.0  444.0
2024 189  7  7 0700  -33.6  976.1   15.0  270.0   77.0  444.0
2024 189  7  7 0800  -32.9  975.2   18.1  271.0   77.8  444.0
2024 189  7  7 0900  -32.2  975.1   19.4  272.0   79.0  444.0
2024 189  7  7 1000  -31.9  975.2   18.5  273.0   79.0  444.0
2024 189  7  7 1100  -31.3  974.3   21.1  272.0   80.0  444.0
2024 189  7  7 1200  -30.4  974.0   20.3  274.0   81.0  444.0
2024 189  7  7 1300  -30.3  974.0   20.9  274.0   81.0  444.0
2024 189  7  7 1400  -29.5  973.1   22.2  275.0   82.6  444.0
2024 189  7  7 1500  -28.9  972.6   22.9  272.0   84.0  444.0
2024 189  7  7 1600  -29.0  972.3   23.0  277.0   83.0  444.0
2024 189  7  7 1700  -29.1  972.6   21.3  274.0   83.0  444.0
2024 189  7  7 1800  -29.2  972.0   20.4  274.0   83.0  444.0
2024 189  7  7 1900  -29.1  970.8   23.8  274.0   83.0  444.0
2024 189  7  7 2000  -29.0  970.8   23.4  275.0   83.0  444.0
2024 189  7  7 2100  -28.9  970.0   27.6  272.0   83.0  444.0
2024 189  7  7 2200  -28.9  969.4   26.7  274.0   84.0  444.0
2024 189  7  7 2300  -29.0  969.3   27.9  273.0   84.0  444.0
2024 190  7  8 0000  -27.6  967.2   33.8  274.0   86.0  444.0
2024 190  7  8 0100  -27.1  968.8   24.2  271.0   87.0  444.0
2024 190  7  8 0200  -30.1  970.7   19.0  274.0   81.0  444.0
2024 190  7  8 0300  -27.7  969.4   22.0  271.0   87.0  444.0
2024 190  7  8 0400  -29.0  969.9   19.6  269.0   83.0  444.0
2024 190  7  8 0500  -28.4  969.4   21.0  270.0   85.0  444.0
2024 190  7  8 0600  -28.0  970.0   21.3  274.0   86.0  444.0
2024 190  7  8 0700  -27.0  969.5   23.4  274.0   87.0  444.0
2024 190  7  8 0800  -25.9  969.5   25.2  270.0   89.0  444.0
2024 190  7  8 0900  -25.1  966.9   32.5  275.0   92.0  444.0
2024 190  7  8 1000  -25.4  967.5   32.8  272.0   91.0  444.0
2024 190  7  8 1100  -25.4  967.2   31.8  270.0   91.0  444.0
2024 190  7  8 1200  -24.6  967.2   31.0  268.0   92.0  444.0
2024 190  7  8 1300  -26.0  967.0   30.8  266.0   89.0  444.0
2024 190  7  8 1400  -25.4  969.3   25.2  268.0   91.0  444.0
2024 190  7  8 1500  -25.1  967.2   24.9  264.0   92.0  444.0
2024 190  7  8 1600  -24.5  969.4   26.2  268.0   93.0  444.0
2024 190  7  8 1700  -24.3  968.8   24.8  270.0   94.0  444.0
2024 190  7  8 1800  -23.1  969.6   24.3  271.0   96.0  444.0
2024 190  7  8 1900  -23.1  969.3   26.1  270.0   96.0  444.0
2024 190  7  8 2000  -22.0  971.6   23.0  274.0   98.4  444.0
2024 190  7  8 2100  -22.1  970.9   21.2  270.0   99.0  444.0
2024 190  7  8 2200  -21.8  972.6   19.7  278.0   99.0  444.0
2024 190  7  8 2300  -21.3  972.0   25.0  270.0   99.4  444.0
2024 191  7  9 0000  -21.2  970.9   25.6  269.0   99.0  444.0
2024 191  7  9 0100  -21.0  972.0   26.2  269.0   99.4  444.0
2024 191  7  9 0200  -21.0  971.8   27.7  269.0   99.0  444.0
2024 191  7  9 0300  -21.1  972.0   26.3  260.0  100.0  444.0
2024 191  7  9 0400  -21.0  971.5   32.6  256.0  100.0  444.0
2024 191  7  9 0500  -21.5  971.3   30.6  258.0   99.4  444.0
2024 191  7  9 0600  -22.5  973.8   31.0  257.0   98.0  444.0
2024 191  7  9 0700  -22.4  973.6   33.0  256.0   98.0  444.0
2024 191  7  9 0800  -22.9  972.9   32.4  254.0   97.0  444.0
2024 191  7  9 0900  -23.6  977.4   27.1  254.0   95.0  444.0
2024 191  7  9 1000  -24.4  979.1   26.9  256.0   93.0  444.0
2024 191  7  9 1100  -25.3  980.5   23.9  247.0   91.0  444.0
2024 191  7  9 1200  -26.6  983.9   17.4  237.0   89.0  444.0
2024 191  7  9 1300  -27.7  444.0   24.5  241.0   87.0  444.0
2024 191  7  9 1400  -28.6  985.5   26.0  245.0   84.0  444.0
2024 191  7  9 1500  -29.7  985.7   23.4  246.0   83.0  444.0
2024 191  7  9 1600  -29.9  986.7   23.9  250.0   82.0  444.0
2024 191  7  9 1700  -30.0  988.3   21.8  254.0   82.0  444.0
2024 191  7  9 1800  -30.0  991.3   18.1  255.0   82.0  444.0
2024 191  7  9 1900  -30.4  991.5   17.4  255.0   81.0  444.0
2024 191  7  9 2000  -30.5  992.4   20.3  258.0   81.0  444.0
2024 191  7  9 2100  -30.7  992.9   21.2  257.0   81.0  444.0
2024 191  7  9 2200  -30.2  993.9   23.1  258.0   82.0  444.0
2024 191  7  9 2300  -30.3  993.8   23.7  258.0   81.2  444.0
2024 192  7 10 0000  -30.2  992.9   26.9  260.0   82.0  444.0
2024 192  7 10 0100  -30.1  994.1   26.9  262.0   82.0  444.0
2024 192  7 10 0200  -30.1  994.6   27.2  262.0   82.0  444.0
2024 192  7 10 0300  -29.9  995.5   26.4  262.0   82.0  444.0
2024 192  7 10 0400  -29.8  996.1   26.2  258.0   82.0  444.0
2024 192  7 10 0500  -29.4  996.9   26.7  258.0   83.0  444.0
2024 192  7 10 0600  -28.8  996.4   24.2  258.0   84.0  444.0
2024 192  7 10 0700  -28.3  997.7   22.5  261.0   85.0  444.0
2024 192  7 10 0800  -28.6  999.1   21.1  256.0   84.0  444.0
2024 192  7 10 0900  -28.8  998.5   22.1  259.0   84.0  444.0
2024 192  7 10 1000  -28.2  999.1   18.4  256.0   85.0  444.0
2024 192  7 10 1100  -27.2  998.5   18.4  252.0   86.0  444.0
2024 192  7 10 1200  -26.7  996.6   17.8  260.0   89.0  444.0
2024 192  7 10 1300  -25.3  995.2   21.6  262.0   91.0  444.0
2024 192  7 10 1400  -23.2  994.8   22.3  262.0   95.0  444.0
2024 192  7 10 1500  -22.2  994.8   18.5  260.0   97.0  444.0
2024 192  7 10 1600  -22.1  994.9   12.6  266.0   97.0  444.0
2024 192  7 10 1700  -24.4  994.4    8.0  267.0   95.0  444.0
2024 192  7 10 1800  -21.3  992.9   11.1  268.0   99.5  444.0
2024 192  7 10 1900  -19.9  992.7   18.2  264.0  100.0  444.0
2024 192  7 10 2000  -19.2  990.7   18.7  277.0  100.0  444.0
2024 192  7 10 2100  -19.8  988.0   26.4  270.0  100.0  444.0
2024 192  7 10 2200  -19.5  991.5   21.3  271.0  100.0  444.0
2024 192  7 10 2300  -18.9  985.8   32.2  257.0   99.7  444.0
2024 193  7 11 0000  -19.0  985.1   33.5  252.0  100.0  444.0
2024 193  7 11 0100  -19.7  982.4   36.8  257.0  100.0  444.0
2024 193  7 11 0200  -19.9  983.2   36.8  260.0  100.0  444.0
2024 193  7 11 0300  -18.5  985.3   36.4  257.0  100.0  444.0
2024 193  7 11 0400  -19.1  983.5   37.1  262.0   99.7  444.0
2024 193  7 11 0500  -18.9  982.4   35.1  260.0  100.0  444.0
2024 193  7 11 0600  -17.9  981.5   36.5  261.0   99.7  444.0
2024 193  7 11 0700  -17.2  983.0   33.1  260.0  100.0  444.0
2024 193  7 11 0800  -17.3  982.5   32.5  256.0  100.0  444.0
2024 193  7 11 0900  -17.7  984.3   29.9  256.0   99.7  444.0
2024 193  7 11 1000  -17.7  981.9   29.8  259.0  100.0  444.0
2024 193  7 11 1100  -18.1  982.4   27.7  262.0   99.7  444.0
2024 193  7 11 1200  -18.6  979.6   30.9  257.0  100.0  444.0
2024 193  7 11 1300  -17.9  978.1   32.7  259.0  100.0  444.0
2024 193  7 11 1400  -18.4  979.8   27.5  262.0   99.7  444.0
2024 193  7 11 1500  -18.1  979.2   26.3  262.0  100.0  444.0
2024 193  7 11 1600  -17.9  979.5   24.8  264.0   99.7  444.0
2024 193  7 11 1700  -17.9  978.2   25.4  261.0  100.0  444.0
2024 193  7 11 1800  -17.9  976.1   28.5  257.0  100.0  444.0
2024 193  7 11 1900  -18.3  976.9   28.9  260.0  100.0  444.0
2024 193  7 11 2000  -18.3  975.5   30.5  261.0   99.7  444.0
2024 193  7 11 2100  -18.4  977.0   30.5  259.0   99.7  444.0
2024 193  7 11 2200  -18.7  975.4   31.6  261.0  100.0  444.0
2024 193  7 11 2300  -18.4  975.2   33.4  263.0  100.0  444.0
2024 194  7 12 0000  -18.6  974.6   33.1  262.0  100.0  444.0
2024 194  7 12 0100  -18.4  973.3   33.6  258.0  100.0  444.0
2024 194  7 12 0200  -19.1  974.2   35.4  259.0  100.0  444.0
2024 194  7 12 0300  -18.5  974.0   36.7  259.0  100.0  444.0
2024 194  7 12 0400  -17.9  974.3   35.1  259.0  100.0  444.0
2024 194  7 12 0500  -17.8  974.6   34.5  264.0   99.7  444.0
2024 194  7 12 0600  -17.5  972.1   37.0  262.0  100.0  444.0
2024 194  7 12 0700  -18.0  973.0   36.6  262.0   99.7  444.0
2024 194  7 12 0800  -18.5  971.8   39.1  266.0  100.0  444.0
2024 194  7 12 0900  -18.3  974.2   38.8  263.0  100.0  444.0
2024 194  7 12 1000  -18.8  978.7   31.2  261.0  100.0  444.0
2024 194  7 12 1100  -18.7  978.6   30.2  266.0  100.0  444.0
2024 194  7 12 1200  -18.9  979.9   28.2  265.0   99.7  444.0
2024 194  7 12 1300  -19.0  978.5   29.9  261.0   99.7  444.0
2024 194  7 12 1400  -18.7  976.1   31.5  256.0  100.0  444.0
2024 194  7 12 1500  -19.2  978.6   27.8  259.0  100.0  444.0
2024 194  7 12 1600  -18.9  976.1   31.9  265.0  100.0  444.0
2024 194  7 12 1700  -18.8  973.9   34.3  259.0   99.7  444.0
2024 194  7 12 1800  -19.5  975.2   37.1  254.0   99.6  444.0
2024 194  7 12 1900  -19.4  976.4   33.2  256.0  100.0  444.0
2024 194  7 12 2000  -20.0  976.5   29.6  256.0  100.0  444.0
2024 194  7 12 2100  -21.8  978.1   24.6  262.0   99.0  444.0
2024 194  7 12 2200  -22.8  975.4   32.5  265.0   96.8  444.0
2024 194  7 12 2300  -22.5  973.0   29.0  259.0   97.0  444.0
2024 195  7 13 0000  -22.2  969.3   35.0  262.0   98.0  444.0
2024 195  7 13 0100  -22.9  969.9   37.4  255.0   96.0  444.0
2024 195  7 13 0200  -23.5  975.1   29.8  255.0   95.0  444.0
2024 195  7 13 0300  -23.8  974.8   25.7  265.0   94.0  444.0
2024 195  7 13 0400  -23.6  973.6   28.6  263.0   95.0  444.0
2024 195  7 13 0500  -23.3  973.0   25.8  264.0   95.4  444.0
2024 195  7 13 0600  -23.0  972.4   29.2  262.0   96.0  444.0
2024 195  7 13 0700  -22.0  971.9   29.7  263.0   98.8  444.0
2024 195  7 13 0800  -21.7  973.0   28.8  263.0   99.0  444.0
2024 195  7 13 0900  -21.5  973.2   27.7  263.0   99.0  444.0
2024 195  7 13 1000  -21.7  971.4   31.6  263.0   99.3  444.0
2024 195  7 13 1100  -21.6  972.7   29.3  264.0   99.0  444.0
2024 195  7 13 1200  -20.8  971.3   28.1  265.0   99.6  444.0
2024 195  7 13 1300  -20.5  972.3   24.5  265.0  100.0  444.0
2024 195  7 13 1400  -19.1  970.9   27.2  270.0  100.0  444.0
2024 195  7 13 1500  -17.8  969.4   24.8  265.0  100.0  444.0
2024 195  7 13 1600  -16.9  967.7   23.0  261.0  100.0  444.0
2024 195  7 13 1700  -16.9  968.0   25.7  248.0   99.7  444.0
2024 195  7 13 1800  -17.3  968.1   22.0  258.0  100.0  444.0
2024 195  7 13 1900  -18.3  968.1   21.8  255.0  100.0  444.0
2024 195  7 13 2000  -19.1  966.2   24.8  261.0  100.0  444.0
2024 195  7 13 2100  -18.4  968.1   22.4  261.0  100.0  444.0
2024 195  7 13 2200  -18.0  969.3   22.4  255.0  100.0  444.0
2024 195  7 13 2300  -17.8  968.5   22.9  256.0  100.0  444.0
2024 196  7 14 0000  -17.8  968.0   25.6  258.0  100.0  444.0
2024 196  7 14 0100  -17.5  967.6   26.5  263.0  100.0  444.0
2024 196  7 14 0200  -17.4  967.1   25.8  262.0  100.0  444.0
2024 196  7 14 0300  -17.1  967.4   27.4  262.0   99.7  444.0
2024 196  7 14 0400  -16.4  966.8   29.0  260.0  100.0  444.0
2024 196  7 14 0500  -16.1  966.9   26.7  258.0   99.7  444.0
2024 196  7 14 0600  -16.8  968.3   25.4  260.0  100.0  444.0
2024 196  7 14 0700  -17.1  965.6   33.0  255.0  100.0  444.0
2024 196  7 14 0800  -16.9  967.1   31.4  263.0  100.0  444.0
2024 196  7 14 0900  -16.1  967.2   33.8  261.0  100.0  444.0
2024 196  7 14 1000  -16.0  966.2   28.5  260.0   99.7  444.0
2024 196  7 14 1100  -15.4  968.5   24.1  261.0  100.0  444.0
2024 196  7 14 1200  -14.7  964.0   31.9  262.0  100.0  444.0
2024 196  7 14 1300  -14.6  967.3   26.0  265.0  100.0  444.0
2024 196  7 14 1400  -14.9  967.3   26.9  261.0  100.0  444.0
2024 196  7 14 1500  -14.4  966.8   23.8  260.0   99.6  444.0
2024 196  7 14 1600  -14.2  966.0   27.9  250.0  100.0  444.0
2024 196  7 14 1700  -14.4  968.2   23.6  264.0  100.0  444.0
2024 196  7 14 1800  -14.7  967.7   24.3  260.0  100.0  444.0
2024 196  7 14 1900  -14.7  966.5   30.2  256.0  100.0  444.0
2024 196  7 14 2000  -14.5  964.7   34.5  255.0   99.7  444.0
2024 196  7 14 2100  -14.6  965.0   33.4  256.0  100.0  444.0
2024 196  7 14 2200  -15.0  966.5   34.1  254.0  100.0  444.0
2024 196  7 14 2300  -15.3  964.7   35.6  256.0  100.0  444.0
2024 197  7 15 0000  -15.8  967.3   29.6  256.0  100.0  444.0
2024 197  7 15 0100  -15.2  967.1   27.8  257.0   99.7  444.0
2024 197  7 15 0200  -15.5  966.5   31.8  255.0   99.7  444.0
2024 197  7 15 0300  -15.4  969.3   22.8  250.0  100.0  444.0
2024 197  7 15 0400  -16.0  972.9   17.6  246.0  100.0  444.0
2024 197  7 15 0500  -18.1  971.9   21.9  236.0  100.0  444.0
2024 197  7 15 0600  -22.8  975.9   12.4  211.0   93.0  444.0
2024 197  7 15 0700  -24.8  978.2    6.0  164.0   92.0  444.0
2024 197  7 15 0800  -25.7  979.5    5.0  171.0   90.0  444.0
2024 197  7 15 0900  -25.4  981.5    4.0  165.0   90.0  444.0
2024 197  7 15 1000  -26.0  982.5    5.2  204.0   88.0  444.0
2024 197  7 15 1100  -26.0  983.0    0.8  127.0   90.0  444.0
2024 197  7 15 1200  -26.5  984.4    1.8  222.0   88.0  444.0
2024 197  7 15 1300  -26.6  984.0   10.3  247.0   88.0  444.0
2024 197  7 15 1400  -26.7  985.3    9.3  261.0   88.0  444.0
2024 197  7 15 1500  -26.9  986.7   13.0  250.0   87.0  444.0
2024 197  7 15 1600  -27.5  987.5   15.3  262.0   86.0  444.0
2024 197  7 15 1700  -27.6  987.8   16.9  257.0   86.0  444.0
2024 197  7 15 1800  -27.5  987.7   20.0  252.0   86.0  444.0
2024 197  7 15 1900  -26.8  987.3   20.0  255.0   87.0  444.0
2024 197  7 15 2000  -26.9  988.9   18.8  247.0   87.0  444.0
2024 197  7 15 2100  -26.2  988.9   16.6  249.0   88.0  444.0
2024 197  7 15 2200  -25.9  989.9   17.7  250.0   89.1  444.0
2024 197  7 15 2300  -25.0  989.3   20.2  253.0   91.0  444.0
2024 198  7 16 0000  -24.2  986.8   22.9  262.0   93.0  444.0
2024 198  7 16 0100  -23.5  985.2   30.0  268.0   94.0  444.0
2024 198  7 16 0200  -23.0  984.5   28.1  264.0   95.0  444.0
2024 198  7 16 0300  -22.9  986.9   22.1  260.0   95.5  444.0
2024 198  7 16 0400  -22.5  986.7   20.2  253.0   97.0  444.0
2024 198  7 16 0500  -21.9  986.4   24.5  256.0   99.0  444.0
2024 198  7 16 0600  -22.3  986.1   22.0  262.0   97.0  444.0
2024 198  7 16 0700  -21.7  982.5   26.8  256.0   99.0  444.0
2024 198  7 16 0800  -21.7  983.6   24.1  260.0   99.0  444.0
2024 198  7 16 0900  -21.4  984.6   24.6  265.0   99.0  444.0
2024 198  7 16 1000  -20.9  984.2   22.9  260.0   99.5  444.0
2024 198  7 16 1100  -21.0  984.0   24.0  260.0  100.0  444.0
2024 198  7 16 1200  -20.7  983.5   23.6  255.0  100.0  444.0
2024 198  7 16 1300  -20.8  982.2   23.4  255.0  100.0  444.0
2024 198  7 16 1400  -21.1  980.6   19.9  263.0  100.0  444.0
2024 198  7 16 1500  -21.0  980.4   26.4  263.0   99.6  444.0
2024 198  7 16 1600  -21.0  979.5   25.2  265.0  100.0  444.0
2024 198  7 16 1700  -21.0  978.4   24.2  263.0  100.0  444.0
2024 198  7 16 1800  -20.4  976.6   27.1  259.0  100.0  444.0
2024 198  7 16 1900  -20.6  977.3   23.9  262.0  100.0  444.0
2024 198  7 16 2000  -20.6  977.1   23.4  262.0   99.6  444.0
2024 198  7 16 2100  -20.4  976.8   22.9  264.0  100.0  444.0
2024 198  7 16 2200  -20.2  976.0   23.0  265.0  100.0  444.0
2024 198  7 16 2300  -20.0  974.1   26.7  259.0  100.0  444.0
2024 199  7 17 0000  -19.9  973.9   25.4  261.0  100.0  444.0
2024 199  7 17 0100  -19.9  972.7   25.8  262.0   99.6  444.0
2024 199  7 17 0200  -19.7  973.1   24.2  261.0  100.0  444.0
2024 199  7 17 0300  -19.3  972.5   24.2  261.0  100.0  444.0
2024 199  7 17 0400  -19.6  972.8   23.8  262.0  100.0  444.0
2024 199  7 17 0500  -19.6  972.4   26.0  262.0  100.0  444.0
2024 199  7 17 0600  -19.6  973.7   25.2  261.0  100.0  444.0
2024 199  7 17 0700  -19.4  973.0   23.2  260.0  100.0  444.0
2024 199  7 17 0800  -19.5  974.1   21.2  265.0   99.7  444.0
2024 199  7 17 0900  -19.3  972.9   24.0  263.0  100.0  444.0
2024 199  7 17 1000  -19.1  972.3   24.4  265.0  100.0  444.0
2024 199  7 17 1100  -18.7  972.1   24.8  264.0  100.0  444.0
2024 199  7 17 1200  -18.9  970.7   24.4  261.0   99.7  444.0
2024 199  7 17 1300  -18.5  971.1   23.9  260.0   99.7  444.0
2024 199  7 17 1400  -18.8  970.6   26.2  260.0  100.0  444.0
2024 199  7 17 1500  -19.1  974.0   19.7  258.0  100.0  444.0
2024 199  7 17 1600  -20.0  975.4   14.6  262.0  100.0  444.0
2024 199  7 17 1700  -20.2  976.7   16.0  263.0   99.6  444.0
2024 199  7 17 1800  -20.7  977.6   13.5  265.0   99.6  444.0
2024 199  7 17 1900  -21.4  977.1   20.9  269.0  100.0  444.0
2024 199  7 17 2000  -22.1  975.4   23.4  271.0   96.0  444.0
2024 199  7 17 2100  -22.9  974.2   28.0  272.0   92.0  444.0
2024 199  7 17 2200  -23.6  974.8   28.1  267.0   88.0  444.0
2024 199  7 17 2300  -24.3  974.7   31.9  270.0   87.6  444.0
2024 200  7 18 0000  -25.1  974.9   31.3  268.0   86.0  444.0
2024 200  7 18 0100  -25.5  973.9   30.8  269.0   85.0  444.0
2024 200  7 18 0200  -25.9  974.7   31.3  267.0   84.0  444.0
2024 200  7 18 0300  -25.6  975.0   31.8  265.0   84.0  444.0
2024 200  7 18 0400  -25.9  975.2   32.0  267.0   84.3  444.0
2024 200  7 18 0500  -25.8  976.8   29.6  268.0   83.0  444.0
2024 200  7 18 0600  -25.9  977.7   28.2  268.0   82.0  444.0
2024 200  7 18 0700  -25.5  978.1   27.7  271.0   82.0  444.0
2024 200  7 18 0800  -25.1  976.6   31.2  271.0   82.0  444.0
2024 200  7 18 0900  -25.3  978.6   16.8  272.0   84.0  444.0
2024 200  7 18 1000  -24.8  978.6   20.2  267.0   81.0  444.0
2024 200  7 18 1100  -24.7  978.1   23.6  271.0   77.0  444.0
2024 200  7 18 1200  -24.5  979.0   22.0  270.0   79.0  444.0
2024 200  7 18 1300  -24.8  978.2   25.2  274.0   75.0  444.0
2024 200  7 18 1400  -25.6  977.9   32.6  272.0   74.0  444.0
2024 200  7 18 1500  -25.8  977.4   32.7  270.0   73.0  444.0
2024 200  7 18 1600  -25.5  978.3   29.7  270.0   71.0  444.0
2024 200  7 18 1700  -25.7  979.0   31.4  272.0   70.0  444.0
2024 200  7 18 1800  -25.8  979.6   29.4  273.0   68.0  444.0
2024 200  7 18 1900  -24.9  980.6   27.5  271.0   65.0  444.0
2024 200  7 18 2000  -24.2  981.7   23.4  270.0   64.0  444.0
2024 200  7 18 2100  -25.5  983.8   17.6  268.0   72.0  444.0
2024 200  7 18 2200  -25.2  982.8   18.9  272.0   74.0  444.0
2024 200  7 18 2300  -25.3  983.5   16.6  271.0   73.0  444.0
2024 201  7 19 0000  -24.4  984.0   19.4  274.0   67.0  444.0
2024 201  7 19 0100  -23.7  984.9   16.8  268.0   69.0  444.0
2024 201  7 19 0200  -23.4  985.6   14.8  266.0   70.0  444.0
2024 201  7 19 0300  -22.4  985.4   13.9  272.0   67.0  444.0
2024 201  7 19 0400  -22.3  985.9   10.9  266.0   69.3  444.0
2024 201  7 19 0500  -24.4  984.7   14.8  273.0   77.0  444.0
2024 201  7 19 0600  -24.0  984.3   15.2  276.0   73.0  444.0
2024 201  7 19 0700  -21.9  984.0   14.9  279.0   67.0  444.0
2024 201  7 19 0800  -23.2  983.3   13.8  277.0   69.0  444.0
2024 201  7 19 0900  -22.3  983.2   14.0  278.0   65.7  444.0
2024 201  7 19 1000  -22.6  983.3   14.1  281.0   68.0  444.0
2024 201  7 19 1100  -21.2  982.1   15.0  281.0   65.0  444.0
2024 201  7 19 1200  -22.1  982.4   14.9  287.0   69.0  444.0
2024 201  7 19 1300  -19.7  983.2    8.7  286.0   64.0  444.0
2024 201  7 19 1400  -20.2  982.3   13.2  281.0   63.1  444.0
2024 201  7 19 1500  -20.8  982.7   11.1  269.0   65.7  444.0
2024 201  7 19 1600  -20.1  982.6   12.7  268.0   62.0  444.0
2024 201  7 19 1700  -21.0  982.8   10.6  271.0   66.0  444.0
2024 201  7 19 1800  -20.8  982.9   11.9  269.0   63.0  444.0
2024 201  7 19 1900  -21.3  983.5   10.3  270.0   65.2  444.0
2024 201  7 19 2000  -20.8  983.9   12.5  271.0   61.0  444.0
2024 201  7 19 2100  -21.7  984.2   12.4  274.0   62.0  444.0
2024 201  7 19 2200  -22.1  984.9   14.2  265.0   62.0  444.0
2024 201  7 19 2300  -22.5  985.7   15.2  266.0   61.0  444.0
2024 202  7 20 0000  -22.6  986.4   16.2  268.0   59.0  444.0
2024 202  7 20 0100  -23.4  986.7   17.2  266.0   60.0  444.0
2024 202  7 20 0200  -23.5  987.0   17.1  267.0   60.1  444.0
2024 202  7 20 0300  -23.8  988.7   18.4  267.0   59.0  444.0
2024 202  7 20 0400  -24.1  989.2   17.1  265.0   59.0  444.0
2024 202  7 20 0500  -24.4  990.4   17.4  263.0   60.0  444.0
2024 202  7 20 0600  -24.5  991.0   16.0  260.0   60.0  444.0
2024 202  7 20 0700  -24.6  991.6   19.7  266.0   58.8  444.0
2024 202  7 20 0800  -24.6  992.8   17.1  265.0   59.0  444.0
2024 202  7 20 0900  -24.6  993.2   16.0  268.0   59.0  444.0
2024 202  7 20 1000  -24.5  993.6   17.7  261.0   59.0  444.0
2024 202  7 20 1100  -24.4  994.1   18.8  266.0   58.0  444.0
2024 202  7 20 1200  -24.9  994.8   17.3  263.0   58.6  444.0
2024 202  7 20 1300  -24.7  995.1   18.4  264.0   58.0  444.0
2024 202  7 20 1400  -24.4  996.0   18.0  265.0   58.0  444.0
2024 202  7 20 1500  -23.9  996.8   17.5  266.0   57.0  444.0
2024 202  7 20 1600  -23.5  997.2   16.7  267.0   57.0  444.0
2024 202  7 20 1700  -23.0  997.4   15.9  276.0   58.8  444.0
2024 202  7 20 1800  -22.4  998.3   14.3  268.0   58.0  444.0
2024 202  7 20 1900  -22.0  998.5    8.2  260.0   62.0  444.0
2024 202  7 20 2000  -21.1  999.3   10.2  278.0   57.0  444.0
2024 202  7 20 2100  -21.2  999.7    7.8  274.0   60.0  444.0
2024 202  7 20 2200  -20.6 1000.0    7.8  274.0   63.1  444.0
2024 202  7 20 2300  -21.3 1000.3    7.1  271.0   83.0  444.0
2024 203  7 21 0000  -22.0 1000.3    5.4  266.0   78.0  444.0
2024 203  7 21 0100  -23.9 1000.9    3.8  240.0   88.0  444.0
2024 203  7 21 0200  -24.2 1001.4    2.9  253.0   95.0  444.0
2024 203  7 21 0300  -23.4 1001.4    1.5  243.0   93.0  444.0
2024 203  7 21 0400  -23.2 1001.5    3.7  265.0   99.0  444.0
2024 203  7 21 0500  -21.2 1001.7    3.2  288.0   99.0  444.0
2024 203  7 21 0600  -21.6 1001.9    3.0  258.0   99.0  444.0
2024 203  7 21 0700  -21.2 1001.6    6.2  273.0   99.0  444.0
2024 203  7 21 0800  -24.2 1001.9    4.7  272.0  100.0  444.0
2024 203  7 21 0900  -21.0 1001.9    4.8  270.0   92.0  444.0
2024 203  7 21 1000  -20.1 1001.8    4.4  280.0   83.0  444.0
2024 203  7 21 1100  -19.1 1001.6    9.2  268.0   83.0  444.0
2024 203  7 21 1200  -19.6 1000.9   10.4  286.0   87.0  444.0
2024 203  7 21 1300  -19.1 1001.0   10.8  272.0   74.0  444.0
2024 203  7 21 1400  -18.7 1001.0   14.4  274.0  100.0  444.0
2024 203  7 21 1500  -18.1  999.6   19.7  263.0  100.0  444.0
2024 203  7 21 1600  -16.7 1001.8   15.9  268.0  100.0  444.0
2024 203  7 21 1700  -16.4 1000.8   20.4  274.0  100.0  444.0
2024 203  7 21 1800  -16.8 1000.6   22.6  273.0  100.0  444.0
2024 203  7 21 1900  -16.8 1000.6   19.1  273.0  100.0  444.0
2024 203  7 21 2000  -15.5 1001.0   16.4  278.0  100.0  444.0
2024 203  7 21 2100  -15.3 1000.1   21.1  267.0  100.0  444.0
2024 203  7 21 2200  -15.0  998.8   22.5  269.0  100.0  444.0
2024 203  7 21 2300  -14.9  999.6   23.5  268.0  100.0  444.0
2024 204  7 22 0000  -14.8  999.9   25.3  266.0  100.0  444.0
2024 204  7 22 0100  -15.0 1000.9   21.8  268.0  100.0  444.0
2024 204  7 22 0200  -14.9 1001.7   17.9  267.0  100.0  444.0
2024 204  7 22 0300  -15.3 1004.8    8.2  245.0  100.0  444.0
2024 204  7 22 0400  -17.3 1005.7    7.1  245.0  100.0  444.0
2024 204  7 22 0500  -16.0 1006.8    6.2  229.0  100.0  444.0
2024 204  7 22 0600  -16.6 1007.4    4.5  197.0   99.7  444.0
2024 204  7 22 0700  -18.7 1007.7    3.5  130.0   99.7  444.0
2024 204  7 22 0800  -19.0 1008.0    2.5  142.0  100.0  444.0
2024 204  7 22 0900  -19.1 1008.3    1.9  156.0  100.0  444.0
2024 204  7 22 1000  -18.0 1008.5    3.7  190.0  100.0  444.0
2024 204  7 22 1100  -19.1 1009.1    4.1  141.0  100.0  444.0
2024 204  7 22 1200  -20.4 1010.0    4.1  140.0   99.6  444.0
2024 204  7 22 1300  -23.3 1010.9    4.1  162.0   99.0  444.0
2024 204  7 22 1400  -23.0 1011.6    4.2  164.0   99.0  444.0
2024 204  7 22 1500  -23.9 1012.5    5.8  167.0   99.0  444.0
2024 204  7 22 1600  -24.3 1013.3    4.0  181.0   99.0  444.0
2024 204  7 22 1700  -23.7 1013.6    4.6  172.0   99.4  444.0
2024 204  7 22 1800  -22.7 1014.1    5.0  161.0   99.0  444.0
2024 204  7 22 1900  -23.5 1014.5    2.3  221.0   99.0  444.0
2024 204  7 22 2000  -23.6 1014.1    2.0  249.0   99.0  444.0
2024 204  7 22 2100  -24.9 1013.5    2.2  260.0  100.0  444.0
2024 204  7 22 2200  -22.5 1012.9    0.4  256.0   99.3  444.0
2024 204  7 22 2300  -21.5 1012.1    0.0    0.0   99.0  444.0
2024 205  7 23 0000  -21.6 1011.3    1.5   14.0   99.0  444.0
2024 205  7 23 0100  -20.4 1010.6    3.4   41.0  100.0  444.0
2024 205  7 23 0200  -20.5 1009.7    2.5  360.0  100.0  444.0
2024 205  7 23 0300  -20.7 1008.6    1.8  349.0  100.0  444.0
2024 205  7 23 0400  -21.0 1007.1    1.4  337.0  100.0  444.0
2024 205  7 23 0500  -18.9 1005.4    3.4  286.0   99.7  444.0
2024 205  7 23 0600  -18.6 1003.9    6.2  285.0  100.0  444.0
2024 205  7 23 0700  -15.0 1002.1   11.6  286.0  100.0  444.0
2024 205  7 23 0800  -14.6 1000.6   13.4  280.0  100.0  444.0
2024 205  7 23 0900  -14.6 1001.1   10.5  288.0  100.0  444.0
2024 205  7 23 1000  -21.7 1003.2    4.9  191.0   99.0  444.0
2024 205  7 23 1100  -23.7 1004.2    5.0  200.0   99.0  444.0
2024 205  7 23 1200  -24.2 1004.2    6.9  198.0  100.0  444.0
2024 205  7 23 1300  -24.4 1004.5    5.1  188.0  100.0  444.0
2024 205  7 23 1400  -24.9 1004.0    5.1  182.0  100.0  444.0
2024 205  7 23 1500  -24.1 1003.7    3.3  174.0   99.5  444.0
2024 205  7 23 1600  -24.5 1002.9    1.4  217.0  100.0  444.0
2024 205  7 23 1700  -22.8 1002.7    2.1  141.0   99.0  444.0
2024 205  7 23 1800  -23.8 1001.5    8.0  264.0   99.0  444.0
2024 205  7 23 1900  -21.7 1001.6    9.7  244.0   92.0  444.0
2024 205  7 23 2000  -22.9 1002.1    7.9  241.0   91.7  444.0
2024 205  7 23 2100  -21.9 1002.0    9.4  268.0   94.0  444.0
2024 205  7 23 2200  -20.9 1001.1   13.2  263.0   94.0  444.0
2024 205  7 23 2300  -20.1 1000.3   19.1  271.0   93.0  444.0
2024 206  7 24 0000  -20.1  999.0   20.4  266.0   92.0  444.0
2024 206  7 24 0100  -20.4  999.4   20.8  263.0   89.7  444.0
2024 206  7 24 0200  -20.3  997.5   23.1  263.0   86.0  444.0
2024 206  7 24 0300  -20.5  997.5   20.8  265.0   86.0  444.0
2024 206  7 24 0400  -20.0  997.3   21.1  270.0   83.0  444.0
2024 206  7 24 0500  -19.9  996.1   24.1  268.0   78.0  444.0
2024 206  7 24 0600  -19.5  995.3   22.1  267.0   76.0  444.0
2024 206  7 24 0700  -19.5  994.5   21.5  275.0   75.0  444.0
2024 206  7 24 0800  -19.2  995.1   23.3  272.0   77.0  444.0
2024 206  7 24 0900  -19.4  995.7   18.6  278.0   77.0  444.0
2024 206  7 24 1000  -19.0  995.5   21.5  272.0   77.4  444.0
2024 206  7 24 1100  -19.7  994.0   16.2  284.0   76.0  444.0
2024 206  7 24 1200  -20.1  994.2   13.6  280.0   65.0  444.0
2024 206  7 24 1300  -19.1  993.3   12.9  277.0   59.0  444.0
2024 206  7 24 1400  -18.7  992.0   15.5  283.0   60.0  444.0
2024 206  7 24 1500  -19.0  991.7   18.3  274.0   60.0  444.0
2024 206  7 24 1600  -19.7  992.5   13.7  283.0   61.0  444.0
2024 206  7 24 1700  -18.4  993.1    7.4  284.0   61.0  444.0
2024 206  7 24 1800  -19.3  991.3   15.9  273.0   59.0  444.0
2024 206  7 24 1900  -18.1  990.0   19.7  272.0   61.0  444.0
2024 206  7 24 2000  -18.0  990.3   16.6  274.0   60.0  444.0
2024 206  7 24 2100  -17.3  990.1   18.1  281.0   59.0  444.0
2024 206  7 24 2200  -17.2  989.4   17.4  273.0   56.0  444.0
2024 206  7 24 2300  -17.3  989.3   18.7  278.0   59.0  444.0
2024 207  7 25 0000  -17.0  987.4   18.9  275.0   53.9  444.0
2024 207  7 25 0100  -18.5  987.6   10.7  288.0   60.0  444.0
2024 207  7 25 0200  -19.0  986.9   12.0  282.0   60.0  444.0
2024 207  7 25 0300  -19.2  986.5   10.0  282.0   60.0  444.0
2024 207  7 25 0400  -16.2  985.7   19.8  280.0   53.0  444.0
2024 207  7 25 0500  -15.5  984.1   24.5  262.0   58.3  444.0
2024 207  7 25 0600  -16.1  986.7   19.9  259.0   60.0  444.0
2024 207  7 25 0700  -16.8  987.3   20.5  260.0   59.1  444.0
2024 207  7 25 0800  -17.5  988.2   19.1  262.0   59.0  444.0
2024 207  7 25 0900  -18.1  989.2   17.5  259.0   60.0  444.0
2024 207  7 25 1000  -18.6  991.3   16.9  248.0   61.0  444.0
2024 207  7 25 1100  -19.1  990.2   22.3  252.0   56.0  444.0
2024 207  7 25 1200  -20.1  991.7   17.9  248.0   60.0  444.0
2024 207  7 25 1300  -20.4  992.7   19.4  247.0   56.7  444.0
2024 207  7 25 1400  -20.9  994.7   15.4  249.0   58.0  444.0
2024 207  7 25 1500  -21.5  995.5   11.7  252.0   60.0  444.0
2024 207  7 25 1600  -21.8  995.6   15.4  257.0   58.0  444.0
2024 207  7 25 1700  -22.0  996.0   14.3  262.0   56.0  444.0
2024 207  7 25 1800  -22.6  997.0   10.9  252.0   59.0  444.0
2024 207  7 25 1900  -23.0  997.3   10.2  263.0   59.0  444.0
2024 207  7 25 2000  -23.2  997.4   11.9  261.0   59.0  444.0
2024 207  7 25 2100  -23.0  997.5   13.6  262.0   54.0  444.0
2024 207  7 25 2200  -23.1  997.3   14.4  261.0   54.7  444.0
2024 207  7 25 2300  -23.2  997.5   14.2  262.0   55.0  444.0
2024 208  7 26 0000  -23.3  997.5   12.4  267.0   57.0  444.0
2024 208  7 26 0100  -23.0  997.8   13.2  265.0   54.0  444.0
2024 208  7 26 0200  -23.0  997.8   12.2  272.0   56.0  444.0
2024 208  7 26 0300  -22.9  997.2   13.6  268.0   55.0  444.0
2024 208  7 26 0400  -23.1  998.0   12.0  272.0   56.0  444.0
2024 208  7 26 0500  -23.2  997.5   11.9  267.0   56.0  444.0
2024 208  7 26 0600  -22.9  997.6   10.9  272.0   56.0  444.0
2024 208  7 26 0700  -23.2  997.8    9.6  266.0   57.0  444.0
2024 208  7 26 0800  -23.0  998.1   10.5  272.0   57.0  444.0
2024 208  7 26 0900  -23.5  997.9   11.0  264.0   56.0  444.0
2024 208  7 26 1000  -23.3  997.8   10.9  256.0   55.0  444.0
2024 208  7 26 1100  -23.1  997.0   12.5  258.0   54.9  444.0
2024 208  7 26 1200  -22.9  995.9   14.8  260.0   53.0  444.0
2024 208  7 26 1300  -22.7  995.0   18.0  267.0   53.0  444.0
2024 208  7 26 1400  -22.6  993.9   17.6  268.0   51.0  444.0
2024 208  7 26 1500  -22.7  994.4   16.2  263.0   53.0  444.0
2024 208  7 26 1600  -23.1  993.7   15.2  262.0   54.0  444.0
2024 208  7 26 1700  -22.8  992.7   15.0  259.0   54.0  444.0
2024 208  7 26 1800  -23.0  992.1   15.5  264.0   53.0  444.0
2024 208  7 26 1900  -23.1  991.8   14.2  268.0   52.0  444.0
2024 208  7 26 2000  -23.2  992.0    8.7  282.0   53.0  444.0
2024 208  7 26 2100  -22.4  991.0    8.8  286.0   50.0  444.0
2024 208  7 26 2200  -22.0  990.8    8.9  273.0   51.0  444.0
2024 208  7 26 2300  -24.0  990.2    6.3  281.0   56.0  444.0
2024 209  7 27 0000  -23.8  990.1    6.1  282.0   53.0  444.0
2024 209  7 27 0100  -22.8  989.3   12.5  275.0   53.0  444.0
2024 209  7 27 0200  -22.1  989.4   12.9  266.0   48.0  444.0
2024 209  7 27 0300  -25.0  989.7    8.9  239.0   65.0  444.0
2024 209  7 27 0400  -28.2  990.9    3.8  198.0   83.0  444.0
2024 209  7 27 0500  -28.8  990.9    3.0  173.0   86.0  444.0
2024 209  7 27 0600  -28.8  990.8    4.2  190.0   85.7  444.0
2024 209  7 27 0700  -28.0  990.6    4.6  204.0   88.0  444.0
2024 209  7 27 0800  -27.1  989.5    8.9  237.0   79.0  444.0
2024 209  7 27 0900  -26.2  988.8   13.3  243.0   63.0  444.0
2024 209  7 27 1000  -25.9  987.7   17.2  250.0   60.0  444.0
2024 209  7 27 1100  -26.0  987.6   19.0  257.0   59.0  444.0
2024 209  7 27 1200  -26.2  988.5   13.0  241.0   57.0  444.0
2024 209  7 27 1300  -26.1  987.6   15.5  256.0   56.0  444.0
2024 209  7 27 1400  -26.4  987.9   16.6  258.0   57.0  444.0
2024 209  7 27 1500  -26.7  989.0   16.2  254.0   55.0  444.0
2024 209  7 27 1600  -26.8  987.2   16.9  260.0   55.0  444.0
2024 209  7 27 1700  -27.1  988.7   15.6  258.0   56.0  444.0
2024 209  7 27 1800  -27.2  988.5   17.8  261.0   54.0  444.0
2024 209  7 27 1900  -27.4  988.4   18.8  263.0   53.0  444.0
2024 209  7 27 2000  -27.8  988.3   18.3  266.0   53.0  444.0
2024 209  7 27 2100  -27.9  988.9   18.9  263.0   53.0  444.0
2024 209  7 27 2200  -28.0  988.5   18.7  266.0   53.0  444.0
2024 209  7 27 2300  -28.2  989.3   18.3  270.0   53.0  444.0
2024 210  7 28 0000  -28.0  989.0   19.6  270.0   53.0  444.0
2024 210  7 28 0100  -27.9  988.1   19.6  270.0   53.0  444.0
2024 210  7 28 0200  -27.7  987.0   20.1  270.0   53.0  444.0
2024 210  7 28 0300  -27.3  987.0   23.0  272.0   50.0  444.0
2024 210  7 28 0400  -27.8  986.6   22.0  274.0   52.0  444.0
2024 210  7 28 0500  -27.0  985.9   24.4  272.0   50.0  444.0
2024 210  7 28 0600  -26.4  986.6   20.9  272.0   51.0  444.0
2024 210  7 28 0700  -25.5  986.0   22.5  268.0   51.0  444.0
2024 210  7 28 0800  -25.9  985.9   20.0  274.0   53.0  444.0
2024 210  7 28 0900  -26.0  984.3   22.2  267.0   54.0  444.0
2024 210  7 28 1000  -25.3  984.7   21.7  267.0   54.0  444.0
2024 210  7 28 1100  -25.6  984.6   18.5  264.0   56.0  444.0
2024 210  7 28 1200  -25.4  984.9   17.9  266.0   55.0  444.0
2024 210  7 28 1300  -24.8  984.1   21.8  266.0   52.0  444.0
2024 210  7 28 1400  -24.6  984.5   19.0  265.0   53.0  444.0
2024 210  7 28 1500  -24.9  985.7   15.1  261.0   55.0  444.0
2024 210  7 28 1600  -25.3  986.7   12.9  261.0   57.0  444.0
2024 210  7 28 1700  -24.9  987.3   15.3  269.0   55.0  444.0
2024 210  7 28 1800  -25.2  988.1   12.5  267.0   57.0  444.0
2024 210  7 28 1900  -25.1  988.7   13.1  263.0   57.0  444.0
2024 210  7 28 2000  -25.3  990.0   11.1  268.0   57.0  444.0
2024 210  7 28 2100  -25.4  990.8   11.4  262.0   57.0  444.0
2024 210  7 28 2200  -25.5  991.8   13.5  264.0   56.0  444.0
2024 210  7 28 2300  -25.3  992.4   14.6  266.0   53.0  444.0
2024 211  7 29 0000  -25.8  993.5   14.5  264.0   54.0  444.0
2024 211  7 29 0100  -25.8  994.4   14.9  266.0   55.0  444.0
2024 211  7 29 0200  -25.9  994.7   19.0  266.0   53.3  444.0
2024 211  7 29 0300  -25.8  994.9   18.7  261.0   54.0  444.0
2024 211  7 29 0400  -26.0  995.7   19.3  257.0   54.0  444.0
2024 211  7 29 0500  -26.2  996.9   16.3  258.0   55.0  444.0
2024 211  7 29 0600  -26.4  996.8   17.1  261.0   55.0  444.0
2024 211  7 29 0700  -26.6  996.7   18.9  261.0   54.0  444.0
2024 211  7 29 0800  -26.7  998.0   20.3  260.0   53.0  444.0
2024 211  7 29 0900  -26.9  997.1   23.8  268.0   52.0  444.0
2024 211  7 29 1000  -26.9  997.4   23.7  268.0   52.0  444.0
2024 211  7 29 1100  -26.8  998.2   23.3  263.0   53.0  444.0
2024 211  7 29 1200  -26.7  997.6   26.8  265.0   55.0  444.0
2024 211  7 29 1300  -26.9  997.6   27.4  271.0   54.2  444.0
2024 211  7 29 1400  -26.8  997.9   24.8  272.0   53.5  444.0
2024 211  7 29 1500  -26.7  998.2   25.3  272.0   53.0  444.0
2024 211  7 29 1600  -27.0  997.8   25.6  268.0   55.0  444.0
2024 211  7 29 1700  -26.9  998.2   23.9  266.0   56.0  444.0
2024 211  7 29 1800  -26.2  998.6   25.0  270.0   54.7  444.0
2024 211  7 29 1900  -26.0  998.9   24.9  267.0   56.0  444.0
2024 211  7 29 2000  -25.9  999.5   22.8  269.0   56.0  444.0
2024 211  7 29 2100  -26.1  999.8   23.4  267.0   56.0  444.0
2024 211  7 29 2200  -25.6  999.2   21.6  274.0   55.0  444.0
2024 211  7 29 2300  -25.3  999.7   21.6  266.0   55.0  444.0
2024 212  7 30 0000  -25.2  999.6   21.0  272.0   55.0  444.0
2024 212  7 30 0100  -25.0  999.6   20.8  271.0   55.0  444.0
2024 212  7 30 0200  -25.0  999.5   20.6  269.0   55.0  444.0
2024 212  7 30 0300  -25.1  997.4   25.1  268.0   56.0  444.0
2024 212  7 30 0400  -25.3  997.0   24.9  266.0   56.0  444.0
2024 212  7 30 0500  -25.6  996.9   23.4  264.0   59.0  444.0
2024 212  7 30 0600  -25.4  995.7   26.8  264.0   59.0  444.0
2024 212  7 30 0700  -24.3  993.6   30.5  266.0   71.0  444.0
2024 212  7 30 0800  -23.4  992.8   27.0  262.0   79.0  444.0
2024 212  7 30 0900  -20.9  990.3   29.2  271.0   59.0  444.0
2024 212  7 30 1000  -19.8  990.5   17.2  282.0   50.0  444.0
2024 212  7 30 1100  -19.0  990.4   16.8  260.0   49.0  444.0
2024 212  7 30 1200  -19.4  985.1   30.1  262.0   62.0  444.0
2024 212  7 30 1300  -18.8  987.5   24.2  268.0   56.0  444.0
2024 212  7 30 1400  -19.1  984.3   33.6  260.0   99.0  444.0
2024 212  7 30 1500  -19.4  981.5   37.9  257.0   91.0  444.0
2024 212  7 30 1600  -19.9  982.4   36.5  256.0   92.0  444.0
2024 212  7 30 1700  -20.4  983.3   31.7  255.0   68.3  444.0
2024 212  7 30 1800  -21.5  984.6   27.1  253.0   64.0  444.0
2024 212  7 30 1900  -22.0  982.6   26.2  250.0   63.0  444.0
2024 212  7 30 2000  -21.8  983.1   26.1  252.0   61.0  444.0
2024 212  7 30 2100  -22.2  980.5   28.3  252.0   59.0  444.0
2024 212  7 30 2200  -22.3  981.0   24.4  254.0   59.0  444.0
2024 212  7 30 2300  -22.3  981.1   25.3  254.0   59.0  444.0
2024 213  7 31 0000  -22.1  980.6   26.2  258.0   59.0  444.0
2024 213  7 31 0100  -22.2  980.9   24.9  254.0   55.0  444.0
2024 213  7 31 0200  -21.9  979.5   23.7  259.0   55.0  444.0
2024 213  7 31 0300  -21.3  980.5   22.4  258.0   55.0  444.0
2024 213  7 31 0400  -20.6  980.7   21.4  259.0   56.0  444.0
2024 213  7 31 0500  -20.1  980.9   19.1  258.0   56.0  444.0
2024 213  7 31 0600  -20.1  981.3   16.8  263.0   57.0  444.0
2024 213  7 31 0700  -20.0  981.4   17.1  261.0   56.0  444.0
2024 213  7 31 0800  -20.2  981.4   17.9  260.0   57.0  444.0
2024 213  7 31 0900  -20.4  981.7   18.5  260.0   55.9  444.0
2024 213  7 31 1000  -20.4  981.6   19.4  261.0   56.1  444.0
2024 213  7 31 1100  -20.9  981.0   22.7  263.0   55.0  444.0
2024 213  7 31 1200  -21.2  981.1   24.0  265.0   55.0  444.0
2024 213  7 31 1300  -21.9  982.1   21.0  262.0   55.5  444.0
2024 213  7 31 1400  -22.2  982.4   23.4  264.0   53.0  444.0
2024 213  7 31 1500  -23.2  983.2   21.4  258.0   54.0  444.0
2024 213  7 31 1600  -23.4  983.7   20.7  258.0   54.0  444.0
2024 213  7 31 1700  -23.8  983.0   22.6  259.0   53.0  444.0
2024 213  7 31 1800  -24.3  983.3   23.3  258.0   54.0  444.0
2024 213  7 31 1900  -25.0  982.9   25.7  259.0   56.0  444.0
2024 213  7 31 2000  -25.6  982.1   25.9  260.0   59.0  444.0
2024 213  7 31 2100  -26.4  983.4   27.8  262.0   62.0  444.0
2024 213  7 31 2200  -26.6  980.5   28.9  264.0   68.0  444.0
2024 213  7 31 2300  -26.8  981.5   31.3  264.0   65.0  444.0
