Year: 2023  Month: 07  ID: MLA  ARGOS:  8905  Name: Manuela             
Lat: 74.95S  Lon: 163.69E  Elev:   78m
2023 182  7  1 0000  -30.5 1000.9    3.3  187.0   57.0  444.0
2023 182  7  1 0100  -30.4 1000.6    3.5  190.0   59.0  444.0
2023 182  7  1 0200  -29.8 1000.1    4.2  195.0   62.4  444.0
2023 182  7  1 0300  -29.1  999.7    2.3  192.0   65.0  444.0
2023 182  7  1 0400  -29.5  999.4    2.1  248.0   66.0  444.0
2023 182  7  1 0500  -29.9  998.8    3.4  262.0   67.0  444.0
2023 182  7  1 0600  -29.7  998.9    3.2  263.0   68.0  444.0
2023 182  7  1 0700  -29.8  998.4    3.2  261.0   72.5  444.0
2023 182  7  1 0800  -29.2  998.7    3.8  266.0   73.3  444.0
2023 182  7  1 0900  -29.3  998.2    2.9  262.0   73.0  444.0
2023 182  7  1 1000  -29.0  998.0    3.6  268.0   74.0  444.0
2023 182  7  1 1100  -28.7  997.6    3.5  261.0   74.0  444.0
2023 182  7  1 1200  -29.0  997.4    3.8  259.0   73.0  444.0
2023 182  7  1 1300  -28.9  997.2    3.3  267.0   73.0  444.0
2023 182  7  1 1400  -28.8  997.1    3.2  255.0   73.0  444.0
2023 182  7  1 1500  -29.2  997.0    2.5  224.0   73.0  444.0
2023 182  7  1 1600  -29.0  996.7    2.4  258.0   73.0  444.0
2023 182  7  1 1700  -28.7  996.9    2.7  257.0   74.0  444.0
2023 182  7  1 1800  -28.4  996.7    2.2  256.0   74.0  444.0
2023 182  7  1 1900  -28.3  996.6    2.7  272.0   74.0  444.0
2023 182  7  1 2000  -28.1  996.3    3.6  275.0   74.0  444.0
2023 182  7  1 2100  -27.7  995.6    5.2  278.0   74.0  444.0
2023 182  7  1 2200  -27.1  995.3    7.0  273.0   75.0  444.0
2023 182  7  1 2300  -26.7  995.7    3.9  279.0   75.0  444.0
2023 183  7  2 0000  -24.8  995.8    2.1   71.0   76.0  444.0
2023 183  7  2 0100  -27.2  996.3    1.2  253.0   74.6  444.0
2023 183  7  2 0200  -26.9  996.5    1.2  238.0   75.0  444.0
2023 183  7  2 0300  -27.3  996.4    2.8  247.0   75.0  444.0
2023 183  7  2 0400  -27.3  996.7    2.8  226.0   75.0  444.0
2023 183  7  2 0500  -27.1  996.8    1.6  259.0   74.9  444.0
2023 183  7  2 0600  -27.0  996.7    2.5  254.0   75.0  444.0
2023 183  7  2 0700  -26.9  996.7    2.3  268.0   75.0  444.0
2023 183  7  2 0800  -26.9  996.5    1.8  273.0   75.0  444.0
2023 183  7  2 0900  -26.5  996.4    1.1  263.0   75.0  444.0
2023 183  7  2 1000  -26.2  996.5    2.5  265.0   76.0  444.0
2023 183  7  2 1100  -26.3  996.5    3.4  278.0   76.0  444.0
2023 183  7  2 1200  -26.1  996.3    1.6  276.0   76.0  444.0
2023 183  7  2 1300  -24.6  995.8    0.4  332.0   78.0  444.0
2023 183  7  2 1400  -23.5  995.1    2.4   25.0   78.0  444.0
2023 183  7  2 1500  -22.7  995.1    3.3   47.0   78.0  444.0
2023 183  7  2 1600  -22.1  995.0    2.7   54.0   79.0  444.0
2023 183  7  2 1700  -21.6  994.7    2.1   19.0   80.0  444.0
2023 183  7  2 1800  -22.3  994.4    1.7  287.0   78.0  444.0
2023 183  7  2 1900  -24.0  994.6    1.7  257.0   77.0  444.0
2023 183  7  2 2000  -24.1  994.4    1.9  216.0   78.0  444.0
2023 183  7  2 2100  -21.6  993.6   11.8  264.0   76.0  444.0
2023 183  7  2 2200  -20.9  993.2   12.5  265.0   71.0  444.0
2023 183  7  2 2300  -21.0  992.6   16.8  271.0   74.0  444.0
2023 184  7  3 0000  -20.8  992.6   16.4  266.0   73.0  444.0
2023 184  7  3 0100  -20.9  992.4   14.9  261.0   73.0  444.0
2023 184  7  3 0200  -20.6  992.3   14.6  266.0   67.6  444.0
2023 184  7  3 0300  -20.3  991.5   14.8  264.0   65.0  444.0
2023 184  7  3 0400  -20.0  992.5    9.5  278.0   58.0  444.0
2023 184  7  3 0500  -19.5  992.5    5.8  293.0   56.0  444.0
2023 184  7  3 0600  -20.0  992.1    9.3  279.0   58.0  444.0
2023 184  7  3 0700  -20.6  990.9   10.0  270.0   62.0  444.0
2023 184  7  3 0800  -20.2  991.0    8.7  266.0   60.0  444.0
2023 184  7  3 0900  -19.5  990.2   12.2  274.0   53.0  444.0
2023 184  7  3 1000  -18.4  989.7   15.6  272.0   54.0  444.0
2023 184  7  3 1100  -18.3  989.2   14.0  275.0   53.0  444.0
2023 184  7  3 1200  -17.7  989.4   12.8  270.0   50.0  444.0
2023 184  7  3 1300  -17.7  987.7   17.1  269.0   62.0  444.0
2023 184  7  3 1400  -17.4  988.1   17.0  270.0   55.0  444.0
2023 184  7  3 1500  -17.5  988.0   14.2  268.0   56.0  444.0
2023 184  7  3 1600  -17.0  987.6   14.5  266.0   62.0  444.0
2023 184  7  3 1700  -17.2  985.9   18.5  270.0   70.0  444.0
2023 184  7  3 1800  -17.4  986.7   16.4  269.0   67.0  444.0
2023 184  7  3 1900  -18.7  985.7   17.4  262.0   76.0  444.0
2023 184  7  3 2000  -18.5  986.0   17.2  270.0   71.0  444.0
2023 184  7  3 2100  -18.2  985.8   19.2  271.0   70.0  444.0
2023 184  7  3 2200  -17.9  985.4   22.5  272.0   72.0  444.0
2023 184  7  3 2300  -18.3  984.5   18.8  265.0   71.0  444.0
2023 185  7  4 0000  -18.4  985.2   18.1  259.0   73.1  444.0
2023 185  7  4 0100  -18.1  985.0   19.3  258.0   72.0  444.0
2023 185  7  4 0200  -19.3  985.7   13.6  250.0   75.0  444.0
2023 185  7  4 0300  -19.2  985.7   16.4  251.0   70.0  444.0
2023 185  7  4 0400  -19.5  986.5   15.7  254.0   75.5  444.0
2023 185  7  4 0500  -20.1  987.0   10.7  232.0   59.0  444.0
2023 185  7  4 0600  -20.2  987.8    8.2  229.0   62.0  444.0
2023 185  7  4 0700  -23.8  988.2    3.4  130.0   80.0  444.0
2023 185  7  4 0800  -24.0  988.3    3.5  124.0   80.0  444.0
2023 185  7  4 0900  -23.5  987.8    2.0  176.0   76.0  444.0
2023 185  7  4 1000  -24.4  987.5    2.8  128.0   79.0  444.0
2023 185  7  4 1100  -24.6  987.1    2.9  112.0   79.0  444.0
2023 185  7  4 1200  -23.3  986.2    2.7  228.0   76.1  444.0
2023 185  7  4 1300  -22.9  985.7   14.6  258.0   71.0  444.0
2023 185  7  4 1400  -23.1  985.5   16.4  258.0   69.0  444.0
2023 185  7  4 1500  -27.1  984.8    7.1  232.0   77.0  444.0
2023 185  7  4 1600  -24.4  984.3    9.5  229.0   76.0  444.0
2023 185  7  4 1700  -21.7  983.0   14.3  262.0   64.7  444.0
2023 185  7  4 1800  -21.8  981.9   14.7  260.0   66.0  444.0
2023 185  7  4 1900  -21.6  983.4    6.9  272.0   56.0  444.0
2023 185  7  4 2000  -21.0  982.3    5.5  294.0   48.0  444.0
2023 185  7  4 2100  -21.9  981.5    3.5   34.0   77.0  444.0
2023 185  7  4 2200  -21.4  980.2    2.5   24.0   66.9  444.0
2023 185  7  4 2300  -21.9  979.2    4.9   39.0   76.0  444.0
2023 186  7  5 0000  -22.1  978.6    0.7   69.0   75.0  444.0
2023 186  7  5 0100  -22.5  977.5    6.4   46.0   78.0  444.0
2023 186  7  5 0200  -22.1  976.3    4.6   39.0   79.4  444.0
2023 186  7  5 0300  -22.0  975.1    4.4   37.0   78.1  444.0
2023 186  7  5 0400  -20.8  973.7    3.0   49.0   74.0  444.0
2023 186  7  5 0500  -21.7  973.1    0.7   95.0   74.0  444.0
2023 186  7  5 0600  -20.8  971.7    9.3  286.0   65.7  444.0
2023 186  7  5 0700  -21.2  967.7   23.5  254.0   75.0  444.0
2023 186  7  5 0800  -21.3  969.7   18.4  263.0   77.0  444.0
2023 186  7  5 0900  -21.9  969.6    6.4   53.0   77.0  444.0
2023 186  7  5 1000  -21.9  967.4   15.1  258.0   68.8  444.0
2023 186  7  5 1100  -23.1  966.0   30.3  258.0   77.0  444.0
2023 186  7  5 1200  -23.0  964.0   29.6  255.0   73.0  444.0
2023 186  7  5 1300  -24.1  964.2   31.3  251.0   75.0  444.0
2023 186  7  5 1400  -24.5  966.2   24.3  255.0   70.0  444.0
2023 186  7  5 1500  -24.8  967.2   19.7  254.0   64.5  444.0
2023 186  7  5 1600  -25.0  966.6   19.4  257.0   65.0  444.0
2023 186  7  5 1700  -25.6  968.4   11.4  245.0   65.0  444.0
2023 186  7  5 1800  -25.7  968.9   10.2  246.0   59.0  444.0
2023 186  7  5 1900  -27.0  970.5    5.7  219.0   63.0  444.0
2023 186  7  5 2000  -27.6  971.7    4.2  199.0   71.2  444.0
2023 186  7  5 2100  -27.5  972.8    5.4  220.0   74.0  444.0
2023 186  7  5 2200  -26.2  973.3    6.1  216.0   70.0  444.0
2023 186  7  5 2300  -26.9  974.0    7.8  252.0   64.0  444.0
2023 187  7  6 0000  -26.4  974.9    6.8  248.0   62.0  444.0
2023 187  7  6 0100  -26.2  975.7    6.6  265.0   55.7  444.0
2023 187  7  6 0200  -26.6  976.5    4.9  230.0   72.0  444.0
2023 187  7  6 0300  -26.4  977.2    4.2  240.0   74.0  444.0
2023 187  7  6 0400  -26.7  977.8    3.6  220.0   57.0  444.0
2023 187  7  6 0500  -26.7  977.0    9.4  270.0   58.0  444.0
2023 187  7  6 0600  -26.8  977.1   12.2  266.0   63.0  444.0
2023 187  7  6 0700  -27.7  976.4   15.4  263.0   68.0  444.0
2023 187  7  6 0800  -28.3  974.8   20.5  256.0   63.0  444.0
2023 187  7  6 0900  -28.4  973.9   21.9  256.0   63.0  444.0
2023 187  7  6 1000  -28.6  974.6   24.9  260.0   68.0  444.0
2023 187  7  6 1100  -28.6  974.2   21.8  256.0   63.0  444.0
2023 187  7  6 1200  -28.9  972.8   25.0  260.0   67.0  444.0
2023 187  7  6 1300  -28.8  973.4   25.4  261.0   69.2  444.0
2023 187  7  6 1400  -29.0  972.9   24.3  262.0   67.0  444.0
2023 187  7  6 1500  -28.9  971.6   29.4  261.0   70.0  444.0
2023 187  7  6 1600  -28.7  971.5   27.6  260.0   68.0  444.0
2023 187  7  6 1700  -27.6  971.6   25.5  260.0   64.0  444.0
2023 187  7  6 1800  -25.8  971.3   22.1  261.0   59.4  444.0
2023 187  7  6 1900  -26.1  971.4   20.2  260.0   59.0  444.0
2023 187  7  6 2000  -24.9  970.0   22.0  255.0   60.0  444.0
2023 187  7  6 2100  -24.4  968.9   25.0  256.0   62.0  444.0
2023 187  7  6 2200  -25.1  968.5   25.6  254.0   61.0  444.0
2023 187  7  6 2300  -26.1  969.5   18.9  251.0   62.9  444.0
2023 188  7  7 0000  -26.5  967.7   28.2  256.0   67.7  444.0
2023 188  7  7 0100  -26.4  969.9   26.8  254.0   63.6  444.0
2023 188  7  7 0200  -26.8  968.9   27.0  255.0   69.0  444.0
2023 188  7  7 0300  -27.1  969.9   29.0  254.0   67.0  444.0
2023 188  7  7 0400  -26.8  968.7   31.1  255.0   60.4  444.0
2023 188  7  7 0500  -27.3  967.3   32.3  256.0   49.8  444.0
2023 188  7  7 0600  -27.6  967.2   36.0  258.0   43.0  444.0
2023 188  7  7 0700  -27.2  969.6   32.0  257.0   42.0  444.0
2023 188  7  7 0800  -26.7  966.8   33.1  258.0   39.0  444.0
2023 188  7  7 0900  -25.6  969.9   27.3  259.0   38.0  444.0
2023 188  7  7 1000  -25.3  967.6   30.4  260.0   38.0  444.0
2023 188  7  7 1100  -25.3  967.5   32.0  262.0   38.0  444.0
2023 188  7  7 1200  -25.6  965.1   35.2  258.0   36.8  444.0
2023 188  7  7 1300  -25.2  967.4   34.7  262.0   36.0  444.0
2023 188  7  7 1400  -24.8  971.1   28.0  259.0   38.0  444.0
2023 188  7  7 1500  -25.1  969.0   29.8  258.0   36.0  444.0
2023 188  7  7 1600  -24.4  968.4   28.9  260.0   36.9  444.0
2023 188  7  7 1700  -24.6  966.6   31.1  260.0   36.0  444.0
2023 188  7  7 1800  -24.7  965.7   35.8  258.0   36.0  444.0
2023 188  7  7 1900  -25.3  963.7   37.0  257.0   38.0  444.0
2023 188  7  7 2000  -25.3  961.7   38.3  259.0   37.0  444.0
2023 188  7  7 2100  -25.4  961.9   40.9  257.0   39.7  444.0
2023 188  7  7 2200  -25.0  963.6   38.3  257.0   39.9  444.0
2023 188  7  7 2300  -24.9  965.7   36.4  256.0   43.0  444.0
2023 189  7  8 0000  -25.2  967.9   29.8  261.0   48.0  444.0
2023 189  7  8 0100  -24.2  972.3   20.3  256.0   56.0  444.0
2023 189  7  8 0200  -25.0  971.2   19.4  274.0   57.0  444.0
2023 189  7  8 0300  -25.1  968.9   28.4  277.0   49.0  444.0
2023 189  7  8 0400  -24.8  967.8   28.1  263.0   49.0  444.0
2023 189  7  8 0500  -25.1  964.4   35.2  263.0   59.5  444.0
2023 189  7  8 0600  -23.8  963.3   37.2  256.0   48.0  444.0
2023 189  7  8 0700  -23.5  963.5   36.0  258.0   39.0  444.0
2023 189  7  8 0800  -23.4  962.5   35.9  260.0   38.0  444.0
2023 189  7  8 0900  -23.0  961.5   40.4  258.0   33.0  444.0
2023 189  7  8 1000  -23.2  961.6   34.2  258.0   36.2  444.0
2023 189  7  8 1100  -23.8  960.2   37.9  258.0   36.0  444.0
2023 189  7  8 1200  -23.2  961.4   37.8  258.0   35.0  444.0
2023 189  7  8 1300  -23.4  444.0   32.3  262.0   37.0  444.0
2023 189  7  8 1400  -23.2  961.7   36.4  256.0   35.4  444.0
2023 189  7  8 1500  -23.1  961.4   36.0  260.0   35.4  444.0
2023 189  7  8 1600  -22.9  958.7   39.4  261.0   34.0  444.0
2023 189  7  8 1700  -22.8  959.5   37.6  263.0   33.0  444.0
2023 189  7  8 1800  -22.6  960.0   36.5  263.0   33.0  444.0
2023 189  7  8 1900  -22.5  959.6   38.1  262.0   31.7  444.0
2023 189  7  8 2000  -22.5  957.7   39.5  261.0   33.0  444.0
2023 189  7  8 2100  -23.0  960.0   35.0  260.0   37.0  444.0
2023 189  7  8 2200  -23.9  962.6   37.2  264.0   42.0  444.0
2023 189  7  8 2300  -24.4  963.8   30.8  255.0   45.0  444.0
2023 190  7  9 0000  -24.9  960.7   38.8  257.0   42.5  444.0
2023 190  7  9 0100  -25.2  958.6   43.6  257.0   42.0  444.0
2023 190  7  9 0200  -25.3  959.6   41.8  253.0   47.0  444.0
2023 190  7  9 0300  -26.0  958.3   39.5  258.0   50.0  444.0
2023 190  7  9 0400  -26.5  959.8   38.0  251.0   45.6  444.0
2023 190  7  9 0500  -26.8  960.6   39.7  248.0   49.0  444.0
2023 190  7  9 0600  -26.7  959.2   41.1  252.0   41.0  444.0
2023 190  7  9 0700  -26.9  957.5   43.4  256.0   42.0  444.0
2023 190  7  9 0800  -26.0  960.7   34.3  260.0   41.0  444.0
2023 190  7  9 0900  -25.3  957.7   38.0  256.0   40.0  444.0
2023 190  7  9 1000  -24.5  955.9   34.9  259.0   39.0  444.0
2023 190  7  9 1100  -24.4  956.8   36.9  257.0   39.2  444.0
2023 190  7  9 1200  -24.2  956.3   35.9  262.0   39.0  444.0
2023 190  7  9 1300  -23.0  955.1   37.2  258.0   38.0  444.0
2023 190  7  9 1400  -22.5  954.5   36.5  255.0   38.0  444.0
2023 190  7  9 1500  -20.8  953.3   33.7  261.0   37.0  444.0
2023 190  7  9 1600  -20.2  953.0   32.0  268.0   36.6  444.0
2023 190  7  9 1700  -20.6  953.3   30.7  253.0   38.0  444.0
2023 190  7  9 1800  -17.9  953.5   25.9  263.0   35.0  444.0
2023 190  7  9 1900  -17.4  958.7   15.9  260.0   36.0  444.0
2023 190  7  9 2000  -20.9  958.8   25.9  239.0   42.0  444.0
2023 190  7  9 2100  -23.4  966.2    8.7  192.0   66.0  444.0
2023 190  7  9 2200  -23.8  967.4   17.0  230.0   48.0  444.0
2023 190  7  9 2300  -24.8  969.8   12.7  208.0   73.0  444.0
2023 191  7 10 0000  -24.2  972.0   12.6  213.0   75.0  444.0
2023 191  7 10 0100  -23.8  974.4    9.2  222.0   76.0  444.0
2023 191  7 10 0200  -23.2  976.2    9.4  226.0   77.3  444.0
2023 191  7 10 0300  -24.6  978.5    7.9  241.0   75.0  444.0
2023 191  7 10 0400  -25.5  979.9    9.4  256.0   76.0  444.0
2023 191  7 10 0500  -25.8  981.7   10.5  250.0   75.0  444.0
2023 191  7 10 0600  -26.0  982.9   10.3  247.0   76.0  444.0
2023 191  7 10 0700  -26.7  984.4    8.6  259.0   67.0  444.0
2023 191  7 10 0800  -26.8  984.6   11.1  264.0   64.0  444.0
2023 191  7 10 0900  -27.2  986.2    7.1  270.0   58.0  444.0
2023 191  7 10 1000  -26.9  986.3    7.5  281.0   59.0  444.0
2023 191  7 10 1100  -27.2  986.7   12.5  266.0   63.0  444.0
2023 191  7 10 1200  -26.8  987.0   16.9  259.0   71.0  444.0
2023 191  7 10 1300  -27.4  989.1   15.5  260.0   66.0  444.0
2023 191  7 10 1400  -27.0  989.3   14.7  263.0   64.0  444.0
2023 191  7 10 1500  -26.1  989.6   17.6  267.0   48.0  444.0
2023 191  7 10 1600  -26.4  990.5   18.6  260.0   47.0  444.0
2023 191  7 10 1700  -25.6  991.6   15.7  258.0   44.0  444.0
2023 191  7 10 1800  -25.9  992.7   12.0  253.0   48.0  444.0
2023 191  7 10 1900  -25.0  991.8   12.9  255.0   45.0  444.0
2023 191  7 10 2000  -25.2  993.3    9.5  241.0   47.0  444.0
2023 191  7 10 2100  -25.2  993.5   10.9  235.0   46.0  444.0
2023 191  7 10 2200  -24.9  994.2    5.0  297.0   46.0  444.0
2023 191  7 10 2300  -26.3  994.9    3.7  219.0   60.0  444.0
2023 192  7 11 0000  -25.3  994.3    3.0  251.0   54.0  444.0
2023 192  7 11 0100  -23.6  993.6    3.2  297.0   50.0  444.0
2023 192  7 11 0200  -22.4  993.1    1.8  322.0   49.0  444.0
2023 192  7 11 0300  -22.1  992.5    4.5  280.0   39.0  444.0
2023 192  7 11 0400  -23.3  992.4    4.0  248.0   44.0  444.0
2023 192  7 11 0500  -21.7  992.2    2.7   16.0   57.0  444.0
2023 192  7 11 0600  -22.8  991.5    4.7  249.0   44.0  444.0
2023 192  7 11 0700  -25.0  991.3    0.2  227.0   63.0  444.0
2023 192  7 11 0800  -24.1  990.7    2.1  215.0   58.0  444.0
2023 192  7 11 0900  -22.1  990.0    8.3  245.0   46.0  444.0
2023 192  7 11 1000  -22.1  989.7    7.2  242.0   44.0  444.0
2023 192  7 11 1100  -22.6  988.9    6.5  266.0   43.0  444.0
2023 192  7 11 1200  -24.2  988.3    6.4  245.0   50.2  444.0
2023 192  7 11 1300  -21.3  988.0    4.7  287.0   36.0  444.0
2023 192  7 11 1400  -21.2  987.8    3.9  286.0   38.6  444.0
2023 192  7 11 1500  -20.2  987.3    1.2  358.0   34.0  444.0
2023 192  7 11 1600  -19.4  986.8    2.5   10.0   34.0  444.0
2023 192  7 11 1700  -20.3  986.3    1.1  346.0   35.6  444.0
2023 192  7 11 1800  -21.3  986.0    0.7  254.0   36.0  444.0
2023 192  7 11 1900  -22.5  985.4    1.0  269.0   41.0  444.0
2023 192  7 11 2000  -20.9  985.0    1.7  318.0   40.0  444.0
2023 192  7 11 2100  -19.8  984.4    1.6  297.0   42.0  444.0
2023 192  7 11 2200  -19.9  984.1    2.9  299.0   35.0  444.0
2023 192  7 11 2300  -19.2  984.0    2.6    3.0   39.0  444.0
2023 193  7 12 0000  -19.6  983.7    0.9  330.0   36.3  444.0
2023 193  7 12 0100  -20.4  983.2    0.8  251.0   51.0  444.0
2023 193  7 12 0200  -18.9  982.7    0.9  282.0   33.0  444.0
2023 193  7 12 0300  -17.9  982.2    2.1   18.0   55.5  444.0
2023 193  7 12 0400  -17.9  982.0    2.5   36.0   64.4  444.0
2023 193  7 12 0500  -17.5  982.0    1.2   34.0   63.1  444.0
2023 193  7 12 0600  -18.0  981.6    2.8   49.0   76.0  444.0
2023 193  7 12 0700  -19.0  981.4    3.7   61.0   74.0  444.0
2023 193  7 12 0800  -18.6  981.3    3.7   43.0   73.0  444.0
2023 193  7 12 0900  -18.8  981.5    3.1   42.0   76.0  444.0
2023 193  7 12 1000  -17.9  981.3    2.3  216.0  444.0  444.0
2023 193  7 12 1100  -19.5  981.8    2.9   20.0   80.0  444.0
2023 193  7 12 1200  -20.7  981.6    1.6  218.0   43.0  444.0
2023 193  7 12 1300  -18.9  981.5    3.0  277.0   38.0  444.0
2023 193  7 12 1400  -19.8  981.6    0.4  207.0   44.0  444.0
2023 193  7 12 1500  -23.9  981.8    2.9  219.0   56.2  444.0
2023 193  7 12 1600  -25.1  982.2    2.5  200.0   81.0  444.0
2023 193  7 12 1700  -26.2  982.8    3.7  175.0   79.0  444.0
2023 193  7 12 1800  -27.0  983.2    4.9  175.0   78.0  444.0
2023 193  7 12 1900  -27.0  983.3    4.3  170.0   76.0  444.0
2023 193  7 12 2000  -27.1  983.8    2.5  181.0   75.0  444.0
2023 193  7 12 2100  -28.1  984.5    3.2  214.0   74.0  444.0
2023 193  7 12 2200  -27.6  984.9    2.5  200.0   76.0  444.0
2023 193  7 12 2300  -29.2  985.4    2.4  236.0   74.0  444.0
2023 194  7 13 0000  -28.8  985.5    3.6  246.0   74.0  444.0
2023 194  7 13 0100  -28.0  985.7    3.6  246.0   75.3  444.0
2023 194  7 13 0200  -27.2  986.1    3.0  226.0   75.0  444.0
2023 194  7 13 0300  -28.1  986.6    2.4  239.0   75.0  444.0
2023 194  7 13 0400  -27.1  986.9    2.0  241.0   75.0  444.0
2023 194  7 13 0500  -27.0  987.3    1.7  240.0   76.0  444.0
2023 194  7 13 0600  -27.1  987.3    1.2  234.0   76.4  444.0
2023 194  7 13 0700  -26.1  987.5    0.5  227.0   77.0  444.0
2023 194  7 13 0800  -27.9  987.9    1.1  211.0   77.0  444.0
2023 194  7 13 0900  -25.5  988.0    2.2  182.0   77.0  444.0
2023 194  7 13 1000  -26.0  988.2    5.0  222.0   71.3  444.0
2023 194  7 13 1100  -25.5  988.7    3.3  227.0   71.0  444.0
2023 194  7 13 1200  -25.0  989.1    9.3  229.0   45.0  444.0
2023 194  7 13 1300  -23.9  987.9   15.5  249.0   55.0  444.0
2023 194  7 13 1400  -23.8  988.1   19.9  250.0   49.0  444.0
2023 194  7 13 1500  -24.3  986.2   20.6  249.0   48.0  444.0
2023 194  7 13 1600  -25.6  987.6   20.5  257.0   56.0  444.0
2023 194  7 13 1700  -26.7  988.8   22.6  255.0   57.0  444.0
2023 194  7 13 1800  -27.4  988.0   26.0  258.0   62.0  444.0
2023 194  7 13 1900  -27.8  987.9   26.1  259.0   54.0  444.0
2023 194  7 13 2000  -27.9  989.4   27.9  255.0   50.0  444.0
2023 194  7 13 2100  -28.3  990.4   27.0  259.0   47.0  444.0
2023 194  7 13 2200  -28.3  990.7   25.4  258.0   49.0  444.0
2023 194  7 13 2300  -28.0  993.8   24.2  256.0   52.0  444.0
2023 195  7 14 0000  -28.4  992.8   23.1  262.0   50.0  444.0
2023 195  7 14 0100  -28.2  993.9   19.8  256.0   53.0  444.0
2023 195  7 14 0200  -28.0  993.1   19.1  259.0   50.0  444.0
2023 195  7 14 0300  -28.0  993.1   20.8  262.0   44.0  444.0
2023 195  7 14 0400  -27.7  992.7   18.7  264.0   45.0  444.0
2023 195  7 14 0500  -27.2  992.3   21.5  261.0   41.0  444.0
2023 195  7 14 0600  -26.8  992.1   22.5  260.0   41.0  444.0
2023 195  7 14 0700  -26.1  991.3   22.6  268.0   40.8  444.0
2023 195  7 14 0800  -25.7  989.6   26.8  268.0   39.0  444.0
2023 195  7 14 0900  -26.2  988.4   27.7  267.0   38.0  444.0
2023 195  7 14 1000  -25.6  987.6   27.7  270.0   35.0  444.0
2023 195  7 14 1100  -24.3  987.5   27.8  265.0   32.0  444.0
2023 195  7 14 1200  -24.5  986.1   27.4  268.0   35.0  444.0
2023 195  7 14 1300  -23.7  986.1   27.6  270.0   34.0  444.0
2023 195  7 14 1400  -24.2  983.9   30.3  270.0   33.0  444.0
2023 195  7 14 1500  -24.0  982.6   32.7  258.0   32.0  444.0
2023 195  7 14 1600  -23.2  980.5   32.4  260.0   31.0  444.0
2023 195  7 14 1700  -23.2  978.8   38.2  262.0   30.0  444.0
2023 195  7 14 1800  -22.8  979.8   36.6  262.0   30.0  444.0
2023 195  7 14 1900  -23.1  981.2   35.4  261.0   31.0  444.0
2023 195  7 14 2000  -22.8  980.0   35.5  256.0   30.0  444.0
2023 195  7 14 2100  -22.6  979.3   37.0  257.0   29.0  444.0
2023 195  7 14 2200  -22.1  979.2   34.3  256.0   29.0  444.0
2023 195  7 14 2300  -21.9  984.8   27.8  254.0   31.0  444.0
2023 196  7 15 0000  -21.2  982.8   30.3  254.0   29.0  444.0
2023 196  7 15 0100  -21.2  980.5   33.8  258.0   29.0  444.0
2023 196  7 15 0200  -21.1  979.7   34.9  260.0   29.0  444.0
2023 196  7 15 0300  -21.2  978.4   36.5  257.0   28.0  444.0
2023 196  7 15 0400  -22.0  980.1   35.7  261.0   29.0  444.0
2023 196  7 15 0500  -22.9  977.8   34.1  264.0   34.0  444.0
2023 196  7 15 0600  -22.9  981.5   29.6  258.0   36.0  444.0
2023 196  7 15 0700  -23.1  982.1   30.0  258.0   35.0  444.0
2023 196  7 15 0800  -23.6  981.9   27.4  263.0   37.0  444.0
2023 196  7 15 0900  -23.9  983.5   24.8  260.0   37.0  444.0
2023 196  7 15 1000  -24.3  984.7   23.7  257.0   38.0  444.0
2023 196  7 15 1100  -24.9  986.7   18.7  253.0   41.4  444.0
2023 196  7 15 1200  -25.4  985.6   22.3  261.0   41.0  444.0
2023 196  7 15 1300  -25.8  985.6   21.9  260.0   45.0  444.0
2023 196  7 15 1400  -26.2  985.4   23.5  260.0   46.0  444.0
2023 196  7 15 1500  -26.4  985.9   24.7  257.0   48.0  444.0
2023 196  7 15 1600  -26.2  987.8   23.5  258.0   49.0  444.0
2023 196  7 15 1700  -26.0  987.0   20.8  264.0   48.0  444.0
2023 196  7 15 1800  -25.8  988.3   18.9  264.0   49.0  444.0
2023 196  7 15 1900  -25.7  988.5   18.8  262.0   48.0  444.0
2023 196  7 15 2000  -25.4  989.7   19.0  263.0   48.0  444.0
2023 196  7 15 2100  -25.3  989.6   18.3  264.0   49.1  444.0
2023 196  7 15 2200  -25.0  990.3   17.7  262.0   48.0  444.0
2023 196  7 15 2300  -25.0  991.4   16.5  263.0   46.0  444.0
2023 197  7 16 0000  -25.1  990.9   20.4  264.0   44.0  444.0
2023 197  7 16 0100  -25.3  990.9   19.9  266.0   43.5  444.0
2023 197  7 16 0200  -25.2  991.3   20.7  266.0   42.8  444.0
2023 197  7 16 0300  -24.6  992.1   19.5  265.0   42.0  444.0
2023 197  7 16 0400  -24.3  992.6   20.4  265.0   42.0  444.0
2023 197  7 16 0500  -24.3  993.4   19.9  266.0   44.0  444.0
2023 197  7 16 0600  -24.3  993.3   20.6  267.0   42.0  444.0
2023 197  7 16 0700  -23.6  994.2   19.3  268.0   41.0  444.0
2023 197  7 16 0800  -23.3  994.6   17.9  266.0   41.0  444.0
2023 197  7 16 0900  -23.0  995.6   17.3  265.0   43.0  444.0
2023 197  7 16 1000  -22.5  995.6   18.7  268.0   41.0  444.0
2023 197  7 16 1100  -22.5  996.3   17.0  263.0   42.0  444.0
2023 197  7 16 1200  -22.2  996.6   14.5  263.0   46.0  444.0
2023 197  7 16 1300  -22.1  997.6   13.2  273.0   47.0  444.0
2023 197  7 16 1400  -22.4  997.8   11.0  265.0   46.0  444.0
2023 197  7 16 1500  -21.5  998.6   10.1  266.0   50.0  444.0
2023 197  7 16 1600  -21.3  999.4    4.1  266.0   54.3  444.0
2023 197  7 16 1700  -22.2  999.9    3.5  256.0   58.0  444.0
2023 197  7 16 1800  -20.8 1000.3    4.5  248.0   51.2  444.0
2023 197  7 16 1900  -20.1 1000.7    8.0  270.0   54.0  444.0
2023 197  7 16 2000  -21.2 1001.2    5.6  262.0   77.0  444.0
2023 197  7 16 2100  -20.5 1001.3    6.7  266.0   59.0  444.0
2023 197  7 16 2200  -21.5 1001.8    5.1  249.0   56.0  444.0
2023 197  7 16 2300  -20.8 1001.8    4.7  262.0   67.6  444.0
2023 198  7 17 0000  -20.5 1001.7    4.5  262.0   55.0  444.0
2023 198  7 17 0100  -20.7 1001.6    4.0  260.0   60.0  444.0
2023 198  7 17 0200  -19.9 1001.3    3.3  259.0   52.0  444.0
2023 198  7 17 0300  -20.3 1001.2    4.0  263.0   61.1  444.0
2023 198  7 17 0400  -20.4 1000.9    2.8  269.0   71.5  444.0
2023 198  7 17 0500  -20.1 1000.6    5.5  267.0   74.7  444.0
2023 198  7 17 0600  -20.6  999.5   13.1  276.0   56.0  444.0
2023 198  7 17 0700  -21.0  999.3   10.9  274.0   51.0  444.0
2023 198  7 17 0800  -21.2  998.2   11.7  284.0   50.0  444.0
2023 198  7 17 0900  -21.2  998.5    3.4  264.0   63.0  444.0
2023 198  7 17 1000  -23.4  998.6    5.4  269.0   81.0  444.0
2023 198  7 17 1100  -22.2  997.2    6.9  269.0   56.0  444.0
2023 198  7 17 1200  -21.5  996.4   12.6  278.0   50.0  444.0
2023 198  7 17 1300  -20.9  994.7   13.8  273.0   45.0  444.0
2023 198  7 17 1400  -19.9  992.4   20.9  268.0   39.0  444.0
2023 198  7 17 1500  -19.5  991.2   23.6  272.0   36.0  444.0
2023 198  7 17 1600  -18.9  989.1   24.1  277.0   37.0  444.0
2023 198  7 17 1700  -19.9  987.5   25.8  264.0   38.0  444.0
2023 198  7 17 1800  -20.0  987.3   24.7  274.0   40.0  444.0
2023 198  7 17 1900  -19.1  986.6   25.9  270.0   37.0  444.0
2023 198  7 17 2000  -19.1  983.2   31.7  261.0   36.0  444.0
2023 198  7 17 2100  -18.9  983.3   31.1  259.0   34.0  444.0
2023 198  7 17 2200  -19.5  982.0   32.3  259.0   36.0  444.0
2023 198  7 17 2300  -19.0  980.2   36.1  257.0   34.0  444.0
2023 199  7 18 0000  -19.0  979.2   36.3  258.0   35.0  444.0
2023 199  7 18 0100  -19.7  979.2   32.1  257.0   36.4  444.0
2023 199  7 18 0200  -20.0  979.9   31.1  257.0   37.0  444.0
2023 199  7 18 0300  -19.8  977.1   36.3  260.0   34.0  444.0
2023 199  7 18 0400  -19.6  976.3   36.6  261.0   34.0  444.0
2023 199  7 18 0500  -19.5  974.6   38.3  260.0   36.0  444.0
2023 199  7 18 0600  -20.3  976.9   35.6  254.0   37.0  444.0
2023 199  7 18 0700  -21.5  978.1   30.0  253.0   38.0  444.0
2023 199  7 18 0800  -22.3  977.1   29.6  253.0   39.5  444.0
2023 199  7 18 0900  -21.9  978.4   27.0  257.0   38.0  444.0
2023 199  7 18 1000  -21.8  979.9   22.5  257.0   38.0  444.0
2023 199  7 18 1100  -21.6  979.6   23.7  258.0   37.0  444.0
2023 199  7 18 1200  -21.7  979.9   23.2  255.0   38.0  444.0
2023 199  7 18 1300  -21.8  979.7   23.9  254.0   36.8  444.0
2023 199  7 18 1400  -22.1  979.4   23.3  255.0   36.0  444.0
2023 199  7 18 1500  -22.1  980.4   18.5  257.0   37.0  444.0
2023 199  7 18 1600  -22.3  980.6   20.1  257.0   37.0  444.0
2023 199  7 18 1700  -22.6  979.2   21.6  251.0   36.0  444.0
2023 199  7 18 1800  -23.0  977.5   25.2  255.0   35.0  444.0
2023 199  7 18 1900  -23.5  975.7   28.8  258.0   34.0  444.0
2023 199  7 18 2000  -24.0  978.3   25.3  252.0   35.0  444.0
2023 199  7 18 2100  -24.9  978.5   24.4  251.0   35.0  444.0
2023 199  7 18 2200  -25.6  976.6   27.0  253.0   37.0  444.0
2023 199  7 18 2300  -26.7  977.1   24.5  255.0   39.0  444.0
2023 200  7 19 0000  -28.3  976.6   26.5  252.0   44.0  444.0
2023 200  7 19 0100  -29.4  973.0   32.0  254.0   54.0  444.0
2023 200  7 19 0200  -29.6  973.8   32.4  256.0   49.0  444.0
2023 200  7 19 0300  -29.6  973.8   27.6  254.0   47.0  444.0
2023 200  7 19 0400  -29.3  975.3   23.2  252.0   43.0  444.0
2023 200  7 19 0500  -29.4  974.4   22.0  255.0   44.0  444.0
2023 200  7 19 0600  -29.4  975.2   22.2  253.0   43.9  444.0
2023 200  7 19 0700  -29.4  975.2   22.9  256.0   39.8  444.0
2023 200  7 19 0800  -29.4  975.1   21.9  252.0   41.0  444.0
2023 200  7 19 0900  -29.2  977.8   18.5  252.0   40.0  444.0
2023 200  7 19 1000  -29.8  978.8    4.9  215.0   52.0  444.0
2023 200  7 19 1100  -28.6  975.7   18.4  252.0   39.0  444.0
2023 200  7 19 1200  -29.2  977.6   11.5  231.0   44.1  444.0
2023 200  7 19 1300  -28.0  975.3   19.7  257.0   36.0  444.0
2023 200  7 19 1400  -27.6  976.0   19.0  257.0   37.0  444.0
2023 200  7 19 1500  -27.4  975.2   20.9  265.0   34.0  444.0
2023 200  7 19 1600  -27.6  975.3   20.6  262.0   35.0  444.0
2023 200  7 19 1700  -28.9  975.6   19.9  257.0   38.0  444.0
2023 200  7 19 1800  -29.4  974.7   23.2  261.0   36.0  444.0
2023 200  7 19 1900  -30.2  976.3   20.3  260.0   37.0  444.0
2023 200  7 19 2000  -30.6  974.8   27.8  262.0   34.0  444.0
2023 200  7 19 2100  -30.8  974.3   30.0  263.0   34.0  444.0
2023 200  7 19 2200  -30.7  975.2   29.6  264.0   34.0  444.0
2023 200  7 19 2300  -30.4  975.0   28.0  262.0   33.0  444.0
2023 201  7 20 0000  -30.8  976.9   27.8  263.0   31.0  444.0
2023 201  7 20 0100  -31.2  974.6   28.5  263.0   31.0  444.0
2023 201  7 20 0200  -31.3  975.9   28.8  260.0   31.0  444.0
2023 201  7 20 0300  -31.5  973.6   31.0  264.0   29.6  444.0
2023 201  7 20 0400  -31.4  971.5   34.3  261.0   29.0  444.0
2023 201  7 20 0500  -31.9  971.1   35.5  263.0   28.5  444.0
2023 201  7 20 0600  -31.8  974.1   34.3  265.0   28.0  444.0
2023 201  7 20 0700  -32.0  974.7   32.7  265.0   28.0  444.0
2023 201  7 20 0800  -32.2  972.7   31.0  261.0   30.0  444.0
2023 201  7 20 0900  -31.8  973.0   28.9  258.0   30.0  444.0
2023 201  7 20 1000  -31.5  973.7   31.1  259.0   29.4  444.0
2023 201  7 20 1100  -31.5  973.3   31.5  260.0   29.0  444.0
2023 201  7 20 1200  -31.5  968.6   34.3  261.0   30.0  444.0
2023 201  7 20 1300  -31.1  444.0   38.5  259.0   28.0  444.0
2023 201  7 20 1400  -31.4  969.2   36.4  255.0   29.0  444.0
2023 201  7 20 1500  -31.4  968.1   37.9  255.0   28.0  444.0
2023 201  7 20 1600  -30.9  968.6   37.5  253.0   29.0  444.0
2023 201  7 20 1700  -30.0  968.8   36.8  257.0   28.0  444.0
2023 201  7 20 1800  -29.9  968.7   38.8  255.0   29.0  444.0
2023 201  7 20 1900  -29.4  970.7   35.3  253.0   29.0  444.0
2023 201  7 20 2000  -29.4  968.4   37.0  251.0   28.6  444.0
2023 201  7 20 2100  -29.5  969.4   35.2  259.0   31.0  444.0
2023 201  7 20 2200  -29.1  971.5   34.6  259.0   31.0  444.0
2023 201  7 20 2300  -28.7  970.1   35.5  260.0   29.0  444.0
2023 202  7 21 0000  -29.2  974.1   32.9  254.0   29.0  444.0
2023 202  7 21 0100  -30.6  974.5   30.8  247.0   33.7  444.0
2023 202  7 21 0200  -31.1  975.6   32.4  248.0   32.0  444.0
2023 202  7 21 0300  -31.7  977.6   29.0  254.0   35.0  444.0
2023 202  7 21 0400  -31.9  977.7   30.9  251.0   36.0  444.0
2023 202  7 21 0500  -32.5  979.4   26.3  254.0   37.0  444.0
2023 202  7 21 0600  -32.5  979.7   26.6  257.0   37.0  444.0
2023 202  7 21 0700  -32.3  979.7   26.7  255.0   37.0  444.0
2023 202  7 21 0800  -32.0  980.2   24.9  259.0   38.8  444.0
2023 202  7 21 0900  -32.1  978.8   27.6  263.0   37.0  444.0
2023 202  7 21 1000  -32.2  979.3   24.9  262.0   38.0  444.0
2023 202  7 21 1100  -31.8  978.9   26.5  262.0   36.0  444.0
2023 202  7 21 1200  -31.3  978.1   29.4  263.0   33.0  444.0
2023 202  7 21 1300  -30.6  975.4   32.3  265.0   32.9  444.0
2023 202  7 21 1400  -30.5  975.6   34.4  259.0   33.0  444.0
2023 202  7 21 1500  -30.3  975.6   33.3  257.0   32.0  444.0
2023 202  7 21 1600  -30.2  976.1   33.6  260.0   33.0  444.0
2023 202  7 21 1700  -29.9  974.6   33.0  260.0   32.0  444.0
2023 202  7 21 1800  -29.2  974.1   33.9  256.0   32.7  444.0
2023 202  7 21 1900  -28.6  974.9   31.2  259.0   33.0  444.0
2023 202  7 21 2000  -28.3  971.4   33.8  257.0   32.0  444.0
2023 202  7 21 2100  -27.3  972.2   33.6  257.0   30.0  444.0
2023 202  7 21 2200  -26.8  969.5   32.8  260.0   30.0  444.0
2023 202  7 21 2300  -25.9  968.2   37.9  254.0   29.9  444.0
2023 203  7 22 0000  -25.3  970.8   32.6  253.0   29.0  444.0
2023 203  7 22 0100  -25.2  970.2   29.0  249.0   33.0  444.0
2023 203  7 22 0200  -24.9  970.2   27.6  258.0   32.0  444.0
2023 203  7 22 0300  -25.7  967.7   28.4  262.0   33.6  444.0
2023 203  7 22 0400  -25.8  966.5   29.6  262.0   34.0  444.0
2023 203  7 22 0500  -25.8  963.1   29.1  259.0   32.0  444.0
2023 203  7 22 0600  -25.6  961.6   35.5  257.0   31.0  444.0
2023 203  7 22 0700  -24.6  956.7   39.6  255.0   30.0  444.0
2023 203  7 22 0800  -23.6  957.3   31.1  250.0   29.0  444.0
2023 203  7 22 0900  -22.9  956.9   39.4  252.0   26.0  444.0
2023 203  7 22 1000  -24.4  955.5   39.9  253.0   28.0  444.0
2023 203  7 22 1100  -24.6  953.4   43.0  257.0   26.0  444.0
2023 203  7 22 1200  -25.8  955.2   44.7  255.0   27.0  444.0
2023 203  7 22 1300  -26.2  958.2   38.0  250.0   27.0  444.0
2023 203  7 22 1400  -27.0  959.5   37.6  250.0   28.0  444.0
2023 203  7 22 1500  -27.5  960.9   33.1  248.0   32.0  444.0
2023 203  7 22 1600  -30.4  961.7   37.6  242.0   57.0  444.0
2023 203  7 22 1700  -32.7  963.3   39.1  237.0   50.0  444.0
2023 203  7 22 1800  -33.9  965.1   37.6  244.0   58.0  444.0
2023 203  7 22 1900  -34.8  965.6   37.0  244.0   66.4  444.0
2023 203  7 22 2000  -34.6  967.4   31.3  250.0   66.0  444.0
2023 203  7 22 2100  -34.3  968.3   32.1  254.0   65.0  444.0
2023 203  7 22 2200  -33.6  971.3   28.2  246.0   63.0  444.0
2023 203  7 22 2300  -33.1  972.8   25.0  246.0   67.0  444.0
2023 204  7 23 0000  -33.1  972.8   24.4  245.0   67.4  444.0
2023 204  7 23 0100  -33.4  973.6   20.5  238.0   65.1  444.0
2023 204  7 23 0200  -34.6  972.3   28.0  234.0   49.0  444.0
2023 204  7 23 0300  -35.0  973.8   24.6  232.0   55.0  444.0
2023 204  7 23 0400  -35.9  973.0   27.0  236.0   50.0  444.0
2023 204  7 23 0500  -36.0  973.9   26.9  240.0   55.0  444.0
2023 204  7 23 0600  -35.8  974.9   22.0  235.0   50.2  444.0
2023 204  7 23 0700  -36.4  975.2   22.7  235.0   64.0  444.0
2023 204  7 23 0800  -36.4  976.4   22.9  236.0   64.0  444.0
2023 204  7 23 0900  -36.4  974.8   24.0  241.0   62.0  444.0
2023 204  7 23 1000  -36.8  976.4   21.7  236.0   59.0  444.0
2023 204  7 23 1100  -36.5  976.6   19.5  241.0   54.0  444.0
2023 204  7 23 1200  -36.9  976.7   17.9  236.0   61.0  444.0
2023 204  7 23 1300  -36.7  976.0   18.9  246.0   56.0  444.0
2023 204  7 23 1400  -36.4  976.7   17.9  239.0   50.0  444.0
2023 204  7 23 1500  -36.8  976.3   17.3  240.0   52.0  444.0
2023 204  7 23 1600  -37.2  976.3   18.2  246.0   52.0  444.0
2023 204  7 23 1700  -37.1  975.8   15.0  250.0   57.0  444.0
2023 204  7 23 1800  -36.7  975.8   16.7  247.0   49.0  444.0
2023 204  7 23 1900  -36.1  974.6   17.3  252.0   43.0  444.0
2023 204  7 23 2000  -35.5  974.9   14.8  249.0   45.0  444.0
2023 204  7 23 2100  -35.5  974.3   14.8  245.0   43.0  444.0
2023 204  7 23 2200  -35.5  973.9   13.7  246.0   45.0  444.0
2023 204  7 23 2300  -35.5  973.7   11.8  248.0   44.0  444.0
2023 205  7 24 0000  -34.8  974.0   10.2  254.0   42.0  444.0
2023 205  7 24 0100  -34.8  973.1    9.1  250.0   43.0  444.0
2023 205  7 24 0200  -34.8  972.3    9.6  250.0   45.0  444.0
2023 205  7 24 0300  -34.7  972.1   10.1  247.0   48.0  444.0
2023 205  7 24 0400  -34.0  972.1    8.1  260.0   44.0  444.0
2023 205  7 24 0500  -34.0  972.0    8.3  262.0   47.0  444.0
2023 205  7 24 0600  -34.0  971.7    5.3  259.0   49.0  444.0
2023 205  7 24 0700  -34.2  971.5    6.6  258.0   48.0  444.0
2023 205  7 24 0800  -34.1  971.2    5.6  254.0   49.0  444.0
2023 205  7 24 0900  -34.3  971.4    4.2  254.0   53.0  444.0
2023 205  7 24 1000  -34.9  971.4    2.0  239.0   58.0  444.0
2023 205  7 24 1100  -35.5  971.5    1.5  243.0   63.0  444.0
2023 205  7 24 1200  -35.4  971.6    1.5  223.0   61.0  444.0
2023 205  7 24 1300  -35.5  971.8    2.1  221.0   64.0  444.0
2023 205  7 24 1400  -35.5  972.0    2.2  238.0   65.0  444.0
2023 205  7 24 1500  -35.6  972.1    1.9  253.0   67.0  444.0
2023 205  7 24 1600  -34.8  972.3    2.2  212.0   67.0  444.0
2023 205  7 24 1700  -34.9  972.6    2.0  256.0   67.0  444.0
2023 205  7 24 1800  -33.7  972.9    2.2  257.0   67.0  444.0
2023 205  7 24 1900  -33.4  973.0    2.5  257.0   68.0  444.0
2023 205  7 24 2000  -33.4  973.2    2.6  262.0   69.0  444.0
2023 205  7 24 2100  -32.7  973.2    4.6  268.0   68.0  444.0
2023 205  7 24 2200  -32.8  973.8    4.2  261.0   64.0  444.0
2023 205  7 24 2300  -33.8  974.1    0.8  259.0   68.0  444.0
2023 206  7 25 0000  -33.2  974.3    1.7  250.0   69.0  444.0
2023 206  7 25 0100  -32.6  974.4    1.5  246.0   70.0  444.0
2023 206  7 25 0200  -32.5  974.4    1.4  255.0   68.0  444.0
2023 206  7 25 0300  -32.3  974.5    2.6  259.0   69.3  444.0
2023 206  7 25 0400  -32.3  974.8    1.7  259.0   71.0  444.0
2023 206  7 25 0500  -31.8  974.5    2.5  268.0   71.0  444.0
2023 206  7 25 0600  -31.3  974.1    4.0  270.0   70.0  444.0
2023 206  7 25 0700  -31.1  973.9    4.7  267.0   70.0  444.0
2023 206  7 25 0800  -31.4  973.7    1.5  240.0   72.0  444.0
2023 206  7 25 0900  -31.6  973.6    1.9  230.0   72.0  444.0
2023 206  7 25 1000  -31.9  973.4    3.2  259.0   71.7  444.0
2023 206  7 25 1100  -31.5  973.0    4.7  271.0   69.0  444.0
2023 206  7 25 1200  -31.8  972.4    5.2  267.0   64.0  444.0
2023 206  7 25 1300  -31.7  971.9    5.1  274.0   60.0  444.0
2023 206  7 25 1400  -32.1  971.2    7.3  272.0   60.5  444.0
2023 206  7 25 1500  -32.2  970.6    8.6  275.0   54.5  444.0
2023 206  7 25 1600  -33.2  970.4    8.8  275.0   55.0  444.0
2023 206  7 25 1700  -33.2  969.6   10.4  275.0   54.0  444.0
2023 206  7 25 1800  -34.2  969.2    8.3  266.0   57.0  444.0
2023 206  7 25 1900  -35.1  968.7   11.1  266.0   67.0  444.0
2023 206  7 25 2000  -35.4  968.4   12.9  268.0   67.9  444.0
2023 206  7 25 2100  -37.8  966.5   23.0  262.0   67.0  444.0
2023 206  7 25 2200  -38.2  965.9   21.8  258.0   67.0  444.0
2023 206  7 25 2300  -37.0  965.3   21.2  258.0   67.0  444.0
2023 207  7 26 0000  -36.3  965.8   19.9  260.0   67.8  444.0
2023 207  7 26 0100  -34.8  965.3   18.0  260.0   68.0  444.0
2023 207  7 26 0200  -34.5  965.5   19.5  255.0   67.3  444.0
2023 207  7 26 0300  -34.3  965.6   19.1  252.0   66.0  444.0
2023 207  7 26 0400  -35.3  965.9   20.6  251.0   68.0  444.0
2023 207  7 26 0500  -33.8  965.8   16.5  268.0   63.0  444.0
2023 207  7 26 0600  -33.9  966.7    7.2  253.0   52.0  444.0
2023 207  7 26 0700  -33.2  966.7    9.2  257.0   50.8  444.0
2023 207  7 26 0800  -34.4  964.8   19.7  254.0   62.0  444.0
2023 207  7 26 0900  -33.8  966.9   10.4  257.0   57.0  444.0
2023 207  7 26 1000  -33.3  966.1   14.7  264.0   52.0  444.0
2023 207  7 26 1100  -33.1  966.4   14.8  258.0   50.0  444.0
2023 207  7 26 1200  -34.1  966.6    8.1  277.0   49.4  444.0
2023 207  7 26 1300  -36.0  966.8    8.4  276.0   51.0  444.0
2023 207  7 26 1400  -38.0  966.6    4.6  280.0   59.0  444.0
2023 207  7 26 1500  -35.6  966.6    9.1  271.0   56.0  444.0
2023 207  7 26 1600  -33.3  966.5    4.8  265.0   44.0  444.0
2023 207  7 26 1700  -33.7  964.8   15.9  264.0   36.8  444.0
2023 207  7 26 1800  -34.1  965.7   10.6  266.0   39.0  444.0
2023 207  7 26 1900  -35.3  966.4    4.6  271.0   49.0  444.0
2023 207  7 26 2000  -34.6  965.1   15.6  270.0   39.0  444.0
2023 207  7 26 2100  -34.6  964.9    3.0  255.0   42.0  444.0
2023 207  7 26 2200  -35.0  964.3   22.7  254.0   47.0  444.0
2023 207  7 26 2300  -34.7  965.6   17.6  258.0   47.0  444.0
2023 208  7 27 0000  -34.9  966.0   19.2  255.0   51.0  444.0
2023 208  7 27 0100  -34.8  964.9   21.4  249.0   52.0  444.0
2023 208  7 27 0200  -34.6  966.1   18.3  258.0   42.0  444.0
2023 208  7 27 0300  -33.3  967.5   19.4  250.0   44.0  444.0
2023 208  7 27 0400  -32.8  967.5   21.1  264.0   40.0  444.0
2023 208  7 27 0500  -32.3  968.2   19.8  269.0   39.4  444.0
2023 208  7 27 0600  -31.3  969.2   18.2  271.0   39.0  444.0
2023 208  7 27 0700  -31.9  967.6   23.0  263.0   52.0  444.0
2023 208  7 27 0800  -31.9  968.3   22.7  247.0   46.0  444.0
2023 208  7 27 0900  -30.6  968.9   26.9  264.0   35.0  444.0
2023 208  7 27 1000  -31.3  970.3   24.9  253.0   40.0  444.0
2023 208  7 27 1100  -30.6  970.7   20.4  264.0   38.0  444.0
2023 208  7 27 1200  -31.0  973.9   14.6  230.0   45.0  444.0
2023 208  7 27 1300  -30.3  972.8   16.4  252.0   42.0  444.0
2023 208  7 27 1400  -30.0  974.8    7.5  273.0   36.0  444.0
2023 208  7 27 1500  -31.0  974.0   12.2  280.0   37.0  444.0
2023 208  7 27 1600  -30.2  974.9    8.3  269.0   34.0  444.0
2023 208  7 27 1700  -30.0  974.4   14.4  276.0   35.0  444.0
2023 208  7 27 1800  -30.5  974.3   13.7  284.0   39.0  444.0
2023 208  7 27 1900  -30.9  974.9   11.8  270.0   46.0  444.0
2023 208  7 27 2000  -31.4  975.5    7.7  250.0   51.0  444.0
2023 208  7 27 2100  -31.1  975.8    7.3  257.0   53.0  444.0
2023 208  7 27 2200  -30.3  976.2    8.2  261.0   45.0  444.0
2023 208  7 27 2300  -31.2  976.5    6.8  257.0   50.0  444.0
2023 209  7 28 0000  -31.1  976.9    6.0  255.0   51.7  444.0
2023 209  7 28 0100  -30.4  977.2    4.6  259.0   47.0  444.0
2023 209  7 28 0200  -29.3  977.6    7.1  267.0   40.0  444.0
2023 209  7 28 0300  -29.7  978.0    4.8  262.0   43.0  444.0
2023 209  7 28 0400  -29.2  978.0    5.2  267.0   42.0  444.0
2023 209  7 28 0500  -29.2  978.2    3.7  261.0   42.0  444.0
2023 209  7 28 0600  -29.8  978.6    2.9  258.0   41.5  444.0
2023 209  7 28 0700  -30.8  978.9    3.0  229.0   47.0  444.0
2023 209  7 28 0800  -31.1  978.9    2.3  261.0   54.0  444.0
2023 209  7 28 0900  -30.4  979.1    2.3  258.0   68.0  444.0
2023 209  7 28 1000  -30.2  979.1    3.0  195.0   73.0  444.0
2023 209  7 28 1100  -30.1  979.0    3.3  213.0   73.0  444.0
2023 209  7 28 1200  -31.3  979.0    2.9  259.0   72.0  444.0
2023 209  7 28 1300  -31.5  978.9    3.7  262.0   72.0  444.0
2023 209  7 28 1400  -31.3  979.0    4.8  264.0   71.0  444.0
2023 209  7 28 1500  -30.6  979.1    4.5  266.0   72.0  444.0
2023 209  7 28 1600  -30.6  979.2    2.7  265.0   72.0  444.0
2023 209  7 28 1700  -31.3  978.6    3.2  270.0   72.0  444.0
2023 209  7 28 1800  -29.9  978.1    4.5  280.0   72.0  444.0
2023 209  7 28 1900  -29.4  977.7    3.6  283.0   72.0  444.0
2023 209  7 28 2000  -28.8  977.3    0.8  293.0   70.0  444.0
2023 209  7 28 2100  -28.0  977.0    4.4  284.0   67.0  444.0
2023 209  7 28 2200  -28.8  976.7    4.2  281.0   67.0  444.0
2023 209  7 28 2300  -29.9  976.4    4.4  279.0   69.0  444.0
2023 210  7 29 0000  -28.6  976.2    3.6  282.0   60.9  444.0
2023 210  7 29 0100  -27.4  975.4    8.6  273.0   51.0  444.0
2023 210  7 29 0200  -27.7  974.9    8.7  270.0   51.0  444.0
2023 210  7 29 0300  -29.4  974.7    6.0  273.0   60.0  444.0
2023 210  7 29 0400  -28.2  973.4   12.2  264.0   63.0  444.0
2023 210  7 29 0500  -28.2  972.7   15.7  265.0   66.0  444.0
2023 210  7 29 0600  -28.2  971.6   19.4  263.0   69.0  444.0
2023 210  7 29 0700  -28.6  969.6   24.0  262.0   66.0  444.0
2023 210  7 29 0800  -28.0  968.7   24.7  263.0   40.0  444.0
2023 210  7 29 0900  -28.1  968.6   26.4  262.0   40.0  444.0
2023 210  7 29 1000  -28.2  968.4   22.7  265.0   40.4  444.0
2023 210  7 29 1100  -28.0  967.8   23.5  266.0   39.0  444.0
2023 210  7 29 1200  -28.7  967.0   26.7  265.0   45.0  444.0
2023 210  7 29 1300  -28.5  965.8   26.9  269.0   38.0  444.0
2023 210  7 29 1400  -28.4  965.6   26.5  269.0   40.0  444.0
2023 210  7 29 1500  -28.2  965.3   26.6  270.0   39.0  444.0
2023 210  7 29 1600  -27.6  963.3   29.1  271.0   37.0  444.0
2023 210  7 29 1700  -26.4  963.3   28.3  268.0   37.0  444.0
2023 210  7 29 1800  -26.5  961.8   30.1  268.0   36.0  444.0
2023 210  7 29 1900  -26.6  962.7   29.8  268.0   37.0  444.0
2023 210  7 29 2000  -27.3  960.5   30.9  265.0   39.0  444.0
2023 210  7 29 2100  -28.3  958.1   39.4  264.0   39.0  444.0
2023 210  7 29 2200  -28.3  961.5   32.1  259.0   41.0  444.0
2023 210  7 29 2300  -28.5  958.8   38.2  262.0   39.0  444.0
2023 211  7 30 0000  -29.2  959.1   36.2  256.0   42.0  444.0
2023 211  7 30 0100  -29.7  959.0   34.3  258.0   43.0  444.0
2023 211  7 30 0200  -29.7  956.9   39.6  259.0   39.4  444.0
2023 211  7 30 0300  -29.9  957.9   36.5  260.0   39.0  444.0
2023 211  7 30 0400  -30.4  960.8   34.7  254.0   39.0  444.0
2023 211  7 30 0500  -30.9  961.9   35.3  258.0   40.0  444.0
2023 211  7 30 0600  -31.3  963.6   30.9  256.0   43.0  444.0
2023 211  7 30 0700  -30.9  965.7   28.1  256.0   42.0  444.0
2023 211  7 30 0800  -30.7  965.8   29.9  254.0   40.6  444.0
2023 211  7 30 0900  -30.8  966.3   27.6  256.0   39.0  444.0
2023 211  7 30 1000  -31.2  967.5   27.0  254.0   45.0  444.0
2023 211  7 30 1100  -31.9  968.7   25.2  257.0   47.0  444.0
2023 211  7 30 1200  -31.6  972.2   20.7  256.0   49.0  444.0
2023 211  7 30 1300  -31.7  972.7   19.4  250.0   55.6  444.0
2023 211  7 30 1400  -32.1  973.5   16.9  248.0   57.9  444.0
2023 211  7 30 1500  -32.2  973.5   19.2  255.0   57.0  444.0
2023 211  7 30 1600  -32.8  973.5   24.4  259.0   56.0  444.0
2023 211  7 30 1700  -33.2  973.4   24.7  259.0   58.0  444.0
2023 211  7 30 1800  -33.1  973.1   23.0  258.0   50.0  444.0
2023 211  7 30 1900  -33.3  974.4   22.1  258.0   48.0  444.0
2023 211  7 30 2000  -33.7  973.7   25.4  263.0   45.0  444.0
2023 211  7 30 2100  -34.2  975.3   25.2  261.0   47.0  444.0
2023 211  7 30 2200  -34.6  974.3   26.5  260.0   47.0  444.0
2023 211  7 30 2300  -35.0  976.2   25.1  261.0   46.0  444.0
2023 212  7 31 0000  -35.1  976.5   24.1  262.0   42.5  444.0
2023 212  7 31 0100  -35.3  977.8   21.9  263.0   41.0  444.0
2023 212  7 31 0200  -35.6  978.9   21.8  268.0   41.0  444.0
2023 212  7 31 0300  -35.8  978.8   22.7  271.0   41.0  444.0
2023 212  7 31 0400  -36.0  979.2   23.4  272.0   38.0  444.0
2023 212  7 31 0500  -34.8  981.6   16.1  268.0   40.0  444.0
2023 212  7 31 0600  -35.3  982.6   14.9  270.0   55.0  444.0
2023 212  7 31 0700  -35.1  982.7   15.0  274.0   55.0  444.0
2023 212  7 31 0800  -35.2  982.8   15.8  278.0   56.0  444.0
2023 212  7 31 0900  -35.5  983.3   16.9  278.0   57.0  444.0
2023 212  7 31 1000  -36.0  983.4   16.0  278.0   55.0  444.0
2023 212  7 31 1100  -36.2  983.7   14.5  279.0   55.0  444.0
2023 212  7 31 1200  -36.2  983.1   17.1  274.0   56.0  444.0
2023 212  7 31 1300  -35.5  983.9   15.8  281.0   52.0  444.0
2023 212  7 31 1400  -33.4  985.0   11.5  279.0   43.0  444.0
2023 212  7 31 1500  -32.8  985.5   10.9  276.0   43.1  444.0
2023 212  7 31 1600  -32.4  986.5    9.4  272.0   44.0  444.0
2023 212  7 31 1700  -32.5  986.5   10.5  273.0   51.0  444.0
2023 212  7 31 1800  -32.0  987.0    9.9  274.0   53.0  444.0
2023 212  7 31 1900  -32.2  987.2    9.6  274.0   50.0  444.0
2023 212  7 31 2000  -32.3  987.1   10.4  276.0   50.4  444.0
2023 212  7 31 2100  -33.0  987.3   11.7  274.0   51.5  444.0
2023 212  7 31 2200  -33.6  987.1   13.0  276.0   51.0  444.0
2023 212  7 31 2300  -32.1  987.2   13.4  280.0   44.0  444.0
