Year: 2024  Month: 05  ID: MLA  ARGOS:  8905  Name: Manuela             
Lat: 74.95S  Lon: 163.69E  Elev:   78m
2024 122  5  1 0000  -25.5  969.8   10.8  276.0   80.0  444.0
2024 122  5  1 0100  -25.2  970.1   11.8  277.0   81.0  444.0
2024 122  5  1 0200  -25.2  970.4   12.0  277.0   81.0  444.0
2024 122  5  1 0300  -25.2  970.7   12.2  274.0   81.0  444.0
2024 122  5  1 0400  -25.0  971.4   11.5  276.0   81.0  444.0
2024 122  5  1 0500  -24.8  972.5   11.0  278.0   81.1  444.0
2024 122  5  1 0600  -24.1  973.2   10.0  274.0   82.0  444.0
2024 122  5  1 0700  -24.0  974.3    9.3  272.0   82.0  444.0
2024 122  5  1 0800  -24.1  974.8   10.0  276.0   82.0  444.0
2024 122  5  1 0900  -23.6  975.5   10.1  276.0   83.0  444.0
2024 122  5  1 1000  -23.2  976.4    9.3  272.0   83.0  444.0
2024 122  5  1 1100  -23.6  977.2    9.6  271.0   83.0  444.0
2024 122  5  1 1200  -23.3  977.9    8.4  266.0   83.0  444.0
2024 122  5  1 1300  -23.4  979.0    7.3  263.0   83.0  444.0
2024 122  5  1 1400  -23.4  979.9    5.7  248.0   83.2  444.0
2024 122  5  1 1500  -21.6  980.8    8.6  210.0   85.6  444.0
2024 122  5  1 1600  -21.8  982.0    8.6  207.0   85.0  444.0
2024 122  5  1 1700  -21.8  983.4    7.5  208.0   85.0  444.0
2024 122  5  1 1800  -21.8  984.2    6.1  207.0   85.0  444.0
2024 122  5  1 1900  -21.6  985.3    5.5  216.0   86.0  444.0
2024 122  5  1 2000  -21.1  986.2    4.3  205.0   86.0  444.0
2024 122  5  1 2100  -21.3  986.7    5.3  251.0   86.0  444.0
2024 122  5  1 2200  -20.9  987.0    6.4  270.0   87.0  444.0
2024 122  5  1 2300  -20.8  987.4    8.1  274.0   87.0  444.0
2024 123  5  2 0000  -20.9  987.4    7.6  274.0   86.0  444.0
2024 123  5  2 0100  -21.2  987.4    7.2  273.0   86.0  444.0
2024 123  5  2 0200  -20.8  987.5    7.2  273.0   88.0  444.0
2024 123  5  2 0300  -20.9  987.2    9.3  277.0   86.7  444.0
2024 123  5  2 0400  -21.3  986.8    8.8  279.0   86.0  444.0
2024 123  5  2 0500  -21.4  985.7   11.3  278.0   86.0  444.0
2024 123  5  2 0600  -22.6  984.8   11.5  274.0   84.0  444.0
2024 123  5  2 0700  -22.1  983.9   17.5  272.0   85.0  444.0
2024 123  5  2 0800  -21.6  983.2   18.9  268.0   86.0  444.0
2024 123  5  2 0900  -22.4  982.6   21.3  271.0   85.0  444.0
2024 123  5  2 1000  -22.7  981.6   23.0  270.0   84.0  444.0
2024 123  5  2 1100  -23.9  980.4   23.7  273.0   82.0  444.0
2024 123  5  2 1200  -24.7  981.4   18.6  265.0   82.0  444.0
2024 123  5  2 1300  -24.1  980.3   18.5  272.0   83.0  444.0
2024 123  5  2 1400  -23.7  979.6   18.6  268.0   83.0  444.0
2024 123  5  2 1500  -23.5  981.1   11.2  269.0   83.0  444.0
2024 123  5  2 1600  -24.7  980.5   12.2  270.0   82.0  444.0
2024 123  5  2 1700  -25.1  980.7   12.9  268.0   81.0  444.0
2024 123  5  2 1800  -24.9  980.6   13.4  274.0   82.0  444.0
2024 123  5  2 1900  -24.9  980.1   13.3  265.0   82.0  444.0
2024 123  5  2 2000  -24.3  980.8   14.4  272.0   82.0  444.0
2024 123  5  2 2100  -25.3  981.2   13.0  262.0   81.0  444.0
2024 123  5  2 2200  -24.9  981.8   14.2  266.0   82.0  444.0
2024 123  5  2 2300  -25.6  981.6   15.3  269.0   81.0  444.0
2024 124  5  3 0000  -25.6  982.5   14.8  270.0   80.0  444.0
2024 124  5  3 0100  -26.2  982.8   12.9  267.0   80.0  444.0
2024 124  5  3 0200  -26.7  983.5   10.4  262.0   79.0  444.0
2024 124  5  3 0300  -26.8  983.4   11.0  261.0   79.2  444.0
2024 124  5  3 0400  -27.0  984.2    9.0  260.0   79.0  444.0
2024 124  5  3 0500  -26.1  984.4    9.9  261.0   80.0  444.0
2024 124  5  3 0600  -25.6  984.6   11.5  263.0   80.0  444.0
2024 124  5  3 0700  -25.7  984.6   11.4  264.0   80.0  444.0
2024 124  5  3 0800  -26.0  984.2   13.3  264.0   80.0  444.0
2024 124  5  3 0900  -26.2  984.3   13.8  267.0   80.0  444.0
2024 124  5  3 1000  -27.1  983.8   15.1  264.0   79.0  444.0
2024 124  5  3 1100  -27.3  983.4   16.2  264.0   79.0  444.0
2024 124  5  3 1200  -27.2  983.2   14.5  267.0   79.0  444.0
2024 124  5  3 1300  -27.1  982.6   14.9  265.0   79.0  444.0
2024 124  5  3 1400  -26.8  982.2   14.0  266.0   79.0  444.0
2024 124  5  3 1500  -26.9  981.3   15.0  267.0   79.0  444.0
2024 124  5  3 1600  -27.0  980.5   16.4  266.0   79.0  444.0
2024 124  5  3 1700  -27.5  980.2   14.7  260.0   78.0  444.0
2024 124  5  3 1800  -27.5  980.6   12.7  262.0   78.0  444.0
2024 124  5  3 1900  -27.4  980.4   16.0  267.0   78.0  444.0
2024 124  5  3 2000  -27.8  979.6   17.0  267.0   78.0  444.0
2024 124  5  3 2100  -28.0  980.0   14.3  264.0   78.0  444.0
2024 124  5  3 2200  -28.0  979.9   12.9  264.0   78.0  444.0
2024 124  5  3 2300  -28.1  979.8   11.4  262.0   78.0  444.0
2024 125  5  4 0000  -27.8  979.2   12.9  262.0   78.0  444.0
2024 125  5  4 0100  -27.2  978.4   14.1  261.0   79.0  444.0
2024 125  5  4 0200  -27.0  977.8   13.9  263.0   79.0  444.0
2024 125  5  4 0300  -27.2  977.1   13.0  277.0   78.0  444.0
2024 125  5  4 0400  -27.4  975.9   14.1  277.0   78.0  444.0
2024 125  5  4 0500  -27.4  974.0   19.8  270.0   79.0  444.0
2024 125  5  4 0600  -27.4  973.3   17.5  268.0   78.0  444.0
2024 125  5  4 0700  -26.9  971.5   18.6  270.0   79.0  444.0
2024 125  5  4 0800  -26.2  969.9   19.9  270.0   80.0  444.0
2024 125  5  4 0900  -25.5  969.0   19.1  270.0   80.0  444.0
2024 125  5  4 1000  -25.3  967.0   19.9  267.0   80.9  444.0
2024 125  5  4 1100  -24.8  965.7   22.6  265.0   81.0  444.0
2024 125  5  4 1200  -24.8  963.8   19.4  263.0   82.0  444.0
2024 125  5  4 1300  -23.5  961.9   22.4  268.0   83.0  444.0
2024 125  5  4 1400  -22.5  960.3   22.2  269.0   84.0  444.0
2024 125  5  4 1500  -22.7  958.8   21.9  275.0   83.8  444.0
2024 125  5  4 1600  -21.5  957.4   21.8  268.0   86.0  444.0
2024 125  5  4 1700  -21.4  955.5   22.7  268.0   85.0  444.0
2024 125  5  4 1800  -20.9  952.4   26.9  269.0   86.0  444.0
2024 125  5  4 1900  -20.6  951.4   25.1  272.0   87.0  444.0
2024 125  5  4 2000  -20.3  950.4   28.2  273.0   88.2  444.0
2024 125  5  4 2100  -20.3  949.0   29.5  268.0   88.2  444.0
2024 125  5  4 2200  -19.8  945.7   29.8  265.0   90.0  444.0
2024 125  5  4 2300  -19.1  944.7   31.5  266.0   91.0  444.0
2024 126  5  5 0000  -19.1  944.6   34.1  267.0   91.0  444.0
2024 126  5  5 0100  -19.1  944.6   32.6  266.0   91.0  444.0
2024 126  5  5 0200  -19.4  945.2   30.3  270.0   90.0  444.0
2024 126  5  5 0300  -21.0  947.8   12.5  279.0   89.0  444.0
2024 126  5  5 0400  -19.6  945.5   22.9  276.0   90.0  444.0
2024 126  5  5 0500  -20.9  947.5   12.2  287.0   88.0  444.0
2024 126  5  5 0600  -21.3  946.5   13.1  284.0   86.0  444.0
2024 126  5  5 0700  -18.6  943.5   31.7  270.0   92.0  444.0
2024 126  5  5 0800  -20.3  947.9   13.2  283.0   88.3  444.0
2024 126  5  5 0900  -18.5  946.6   25.5  270.0   92.0  444.0
2024 126  5  5 1000  -18.2  948.4   22.3  271.0   92.0  444.0
2024 126  5  5 1100  -17.9  949.3   22.0  270.0   93.0  444.0
2024 126  5  5 1200  -18.5  949.7   23.7  267.0   91.0  444.0
2024 126  5  5 1300  -18.6  949.4   25.0  272.0   91.0  444.0
2024 126  5  5 1400  -19.7  952.4   12.5  281.0   88.0  444.0
2024 126  5  5 1500  -19.4  952.8   14.6  283.0   90.0  444.0
2024 126  5  5 1600  -19.4  952.3   19.8  281.0   91.0  444.0
2024 126  5  5 1700  -19.0  952.2   22.6  284.0   91.0  444.0
2024 126  5  5 1800  -19.6  953.8   20.9  283.0   91.0  444.0
2024 126  5  5 1900  -19.8  955.5   18.7  277.0   91.0  444.0
2024 126  5  5 2000  -19.4  957.0   19.1  282.0   91.0  444.0
2024 126  5  5 2100  -17.5  959.4   14.6  274.0   93.0  444.0
2024 126  5  5 2200  -17.0  961.0   12.8  274.0   95.0  444.0
2024 126  5  5 2300  -16.9  961.5   12.3  276.0   97.3  444.0
2024 127  5  6 0000  -17.4  962.3   12.2  278.0   96.0  444.0
2024 127  5  6 0100  -17.6  963.0   11.8  274.0   96.0  444.0
2024 127  5  6 0200  -19.3  962.9   13.3  276.0   91.0  444.0
2024 127  5  6 0300  -19.7  963.1   15.8  277.0   90.0  444.0
2024 127  5  6 0400  -19.0  963.8   10.9  283.0   91.0  444.0
2024 127  5  6 0500  -18.8  963.7   12.7  277.0   92.0  444.0
2024 127  5  6 0600  -18.8  964.3   12.4  282.0   92.2  444.0
2024 127  5  6 0700  -19.1  964.9   14.1  279.0   90.0  444.0
2024 127  5  6 0800  -19.3  969.0    4.4  250.0   91.0  444.0
2024 127  5  6 0900  -18.3  970.3    7.0  239.0   96.0  444.0
2024 127  5  6 1000  -18.8  971.1    7.4  266.0   95.0  444.0
2024 127  5  6 1100  -17.9  971.9    8.1  257.0   96.1  444.0
2024 127  5  6 1200  -19.3  972.4    8.6  272.0   93.0  444.0
2024 127  5  6 1300  -19.2  972.8   10.2  275.0   92.2  444.0
2024 127  5  6 1400  -19.7  972.8   10.3  264.0   92.0  444.0
2024 127  5  6 1500  -20.3  972.6   12.6  267.0   91.0  444.0
2024 127  5  6 1600  -21.2  972.2   14.1  268.0   89.0  444.0
2024 127  5  6 1700  -21.9  972.6   11.1  288.0   88.0  444.0
2024 127  5  6 1800  -22.1  971.8   16.1  261.0   87.7  444.0
2024 127  5  6 1900  -21.5  972.4   13.6  267.0   89.0  444.0
2024 127  5  6 2000  -20.8  973.2   13.6  263.0   88.0  444.0
2024 127  5  6 2100  -20.9  973.7   11.0  271.0   87.0  444.0
2024 127  5  6 2200  -20.6  975.3    7.3  258.0   87.0  444.0
2024 127  5  6 2300  -20.7  975.3    8.5  256.0   87.9  444.0
2024 128  5  7 0000  -21.0  975.0   11.1  266.0   87.0  444.0
2024 128  5  7 0100  -21.7  974.0   15.1  261.0   87.0  444.0
2024 128  5  7 0200  -22.2  972.8   18.6  260.0   86.0  444.0
2024 128  5  7 0300  -21.5  971.4   21.4  265.0   88.0  444.0
2024 128  5  7 0400  -21.6  971.4   19.7  262.0   86.0  444.0
2024 128  5  7 0500  -21.3  971.3   17.3  261.0   85.0  444.0
2024 128  5  7 0600  -21.0  971.2   18.5  264.0   84.0  444.0
2024 128  5  7 0700  -21.1  969.8   18.5  262.0   84.0  444.0
2024 128  5  7 0800  -20.9  968.6   24.4  267.0   87.0  444.0
2024 128  5  7 0900  -20.5  967.7   24.7  265.0   88.0  444.0
2024 128  5  7 1000  -20.9  967.9   22.1  268.0   86.0  444.0
2024 128  5  7 1100  -20.8  967.2   20.8  268.0   85.5  444.0
2024 128  5  7 1200  -20.0  965.7   25.0  267.0   87.0  444.0
2024 128  5  7 1300  -19.9  965.5   26.9  272.0   87.0  444.0
2024 128  5  7 1400  -19.7  965.2   25.5  271.0   86.7  444.0
2024 128  5  7 1500  -20.2  964.2   26.3  264.0   86.0  444.0
2024 128  5  7 1600  -21.0  963.7   26.8  267.0   84.0  444.0
2024 128  5  7 1700  -22.0  963.2   23.9  264.0   82.0  444.0
2024 128  5  7 1800  -22.4  962.1   25.4  265.0   82.0  444.0
2024 128  5  7 1900  -22.4  962.6   20.8  265.0   80.1  444.0
2024 128  5  7 2000  -22.3  962.1   23.2  267.0   80.8  444.0
2024 128  5  7 2100  -22.4  961.4   24.4  267.0   81.2  444.0
2024 128  5  7 2200  -22.2  960.7   25.4  266.0   81.0  444.0
2024 128  5  7 2300  -21.9  960.0   27.6  263.0   81.0  444.0
2024 129  5  8 0000  -22.1  958.6   29.6  264.0   81.6  444.0
2024 129  5  8 0100  -22.2  958.3   28.8  259.0   81.3  444.0
2024 129  5  8 0200  -22.2  958.3   29.1  260.0   81.5  444.0
2024 129  5  8 0300  -22.4  958.2   30.1  259.0   81.0  444.0
2024 129  5  8 0400  -23.0  958.8   30.6  258.0   81.0  444.0
2024 129  5  8 0500  -24.4  958.6   30.8  261.0   79.0  444.0
2024 129  5  8 0600  -24.7  959.1   28.3  262.0   79.0  444.0
2024 129  5  8 0700  -26.1  959.7   28.2  264.0   77.3  444.0
2024 129  5  8 0800  -25.9  961.1   26.1  265.0   77.0  444.0
2024 129  5  8 0900  -26.6  962.1   24.8  260.0   76.0  444.0
2024 129  5  8 1000  -27.0  961.9   25.9  264.0   75.0  444.0
2024 129  5  8 1100  -27.6  963.0   26.0  260.0   75.0  444.0
2024 129  5  8 1200  -28.6  963.6   23.9  258.0   74.1  444.0
2024 129  5  8 1300  -29.2  964.7   22.0  262.0   74.0  444.0
2024 129  5  8 1400  -29.5  965.5   22.9  256.0   74.0  444.0
2024 129  5  8 1500  -30.5  966.5   20.7  261.0   74.0  444.0
2024 129  5  8 1600  -30.9  966.8   24.2  264.0   74.0  444.0
2024 129  5  8 1700  -31.1  967.4   21.9  261.0   73.2  444.0
2024 129  5  8 1800  -31.9  967.7   22.3  263.0   73.0  444.0
2024 129  5  8 1900  -32.1  968.3   21.7  268.0   72.0  444.0
2024 129  5  8 2000  -32.1  968.7   23.0  268.0   72.0  444.0
2024 129  5  8 2100  -31.9  969.2   21.2  268.0   72.0  444.0
2024 129  5  8 2200  -31.7  970.4   20.2  271.0   71.0  444.0
2024 129  5  8 2300  -31.5  971.1   20.3  271.0   71.0  444.0
2024 130  5  9 0000  -30.9  971.5   21.0  271.0   72.0  444.0
2024 130  5  9 0100  -31.1  972.2   19.3  273.0   71.0  444.0
2024 130  5  9 0200  -30.6  972.5   19.9  277.0   72.0  444.0
2024 130  5  9 0300  -30.2  972.3   21.1  279.0   72.0  444.0
2024 130  5  9 0400  -30.3  973.2   19.1  276.0   72.0  444.0
2024 130  5  9 0500  -30.5  973.7   17.3  279.0   72.0  444.0
2024 130  5  9 0600  -30.1  974.4   18.6  279.0   72.0  444.0
2024 130  5  9 0700  -29.9  974.1   19.8  276.0   72.0  444.0
2024 130  5  9 0800  -29.8  974.0   21.0  275.0   74.0  444.0
2024 130  5  9 0900  -29.6  973.9   19.9  278.0   72.0  444.0
2024 130  5  9 1000  -29.1  974.5   19.8  278.0   72.6  444.0
2024 130  5  9 1100  -29.2  975.0   18.7  280.0   72.0  444.0
2024 130  5  9 1200  -28.8  974.9   19.1  281.0   72.0  444.0
2024 130  5  9 1300  -28.3  974.8   21.7  278.0   73.0  444.0
2024 130  5  9 1400  -27.4  973.8   23.2  274.0   74.0  444.0
2024 130  5  9 1500  -26.9  974.7   19.5  274.0   73.3  444.0
2024 130  5  9 1600  -27.3  974.1   21.9  276.0   74.0  444.0
2024 130  5  9 1700  -27.4  975.6   13.0  277.0   71.0  444.0
2024 130  5  9 1800  -27.8  976.5    8.4  277.0   71.0  444.0
2024 130  5  9 1900  -26.9  976.6   11.0  275.0   72.0  444.0
2024 130  5  9 2000  -26.4  976.7   13.4  275.0   72.0  444.0
2024 130  5  9 2100  -26.0  976.7   15.3  274.0   73.0  444.0
2024 130  5  9 2200  -25.1  976.9   16.6  275.0   74.0  444.0
2024 130  5  9 2300  -26.0  977.0   14.0  269.0   74.0  444.0
2024 131  5 10 0000  -24.6  977.0   16.0  268.0   74.0  444.0
2024 131  5 10 0100  -25.0  977.6   17.3  270.0   73.0  444.0
2024 131  5 10 0200  -25.1  977.5   17.0  266.0   75.0  444.0
2024 131  5 10 0300  -24.8  977.4   18.1  269.0   76.0  444.0
2024 131  5 10 0400  -24.5  977.1   21.8  270.0   77.0  444.0
2024 131  5 10 0500  -25.1  977.5   21.7  265.0   76.0  444.0
2024 131  5 10 0600  -25.4  977.2   23.3  265.0   76.0  444.0
2024 131  5 10 0700  -25.6  977.0   23.9  263.0   76.0  444.0
2024 131  5 10 0800  -25.6  975.6   27.8  266.0   77.0  444.0
2024 131  5 10 0900  -26.0  976.5   25.2  263.0   76.0  444.0
2024 131  5 10 1000  -26.3  977.6   28.1  266.0   76.0  444.0
2024 131  5 10 1100  -27.0  977.2   27.2  262.0   76.0  444.0
2024 131  5 10 1200  -27.6  976.7   30.9  263.0   79.0  444.0
2024 131  5 10 1300  -27.8  977.6   28.7  264.0   79.0  444.0
2024 131  5 10 1400  -28.2  978.0   28.1  357.0   78.0  444.0
2024 131  5 10 1500  -28.4  978.1   25.4  263.0   78.0  444.0
2024 131  5 10 1600  -29.0  977.9   28.0  260.0   77.0  444.0
2024 131  5 10 1700  -29.7  977.6   30.3  261.0   76.6  444.0
2024 131  5 10 1800  -30.4  977.3   26.5  259.0   76.0  444.0
2024 131  5 10 1900  -31.3  976.4   30.1  257.0   75.0  444.0
2024 131  5 10 2000  -32.3  976.5   31.0  258.0   74.0  444.0
2024 131  5 10 2100  -32.8  977.5   30.9  260.0   74.0  444.0
2024 131  5 10 2200  -33.2  978.2   29.2  262.0   73.0  444.0
2024 131  5 10 2300  -33.6  977.9   28.5  266.0   73.0  444.0
2024 132  5 11 0000  -34.2  976.3   30.2  262.0   73.0  444.0
2024 132  5 11 0100  -34.5  976.4   33.3  265.0   73.0  444.0
2024 132  5 11 0200  -34.6  976.1   31.6  267.0   73.0  444.0
2024 132  5 11 0300  -34.0  975.6   31.7  265.0   73.0  444.0
2024 132  5 11 0400  -33.4  976.4   29.6  267.0   73.0  444.0
2024 132  5 11 0500  -33.1  976.4   30.8  271.0   74.0  444.0
2024 132  5 11 0600  -32.7  975.4   31.1  272.0   74.0  444.0
2024 132  5 11 0700  -32.0  976.3   26.6  270.0   75.0  444.0
2024 132  5 11 0800  -33.1  977.8   16.0  276.0   74.0  444.0
2024 132  5 11 0900  -33.1  976.9   15.6  270.0   74.0  444.0
2024 132  5 11 1000  -31.9  973.2   25.2  272.0   75.0  444.0
2024 132  5 11 1100  -31.8  973.0   25.4  271.0   75.0  444.0
2024 132  5 11 1200  -32.0  972.3   29.4  270.0   74.7  444.0
2024 132  5 11 1300  -32.2  971.6   27.2  269.0   74.7  444.0
2024 132  5 11 1400  -32.7  972.7   24.9  269.0   74.0  444.0
2024 132  5 11 1500  -32.0  972.3   20.2  272.0   75.0  444.0
2024 132  5 11 1600  -31.6  970.6   21.9  270.0   75.0  444.0
2024 132  5 11 1700  -31.2  970.8   19.5  274.0   75.1  444.0
2024 132  5 11 1800  -31.1  971.0   23.4  270.0   76.0  444.0
2024 132  5 11 1900  -31.3  971.1   19.7  276.0   76.0  444.0
2024 132  5 11 2000  -30.9  970.0   18.3  276.0   76.0  444.0
2024 132  5 11 2100  -30.1  970.3   19.6  272.0   77.0  444.0
2024 132  5 11 2200  -29.9  970.3   17.1  271.0   77.9  444.0
2024 132  5 11 2300  -29.5  969.9   18.1  270.0   77.0  444.0
2024 133  5 12 0000  -29.3  970.5   17.7  271.0   78.0  444.0
2024 133  5 12 0100  -29.1  970.0   17.4  272.0   78.1  444.0
2024 133  5 12 0200  -28.7  970.9   13.5  276.0   79.0  444.0
2024 133  5 12 0300  -28.8  971.5   15.8  271.0   78.6  444.0
2024 133  5 12 0400  -28.5  971.2   16.5  271.0   79.0  444.0
2024 133  5 12 0500  -28.7  971.8   19.8  268.0   79.0  444.0
2024 133  5 12 0600  -28.7  971.3   21.8  268.0   79.0  444.0
2024 133  5 12 0700  -28.6  972.8   21.1  269.0   79.0  444.0
2024 133  5 12 0800  -28.3  972.7   22.0  266.0   79.0  444.0
2024 133  5 12 0900  -28.4  973.8   21.4  262.0   79.0  444.0
2024 133  5 12 1000  -28.2  974.6   18.5  267.0   79.4  444.0
2024 133  5 12 1100  -28.3  974.2   22.3  268.0   79.0  444.0
2024 133  5 12 1200  -28.1  976.7   14.8  269.0   80.0  444.0
2024 133  5 12 1300  -28.3  977.0   15.4  268.0   79.1  444.0
2024 133  5 12 1400  -29.5  977.8    9.6  273.0   77.0  444.0
2024 133  5 12 1500  -28.5  976.5   17.4  274.0   79.1  444.0
2024 133  5 12 1600  -28.0  977.1   19.0  272.0   80.0  444.0
2024 133  5 12 1700  -29.3  977.3   19.0  274.0   79.0  444.0
2024 133  5 12 1800  -29.9  976.7   15.2  269.0   77.8  444.0
2024 133  5 12 1900  -29.2  975.3   19.0  274.0   79.0  444.0
2024 133  5 12 2000  -29.3  975.3   16.7  274.0   77.3  444.0
2024 133  5 12 2100  -28.6  973.5   20.2  273.0   79.0  444.0
2024 133  5 12 2200  -26.4  973.6   25.1  274.0   82.0  444.0
2024 133  5 12 2300  -27.0  973.2   25.2  274.0   81.0  444.0
2024 134  5 13 0000  -26.8  971.3   24.8  273.0   82.0  444.0
2024 134  5 13 0100  -26.6  972.1   22.7  271.0   81.6  444.0
2024 134  5 13 0200  -26.6  971.3   24.3  267.0   82.0  444.0
2024 134  5 13 0300  -26.0  970.2   24.8  266.0   83.0  444.0
2024 134  5 13 0400  -26.3  971.0   23.8  272.0   82.3  444.0
2024 134  5 13 0500  -26.1  970.5   22.7  270.0   83.0  444.0
2024 134  5 13 0600  -25.8  970.3   24.6  266.0   83.0  444.0
2024 134  5 13 0700  -25.5  969.8   27.0  270.0   84.0  444.0
2024 134  5 13 0800  -25.2  969.0   26.0  267.0   84.0  444.0
2024 134  5 13 0900  -25.2  968.0   28.1  267.0   84.0  444.0
2024 134  5 13 1000  -24.6  966.0   31.0  270.0   85.0  444.0
2024 134  5 13 1100  -24.5  965.7   28.8  271.0   85.0  444.0
2024 134  5 13 1200  -25.0  964.5   30.7  269.0   84.0  444.0
2024 134  5 13 1300  -25.1  962.8   35.3  270.0   84.0  444.0
2024 134  5 13 1400  -25.7  958.1   39.1  266.0   83.0  444.0
2024 134  5 13 1500  -25.2  961.2   30.6  267.0   84.0  444.0
2024 134  5 13 1600  -25.3  958.9   34.3  268.0   84.0  444.0
2024 134  5 13 1700  -25.4  957.0   37.1  267.0   84.0  444.0
2024 134  5 13 1800  -25.1  956.9   35.2  270.0   84.0  444.0
2024 134  5 13 1900  -24.9  956.9   35.3  268.0   85.0  444.0
2024 134  5 13 2000  -24.1  956.3   34.7  270.0   87.0  444.0
2024 134  5 13 2100  -22.5  954.5   35.4  271.0   90.4  444.0
2024 134  5 13 2200  -20.3  958.5   15.7  275.0   92.0  444.0
2024 134  5 13 2300  -21.4  953.8   27.1  266.0   93.0  444.0
2024 135  5 14 0000  -21.2  949.2   37.5  261.0   92.0  444.0
2024 135  5 14 0100  -22.3  946.9   38.1  263.0   93.0  444.0
2024 135  5 14 0200  -23.8  944.2   39.2  264.0   88.0  444.0
2024 135  5 14 0300  -25.1  948.0   38.8  257.0   84.0  444.0
2024 135  5 14 0400  -25.7  948.8   32.6  265.0   83.0  444.0
2024 135  5 14 0500  -26.3  953.9   32.2  264.0   82.8  444.0
2024 135  5 14 0600  -26.4  953.2   33.7  257.0   83.0  444.0
2024 135  5 14 0700  -26.1  954.5   31.3  260.0   84.0  444.0
2024 135  5 14 0800  -26.2  955.1   29.1  264.0   83.0  444.0
2024 135  5 14 0900  -26.0  954.9   33.2  265.0   84.0  444.0
2024 135  5 14 1000  -26.3  955.8   31.7  268.0   83.0  444.0
2024 135  5 14 1100  -26.3  955.9   31.3  267.0   83.0  444.0
2024 135  5 14 1200  -26.6  956.9   33.0  270.0   83.0  444.0
2024 135  5 14 1300  -26.4  957.5   31.9  270.0   83.0  444.0
2024 135  5 14 1400  -26.4  958.7   27.5  267.0   83.0  444.0
2024 135  5 14 1500  -25.8  961.1   24.5  267.0   84.0  444.0
2024 135  5 14 1600  -26.6  961.8   17.5  272.0   83.0  444.0
2024 135  5 14 1700  -25.6  962.3   22.5  283.0   84.0  444.0
2024 135  5 14 1800  -25.8  961.5   24.2  280.0   85.0  444.0
2024 135  5 14 1900  -26.1  962.7   19.8  281.0   84.0  444.0
2024 135  5 14 2000  -26.4  963.4   17.4  281.0   83.0  444.0
2024 135  5 14 2100  -27.0  962.5   16.8  277.0   82.0  444.0
2024 135  5 14 2200  -27.1  962.8   14.2  276.0   82.0  444.0
2024 135  5 14 2300  -27.1  962.5   12.9  278.0   82.0  444.0
2024 136  5 15 0000  -27.2  962.0   12.4  282.0   82.0  444.0
2024 136  5 15 0100  -26.9  961.2   12.6  274.0   83.0  444.0
2024 136  5 15 0200  -24.9  961.1   11.6  284.0   86.0  444.0
2024 136  5 15 0300  -24.9  959.1   12.8  287.0   84.7  444.0
2024 136  5 15 0400  -25.9  959.5   12.7  281.0   84.2  444.0
2024 136  5 15 0500  -26.6  960.1   10.0  282.0   83.0  444.0
2024 136  5 15 0600  -24.5  959.9    9.9  296.0   86.0  444.0
2024 136  5 15 0700  -24.0  959.5   13.4  282.0   87.0  444.0
2024 136  5 15 0800  -23.8  959.6   12.0  267.0   87.0  444.0
2024 136  5 15 0900  -23.9  960.4   13.5  271.0   86.8  444.0
2024 136  5 15 1000  -23.8  960.9   13.1  272.0   87.0  444.0
2024 136  5 15 1100  -23.6  962.1    8.6  271.0   88.0  444.0
2024 136  5 15 1200  -23.8  962.4   12.4  270.0   88.0  444.0
2024 136  5 15 1300  -24.1  962.1   13.2  275.0   87.0  444.0
2024 136  5 15 1400  -24.4  962.9   15.5  275.0   86.6  444.0
2024 136  5 15 1500  -24.5  963.5   14.3  276.0   86.0  444.0
2024 136  5 15 1600  -23.8  964.2   14.3  275.0   88.0  444.0
2024 136  5 15 1700  -23.3  965.2   12.5  274.0   89.0  444.0
2024 136  5 15 1800  -23.0  966.6    9.6  271.0   89.0  444.0
2024 136  5 15 1900  -23.6  968.3   11.3  273.0   88.0  444.0
2024 136  5 15 2000  -24.3  969.0   13.2  300.0   87.0  444.0
2024 136  5 15 2100  -23.5  970.1    9.8  267.0   88.0  444.0
2024 136  5 15 2200  -23.5  971.1   11.6  274.0   88.0  444.0
2024 136  5 15 2300  -23.4  971.9   10.9  277.0   88.3  444.0
2024 137  5 16 0000  -23.1  973.5    8.0  268.0   89.0  444.0
2024 137  5 16 0100  -23.3  974.9    7.6  268.0   89.0  444.0
2024 137  5 16 0200  -23.6  975.5    8.6  270.0   87.9  444.0
2024 137  5 16 0300  -23.3  976.0    8.8  270.0   89.0  444.0
2024 137  5 16 0400  -23.4  976.8    8.1  269.0   88.0  444.0
2024 137  5 16 0500  -24.0  977.3    9.7  272.0   87.0  444.0
2024 137  5 16 0600  -24.1  977.7    9.6  277.0   87.0  444.0
2024 137  5 16 0700  -25.4  978.4    9.9  274.0   85.3  444.0
2024 137  5 16 0800  -25.0  978.6   10.7  275.0   86.0  444.0
2024 137  5 16 0900  -24.8  978.7   13.0  276.0   86.0  444.0
2024 137  5 16 1000  -25.1  979.2   12.4  271.0   86.0  444.0
2024 137  5 16 1100  -25.9  980.6    9.4  268.0   84.0  444.0
2024 137  5 16 1200  -25.1  981.2    9.2  270.0   85.6  444.0
2024 137  5 16 1300  -25.6  980.0   12.7  272.0   85.0  444.0
2024 137  5 16 1400  -25.7  979.6   14.6  279.0   85.0  444.0
2024 137  5 16 1500  -26.5  979.5   13.9  268.0   84.0  444.0
2024 137  5 16 1600  -26.5  978.9   15.4  278.0   83.0  444.0
2024 137  5 16 1700  -26.6  979.0   17.5  267.0   83.4  444.0
2024 137  5 16 1800  -26.1  978.9   15.7  270.0   84.0  444.0
2024 137  5 16 1900  -26.1  979.1   14.6  267.0   84.0  444.0
2024 137  5 16 2000  -26.3  978.8   13.4  266.0   84.0  444.0
2024 137  5 16 2100  -26.0  979.2   17.2  269.0   84.0  444.0
2024 137  5 16 2200  -25.9  978.6   15.4  259.0   84.6  444.0
2024 137  5 16 2300  -25.5  978.0   16.5  258.0   85.0  444.0
2024 138  5 17 0000  -25.4  977.1   17.9  264.0   85.0  444.0
2024 138  5 17 0100  -25.4  976.8   19.5  268.0   85.0  444.0
2024 138  5 17 0200  -25.4  976.6   18.1  264.0   85.0  444.0
2024 138  5 17 0300  -24.6  976.3   18.5  267.0   86.0  444.0
2024 138  5 17 0400  -24.9  975.5   18.5  268.0   86.0  444.0
2024 138  5 17 0500  -24.9  975.2   18.7  261.0   86.0  444.0
2024 138  5 17 0600  -24.3  974.2   19.4  263.0   87.0  444.0
2024 138  5 17 0700  -24.5  973.8   16.3  260.0   87.0  444.0
2024 138  5 17 0800  -23.7  973.5   16.3  265.0   88.0  444.0
2024 138  5 17 0900  -24.4  972.9   16.0  272.0   86.8  444.0
2024 138  5 17 1000  -24.2  971.9   20.6  269.0   87.0  444.0
2024 138  5 17 1100  -23.8  971.2   19.4  270.0   88.0  444.0
2024 138  5 17 1200  -24.0  970.1   19.4  268.0   87.0  444.0
2024 138  5 17 1300  -24.2  969.2   20.3  265.0   88.0  444.0
2024 138  5 17 1400  -23.8  968.9   19.3  264.0   87.2  444.0
2024 138  5 17 1500  -23.9  967.5   21.7  271.0   87.0  444.0
2024 138  5 17 1600  -23.5  966.8   22.2  269.0   88.0  444.0
2024 138  5 17 1700  -23.4  966.3   19.6  266.0   88.0  444.0
2024 138  5 17 1800  -24.4  965.9   21.4  266.0   87.0  444.0
2024 138  5 17 1900  -24.3  963.5   20.8  267.0   86.9  444.0
2024 138  5 17 2000  -23.9  964.3   18.6  263.0   87.0  444.0
2024 138  5 17 2100  -24.9  964.1   19.0  260.0   86.0  444.0
2024 138  5 17 2200  -24.6  963.3   21.1  260.0   83.0  444.0
2024 138  5 17 2300  -24.2  963.3   19.7  264.0   88.0  444.0
2024 139  5 18 0000  -24.6  963.1   20.0  260.0   86.6  444.0
2024 139  5 18 0100  -24.2  963.2   16.1  260.0   87.0  444.0
2024 139  5 18 0200  -25.4  962.2   22.3  254.0   85.0  444.0
2024 139  5 18 0300  -26.0  962.5   20.8  260.0   85.0  444.0
2024 139  5 18 0400  -27.1  962.3   21.0  259.0   83.0  444.0
2024 139  5 18 0500  -28.5  962.9   20.0  258.0   80.5  444.0
2024 139  5 18 0600  -29.2  962.5   21.0  258.0   80.0  444.0
2024 139  5 18 0700  -29.9  962.6   21.3  257.0   79.0  444.0
2024 139  5 18 0800  -30.3  963.3   20.4  258.0   78.0  444.0
2024 139  5 18 0900  -30.6  963.7   18.1  258.0   78.0  444.0
2024 139  5 18 1000  -30.7  964.5   20.2  257.0   78.0  444.0
2024 139  5 18 1100  -30.9  964.9   18.4  256.0   77.6  444.0
2024 139  5 18 1200  -31.4  964.9   18.6  261.0   76.9  444.0
2024 139  5 18 1300  -31.8  965.9   17.3  261.0   77.0  444.0
2024 139  5 18 1400  -32.6  964.5   21.5  260.0   76.0  444.0
2024 139  5 18 1500  -32.8  965.3   21.9  262.0   76.0  444.0
2024 139  5 18 1600  -32.8  965.6   21.6  258.0   76.0  444.0
2024 139  5 18 1700  -32.1  964.8   20.3  258.0   76.5  444.0
2024 139  5 18 1800  -32.1  966.5   22.8  255.0   76.0  444.0
2024 139  5 18 1900  -31.4  966.9   17.6  257.0   77.0  444.0
2024 139  5 18 2000  -31.9  967.9   15.2  262.0   76.0  444.0
2024 139  5 18 2100  -32.2  968.2   17.5  262.0   76.0  444.0
2024 139  5 18 2200  -32.0  968.7   16.7  261.0   76.3  444.0
2024 139  5 18 2300  -31.6  968.9   14.5  261.0   77.0  444.0
2024 140  5 19 0000  -31.4  969.5   12.0  262.0   77.0  444.0
2024 140  5 19 0100  -31.4  970.2   11.0  256.0   77.0  444.0
2024 140  5 19 0200  -30.9  970.7   11.3  260.0   77.0  444.0
2024 140  5 19 0300  -31.2  970.5   10.3  265.0   76.9  444.0
2024 140  5 19 0400  -31.2  971.2    9.7  271.0   77.0  444.0
2024 140  5 19 0500  -31.8  971.1    8.9  269.0   76.0  444.0
2024 140  5 19 0600  -31.5  971.3   10.1  269.0   77.0  444.0
2024 140  5 19 0700  -30.7  971.8    9.9  267.0   77.5  444.0
2024 140  5 19 0800  -30.7  971.8    9.8  275.0   78.0  444.0
2024 140  5 19 0900  -30.2  972.1    9.2  271.0   78.0  444.0
2024 140  5 19 1000  -30.4  972.4   10.6  274.0   78.0  444.0
2024 140  5 19 1100  -30.7  972.4   11.0  270.0   77.0  444.0
2024 140  5 19 1200  -30.2  972.4   13.0  266.0   78.0  444.0
2024 140  5 19 1300  -29.4  972.4   14.1  270.0   79.0  444.0
2024 140  5 19 1400  -29.2  972.2   13.4  270.0   79.0  444.0
2024 140  5 19 1500  -29.3  972.8   13.4  272.0   79.0  444.0
2024 140  5 19 1600  -29.0  972.6   15.0  270.0   80.0  444.0
2024 140  5 19 1700  -28.8  972.9   15.4  270.0   80.0  444.0
2024 140  5 19 1800  -28.9  972.9   14.7  273.0   80.0  444.0
2024 140  5 19 1900  -29.1  973.3   14.0  272.0   80.0  444.0
2024 140  5 19 2000  -29.0  973.6   13.9  274.0   80.0  444.0
2024 140  5 19 2100  -28.9  973.8   13.1  276.0   80.0  444.0
2024 140  5 19 2200  -28.5  973.9   13.8  274.0   80.0  444.0
2024 140  5 19 2300  -28.6  974.1   13.6  274.0   80.0  444.0
2024 141  5 20 0000  -28.5  974.0   15.0  275.0   80.0  444.0
2024 141  5 20 0100  -28.8  974.3   13.6  272.0   80.0  444.0
2024 141  5 20 0200  -28.3  974.0   15.0  274.0   81.0  444.0
2024 141  5 20 0300  -28.6  974.8   14.5  277.0   80.0  444.0
2024 141  5 20 0400  -28.4  974.2   15.9  275.0   80.0  444.0
2024 141  5 20 0500  -28.5  974.9   13.9  275.0   80.0  444.0
2024 141  5 20 0600  -28.5  975.1   12.8  274.0   80.0  444.0
2024 141  5 20 0700  -28.7  975.8   11.3  273.0   80.0  444.0
2024 141  5 20 0800  -28.5  975.4   14.1  269.0   80.0  444.0
2024 141  5 20 0900  -28.8  976.0   13.0  273.0   80.0  444.0
2024 141  5 20 1000  -29.0  976.2   14.9  268.0   79.0  444.0
2024 141  5 20 1100  -29.6  976.6   13.8  260.0   79.0  444.0
2024 141  5 20 1200  -29.8  976.8   14.5  268.0   78.0  444.0
2024 141  5 20 1300  -30.4  976.8   12.8  262.0   78.0  444.0
2024 141  5 20 1400  -30.4  976.9   14.4  266.0   78.0  444.0
2024 141  5 20 1500  -30.3  977.1   15.9  269.0   78.0  444.0
2024 141  5 20 1600  -30.4  977.3   15.4  268.0   78.0  444.0
2024 141  5 20 1700  -30.6  976.6   17.4  272.0   77.0  444.0
2024 141  5 20 1800  -30.8  976.7   17.6  266.0   77.0  444.0
2024 141  5 20 1900  -31.3  977.7   18.6  270.0   76.7  444.0
2024 141  5 20 2000  -31.4  977.4   19.4  272.0   77.0  444.0
2024 141  5 20 2100  -31.6  978.2   19.2  271.0   76.0  444.0
2024 141  5 20 2200  -31.6  978.2   18.1  274.0   76.0  444.0
2024 141  5 20 2300  -31.7  978.4   18.9  270.0   76.0  444.0
2024 142  5 21 0000  -31.8  978.1   19.8  270.0   76.0  444.0
2024 142  5 21 0100  -32.3  977.9   19.7  270.0   76.0  444.0
2024 142  5 21 0200  -32.5  977.6   21.6  268.0   76.0  444.0
2024 142  5 21 0300  -32.4  977.2   23.2  270.0   76.0  444.0
2024 142  5 21 0400  -32.8  976.8   24.0  268.0   75.0  444.0
2024 142  5 21 0500  -33.0  976.4   25.1  267.0   75.0  444.0
2024 142  5 21 0600  -33.1  974.8   26.0  269.0   75.0  444.0
2024 142  5 21 0700  -33.2  974.3   27.0  269.0   74.7  444.0
2024 142  5 21 0800  -33.2  974.1   28.9  267.0   75.0  444.0
2024 142  5 21 0900  -33.2  973.8   26.7  265.0   75.0  444.0
2024 142  5 21 1000  -33.1  973.7   25.4  266.0   74.8  444.0
2024 142  5 21 1100  -33.1  973.9   23.5  265.0   75.0  444.0
2024 142  5 21 1200  -33.4  972.8   24.7  264.0   75.0  444.0
2024 142  5 21 1300  -32.7  973.5   23.8  264.0   75.0  444.0
2024 142  5 21 1400  -33.4  973.5   25.4  265.0   75.0  444.0
2024 142  5 21 1500  -33.1  971.0   29.8  262.0   75.0  444.0
2024 142  5 21 1600  -32.6  973.4   23.3  265.0   74.9  444.0
2024 142  5 21 1700  -32.5  969.3   33.3  263.0   75.0  444.0
2024 142  5 21 1800  -31.9  970.8   29.5  265.0   76.0  444.0
2024 142  5 21 1900  -31.7  967.4   37.0  258.0   76.0  444.0
2024 142  5 21 2000  -31.5  969.4   32.8  259.0   76.0  444.0
2024 142  5 21 2100  -31.0  968.3   32.7  258.0   79.7  444.0
2024 142  5 21 2200  -30.8  970.8   32.7  259.0   79.0  444.0
2024 142  5 21 2300  -30.4  969.7   29.7  264.0   78.0  444.0
2024 143  5 22 0000  -30.1  971.1   29.5  261.0   79.0  444.0
2024 143  5 22 0100  -29.9  970.1   28.6  261.0   79.0  444.0
2024 143  5 22 0200  -29.7  970.3   31.5  259.0   80.0  444.0
2024 143  5 22 0300  -29.1  971.5   33.1  258.0   81.0  444.0
2024 143  5 22 0400  -28.6  971.2   31.7  256.0   85.0  444.0
2024 143  5 22 0500  -28.1  971.6   30.6  262.0   87.0  444.0
2024 143  5 22 0600  -28.2  969.5   32.0  255.0   87.0  444.0
2024 143  5 22 0700  -28.0  971.1   26.1  261.0   86.0  444.0
2024 143  5 22 0800  -27.7  971.0   27.9  257.0   88.0  444.0
2024 143  5 22 0900  -27.7  972.3   26.6  259.0   86.3  444.0
2024 143  5 22 1000  -28.0  971.1   25.0  265.0   84.0  444.0
2024 143  5 22 1100  -27.3  973.7   19.1  268.0   86.0  444.0
2024 143  5 22 1200  -27.5  972.0   23.3  260.0   86.0  444.0
2024 143  5 22 1300  -27.3  970.0   30.1  263.0   87.0  444.0
2024 143  5 22 1400  -28.1  971.1   26.2  261.0   85.7  444.0
2024 143  5 22 1500  -27.9  972.9   28.7  264.0   84.0  444.0
2024 143  5 22 1600  -28.5  972.0   26.5  264.0   84.0  444.0
2024 143  5 22 1700  -28.6  974.2   23.8  268.0   84.0  444.0
2024 143  5 22 1800  -29.1  974.4   21.3  264.0   83.0  444.0
2024 143  5 22 1900  -29.8  974.2   19.2  265.0   81.8  444.0
2024 143  5 22 2000  -29.8  975.8   18.6  269.0   82.0  444.0
2024 143  5 22 2100  -30.0  976.3   16.2  270.0   81.0  444.0
2024 143  5 22 2200  -29.8  976.9   14.7  269.0   82.0  444.0
2024 143  5 22 2300  -29.8  977.2   15.3  268.0   82.0  444.0
2024 144  5 23 0000  -29.9  977.6   12.1  265.0   82.0  444.0
2024 144  5 23 0100  -29.7  977.7   11.2  273.0   82.0  444.0
2024 144  5 23 0200  -29.9  977.7   10.8  275.0   81.0  444.0
2024 144  5 23 0300  -29.3  977.2   12.9  272.0   82.0  444.0
2024 144  5 23 0400  -29.1  977.5   11.6  274.0   83.0  444.0
2024 144  5 23 0500  -28.5  977.2   10.6  271.0   84.0  444.0
2024 144  5 23 0600  -28.3  976.8    9.4  269.0   84.0  444.0
2024 144  5 23 0700  -27.2  977.1    9.6  274.0   86.7  444.0
2024 144  5 23 0800  -26.8  976.9    7.5  268.0   87.0  444.0
2024 144  5 23 0900  -26.7  976.9    6.5  267.0   88.0  444.0
2024 144  5 23 1000  -26.8  977.3    3.8  259.0   88.0  444.0
2024 144  5 23 1100  -27.1  977.2    3.1  250.0   87.0  444.0
2024 144  5 23 1200  -28.0  977.2    2.8  257.0   85.0  444.0
2024 144  5 23 1300  -27.8  976.9    2.2  239.0   86.0  444.0
2024 144  5 23 1400  -27.7  976.9    2.4  256.0   86.0  444.0
2024 144  5 23 1500  -27.2  976.6    2.6  264.0   87.0  444.0
2024 144  5 23 1600  -25.1  976.0    7.2  280.0   92.0  444.0
2024 144  5 23 1700  -24.2  975.2    8.7  274.0   95.0  444.0
2024 144  5 23 1800  -23.5  974.7    9.4  274.0   97.0  444.0
2024 144  5 23 1900  -23.3  974.3    8.7  273.0   97.0  444.0
2024 144  5 23 2000  -22.6  974.3    8.7  277.0   99.0  444.0
2024 144  5 23 2100  -22.8  973.1    9.8  280.0   99.0  444.0
2024 144  5 23 2200  -22.5  972.2   11.9  279.0   99.0  444.0
2024 144  5 23 2300  -22.3  971.1   13.1  276.0   99.0  444.0
2024 145  5 24 0000  -23.0  968.8   20.1  274.0   99.0  444.0
2024 145  5 24 0100  -23.9  968.8   20.1  266.0   97.0  444.0
2024 145  5 24 0200  -24.5  968.2   20.8  267.0   96.0  444.0
2024 145  5 24 0300  -24.8  969.1   20.0  266.0   94.0  444.0
2024 145  5 24 0400  -25.5  969.1   16.6  261.0   93.0  444.0
2024 145  5 24 0500  -25.7  969.0   18.9  266.0   92.0  444.0
2024 145  5 24 0600  -25.8  968.9   20.3  269.0   92.3  444.0
2024 145  5 24 0700  -25.8  967.8   25.7  270.0   92.0  444.0
2024 145  5 24 0800  -25.4  966.2   32.8  271.0   93.0  444.0
2024 145  5 24 0900  -26.2  966.2   29.1  267.0   91.0  444.0
2024 145  5 24 1000  -26.3  966.0   27.0  265.0   91.0  444.0
2024 145  5 24 1100  -26.8  965.8   30.1  265.0   89.8  444.0
2024 145  5 24 1200  -27.7  965.3   31.1  263.0   87.0  444.0
2024 145  5 24 1300  -28.7  966.9   28.5  260.0   85.0  444.0
2024 145  5 24 1400  -29.4  967.7   30.9  261.0   84.0  444.0
2024 145  5 24 1500  -29.2  969.1   30.5  264.0   84.0  444.0
2024 145  5 24 1600  -28.7  969.2   30.5  261.0   85.0  444.0
2024 145  5 24 1700  -28.6  968.4   31.8  262.0   86.0  444.0
2024 145  5 24 1800  -28.4  969.9   30.2  263.0   86.0  444.0
2024 145  5 24 1900  -28.0  969.2   30.0  264.0   86.5  444.0
2024 145  5 24 2000  -27.5  969.9   30.7  262.0   87.0  444.0
2024 145  5 24 2100  -26.8  970.2   33.2  268.0   88.8  444.0
2024 145  5 24 2200  -26.1  970.5   26.6  271.0   90.0  444.0
2024 145  5 24 2300  -24.9  970.4   30.1  272.0   93.0  444.0
2024 146  5 25 0000  -24.0  969.2   28.1  270.0   96.0  444.0
2024 146  5 25 0100  -23.5  968.1   28.9  268.0   97.0  444.0
2024 146  5 25 0200  -23.0  967.6   27.6  263.0   98.4  444.0
2024 146  5 25 0300  -22.7  966.9   26.9  260.0   99.0  444.0
2024 146  5 25 0400  -23.0  965.1   32.3  264.0   98.0  444.0
2024 146  5 25 0500  -23.2  964.9   34.7  267.0   98.0  444.0
2024 146  5 25 0600  -23.8  965.4   32.2  263.0   97.0  444.0
2024 146  5 25 0700  -24.8  962.8   37.7  264.0   93.5  444.0
2024 146  5 25 0800  -24.9  964.1   34.9  261.0   93.0  444.0
2024 146  5 25 0900  -25.0  966.3   31.7  264.0   93.9  444.0
2024 146  5 25 1000  -25.2  969.2   27.8  262.0   93.0  444.0
2024 146  5 25 1100  -25.1  970.5   28.1  262.0   93.0  444.0
2024 146  5 25 1200  -25.4  971.6   27.4  263.0   92.5  444.0
2024 146  5 25 1300  -25.8  973.2   22.4  262.0   91.0  444.0
2024 146  5 25 1400  -25.9  973.8   29.3  261.0   91.2  444.0
2024 146  5 25 1500  -24.7  973.5   27.5  264.0   94.0  444.0
2024 146  5 25 1600  -24.6  973.6   27.2  262.0   94.0  444.0
2024 146  5 25 1700  -24.2  972.4   29.6  263.0   95.0  444.0
2024 146  5 25 1800  -23.9  972.8   31.9  263.0   95.0  444.0
2024 146  5 25 1900  -24.0  973.9   28.5  262.0   96.0  444.0
2024 146  5 25 2000  -23.9  974.9   28.8  261.0   95.0  444.0
2024 146  5 25 2100  -23.9  976.5   25.8  261.0   96.0  444.0
2024 146  5 25 2200  -24.1  977.7   26.1  262.0   95.0  444.0
2024 146  5 25 2300  -24.3  979.4   24.8  262.0   94.0  444.0
2024 147  5 26 0000  -24.4  978.6   25.3  260.0   94.0  444.0
2024 147  5 26 0100  -24.2  977.8   29.8  263.0   95.0  444.0
2024 147  5 26 0200  -24.3  977.1   30.0  265.0   95.0  444.0
2024 147  5 26 0300  -23.6  978.2   28.6  264.0   97.0  444.0
2024 147  5 26 0400  -22.9  977.8   29.7  268.0   99.0  444.0
2024 147  5 26 0500  -22.6  977.9   30.8  265.0   99.0  444.0
2024 147  5 26 0600  -22.7  978.1   30.0  262.0   99.0  444.0
2024 147  5 26 0700  -22.6  979.4   26.6  259.0   99.0  444.0
2024 147  5 26 0800  -21.6  980.6   27.1  263.0   99.0  444.0
2024 147  5 26 0900  -21.2  978.8   26.3  263.0   99.0  444.0
2024 147  5 26 1000  -21.1  978.4   28.0  261.0   99.4  444.0
2024 147  5 26 1100  -20.6  979.8   26.8  258.0   99.5  444.0
2024 147  5 26 1200  -20.2  978.7   25.7  259.0   99.5  444.0
2024 147  5 26 1300  -19.7  977.4   26.8  262.0  100.0  444.0
2024 147  5 26 1400  -18.9  976.5   29.4  264.0  100.0  444.0
2024 147  5 26 1500  -17.6  975.4   26.1  263.0  100.0  444.0
2024 147  5 26 1600  -17.0  975.3   25.2  259.0  100.0  444.0
2024 147  5 26 1700  -17.5  974.6   26.9  256.0   99.7  444.0
2024 147  5 26 1800  -19.7  974.0   31.7  258.0  100.0  444.0
2024 147  5 26 1900  -20.7  974.6   32.7  262.0   99.0  444.0
2024 147  5 26 2000  -21.1  977.2   30.7  264.0   99.0  444.0
2024 147  5 26 2100  -21.0  977.6   30.9  262.0   99.0  444.0
2024 147  5 26 2200  -20.8  978.0   29.8  264.0   99.5  444.0
2024 147  5 26 2300  -20.4  978.4   31.8  265.0  100.0  444.0
2024 148  5 27 0000  -20.1  979.4   29.0  264.0  100.0  444.0
2024 148  5 27 0100  -19.6  979.3   26.1  262.0  100.0  444.0
2024 148  5 27 0200  -19.5  979.3   29.9  266.0  100.0  444.0
2024 148  5 27 0300  -20.5  978.1   31.3  258.0   99.6  444.0
2024 148  5 27 0400  -21.7  978.6   30.9  266.0   99.0  444.0
2024 148  5 27 0500  -21.3  981.0   30.6  237.0  103.0  444.0
2024 148  5 27 0600  -21.2  981.2   28.2  260.0  100.0  444.0
2024 148  5 27 0700  -20.4  981.0   29.0  260.0   99.6  444.0
2024 148  5 27 0800  -20.8  981.9   28.2  262.0   99.6  444.0
2024 148  5 27 0900  -20.9  982.0   26.6  260.0  100.0  444.0
2024 148  5 27 1000  -21.0  979.7   30.8  258.0  100.0  444.0
2024 148  5 27 1100  -20.8  981.0   27.9  262.0  100.0  444.0
2024 148  5 27 1200  -20.4  980.1   24.7  261.0  100.0  444.0
2024 148  5 27 1300  -20.1  981.1   23.7  263.0   99.6  444.0
2024 148  5 27 1400  -19.3  980.0   23.8  268.0  100.0  444.0
2024 148  5 27 1500  -18.5  980.1   23.5  266.0  100.0  444.0
2024 148  5 27 1600  -18.3  980.1   22.0  271.0  100.0  444.0
2024 148  5 27 1700  -18.2  981.4   16.9  269.0  100.0  444.0
2024 148  5 27 1800  -18.0  980.8   16.6  264.0  100.0  444.0
2024 148  5 27 1900  -17.9  980.1   14.8  263.0  100.0  444.0
2024 148  5 27 2000  -17.5  980.4   16.6  264.0  100.0  444.0
2024 148  5 27 2100  -17.2  980.9   13.5  259.0  100.0  444.0
2024 148  5 27 2200  -17.2  980.7   16.4  262.0  100.0  444.0
2024 148  5 27 2300  -22.1  982.9    7.6  213.0   99.3  444.0
2024 149  5 28 0000  -20.1  984.0    4.3  172.0  100.0  444.0
2024 149  5 28 0100  -21.9  984.6    7.2  152.0   99.0  444.0
2024 149  5 28 0200  -26.1  985.2    4.5  174.0   94.0  444.0
2024 149  5 28 0300  -25.8  985.9    4.7  161.0   95.0  444.0
2024 149  5 28 0400  -25.9  986.0    4.0  155.0   97.0  444.0
2024 149  5 28 0500  -23.8  985.8    5.0  151.0   99.0  444.0
2024 149  5 28 0600  -23.6  985.6    4.2  173.0   99.5  444.0
2024 149  5 28 0700  -24.0  985.7    3.0  182.0  100.0  444.0
2024 149  5 28 0800  -25.2  985.6    2.8  163.0   98.0  444.0
2024 149  5 28 0900  -26.4  984.9    3.5  179.0   96.0  444.0
2024 149  5 28 1000  -25.6  985.2    3.6  166.0   96.0  444.0
2024 149  5 28 1100  -26.6  984.6    4.2  158.0   95.0  444.0
2024 149  5 28 1200  -26.5  984.5    2.3  154.0   95.0  444.0
2024 149  5 28 1300  -26.8  983.2    2.5  233.0   94.0  444.0
2024 149  5 28 1400  -21.5  980.3   13.2  284.0   99.0  444.0
2024 149  5 28 1500  -19.9  978.5   19.1  275.0  100.0  444.0
2024 149  5 28 1600  -18.7  977.0   24.2  272.0  100.0  444.0
2024 149  5 28 1700  -19.1  976.5   22.3  272.0  100.0  444.0
2024 149  5 28 1800  -18.6  976.1   20.9  264.0   99.7  444.0
2024 149  5 28 1900  -18.2  976.8   19.1  256.0  100.0  444.0
2024 149  5 28 2000  -19.9  979.0   10.4  213.0  100.0  444.0
2024 149  5 28 2100  -24.2  979.0    7.2  205.0   98.0  444.0
2024 149  5 28 2200  -27.9  979.1    5.4  178.0   91.0  444.0
2024 149  5 28 2300  -26.8  978.4    4.9  178.0   93.3  444.0
2024 150  5 29 0000  -24.5  977.0    7.4  225.0   98.0  444.0
2024 150  5 29 0100  -19.4  971.3   22.9  271.0  100.0  444.0
2024 150  5 29 0200  -19.7  968.2   25.8  266.0  100.0  444.0
2024 150  5 29 0300  -20.5  968.7   27.2  260.0  100.0  444.0
2024 150  5 29 0400  -21.1  965.8   29.5  258.0   99.4  444.0
2024 150  5 29 0500  -21.0  966.5   32.3  258.0  100.0  444.0
2024 150  5 29 0600  -20.9  965.5   30.1  259.0  100.0  444.0
2024 150  5 29 0700  -20.9  967.0   30.4  257.0  100.0  444.0
2024 150  5 29 0800  -21.4  967.1   29.6  255.0  100.0  444.0
2024 150  5 29 0900  -21.6  970.3   21.8  247.0   99.0  444.0
2024 150  5 29 1000  -22.0  971.2   25.0  245.0   99.4  444.0
2024 150  5 29 1100  -23.0  971.0   21.9  248.0   99.3  444.0
2024 150  5 29 1200  -23.3  969.1   25.3  255.0   99.0  444.0
2024 150  5 29 1300  -25.0  973.6   14.3  224.0   97.0  444.0
2024 150  5 29 1400  -24.3  971.1   17.9  254.0   99.0  444.0
2024 150  5 29 1500  -24.8  971.4   16.0  248.0   98.0  444.0
2024 150  5 29 1600  -26.7  971.6   16.4  232.0   94.0  444.0
2024 150  5 29 1700  -25.7  970.7   21.5  255.0   95.0  444.0
2024 150  5 29 1800  -25.9  971.5   20.1  253.0   95.0  444.0
2024 150  5 29 1900  -26.4  970.4   24.5  259.0   94.0  444.0
2024 150  5 29 2000  -26.6  970.6   22.8  260.0   94.0  444.0
2024 150  5 29 2100  -26.9  970.8   24.1  261.0   93.0  444.0
2024 150  5 29 2200  -27.2  971.1   21.9  265.0   92.0  444.0
2024 150  5 29 2300  -27.6  971.1   26.5  261.0   91.0  444.0
2024 151  5 30 0000  -28.0  971.1   27.3  266.0   90.0  444.0
2024 151  5 30 0100  -28.1  972.5   21.5  272.0   90.0  444.0
2024 151  5 30 0200  -28.3  973.1   24.0  270.0   90.0  444.0
2024 151  5 30 0300  -28.6  974.3   21.0  272.0   89.0  444.0
2024 151  5 30 0400  -29.1  972.9   25.2  274.0   88.0  444.0
2024 151  5 30 0500  -29.2  970.7   31.3  269.0   87.7  444.0
2024 151  5 30 0600  -29.6  971.6   30.5  268.0   87.0  444.0
2024 151  5 30 0700  -29.9  972.4   28.8  268.0   86.0  444.0
2024 151  5 30 0800  -29.6  973.0   28.2  270.0   87.0  444.0
2024 151  5 30 0900  -28.9  972.5   24.3  269.0   89.0  444.0
2024 151  5 30 1000  -29.7  973.5   19.5  269.0   87.0  444.0
2024 151  5 30 1100  -29.6  973.1   18.7  270.0   87.0  444.0
2024 151  5 30 1200  -29.9  972.3   18.6  275.0   87.0  444.0
2024 151  5 30 1300  -29.8  971.6   17.0  276.0   87.0  444.0
2024 151  5 30 1400  -28.4  969.0   21.1  272.0   90.0  444.0
2024 151  5 30 1500  -27.9  969.5   19.9  269.0   91.0  444.0
2024 151  5 30 1600  -27.8  966.0   22.2  275.0   91.0  444.0
2024 151  5 30 1700  -26.8  964.3   21.0  269.0   94.0  444.0
2024 151  5 30 1800  -25.2  962.8   26.0  272.0   96.0  444.0
2024 151  5 30 1900  -25.2  963.0   24.2  270.0   95.0  444.0
2024 151  5 30 2000  -26.6  963.8   17.9  273.0   93.0  444.0
2024 151  5 30 2100  -26.2  963.1   18.3  273.0   94.0  444.0
2024 151  5 30 2200  -24.7  962.2   20.0  280.0   97.0  444.0
2024 151  5 30 2300  -23.4  963.1   18.8  277.0   99.0  444.0
2024 152  5 31 0000  -23.1  962.5   22.4  280.0   99.0  444.0
2024 152  5 31 0100  -22.9  962.1   24.0  331.0  103.0  444.0
2024 152  5 31 0200  -22.1  962.8   22.2  279.0   99.0  444.0
2024 152  5 31 0300  -21.1  963.9   20.7  278.0   99.4  444.0
2024 152  5 31 0400  -20.3  965.6   18.2  277.0  100.0  444.0
2024 152  5 31 0500  -18.2  964.7   18.0  279.0  100.0  444.0
2024 152  5 31 0600  -17.3  966.2   15.0  279.0   99.7  444.0
2024 152  5 31 0700  -15.6  966.5   15.4  278.0  100.0  444.0
2024 152  5 31 0800  -14.3  968.7   12.4  277.0  100.0  444.0
2024 152  5 31 0900  -13.2  969.1    9.9  280.0  100.0  444.0
2024 152  5 31 1000  -13.3  968.7   12.5  278.0   99.7  444.0
2024 152  5 31 1100  -12.1  968.5   12.4  274.0  100.0  444.0
2024 152  5 31 1200  -11.0  968.8    7.8  264.0  100.0  444.0
2024 152  5 31 1300   -9.0  968.9    6.3  264.0  444.0  444.0
2024 152  5 31 1400   -8.4  968.5    5.7  261.0  444.0  444.0
2024 152  5 31 1500   -8.8  968.4   11.6  133.0  444.0  444.0
2024 152  5 31 1600  -10.6  971.3    7.1  125.0   99.7  444.0
2024 152  5 31 1700  -11.9  972.1    4.9  112.0  100.0  444.0
2024 152  5 31 1800  -12.1  972.4    1.4  239.0  100.0  444.0
2024 152  5 31 1900  -12.8  972.4    4.4  257.0  100.0  444.0
2024 152  5 31 2000  -12.8  972.1    5.8  262.0   99.7  444.0
2024 152  5 31 2100  -11.9  972.4    5.9  271.0  100.0  444.0
2024 152  5 31 2200  -10.9  972.1    6.6  267.0  100.0  444.0
2024 152  5 31 2300   -9.5  972.4    6.1  183.0  444.0  444.0
