Year: 2023  Month: 12  ID: MLA  ARGOS:  8905  Name: Manuela             
Lat: 74.95S  Lon: 163.69E  Elev:   78m
2023 335 12  1 0000   -1.6  977.7   14.1  267.0   45.0  444.0
2023 335 12  1 0100   -1.3  977.1   13.7  274.0   45.0  444.0
2023 335 12  1 0200   -0.5  977.5   10.0  282.0   44.0  444.0
2023 335 12  1 0300    0.4  976.8   11.5  282.0   40.0  444.0
2023 335 12  1 0400    0.3  975.9   11.9  270.0   40.0  444.0
2023 335 12  1 0500   -1.1  976.8    4.4  221.0   63.0  444.0
2023 335 12  1 0600   -2.8  976.9    5.5  191.0   71.0  444.0
2023 335 12  1 0700   -2.7  976.9    4.6  168.0   73.0  444.0
2023 335 12  1 0800   -3.3  977.0    4.6  176.0   68.0  444.0
2023 335 12  1 0900   -4.1  977.2    5.2  201.0   69.0  444.0
2023 335 12  1 1000   -4.7  977.2    4.7  191.0   68.0  444.0
2023 335 12  1 1100   -4.9  977.4    4.1  193.0   67.0  444.0
2023 335 12  1 1200   -4.6  977.2    6.1  159.0   62.0  444.0
2023 335 12  1 1300   -5.0  977.5    4.6  169.0   56.0  444.0
2023 335 12  1 1400   -5.9  977.6    3.9  222.0   62.0  444.0
2023 335 12  1 1500   -6.5  977.5    4.9  240.0   62.0  444.0
2023 335 12  1 1600   -7.2  977.0    8.9  254.0   54.6  444.0
2023 335 12  1 1700   -7.5  976.6   10.1  257.0   55.0  444.0
2023 335 12  1 1800   -7.5  976.7   10.2  256.0   56.0  444.0
2023 335 12  1 1900   -7.1  976.6   11.0  256.0   49.0  444.0
2023 335 12  1 2000   -6.8  976.3   11.6  255.0   51.0  444.0
2023 335 12  1 2100   -6.4  976.4   14.3  263.0   48.0  444.0
2023 335 12  1 2200   -5.9  976.6   13.9  265.0   50.0  444.0
2023 335 12  1 2300   -5.4  976.5   14.6  266.0   47.1  444.0
2023 336 12  2 0000   -4.8  976.3   14.2  268.0   46.0  444.0
2023 336 12  2 0100   -4.2  976.4   14.4  275.0   44.0  444.0
2023 336 12  2 0200   -3.4  976.6   13.6  273.0   43.0  444.0
2023 336 12  2 0300   -2.7  976.5   12.1  271.0   42.0  444.0
2023 336 12  2 0400   -2.4  976.5   10.7  278.0   40.4  444.0
2023 336 12  2 0500   -2.0  976.6    9.7  278.0   39.0  444.0
2023 336 12  2 0600   -2.1  976.4    9.6  275.0   37.0  444.0
2023 336 12  2 0700   -2.0  976.3    8.9  280.0   37.0  444.0
2023 336 12  2 0800   -2.2  976.1    9.3  278.0   42.0  444.0
2023 336 12  2 0900   -2.2  976.1   12.9  270.0   44.1  444.0
2023 336 12  2 1000   -4.0  976.3   12.0  277.0   57.0  444.0
2023 336 12  2 1100   -4.7  977.3    9.1  262.0   54.0  444.0
2023 336 12  2 1200   -5.9  978.0    8.8  255.0   61.0  444.0
2023 336 12  2 1300   -6.4  978.0   10.2  260.0   52.0  444.0
2023 336 12  2 1400   -7.1  978.0   11.6  260.0   54.6  444.0
2023 336 12  2 1500   -7.3  978.0   12.6  265.0   53.0  444.0
2023 336 12  2 1600   -7.6  977.9   12.6  262.0   55.2  444.0
2023 336 12  2 1700   -7.7  978.4   13.5  266.0   54.0  444.0
2023 336 12  2 1800   -6.6  978.2   12.8  267.0   53.0  444.0
2023 336 12  2 1900   -6.4  977.0   14.9  280.0   53.0  444.0
2023 336 12  2 2000   -5.9  977.0   16.3  282.0   52.0  444.0
2023 336 12  2 2100   -6.0  976.3   17.7  283.0   57.4  444.0
2023 336 12  2 2200   -4.4  977.0   15.4  281.0   56.0  444.0
2023 336 12  2 2300   -3.9  975.9   20.5  280.0   47.0  444.0
2023 337 12  3 0000   -3.3  976.3   17.0  276.0   46.0  444.0
2023 337 12  3 0100   -1.9  977.4   13.2  266.0   46.0  444.0
2023 337 12  3 0200   -1.7  977.2   13.4  263.0   50.9  444.0
2023 337 12  3 0300   -1.6  977.7   12.0  252.0   48.0  444.0
2023 337 12  3 0400   -0.7  977.9    8.1  246.0   44.0  444.0
2023 337 12  3 0500   -0.5  978.0    8.5  262.0   45.0  444.0
2023 337 12  3 0600   -0.5  977.8    9.1  264.0   48.0  444.0
2023 337 12  3 0700   -0.6  977.7    8.2  264.0   49.5  444.0
2023 337 12  3 0800   -0.8  977.6    9.4  260.0   54.0  444.0
2023 337 12  3 0900   -1.9  977.8    8.8  255.0   56.1  444.0
2023 337 12  3 1000   -2.3  978.0    9.2  262.0   57.0  444.0
2023 337 12  3 1100   -3.1  978.8    8.8  264.0   58.0  444.0
2023 337 12  3 1200   -4.0  979.3    7.1  260.0   61.9  444.0
2023 337 12  3 1300   -4.4  979.6    6.5  268.0   56.0  444.0
2023 337 12  3 1400   -4.5  980.0    6.2  275.0   57.0  444.0
2023 337 12  3 1500   -5.2  980.4    3.3  252.0  444.0  444.0
2023 337 12  3 1600   -5.4  981.0    5.3  271.0   63.0  444.0
2023 337 12  3 1700   -5.3  981.1    6.5  246.0   56.0  444.0
2023 337 12  3 1800   -5.5  981.5    6.5  259.0   61.0  444.0
2023 337 12  3 1900   -5.4  981.0   10.6  259.0   56.0  444.0
2023 337 12  3 2000   -5.1  981.2   10.5  273.0   61.0  444.0
2023 337 12  3 2100   -4.7  980.8   12.3  261.0   55.0  444.0
2023 337 12  3 2200   -4.7  980.8   12.1  258.0   56.0  444.0
2023 337 12  3 2300   -4.3  980.4   12.9  260.0   52.0  444.0
2023 338 12  4 0000   -3.7  980.4   12.9  263.0   54.0  444.0
2023 338 12  4 0100   -2.5  980.6   11.2  269.0   49.0  444.0
2023 338 12  4 0200   -2.1  979.2   15.4  270.0   45.0  444.0
2023 338 12  4 0300   -2.2  978.9   17.7  268.0   42.0  444.0
2023 338 12  4 0400   -1.1  979.9    8.9  263.0   54.0  444.0
2023 338 12  4 0500   -0.8  980.7    3.7  136.0   53.3  444.0
2023 338 12  4 0600   -1.8  981.1    6.2  143.0   70.0  444.0
2023 338 12  4 0700   -2.5  981.6    6.7  148.0   73.0  444.0
2023 338 12  4 0800   -3.2  982.0    5.5  162.0   79.0  444.0
2023 338 12  4 0900   -3.5  981.8    6.8  211.0   80.0  444.0
2023 338 12  4 1000   -3.0  981.5    8.1  208.0   70.0  444.0
2023 338 12  4 1100   -3.5  981.7    5.9  182.0   76.0  444.0
2023 338 12  4 1200   -3.4  982.0    7.6  158.0   79.0  444.0
2023 338 12  4 1300   -4.2  982.3    5.8  202.0   92.0  444.0
2023 338 12  4 1400   -3.9  981.8    6.4  251.0   88.0  444.0
2023 338 12  4 1500   -4.4  981.2    9.9  274.0   82.0  444.0
2023 338 12  4 1600   -4.3  980.7   10.1  277.0   76.1  444.0
2023 338 12  4 1700   -4.8  979.7   14.1  283.0   76.8  444.0
2023 338 12  4 1800   -4.3  979.1   14.7  284.0   63.0  444.0
2023 338 12  4 1900   -3.3  978.6   14.4  283.0   55.0  444.0
2023 338 12  4 2000   -2.9  978.0   13.8  282.0   52.0  444.0
2023 338 12  4 2100   -2.7  978.0   11.7  280.0   53.0  444.0
2023 338 12  4 2200   -2.3  977.0   11.5  276.0   53.0  444.0
2023 338 12  4 2300   -1.2  974.3   17.9  267.0   46.0  444.0
2023 339 12  5 0000   -1.0  973.9   17.9  262.0   45.0  444.0
2023 339 12  5 0100   -0.6  972.6   18.9  263.0   44.0  444.0
2023 339 12  5 0200   -0.1  972.0   19.4  264.0   43.0  444.0
2023 339 12  5 0300    0.1  970.7   20.1  264.0   39.0  444.0
2023 339 12  5 0400   -0.3  970.4   18.8  268.0   43.9  444.0
2023 339 12  5 0500   -0.2  969.6   21.8  266.0   43.0  444.0
2023 339 12  5 0600   -1.0  970.2   19.0  264.0   43.0  444.0
2023 339 12  5 0700   -1.2  970.2   15.8  262.0   46.0  444.0
2023 339 12  5 0800   -1.7  970.5   13.0  259.0   47.0  444.0
2023 339 12  5 0900   -2.0  970.2   14.6  255.0   45.0  444.0
2023 339 12  5 1000   -1.8  970.3   12.0  252.0   47.5  444.0
2023 339 12  5 1100   -2.5  970.1   12.8  256.0   49.0  444.0
2023 339 12  5 1200   -3.0  969.9   13.4  258.0   44.0  444.0
2023 339 12  5 1300   -3.7  969.8   13.8  262.0   46.0  444.0
2023 339 12  5 1400   -4.7  970.1   11.7  259.0   48.0  444.0
2023 339 12  5 1500   -6.0  970.6    8.9  258.0   55.4  444.0
2023 339 12  5 1600   -5.8  970.6    9.7  282.0   52.0  444.0
2023 339 12  5 1700   -5.9  970.6    7.9  272.0   54.0  444.0
2023 339 12  5 1800   -5.9  970.8   10.4  278.0   54.0  444.0
2023 339 12  5 1900   -5.5  970.4   12.7  267.0   49.0  444.0
2023 339 12  5 2000   -5.3  970.9   12.6  273.0   53.3  444.0
2023 339 12  5 2100   -4.6  971.1   12.9  272.0   48.0  444.0
2023 339 12  5 2200   -3.9  971.8    9.2  278.0   48.0  444.0
2023 339 12  5 2300   -2.9  971.8    9.5  274.0   49.0  444.0
2023 340 12  6 0000   -2.1  972.4    7.6  278.0   42.0  444.0
2023 340 12  6 0100   -1.6  972.8    7.4  277.0   39.0  444.0
2023 340 12  6 0200   -1.2  973.2    7.1  275.0   40.0  444.0
2023 340 12  6 0300   -0.6  973.4    6.0  278.0   37.0  444.0
2023 340 12  6 0400   -0.4  974.1    5.8  279.0   41.0  444.0
2023 340 12  6 0500   -0.0  974.7    5.2  276.0   37.0  444.0
2023 340 12  6 0600   -0.2  975.4    3.7  265.0   43.0  444.0
2023 340 12  6 0700   -0.4  976.1    2.0  295.0   45.7  444.0
2023 340 12  6 0800    0.3  976.8    0.5  266.0   47.0  444.0
2023 340 12  6 0900   -0.9  977.4    0.7   34.0   49.0  444.0
2023 340 12  6 1000   -1.3  978.1    0.9  266.0   57.0  444.0
2023 340 12  6 1100   -1.7  978.7    2.0  154.0   77.0  444.0
2023 340 12  6 1200   -1.9  979.3    2.1  156.0   72.0  444.0
2023 340 12  6 1300   -2.8  980.0    2.0  194.0   84.0  444.0
2023 340 12  6 1400   -3.0  980.5    1.6  177.0   87.0  444.0
2023 340 12  6 1500   -3.1  981.0    2.6  167.0   81.0  444.0
2023 340 12  6 1600   -3.0  981.5    3.0  159.0   76.0  444.0
2023 340 12  6 1700   -3.1  982.1    2.8  241.0   75.0  444.0
2023 340 12  6 1800   -2.8  982.6    3.2  253.0   73.0  444.0
2023 340 12  6 1900   -3.4  982.8    5.9  274.0   68.0  444.0
2023 340 12  6 2000   -3.4  983.1    6.3  274.0   60.0  444.0
2023 340 12  6 2100   -2.9  983.4    7.6  277.0   63.0  444.0
2023 340 12  6 2200   -2.1  983.6    7.8  278.0   60.0  444.0
2023 340 12  6 2300   -1.9  983.8    7.4  277.0   55.0  444.0
2023 341 12  7 0000   -1.3  983.6    7.4  278.0   53.0  444.0
2023 341 12  7 0100   -0.5  983.6    6.7  278.0   45.0  444.0
2023 341 12  7 0200    0.2  983.5    6.8  281.0   48.5  444.0
2023 341 12  7 0300    0.6  983.4    6.5  284.0   45.5  444.0
2023 341 12  7 0400    0.9  983.3    5.2  283.0   46.0  444.0
2023 341 12  7 0500    0.5  983.4    4.2  277.0   46.0  444.0
2023 341 12  7 0600    0.9  983.3    1.0  304.0   44.0  444.0
2023 341 12  7 0700   -0.9  983.3    4.0   97.0   71.0  444.0
2023 341 12  7 0800   -1.3  983.3    4.1  109.0   68.0  444.0
2023 341 12  7 0900   -1.4  983.0    3.2  114.0   70.0  444.0
2023 341 12  7 1000   -1.4  982.9    3.2  135.0   74.0  444.0
2023 341 12  7 1100   -1.9  982.8    2.9  157.0   76.0  444.0
2023 341 12  7 1200   -2.2  982.4    2.3  154.0   74.0  444.0
2023 341 12  7 1300  444.0  982.2    1.0  203.0   75.0  444.0
2023 341 12  7 1400  444.0  982.0    1.1  186.0   74.6  444.0
2023 341 12  7 1500  444.0  981.7    0.3  240.0   74.0  444.0
2023 341 12  7 1600   -3.1  981.3    2.5  237.0   78.0  444.0
2023 341 12  7 1700   -3.3  981.0    3.3  257.0   80.0  444.0
2023 341 12  7 1800   -3.6  980.7    5.6  284.0   68.0  444.0
2023 341 12  7 1900   -3.7  980.0    9.1  268.0   57.2  444.0
2023 341 12  7 2000   -3.9  979.6   11.5  263.0   51.0  444.0
2023 341 12  7 2100   -3.3  979.4   11.0  262.0   48.0  444.0
2023 341 12  7 2200   -3.1  979.1   10.5  254.0   48.0  444.0
2023 341 12  7 2300   -2.3  978.9    9.2  250.0   51.0  444.0
2023 342 12  8 0000   -1.7  978.5    9.4  253.0   47.3  444.0
2023 342 12  8 0100   -1.4  978.1   10.1  254.0   48.0  444.0
2023 342 12  8 0200   -0.6  977.5   10.4  257.0   48.0  444.0
2023 342 12  8 0300   -0.4  977.5    8.3  256.0   44.8  444.0
2023 342 12  8 0400   -0.4  977.5    6.1  241.0   47.0  444.0
2023 342 12  8 0500   -0.7  977.2    2.5  223.0   46.6  444.0
2023 342 12  8 0600   -0.4  977.1    2.1  210.0   43.0  444.0
2023 342 12  8 0700    0.1  977.0    2.2  252.0   47.0  444.0
2023 342 12  8 0800   -0.4  976.9    3.0  230.0   55.0  444.0
2023 342 12  8 0900   -0.9  977.0    2.1  139.0   54.0  444.0
2023 342 12  8 1000   -0.9  977.2    2.2  162.0   70.0  444.0
2023 342 12  8 1100   -1.5  977.1    2.4  162.0   70.0  444.0
2023 342 12  8 1200   -2.3  977.2    2.5  207.0   72.4  444.0
2023 342 12  8 1300   -3.1  977.2    1.9  198.0   83.1  444.0
2023 342 12  8 1400   -3.9  977.2    2.5  211.0   84.0  444.0
2023 342 12  8 1500   -4.0  977.3    2.2  192.0   82.0  444.0
2023 342 12  8 1600   -4.2  977.2    2.2  195.0   81.0  444.0
2023 342 12  8 1700   -4.6  977.1    2.2  203.0   82.0  444.0
2023 342 12  8 1800   -4.4  977.0    3.6  254.0   83.3  444.0
2023 342 12  8 1900   -3.9  976.8    3.1  233.0   78.0  444.0
2023 342 12  8 2000   -3.9  976.9    4.2  220.0   68.0  444.0
2023 342 12  8 2100   -4.0  976.9    4.6  223.0   62.0  444.0
2023 342 12  8 2200   -3.6  976.8    4.2  181.0   62.9  444.0
2023 342 12  8 2300   -3.8  976.8    5.9  200.0   66.0  444.0
2023 343 12  9 0000   -3.5  976.6    5.2  199.0   62.0  444.0
2023 343 12  9 0100   -2.9  976.7    4.4  185.0   56.0  444.0
2023 343 12  9 0200   -2.4  976.3    3.7  177.0   54.0  444.0
2023 343 12  9 0300   -2.5  976.0    4.0  185.0   52.3  444.0
2023 343 12  9 0400   -2.7  975.7    5.0  154.0   50.1  444.0
2023 343 12  9 0500   -2.5  975.2    3.2  142.0   49.0  444.0
2023 343 12  9 0600   -2.6  974.9    3.3  135.0   47.3  444.0
2023 343 12  9 0700   -2.9  974.7    3.5  111.0   49.0  444.0
2023 343 12  9 0800   -3.1  974.4    2.0  109.0   53.0  444.0
2023 343 12  9 0900   -3.2  974.0    1.6  101.0   56.0  444.0
2023 343 12  9 1000   -3.2  973.7    1.6   88.0   56.0  444.0
2023 343 12  9 1100   -3.5  973.4    1.6   90.0   55.1  444.0
2023 343 12  9 1200   -3.4  973.3    1.2   88.0   49.0  444.0
2023 343 12  9 1300   -3.3  973.0    1.4   61.0   48.0  444.0
2023 343 12  9 1400   -3.0  972.8    1.4   12.0   50.0  444.0
2023 343 12  9 1500   -4.8  972.5    1.4  280.0   66.0  444.0
2023 343 12  9 1600   -5.1  971.8    6.0  260.0   59.1  444.0
2023 343 12  9 1700   -5.3  971.8    7.7  255.0   61.0  444.0
2023 343 12  9 1800   -5.2  971.6    7.4  249.0   56.0  444.0
2023 343 12  9 1900   -5.0  971.5    7.7  258.0   51.0  444.0
2023 343 12  9 2000   -4.5  971.5    7.9  253.0   53.0  444.0
2023 343 12  9 2100   -4.3  971.7    3.0  210.0   55.0  444.0
2023 343 12  9 2200   -4.2  971.6    3.5  199.0   54.0  444.0
2023 343 12  9 2300   -3.8  971.4    3.0  164.0   56.0  444.0
2023 344 12 10 0000   -3.6  971.1    2.8  147.0   60.0  444.0
2023 344 12 10 0100   -3.5  970.6    3.8  124.0   53.0  444.0
2023 344 12 10 0200   -3.2  970.1    4.5  124.0   57.5  444.0
2023 344 12 10 0300   -3.4  969.6    4.8  102.0   65.0  444.0
2023 344 12 10 0400   -3.0  969.1    4.7   86.0   62.3  444.0
2023 344 12 10 0500   -2.8  968.8    4.4   73.0   64.0  444.0
2023 344 12 10 0600   -2.8  968.4    4.8   68.0   65.0  444.0
2023 344 12 10 0700   -2.6  968.0    4.3   59.0   63.0  444.0
2023 344 12 10 0800   -2.6  967.6    4.0   61.0   65.0  444.0
2023 344 12 10 0900   -2.6  967.1    5.1   65.0   60.9  444.0
2023 344 12 10 1000   -2.6  966.9    4.0   68.0   57.0  444.0
2023 344 12 10 1100   -2.8  966.8    3.6   86.0   58.0  444.0
2023 344 12 10 1200   -3.2  966.6    3.2  102.0   66.0  444.0
2023 344 12 10 1300   -3.0  966.4    2.3  142.0   66.0  444.0
2023 344 12 10 1400   -3.6  966.2    2.1  179.0   72.2  444.0
2023 344 12 10 1500   -4.3  966.0    1.9  196.0   67.0  444.0
2023 344 12 10 1600   -5.0  965.1    9.0  255.0   54.0  444.0
2023 344 12 10 1700   -5.3  964.3   13.5  256.0   49.0  444.0
2023 344 12 10 1800   -5.5  963.5   14.9  258.0   45.0  444.0
2023 344 12 10 1900   -5.5  964.0   14.0  258.0   49.2  444.0
2023 344 12 10 2000   -5.0  963.6   13.6  258.0   47.0  444.0
2023 344 12 10 2100   -4.6  963.2   14.3  262.0   43.0  444.0
2023 344 12 10 2200   -3.9  962.9   14.0  262.0   47.0  444.0
2023 344 12 10 2300   -3.2  963.3   12.9  264.0   44.0  444.0
2023 345 12 11 0000   -2.5  962.9   13.8  261.0   43.0  444.0
2023 345 12 11 0100   -2.1  962.8   13.4  264.0   45.0  444.0
2023 345 12 11 0200   -1.7  962.1   14.4  268.0   44.0  444.0
2023 345 12 11 0300   -1.1  962.1   13.3  269.0   45.0  444.0
2023 345 12 11 0400   -0.7  962.5   10.1  275.0   39.0  444.0
2023 345 12 11 0500    0.1  962.8    7.5  277.0   33.0  444.0
2023 345 12 11 0600    0.2  962.6    5.6  276.0   32.0  444.0
2023 345 12 11 0700    0.2  962.8    3.5  294.0   29.0  444.0
2023 345 12 11 0800    0.4  962.8    0.9  293.0   32.0  444.0
2023 345 12 11 0900    0.2  962.9    3.0    5.0   39.0  444.0
2023 345 12 11 1000   -1.3  963.1    1.3  271.0   55.0  444.0
2023 345 12 11 1100   -1.9  963.4    2.1  207.0   62.0  444.0
2023 345 12 11 1200   -2.3  963.5    1.9  222.0   52.0  444.0
2023 345 12 11 1300   -3.4  963.7    3.9  267.0   60.0  444.0
2023 345 12 11 1400   -3.9  963.9    3.1  268.0   63.0  444.0
2023 345 12 11 1500   -5.0  964.2    4.1  256.0   87.0  444.0
2023 345 12 11 1600   -5.2  964.5    4.1  257.0   83.0  444.0
2023 345 12 11 1700   -5.1  964.9    5.5  244.0   60.0  444.0
2023 345 12 11 1800   -5.3  965.4    5.5  253.0   64.0  444.0
2023 345 12 11 1900   -5.2  965.5    5.0  253.0   60.0  444.0
2023 345 12 11 2000   -4.5  965.8    5.8  267.0   56.0  444.0
2023 345 12 11 2100   -3.8  966.1    6.3  259.0   52.0  444.0
2023 345 12 11 2200   -3.1  966.5    6.8  267.0   49.0  444.0
2023 345 12 11 2300   -2.7  966.9    5.6  264.0   46.0  444.0
2023 346 12 12 0000   -2.4  967.4    4.2  252.0   46.0  444.0
2023 346 12 12 0100   -1.9  967.6    3.5  251.0   43.0  444.0
2023 346 12 12 0200   -1.7  967.7    2.0  206.0   46.0  444.0
2023 346 12 12 0300   -1.6  968.0    2.5  128.0   49.0  444.0
2023 346 12 12 0400   -1.8  968.2    2.8   82.0   49.0  444.0
2023 346 12 12 0500   -1.4  968.3    3.2   47.0   47.0  444.0
2023 346 12 12 0600   -1.6  968.6    3.4   49.0   60.0  444.0
2023 346 12 12 0700   -1.6  968.8    3.1   52.0   51.0  444.0
2023 346 12 12 0800   -1.6  969.1    3.5   44.0   41.0  444.0
2023 346 12 12 0900   -1.9  969.3    3.0   46.0   48.0  444.0
2023 346 12 12 1000   -2.2  969.7    3.7   39.0   47.0  444.0
2023 346 12 12 1100   -2.6  970.2    3.9   36.0   49.0  444.0
2023 346 12 12 1200   -3.0  970.6    3.5   38.0   53.0  444.0
2023 346 12 12 1300   -3.2  971.0    3.9   35.0   56.0  444.0
2023 346 12 12 1400   -3.3  971.2    3.4   33.0   56.0  444.0
2023 346 12 12 1500   -3.1  971.5    2.8   36.0   51.0  444.0
2023 346 12 12 1600  444.0  971.9    0.6  257.0   68.0  444.0
2023 346 12 12 1700  444.0  972.4    1.3  263.0   76.0  444.0
2023 346 12 12 1800  444.0  973.0    0.9  253.0   82.0  444.0
2023 346 12 12 1900   -4.6  973.3    4.2  256.0   79.0  444.0
2023 346 12 12 2000   -3.6  973.8    4.3  260.0   65.0  444.0
2023 346 12 12 2100   -3.5  974.3    3.5  264.0   57.0  444.0
2023 346 12 12 2200   -3.5  974.5    5.1  270.0   51.0  444.0
2023 346 12 12 2300   -2.6  974.7    4.5  265.0   56.0  444.0
2023 347 12 13 0000   -2.0  975.1    5.9  253.0   55.0  444.0
2023 347 12 13 0100   -2.2  975.6    4.3  241.0   51.0  444.0
2023 347 12 13 0200   -1.5  975.9    5.0  259.0   47.0  444.0
2023 347 12 13 0300   -1.4  976.2    3.7  241.0   43.0  444.0
2023 347 12 13 0400   -1.4  976.6    2.2  218.0   49.0  444.0
2023 347 12 13 0500   -1.5  976.9    3.1   66.0   51.1  444.0
2023 347 12 13 0600   -1.1  977.2    3.9   37.0   55.1  444.0
2023 347 12 13 0700   -1.4  977.4    4.0   41.0   54.0  444.0
2023 347 12 13 0800   -1.4  977.8    3.9   40.0   49.0  444.0
2023 347 12 13 0900   -1.6  978.1    3.6   40.0   50.0  444.0
2023 347 12 13 1000   -2.0  978.5    4.0   38.0   56.0  444.0
2023 347 12 13 1100   -2.3  978.9    3.6   40.0   58.3  444.0
2023 347 12 13 1200   -2.8  979.4    2.8   48.0   65.0  444.0
2023 347 12 13 1300   -3.1  979.7    2.5   68.0   67.0  444.0
2023 347 12 13 1400   -3.1  979.9    1.7  102.0   69.0  444.0
2023 347 12 13 1500   -3.3  980.1    2.2   89.0   70.0  444.0
2023 347 12 13 1600   -3.2  980.1    2.7   86.0   69.2  444.0
2023 347 12 13 1700   -2.9  980.6    3.0   88.0   69.0  444.0
2023 347 12 13 1800   -3.0  980.9    2.9   98.0   70.0  444.0
2023 347 12 13 1900  444.0  981.2    0.7   92.0   66.0  444.0
2023 347 12 13 2000   -2.8  981.3    1.7   64.0   70.0  444.0
2023 347 12 13 2100   -2.9  981.7    0.4  242.0   72.1  444.0
2023 347 12 13 2200   -3.5  982.1    0.9  154.0   84.0  444.0
2023 347 12 13 2300   -3.7  982.2    2.7  140.0   87.0  444.0
2023 348 12 14 0000  444.0  982.4    1.2  283.0   91.0  444.0
2023 348 12 14 0100  444.0  982.6    0.3   19.0   81.0  444.0
2023 348 12 14 0200   -2.8  982.6    1.9   17.0   76.0  444.0
2023 348 12 14 0300   -2.6  982.8    1.2   25.0   72.0  444.0
2023 348 12 14 0400   -2.1  982.8    1.2  100.0   63.0  444.0
2023 348 12 14 0500   -2.3  982.8    1.6  243.0   75.0  444.0
2023 348 12 14 0600  444.0  982.9    1.3   82.0   60.0  444.0
2023 348 12 14 0700  444.0  983.0    1.4  254.0   67.0  444.0
2023 348 12 14 0800   -2.7  983.1    3.1  157.0   69.0  444.0
2023 348 12 14 0900   -3.9  983.2    3.4  199.0   88.0  444.0
2023 348 12 14 1000   -4.3  983.0    4.3  252.0   95.0  444.0
2023 348 12 14 1100   -4.4  983.1    5.2  274.0   94.0  444.0
2023 348 12 14 1200   -4.7  983.2    4.6  278.0   94.0  444.0
2023 348 12 14 1300   -5.1  983.3    4.5  275.0   95.0  444.0
2023 348 12 14 1400   -5.0  983.6    4.2  262.0   94.3  444.0
2023 348 12 14 1500   -5.3  983.4    4.4  274.0   94.0  444.0
2023 348 12 14 1600   -5.3  983.2    5.7  268.0   95.0  444.0
2023 348 12 14 1700   -4.5  983.4    3.8  228.0   95.0  444.0
2023 348 12 14 1800   -4.9  983.5    3.3  200.0   93.0  444.0
2023 348 12 14 1900   -4.7  983.6    3.9  206.0   91.9  444.0
2023 348 12 14 2000   -4.2  983.8    4.1  198.0   92.0  444.0
2023 348 12 14 2100   -3.6  983.9    4.6  198.0   89.0  444.0
2023 348 12 14 2200   -3.6  984.0    4.0  197.0   92.0  444.0
2023 348 12 14 2300   -3.4  984.0    4.4  202.0   89.0  444.0
2023 349 12 15 0000   -3.3  984.0    4.6  192.0   91.0  444.0
2023 349 12 15 0100   -3.6  984.2    4.4  193.0   94.0  444.0
2023 349 12 15 0200   -3.5  984.1    4.2  200.0   92.0  444.0
2023 349 12 15 0300   -3.3  983.8    3.4  206.0   92.0  444.0
2023 349 12 15 0400   -3.0  983.8    2.4  198.0   87.0  444.0
2023 349 12 15 0500  444.0  983.6    0.9  224.0   87.0  444.0
2023 349 12 15 0600  444.0  983.5    1.5  228.0   85.0  444.0
2023 349 12 15 0700  444.0  983.5    1.3  269.0   83.0  444.0
2023 349 12 15 0800   -3.4  983.2    1.7  280.0   88.0  444.0
2023 349 12 15 0900  444.0  982.9    0.4  299.0   77.3  444.0
2023 349 12 15 1000   -2.1  982.8    1.4  296.0   80.0  444.0
2023 349 12 15 1100   -6.2  982.6    3.3  272.0   89.0  444.0
2023 349 12 15 1200   -7.9  982.2    4.7  265.0   92.0  444.0
2023 349 12 15 1300   -8.8  981.8    6.1  268.0   87.0  444.0
2023 349 12 15 1400   -7.0  981.3    8.2  275.0   60.1  444.0
2023 349 12 15 1500   -6.2  980.8    8.0  274.0   51.0  444.0
2023 349 12 15 1600   -5.5  980.1   10.2  274.0   52.0  444.0
2023 349 12 15 1700   -5.5  979.7   11.8  277.0   60.0  444.0
2023 349 12 15 1800   -5.4  979.9    9.9  265.0   55.7  444.0
2023 349 12 15 1900   -4.5  979.5   10.9  277.0   54.0  444.0
2023 349 12 15 2000   -3.9  979.4   12.6  271.0   52.0  444.0
2023 349 12 15 2100   -4.2  979.1   12.1  267.0   64.0  444.0
2023 349 12 15 2200   -3.8  978.5   13.6  263.0   62.0  444.0
2023 349 12 15 2300   -3.2  978.0   12.6  265.0   61.8  444.0
2023 350 12 16 0000   -2.9  978.0   13.0  259.0   60.3  444.0
2023 350 12 16 0100   -2.0  977.8   12.8  261.0   58.8  444.0
2023 350 12 16 0200   -1.5  977.1   13.4  266.0   57.0  444.0
2023 350 12 16 0300   -0.7  976.8   11.7  264.0   56.0  444.0
2023 350 12 16 0400   -0.2  976.7   10.6  261.0   58.0  444.0
2023 350 12 16 0500   -0.0  976.4    9.8  263.0   54.5  444.0
2023 350 12 16 0600    0.1  975.9    9.8  259.0   49.8  444.0
2023 350 12 16 0700   -0.3  975.9    9.1  252.0   46.0  444.0
2023 350 12 16 0800   -0.8  975.7    9.9  247.0   50.0  444.0
2023 350 12 16 0900   -1.9  975.6    9.9  253.0   46.0  444.0
2023 350 12 16 1000   -2.7  975.5    9.0  258.0   51.7  444.0
2023 350 12 16 1100   -3.5  975.4    9.9  267.0   55.0  444.0
2023 350 12 16 1200   -4.3  975.3   10.1  260.0   56.0  444.0
2023 350 12 16 1300   -5.1  975.2   10.1  262.0   59.0  444.0
2023 350 12 16 1400   -6.3  976.1    2.3  246.0   75.0  444.0
2023 350 12 16 1500   -5.7  976.1    4.9  240.0   57.0  444.0
2023 350 12 16 1600   -6.0  976.1    3.9  264.0   59.0  444.0
2023 350 12 16 1700   -5.9  976.0    5.8  280.0   52.0  444.0
2023 350 12 16 1800   -5.8  976.1    7.4  260.0   64.0  444.0
2023 350 12 16 1900   -5.9  976.5    6.1  248.0   61.0  444.0
2023 350 12 16 2000   -5.1  976.6    6.7  257.0   55.0  444.0
2023 350 12 16 2100   -4.4  976.7    5.6  282.0   57.0  444.0
2023 350 12 16 2200   -4.2  976.5    7.6  272.0   55.0  444.0
2023 350 12 16 2300   -3.8  976.5    7.2  270.0   57.0  444.0
2023 351 12 17 0000   -2.4  976.4    7.6  270.0   49.0  444.0
2023 351 12 17 0100   -2.3  976.4    5.8  274.0   43.0  444.0
2023 351 12 17 0200   -1.8  976.3    4.6  269.0   41.0  444.0
2023 351 12 17 0300   -1.8  976.1    3.3  267.0   41.0  444.0
2023 351 12 17 0400   -1.0  975.9    1.8  263.0   40.0  444.0
2023 351 12 17 0500   -0.6  975.9    1.1  104.0   40.0  444.0
2023 351 12 17 0600   -1.5  975.8    2.1   81.0   43.0  444.0
2023 351 12 17 0700   -1.3  975.9    2.9   88.0   51.0  444.0
2023 351 12 17 0800   -1.3  976.1    2.9   64.0   49.0  444.0
2023 351 12 17 0900   -1.6  976.2    2.5   88.0   51.0  444.0
2023 351 12 17 1000   -1.7  976.2    1.6   93.0   51.0  444.0
2023 351 12 17 1100   -1.8  976.1    2.0  138.0   60.0  444.0
2023 351 12 17 1200   -2.9  976.1    2.1  164.0   77.0  444.0
2023 351 12 17 1300   -4.4  976.1    1.9  183.0   83.0  444.0
2023 351 12 17 1400   -4.7  976.1    2.1  197.0   78.0  444.0
2023 351 12 17 1500   -4.9  975.9    2.6  178.0   75.0  444.0
2023 351 12 17 1600   -4.5  975.5    2.2  204.0   71.0  444.0
2023 351 12 17 1700   -5.3  975.5    2.1  252.0   74.0  444.0
2023 351 12 17 1800   -5.7  975.4    3.0  257.0   80.0  444.0
2023 351 12 17 1900   -5.5  975.1    3.4  263.0   76.0  444.0
2023 351 12 17 2000   -4.6  974.9    3.1  267.0   67.0  444.0
2023 351 12 17 2100   -3.6  974.6    4.3  277.0   57.0  444.0
2023 351 12 17 2200   -3.1  974.3    4.6  274.0   52.0  444.0
2023 351 12 17 2300   -2.8  974.0    5.7  277.0   54.0  444.0
2023 352 12 18 0000   -2.3  973.8    5.9  276.0   55.0  444.0
2023 352 12 18 0100   -1.7  973.3    5.1  270.0   53.5  444.0
2023 352 12 18 0200   -1.2  972.5    7.2  274.0   51.0  444.0
2023 352 12 18 0300   -0.8  972.1    6.3  277.0   45.0  444.0
2023 352 12 18 0400   -0.4  971.7    6.4  280.0   44.0  444.0
2023 352 12 18 0500   -0.1  971.4    5.4  280.0   41.0  444.0
2023 352 12 18 0600   -0.4  971.2    2.1   42.0   50.0  444.0
2023 352 12 18 0700   -0.2  970.7    4.0   30.0   54.0  444.0
2023 352 12 18 0800    0.1  970.4    4.4   34.0   56.0  444.0
2023 352 12 18 0900   -0.2  970.2    3.2  359.0   52.0  444.0
2023 352 12 18 1000   -0.5  969.9    2.4  305.0   38.9  444.0
2023 352 12 18 1100   -1.3  969.8    5.6  280.0   43.4  444.0
2023 352 12 18 1200   -3.3  969.8    3.1  261.0   65.0  444.0
2023 352 12 18 1300   -4.8  969.5    4.5  252.0   84.0  444.0
2023 352 12 18 1400   -5.0  969.2    5.9  244.0   83.0  444.0
2023 352 12 18 1500   -4.9  968.9    7.0  267.0   81.0  444.0
2023 352 12 18 1600   -5.1  969.1    5.8  241.0   78.9  444.0
2023 352 12 18 1700   -5.0  969.3    4.4  258.0   72.0  444.0
2023 352 12 18 1800   -4.3  969.3    6.5  251.0   58.0  444.0
2023 352 12 18 1900   -4.6  969.1    8.5  258.0   57.0  444.0
2023 352 12 18 2000   -4.9  968.3   12.7  262.0   56.3  444.0
2023 352 12 18 2100   -4.1  967.9   13.8  259.0   58.0  444.0
2023 352 12 18 2200   -4.2  968.7   11.9  255.0   60.0  444.0
2023 352 12 18 2300   -3.2  968.3   11.6  258.0   53.0  444.0
2023 353 12 19 0000   -2.2  967.9   11.9  260.0   53.0  444.0
2023 353 12 19 0100   -1.2  967.9   10.1  261.0   54.0  444.0
2023 353 12 19 0200   -0.7  968.4    6.0  236.0   50.8  444.0
2023 353 12 19 0300   -1.0  968.4    3.0  155.0   59.0  444.0
2023 353 12 19 0400   -0.9  968.2    2.4  157.0   62.0  444.0
2023 353 12 19 0500   -1.0  968.0    1.9  159.0   55.0  444.0
2023 353 12 19 0600    0.9  967.1    9.2  254.0   46.0  444.0
2023 353 12 19 0700   -0.1  967.6    3.3  122.0   61.0  444.0
2023 353 12 19 0800   -0.6  967.6    4.4  113.0   66.0  444.0
2023 353 12 19 0900   -0.8  967.6    4.7  115.0   65.0  444.0
2023 353 12 19 1000   -0.9  967.5    3.5  108.0   63.0  444.0
2023 353 12 19 1100   -0.9  967.6    2.3  131.0   62.0  444.0
2023 353 12 19 1200   -1.0  967.4    2.4  141.0   64.0  444.0
2023 353 12 19 1300   -1.3  967.2    2.2  133.0   67.0  444.0
2023 353 12 19 1400   -2.7  967.1    1.0  234.0   80.0  444.0
2023 353 12 19 1500   -4.2  967.1    3.2  234.0   85.0  444.0
2023 353 12 19 1600   -4.0  966.3    7.7  262.0   52.0  444.0
2023 353 12 19 1700   -4.6  966.1   11.6  263.0   57.0  444.0
2023 353 12 19 1800   -5.0  964.9   15.4  265.0   54.2  444.0
2023 353 12 19 1900   -4.6  964.4   17.1  263.0   55.0  444.0
2023 353 12 19 2000   -4.4  964.3   17.8  265.0   55.0  444.0
2023 353 12 19 2100   -3.9  964.8   15.3  264.0   53.0  444.0
2023 353 12 19 2200   -2.6  964.7   14.9  263.0   53.0  444.0
2023 353 12 19 2300   -1.5  964.9   14.7  273.0   49.0  444.0
2023 354 12 20 0000   -1.2  964.2   15.8  272.0   52.0  444.0
2023 354 12 20 0100    0.7  965.3    7.4  293.0   32.0  444.0
2023 354 12 20 0200    0.9  964.5    8.1  283.0   33.5  444.0
2023 354 12 20 0300    1.3  964.1   10.4  275.0   37.0  444.0
2023 354 12 20 0400    1.7  964.1    9.1  277.0   37.0  444.0
2023 354 12 20 0500    1.9  964.2    5.7  300.0   36.0  444.0
2023 354 12 20 0600    1.1  964.0    6.8  271.0   52.0  444.0
2023 354 12 20 0700    0.3  964.3    2.2  233.0   54.2  444.0
2023 354 12 20 0800    0.0  964.1    2.8  166.0   63.1  444.0
2023 354 12 20 0900   -0.7  964.1    3.0  155.0   72.0  444.0
2023 354 12 20 1000   -1.3  963.9    3.7  144.0   77.0  444.0
2023 354 12 20 1100   -1.7  964.0    2.7  155.0   77.0  444.0
2023 354 12 20 1200   -2.0  964.0    3.7  156.0   83.1  444.0
2023 354 12 20 1300   -3.5  964.1    3.4  166.0   88.9  444.0
2023 354 12 20 1400   -4.1  964.2    3.4  170.0   86.0  444.0
2023 354 12 20 1500   -4.2  964.2    2.7  186.0   86.0  444.0
2023 354 12 20 1600   -4.1  964.3    2.7  174.0   85.0  444.0
2023 354 12 20 1700   -4.4  964.5    3.1  198.0   82.9  444.0
2023 354 12 20 1800   -3.2  964.5    3.3  179.0   76.8  444.0
2023 354 12 20 1900   -3.7  964.7    3.3  194.0   78.0  444.0
2023 354 12 20 2000   -2.9  965.0    3.3  201.0   74.0  444.0
2023 354 12 20 2100   -2.5  965.1    3.5  203.0   69.0  444.0
2023 354 12 20 2200   -2.3  965.0    4.0  202.0   63.0  444.0
2023 354 12 20 2300   -2.1  965.1    4.3  212.0   62.0  444.0
2023 355 12 21 0000   -1.7  965.2    4.3  204.0   67.0  444.0
2023 355 12 21 0100   -1.8  965.5    4.5  200.0   68.0  444.0
2023 355 12 21 0200   -1.6  965.4    5.2  208.0   72.0  444.0
2023 355 12 21 0300   -1.4  965.2    5.9  208.0   78.0  444.0
2023 355 12 21 0400   -1.3  965.2    5.6  206.0   82.0  444.0
2023 355 12 21 0500   -0.7  965.4    4.4  154.0   69.6  444.0
2023 355 12 21 0600   -1.1  965.7    5.6  108.0   70.7  444.0
2023 355 12 21 0700   -1.6  966.2    6.7  102.0   72.0  444.0
2023 355 12 21 0800   -1.5  966.8    4.7   90.0   71.0  444.0
2023 355 12 21 0900   -1.9  967.2    6.5  121.0   81.5  444.0
2023 355 12 21 1000   -2.1  967.6    5.9  138.0   89.4  444.0
2023 355 12 21 1100   -2.6  967.8    6.8  140.0   91.0  444.0
2023 355 12 21 1200   -3.4  968.2    3.8  181.0   94.0  444.0
2023 355 12 21 1300   -3.5  968.4    4.0  186.0   95.0  444.0
2023 355 12 21 1400   -3.6  968.5    3.7  181.0   94.0  444.0
2023 355 12 21 1500   -3.5  968.8    4.1  177.0   93.0  444.0
2023 355 12 21 1600   -3.6  969.2    4.4  179.0   81.0  444.0
2023 355 12 21 1700   -4.4  969.5    5.7  200.0   81.0  444.0
2023 355 12 21 1800   -4.2  970.0    7.5  201.0   76.0  444.0
2023 355 12 21 1900   -4.0  970.4    6.7  197.0   70.0  444.0
2023 355 12 21 2000   -3.6  970.6    6.3  181.0   71.0  444.0
2023 355 12 21 2100   -4.4  971.2    7.1  194.0   87.8  444.0
2023 355 12 21 2200   -5.0  971.8    7.4  200.0   93.0  444.0
2023 355 12 21 2300   -4.9  972.1    6.8  197.0   92.0  444.0
2023 356 12 22 0000   -4.0  972.5    6.4  201.0   79.0  444.0
2023 356 12 22 0100   -3.1  972.8    5.7  182.0   73.0  444.0
2023 356 12 22 0200   -2.8  973.2    7.1  213.0   77.0  444.0
2023 356 12 22 0300   -2.9  973.6    6.5  213.0   80.0  444.0
2023 356 12 22 0400   -2.5  973.8    6.2  208.0   73.5  444.0
2023 356 12 22 0500   -2.0  974.2    4.0  215.0   72.0  444.0
2023 356 12 22 0600   -1.4  974.4    3.4  251.0   69.0  444.0
2023 356 12 22 0700   -1.6  974.9    4.6  154.0   75.6  444.0
2023 356 12 22 0800   -1.9  975.2    4.2  163.0   75.0  444.0
2023 356 12 22 0900   -1.9  975.7    4.5  139.0   78.3  444.0
2023 356 12 22 1000   -2.9  976.2    4.9  156.0   90.0  444.0
2023 356 12 22 1100   -3.3  976.8    5.6  162.0   79.0  444.0
2023 356 12 22 1200   -3.8  977.5    3.5  179.0   84.7  444.0
2023 356 12 22 1300   -4.9  978.2    2.9  185.0   89.0  444.0
2023 356 12 22 1400   -4.9  978.7    3.0  209.0   93.6  444.0
2023 356 12 22 1500   -5.1  979.0    3.9  245.0   94.0  444.0
2023 356 12 22 1600   -4.9  979.7    4.2  213.0   95.0  444.0
2023 356 12 22 1700   -4.8  980.1    7.3  219.0   92.7  444.0
2023 356 12 22 1800   -5.4  981.1    6.0  201.0   94.0  444.0
2023 356 12 22 1900   -4.3  981.9    5.7  151.0   92.6  444.0
2023 356 12 22 2000   -4.2  982.7    3.2  177.0   89.0  444.0
2023 356 12 22 2100   -4.6  983.1    2.4  244.0   89.0  444.0
2023 356 12 22 2200   -3.5  983.6    1.6  248.0   81.0  444.0
2023 356 12 22 2300   -2.8  983.9    3.8  277.0   78.0  444.0
2023 357 12 23 0000   -2.1  984.1    3.1  264.0   69.7  444.0
2023 357 12 23 0100   -1.8  984.2    3.0  261.0   73.0  444.0
2023 357 12 23 0200   -0.4  984.3    3.5  272.0   52.0  444.0
2023 357 12 23 0300   -0.3  984.4    2.9  269.0   53.0  444.0
2023 357 12 23 0400   -0.3  984.5    0.3  217.0   48.0  444.0
2023 357 12 23 0500   -0.7  984.5    2.5   70.0   57.0  444.0
2023 357 12 23 0600   -0.3  984.6    4.1   45.0   66.0  444.0
2023 357 12 23 0700   -0.2  984.4    4.2   41.0   66.9  444.0
2023 357 12 23 0800   -0.3  984.1    4.5   36.0   72.0  444.0
2023 357 12 23 0900    0.1  983.9    2.4   21.0   67.0  444.0
2023 357 12 23 1000  444.0  983.9    0.3  323.0   64.4  444.0
2023 357 12 23 1100  444.0  983.7    1.4    8.0   62.0  444.0
2023 357 12 23 1200  444.0  983.5    1.6  270.0   62.0  444.0
2023 357 12 23 1300   -4.2  983.2    3.3  273.0   55.0  444.0
2023 357 12 23 1400   -3.0  982.4    6.8  264.0   57.0  444.0
2023 357 12 23 1500   -4.3  982.3    3.8  260.0   65.6  444.0
2023 357 12 23 1600  444.0  982.1    1.1  280.0   51.0  444.0
2023 357 12 23 1700   -2.1  981.6    2.2  256.0   43.0  444.0
2023 357 12 23 1800   -3.0  981.2    4.2  274.0   55.0  444.0
2023 357 12 23 1900   -2.8  980.1    9.2  279.0   58.0  444.0
2023 357 12 23 2000   -1.9  979.3   10.6  280.0   46.4  444.0
2023 357 12 23 2100   -2.5  979.1    9.0  276.0   63.0  444.0
2023 357 12 23 2200   -1.8  978.5   10.6  273.0   54.0  444.0
2023 357 12 23 2300   -2.0  977.7   10.5  266.0   61.0  444.0
2023 358 12 24 0000   -0.8  977.0   11.2  280.0   48.0  444.0
2023 358 12 24 0100    0.8  976.5    8.4  278.0   41.3  444.0
2023 358 12 24 0200    1.4  976.1    4.4  288.0   38.8  444.0
2023 358 12 24 0300    1.5  975.5    1.7  328.0   45.0  444.0
2023 358 12 24 0400    0.8  974.8    2.5   51.0   68.0  444.0
2023 358 12 24 0500    1.7  973.9    4.4  265.0   36.0  444.0
2023 358 12 24 0600   -0.9  973.4    4.7  225.0   74.0  444.0
2023 358 12 24 0700   -2.3  973.1    2.6  171.0   81.0  444.0
2023 358 12 24 0800   -2.4  972.5    3.8  154.0   80.3  444.0
2023 358 12 24 0900   -1.9  971.8    3.8  153.0   79.0  444.0
2023 358 12 24 1000   -3.7  971.4    3.8  169.0   85.0  444.0
2023 358 12 24 1100   -3.9  971.2    3.3  187.0   83.0  444.0
2023 358 12 24 1200   -4.1  970.7    3.1  180.0   81.0  444.0
2023 358 12 24 1300   -4.2  970.4    3.8  193.0   81.0  444.0
2023 358 12 24 1400   -4.5  969.9    4.0  195.0   80.0  444.0
2023 358 12 24 1500   -4.3  969.6    4.0  202.0   81.2  444.0
2023 358 12 24 1600   -4.3  969.1    5.1  205.0   87.0  444.0
2023 358 12 24 1700   -4.4  969.0    5.4  192.0   85.0  444.0
2023 358 12 24 1800   -4.3  968.7    5.3  192.0   78.0  444.0
2023 358 12 24 1900   -4.5  968.7    5.2  198.0   82.0  444.0
2023 358 12 24 2000   -4.2  968.6    4.4  200.0   80.0  444.0
2023 358 12 24 2100   -4.1  968.4    5.2  213.0   78.0  444.0
2023 358 12 24 2200   -3.7  968.4    4.6  210.0   72.0  444.0
2023 358 12 24 2300   -2.8  968.2    3.6  202.0   66.0  444.0
2023 359 12 25 0000   -2.5  968.1    3.5  199.0   63.0  444.0
2023 359 12 25 0100   -1.8  967.8    3.4  201.0   56.0  444.0
2023 359 12 25 0200   -1.5  967.5    3.5  199.0   57.0  444.0
2023 359 12 25 0300   -1.1  967.2    3.2  182.0   54.0  444.0
2023 359 12 25 0400   -0.9  966.8    3.1  191.0   53.0  444.0
2023 359 12 25 0500   -1.5  966.6    3.3  159.0   58.0  444.0
2023 359 12 25 0600   -1.7  966.3    3.7  154.0   60.0  444.0
2023 359 12 25 0700   -2.0  966.0    3.6  125.0   69.8  444.0
2023 359 12 25 0800   -2.6  966.0    3.2  155.0   77.8  444.0
2023 359 12 25 0900   -3.2  965.7    3.0  153.0   81.0  444.0
2023 359 12 25 1000   -3.1  965.7    3.2  195.0   88.0  444.0
2023 359 12 25 1100   -3.7  965.5    3.8  165.0   91.0  444.0
2023 359 12 25 1200   -4.1  965.3    3.4  186.0   88.0  444.0
2023 359 12 25 1300   -4.7  965.0    4.0  193.0   89.7  444.0
2023 359 12 25 1400   -5.1  964.6    4.5  197.0   89.0  444.0
2023 359 12 25 1500   -5.3  964.4    4.4  204.0   90.0  444.0
2023 359 12 25 1600   -5.4  964.1    4.8  194.0   91.0  444.0
2023 359 12 25 1700   -5.5  964.1    4.0  212.0   92.0  444.0
2023 359 12 25 1800   -5.5  963.9    4.9  195.0   91.3  444.0
2023 359 12 25 1900   -5.5  964.1    4.8  197.0   91.0  444.0
2023 359 12 25 2000   -5.5  964.1    5.1  191.0   92.0  444.0
2023 359 12 25 2100   -5.6  964.3    5.1  193.0   93.0  444.0
2023 359 12 25 2200   -4.0  964.2    4.6  177.0   95.0  444.0
2023 359 12 25 2300   -4.3  964.1    8.9  155.0   95.3  444.0
2023 360 12 26 0000   -4.6  964.5    8.8  151.0   93.0  444.0
2023 360 12 26 0100   -4.9  964.7    9.1  157.0   91.0  444.0
2023 360 12 26 0200   -5.3  965.0    7.9  162.0   93.0  444.0
2023 360 12 26 0300   -5.2  965.3    8.9  158.0   92.0  444.0
2023 360 12 26 0400   -6.1  965.5    7.6  163.0   93.2  444.0
2023 360 12 26 0500   -5.8  966.0    7.3  162.0   92.3  444.0
2023 360 12 26 0600   -5.8  966.7    5.7  184.0   92.0  444.0
2023 360 12 26 0700   -6.2  967.1    6.6  202.0   91.0  444.0
2023 360 12 26 0800   -6.4  967.4    6.3  203.0   89.0  444.0
2023 360 12 26 0900   -6.2  967.8    4.8  196.0   84.6  444.0
2023 360 12 26 1000   -6.5  968.1    3.0  176.0   81.0  444.0
2023 360 12 26 1100   -7.1  968.4    3.6  216.0   83.9  444.0
2023 360 12 26 1200   -7.3  968.4    3.1  215.0   84.0  444.0
2023 360 12 26 1300   -8.2  968.6    1.8  248.0   85.0  444.0
2023 360 12 26 1400   -9.1  968.6    3.2  269.0   89.0  444.0
2023 360 12 26 1500   -8.6  968.6    2.5  261.0   86.0  444.0
2023 360 12 26 1600   -9.2  968.6    2.4  260.0   89.1  444.0
2023 360 12 26 1700   -8.4  968.7    1.3  254.0   88.0  444.0
2023 360 12 26 1800   -8.6  968.8    1.3  263.0   84.0  444.0
2023 360 12 26 1900  444.0  968.7    1.0  255.0   82.0  444.0
2023 360 12 26 2000  444.0  968.6    0.4  227.0   74.0  444.0
2023 360 12 26 2100  444.0  968.5    0.5  248.0   74.1  444.0
2023 360 12 26 2200  444.0  968.5    1.3  233.0   80.0  444.0
2023 360 12 26 2300   -4.9  968.3    1.4  155.0   71.0  444.0
2023 361 12 27 0000   -4.5  968.2    2.0  118.0   71.0  444.0
2023 361 12 27 0100   -4.2  968.0    3.4  121.0   66.0  444.0
2023 361 12 27 0200   -4.1  968.0    2.4  132.0   62.0  444.0
2023 361 12 27 0300   -3.9  967.6    3.3  113.0   60.6  444.0
2023 361 12 27 0400   -4.0  967.4    2.8   97.0   62.0  444.0
2023 361 12 27 0500   -3.9  967.2    2.7  100.0   64.0  444.0
2023 361 12 27 0600   -3.6  967.0    3.3  135.0   61.0  444.0
2023 361 12 27 0700   -3.7  967.0    3.3  140.0   58.5  444.0
2023 361 12 27 0800   -3.7  966.9    3.2  198.0   52.0  444.0
2023 361 12 27 0900   -3.8  966.8    2.4  164.0   51.0  444.0
2023 361 12 27 1000   -3.9  966.7    1.8  167.0   50.0  444.0
2023 361 12 27 1100  444.0  966.6    1.3  217.0   50.0  444.0
2023 361 12 27 1200  444.0  966.5    1.2  225.0   56.0  444.0
2023 361 12 27 1300  444.0  966.3    1.3  249.0   60.0  444.0
2023 361 12 27 1400   -7.2  966.0    1.4  270.0   68.0  444.0
2023 361 12 27 1500   -7.8  965.6    3.8  274.0   55.0  444.0
2023 361 12 27 1600   -8.5  965.4    2.3  270.0   58.0  444.0
2023 361 12 27 1700   -9.0  965.2    4.2  245.0   66.0  444.0
2023 361 12 27 1800   -8.5  965.0    4.1  245.0   63.0  444.0
2023 361 12 27 1900   -7.6  964.9    6.1  250.0   58.0  444.0
2023 361 12 27 2000   -7.4  964.7    6.8  268.0   63.0  444.0
2023 361 12 27 2100   -6.4  965.0    5.1  237.0   56.0  444.0
2023 361 12 27 2200   -6.1  964.9    4.4  221.0   53.0  444.0
2023 361 12 27 2300   -5.8  965.1    3.8  200.0   60.9  444.0
2023 362 12 28 0000   -5.5  965.0    3.1  212.0   64.0  444.0
2023 362 12 28 0100   -4.7  964.7    2.4  179.0   53.0  444.0
2023 362 12 28 0200   -4.1  964.5    2.6  147.0   51.0  444.0
2023 362 12 28 0300   -3.7  964.5    3.2  150.0   53.0  444.0
2023 362 12 28 0400   -3.5  964.4    3.4  145.0   57.2  444.0
2023 362 12 28 0500   -3.7  964.4    3.7  208.0   65.0  444.0
2023 362 12 28 0600   -3.5  964.4    3.3  202.0   68.3  444.0
2023 362 12 28 0700   -4.0  964.7    3.6  202.0   70.0  444.0
2023 362 12 28 0800   -4.3  964.8    4.3  201.0   67.0  444.0
2023 362 12 28 0900   -4.9  965.0    3.6  193.0   66.0  444.0
2023 362 12 28 1000   -5.3  965.1    2.9  192.0   67.0  444.0
2023 362 12 28 1100   -4.6  965.1    3.0  189.0   63.4  444.0
2023 362 12 28 1200   -5.3  965.3    2.6  203.0   64.0  444.0
2023 362 12 28 1300   -6.5  965.1    4.3  276.0   75.0  444.0
2023 362 12 28 1400   -7.1  964.8    4.0  278.0   73.0  444.0
2023 362 12 28 1500   -7.3  964.6    4.2  280.0   74.0  444.0
2023 362 12 28 1600   -7.3  964.4    4.0  280.0   73.8  444.0
2023 362 12 28 1700   -6.5  964.5    3.5  278.0   72.0  444.0
2023 362 12 28 1800   -6.5  964.3    3.5  269.0   72.0  444.0
2023 362 12 28 1900   -5.4  964.2    4.5  281.0   55.0  444.0
2023 362 12 28 2000   -5.2  964.3    3.4  278.0   54.0  444.0
2023 362 12 28 2100   -4.5  964.1    2.8  266.0   52.6  444.0
2023 362 12 28 2200   -2.8  964.0    4.9  280.0   39.0  444.0
2023 362 12 28 2300   -2.3  964.0    6.0  279.0   37.0  444.0
2023 363 12 29 0000   -2.1  963.7    8.3  263.0   50.0  444.0
2023 363 12 29 0100   -2.9  963.5   11.2  266.0   52.2  444.0
2023 363 12 29 0200   -2.8  963.2   13.5  269.0   52.5  444.0
2023 363 12 29 0300   -2.5  963.3   13.3  270.0   50.0  444.0
2023 363 12 29 0400   -3.2  962.6   15.7  265.0   55.5  444.0
2023 363 12 29 0500   -3.7  963.0   16.4  264.0   52.1  444.0
2023 363 12 29 0600   -3.9  963.0   16.5  266.0   54.0  444.0
2023 363 12 29 0700   -4.1  963.2   15.6  268.0   53.0  444.0
2023 363 12 29 0800   -4.1  963.4   15.5  276.0   50.0  444.0
2023 363 12 29 0900   -4.7  963.5   13.4  275.0   59.0  444.0
2023 363 12 29 1000   -5.0  963.4   15.5  271.0   56.0  444.0
2023 363 12 29 1100   -5.5  964.5   13.8  270.0   58.0  444.0
2023 363 12 29 1200   -5.7  964.6   14.3  268.0   55.0  444.0
2023 363 12 29 1300   -6.2  965.9   12.0  282.0   46.0  444.0
2023 363 12 29 1400   -6.4  965.8   10.1  276.0   41.7  444.0
2023 363 12 29 1500   -6.1  965.8   11.1  283.0   39.0  444.0
2023 363 12 29 1600   -8.0  966.4    9.1  282.0   56.0  444.0
2023 363 12 29 1700   -8.4  966.7    8.3  267.0   60.0  444.0
2023 363 12 29 1800   -8.1  966.9    8.3  279.0   61.0  444.0
2023 363 12 29 1900   -7.5  967.1   11.2  279.0   63.0  444.0
2023 363 12 29 2000   -6.7  967.7   10.2  275.0   57.0  444.0
2023 363 12 29 2100   -5.3  968.0   11.0  279.0   52.0  444.0
2023 363 12 29 2200   -4.5  967.4   17.5  277.0   48.0  444.0
2023 363 12 29 2300   -4.2  967.5   15.5  278.0   57.0  444.0
2023 364 12 30 0000   -4.0  966.7   16.3  273.0   60.8  444.0
2023 364 12 30 0100   -3.5  966.8   18.1  270.0   61.0  444.0
2023 364 12 30 0200   -2.5  967.5   15.9  261.0   61.0  444.0
2023 364 12 30 0300   -3.4  967.7   18.1  258.0   65.0  444.0
2023 364 12 30 0400   -3.1  967.8   18.0  262.0   66.0  444.0
2023 364 12 30 0500   -3.7  967.3   19.6  253.0   65.9  444.0
2023 364 12 30 0600   -4.5  966.8   21.4  262.0   68.0  444.0
2023 364 12 30 0700   -4.5  967.6   20.3  265.0   68.0  444.0
2023 364 12 30 0800   -4.3  967.0   21.2  267.0   66.0  444.0
2023 364 12 30 0900   -4.4  967.0   19.3  265.0   67.0  444.0
2023 364 12 30 1000   -4.6  966.7   21.8  267.0   61.0  444.0
2023 364 12 30 1100   -4.9  967.3   20.4  266.0   65.5  444.0
2023 364 12 30 1200   -5.3  967.4   20.2  262.0   69.8  444.0
2023 364 12 30 1300   -5.1  967.1   19.5  257.0   65.0  444.0
2023 364 12 30 1400   -5.5  967.8   18.6  256.0   63.0  444.0
2023 364 12 30 1500   -5.5  968.8   14.1  270.0   59.0  444.0
2023 364 12 30 1600   -5.2  968.2   16.3  269.0   49.0  444.0
2023 364 12 30 1700   -6.3  968.4   15.3  267.0   57.3  444.0
2023 364 12 30 1800   -5.3  969.2    9.6  271.0   48.0  444.0
2023 364 12 30 1900   -5.3  969.2    9.0  261.0   59.0  444.0
2023 364 12 30 2000   -5.1  969.2    6.9  268.0   50.0  444.0
2023 364 12 30 2100   -5.2  969.0   10.6  264.0   54.0  444.0
2023 364 12 30 2200   -4.4  969.0    7.7  276.0   56.0  444.0
2023 364 12 30 2300   -2.9  969.1    7.1  270.0   54.0  444.0
2023 365 12 31 0000   -3.3  969.0    5.1  274.0   52.0  444.0
2023 365 12 31 0100   -3.0  969.1    4.3  280.0   52.0  444.0
2023 365 12 31 0200   -2.2  969.0    1.6  232.0   43.0  444.0
2023 365 12 31 0300   -1.7  968.8    0.9   68.0   45.0  444.0
2023 365 12 31 0400   -1.9  968.7    3.0  108.0   47.2  444.0
2023 365 12 31 0500   -1.7  968.8    3.1   99.0   49.0  444.0
2023 365 12 31 0600   -1.9  969.0    3.0   83.0   54.0  444.0
2023 365 12 31 0700   -2.0  969.1    3.0   83.0   59.0  444.0
2023 365 12 31 0800   -1.6  969.2    2.0  193.0   55.0  444.0
2023 365 12 31 0900   -2.7  969.5    4.0  159.0   67.4  444.0
2023 365 12 31 1000   -3.3  969.6    3.5  162.0   73.0  444.0
2023 365 12 31 1100   -3.4  969.7    2.7  191.0   60.0  444.0
2023 365 12 31 1200   -3.4  969.7    2.3  193.0   48.0  444.0
2023 365 12 31 1300   -3.9  969.7    2.7  193.0   59.0  444.0
2023 365 12 31 1400   -4.8  969.7    2.7  259.0   75.8  444.0
2023 365 12 31 1500   -5.7  969.6    1.9  255.0   85.0  444.0
2023 365 12 31 1600   -5.4  969.4    2.8  276.0   83.0  444.0
2023 365 12 31 1700   -4.4  969.2    2.9  275.0   67.0  444.0
2023 365 12 31 1800   -4.4  969.3    3.5  223.0   68.0  444.0
2023 365 12 31 1900   -4.1  969.3    1.0  238.0   62.2  444.0
2023 365 12 31 2000   -3.6  969.3    1.9  238.0   62.0  444.0
2023 365 12 31 2100   -3.5  969.0    3.3  272.0   59.0  444.0
2023 365 12 31 2200   -2.7  969.0    3.7  316.0   58.0  444.0
2023 365 12 31 2300   -2.3  968.7    2.8  202.0   58.0  444.0
