Year: 2018  Month: 03  ID: MLA  ARGOS:  8905  Name: Manuela             
Lat: 74.95S  Lon: 163.69E  Elev:   78m
2018  60  3  1 0000  -12.5  972.5   13.3  270.0   59.0  444.0
2018  60  3  1 0100  -12.5  972.5   13.4  273.0   65.6  444.0
2018  60  3  1 0200  -11.9  972.7   13.8  275.0   64.0  444.0
2018  60  3  1 0300  -11.9  972.7   13.0  276.0   63.0  444.0
2018  60  3  1 0400  -12.0  972.5   12.4  275.0   66.9  444.0
2018  60  3  1 0500  -11.5  972.8   12.5  270.0   61.0  444.0
2018  60  3  1 0600  -11.5  973.6   10.7  268.0   67.0  444.0
2018  60  3  1 0700  -12.1  973.9    9.5  270.0   78.0  444.0
2018  60  3  1 0800  -12.1  974.2   10.6  271.0   77.0  444.0
2018  60  3  1 0900  -12.1  974.5   11.5  268.0   75.3  444.0
2018  60  3  1 1000  -12.0  974.6   12.0  269.0   74.0  444.0
2018  60  3  1 1100  -12.4  975.0   12.1  273.0   78.0  444.0
2018  60  3  1 1200  -12.9  975.1   12.1  271.0   84.0  444.0
2018  60  3  1 1300  -13.2  975.2   12.6  275.0   84.0  444.0
2018  60  3  1 1400  -13.5  975.1   12.6  273.0   84.3  444.0
2018  60  3  1 1500  -13.5  975.6   12.7  275.0   78.0  444.0
2018  60  3  1 1600  -13.6  975.3   15.8  274.0   74.0  444.0
2018  60  3  1 1700  -13.7  975.6   15.6  275.0   68.0  444.0
2018  60  3  1 1800  -14.4  975.9   13.4  280.0   74.0  444.0
2018  60  3  1 1900  -14.8  976.0   14.7  278.0   67.6  444.0
2018  60  3  1 2000  -15.8  976.1   13.5  264.0   76.0  444.0
2018  60  3  1 2100  -16.2  976.1   14.6  260.0   77.0  444.0
2018  60  3  1 2200  -16.7  975.6   17.7  265.0   73.0  444.0
2018  60  3  1 2300  -16.6  975.7   18.0  267.0   70.5  444.0
2018  61  3  2 0000  -16.1  976.3   17.5  264.0   66.0  444.0
2018  61  3  2 0100  -15.8  976.5   17.7  266.0   64.0  444.0
2018  61  3  2 0200  -15.7  976.2   17.9  267.0   65.0  444.0
2018  61  3  2 0300  -16.5  974.9   21.7  263.0   68.0  444.0
2018  61  3  2 0400  -16.2  975.3   19.8  265.0   66.5  444.0
2018  61  3  2 0500  -16.5  974.0   24.6  264.0   72.0  444.0
2018  61  3  2 0600  -16.5  974.0   25.3  265.0   70.0  444.0
2018  61  3  2 0700  -16.4  974.7   21.9  264.0   66.0  444.0
2018  61  3  2 0800  -16.7  975.4   20.9  266.0   66.0  444.0
2018  61  3  2 0900  -17.2  975.5   20.3  262.0   66.0  444.0
2018  61  3  2 1000  -17.4  976.6   17.3  262.0   62.0  444.0
2018  61  3  2 1100  -17.8  976.0   19.5  263.0   64.6  444.0
2018  61  3  2 1200  -18.5  976.4   18.9  264.0   65.0  444.0
2018  61  3  2 1300  -18.9  976.0   20.9  261.0   64.0  444.0
2018  61  3  2 1400  -19.8  977.3   18.9  262.0   68.0  444.0
2018  61  3  2 1500  -19.9  975.6   24.5  258.0   73.0  444.0
2018  61  3  2 1600  -20.0  976.2   22.1  258.0   67.8  444.0
2018  61  3  2 1700  -20.2  976.5   18.3  260.0   66.0  444.0
2018  61  3  2 1800  -21.1  976.5   23.1  266.0   67.0  444.0
2018  61  3  2 1900  -21.3  976.3   22.9  264.0   67.0  444.0
2018  61  3  2 2000  -20.8  976.6   24.0  265.0   67.0  444.0
2018  61  3  2 2100  -20.0  976.5   24.4  267.0   68.2  444.0
2018  61  3  2 2200  -19.6  976.7   23.3  266.0   69.0  444.0
2018  61  3  2 2300  -19.4  976.7   27.9  268.0   70.0  444.0
2018  62  3  3 0000  -18.9  977.3   26.3  266.0   69.0  444.0
2018  62  3  3 0100  -18.5  977.8   24.2  263.0   70.1  444.0
2018  62  3  3 0200  -17.8  977.8   23.9  264.0   64.7  444.0
2018  62  3  3 0300  -17.4  977.7   24.2  263.0   64.0  444.0
2018  62  3  3 0400  -17.4  977.9   23.0  260.0   64.0  444.0
2018  62  3  3 0500  -16.8  979.1   21.6  263.0   53.0  444.0
2018  62  3  3 0600  -16.7  979.5   17.1  257.0   55.0  444.0
2018  62  3  3 0700  -17.2  978.8   19.1  259.0   56.0  444.0
2018  62  3  3 0800  -17.6  980.1   17.6  263.0   47.4  444.0
2018  62  3  3 0900  -19.4  978.7   24.1  259.0   66.0  444.0
2018  62  3  3 1000  -20.3  979.1   23.0  256.0   60.0  444.0
2018  62  3  3 1100  -20.6  978.9   21.9  258.0   52.0  444.0
2018  62  3  3 1200  -21.3  978.7   23.5  258.0   65.0  444.0
2018  62  3  3 1300  -21.6  979.2   24.9  256.0   67.0  444.0
2018  62  3  3 1400  -21.6  978.1   25.8  259.0   72.0  444.0
2018  62  3  3 1500  -22.0  977.3   28.2  257.0   73.0  444.0
2018  62  3  3 1600  -22.6  978.0   27.9  253.0   71.0  444.0
2018  62  3  3 1700  -22.5  978.3   27.7  255.0   69.0  444.0
2018  62  3  3 1800  -23.0  978.8   28.6  258.0   71.9  444.0
2018  62  3  3 1900  -23.3  977.0   29.2  257.0   73.0  444.0
2018  62  3  3 2000  -22.5  979.5   26.3  257.0   59.0  444.0
2018  62  3  3 2100  -21.9  979.4   24.9  254.0   46.0  444.0
2018  62  3  3 2200  -21.6  980.5   24.1  255.0   47.0  444.0
2018  62  3  3 2300  -21.5  980.9   23.5  260.0   61.0  444.0
2018  63  3  4 0000  -20.6  980.1   24.3  260.0   52.0  444.0
2018  63  3  4 0100  -19.8  980.8   24.8  263.0   53.2  444.0
2018  63  3  4 0200  -19.6  980.3   22.8  264.0   58.6  444.0
2018  63  3  4 0300  -18.8  980.1   22.8  264.0   54.0  444.0
2018  63  3  4 0400  -18.2  980.0   22.3  264.0   48.0  444.0
2018  63  3  4 0500  -18.9  979.5   26.6  262.0   59.0  444.0
2018  63  3  4 0600  -19.3  979.2   25.0  266.0   58.3  444.0
2018  63  3  4 0700  -19.0  979.0   24.9  264.0   46.5  444.0
2018  63  3  4 0800  -19.2  980.0   22.8  268.0   46.0  444.0
2018  63  3  4 0900  -20.0  980.3   21.8  265.0   49.2  444.0
2018  63  3  4 1000  -20.6  980.3   22.1  264.0   45.0  444.0
2018  63  3  4 1100  -20.9  979.5   23.4  261.0   48.0  444.0
2018  63  3  4 1200  -21.6  979.9   24.1  259.0   56.3  444.0
2018  63  3  4 1300  -22.0  979.9   23.5  261.0   48.0  444.0
2018  63  3  4 1400  -22.3  980.2   23.2  260.0   47.9  444.0
2018  63  3  4 1500  -22.8  980.7   22.9  263.0   54.0  444.0
2018  63  3  4 1600  -22.9  980.9   23.1  260.0   51.0  444.0
2018  63  3  4 1700  -23.0  980.9   23.4  262.0   53.0  444.0
2018  63  3  4 1800  -22.9  982.0   21.8  260.0   50.0  444.0
2018  63  3  4 1900  -22.7  982.4   17.8  259.0   47.0  444.0
2018  63  3  4 2000  -22.4  983.0   15.8  262.0   47.0  444.0
2018  63  3  4 2100  -21.8  983.1   13.9  265.0   49.0  444.0
2018  63  3  4 2200  -21.0  983.2   14.9  262.0   49.0  444.0
2018  63  3  4 2300  -20.7  983.3   13.2  265.0   55.0  444.0
2018  64  3  5 0000  -19.6  983.4   15.5  266.0   49.8  444.0
2018  64  3  5 0100  -19.5  983.5   16.6  264.0   51.0  444.0
2018  64  3  5 0200  -18.8  983.2   16.2  265.0   51.0  444.0
2018  64  3  5 0300  -18.2  983.5   14.8  264.0   52.0  444.0
2018  64  3  5 0400  -17.7  983.5   15.2  264.0   50.0  444.0
2018  64  3  5 0500  -17.5  983.8   13.6  266.0   54.4  444.0
2018  64  3  5 0600  -17.1  984.3   12.1  264.0   65.0  444.0
2018  64  3  5 0700  -17.2  984.1   12.5  268.0   76.5  444.0
2018  64  3  5 0800  -17.3  984.3   13.1  269.0   82.0  444.0
2018  64  3  5 0900  -17.1  984.3   11.5  267.0   81.0  444.0
2018  64  3  5 1000  -17.2  984.0   12.4  267.0   78.9  444.0
2018  64  3  5 1100  -16.9  983.9   12.6  268.0   77.0  444.0
2018  64  3  5 1200  -16.8  984.1   11.6  269.0   81.7  444.0
2018  64  3  5 1300  -16.6  983.8   11.8  265.0   84.0  444.0
2018  64  3  5 1400  -16.4  983.9   12.4  260.0   84.0  444.0
2018  64  3  5 1500  -16.2  983.8   11.5  267.0   83.8  444.0
2018  64  3  5 1600  -16.0  983.5   11.7  266.0   84.0  444.0
2018  64  3  5 1700  -16.0  983.6   10.9  259.0   84.2  444.0
2018  64  3  5 1800  -16.0  984.0   10.6  258.0   84.0  444.0
2018  64  3  5 1900  -16.1  984.3   10.3  258.0   84.0  444.0
2018  64  3  5 2000  -16.1  984.0   10.6  259.0   84.0  444.0
2018  64  3  5 2100  -15.8  984.4   11.0  261.0   84.0  444.0
2018  64  3  5 2200  -15.7  984.4   13.2  264.0   83.3  444.0
2018  64  3  5 2300  -15.4  984.7   11.2  264.0   83.0  444.0
2018  65  3  6 0000  -15.6  984.8   12.8  262.0   81.0  444.0
2018  65  3  6 0100  -15.6  984.7   12.6  262.0   83.0  444.0
2018  65  3  6 0200  -15.2  984.5   12.6  261.0   80.0  444.0
2018  65  3  6 0300  -15.0  983.9   13.7  269.0   73.6  444.0
2018  65  3  6 0400  -15.3  983.4   15.6  269.0   74.0  444.0
2018  65  3  6 0500  -15.8  982.6   16.2  269.0   77.0  444.0
2018  65  3  6 0600  -15.3  981.9   19.7  264.0   78.0  444.0
2018  65  3  6 0700  -16.1  981.6   19.8  265.0   79.0  444.0
2018  65  3  6 0800  -15.9  980.9   19.8  263.0   81.2  444.0
2018  65  3  6 0900  -16.4  980.0   23.7  263.0   81.0  444.0
2018  65  3  6 1000  -17.3  980.3   21.7  259.0   82.3  444.0
2018  65  3  6 1100  -17.8  979.6   22.1  258.0   79.0  444.0
2018  65  3  6 1200  -18.8  977.4   27.9  254.0   79.0  444.0
2018  65  3  6 1300  -19.5  976.5   31.0  256.0   80.2  444.0
2018  65  3  6 1400  -20.3  974.4   34.2  254.0   79.8  444.0
2018  65  3  6 1500  -21.0  974.9   32.6  252.0   79.3  444.0
2018  65  3  6 1600  -21.2  975.0   32.1  252.0   78.0  444.0
2018  65  3  6 1700  -21.6  976.9   25.0  250.0   78.0  444.0
2018  65  3  6 1800  -21.5  976.4   30.0  253.0   75.3  444.0
2018  65  3  6 1900  -21.2  976.0   30.1  254.0   69.0  444.0
2018  65  3  6 2000  -20.7  976.5   26.3  254.0   67.5  444.0
2018  65  3  6 2100  -20.4  976.2   26.5  251.0   66.0  444.0
2018  65  3  6 2200  -20.5  974.9   29.8  253.0   65.0  444.0
2018  65  3  6 2300  -20.3  975.1   27.8  257.0   61.0  444.0
2018  66  3  7 0000  -19.7  974.8   26.8  257.0   59.0  444.0
2018  66  3  7 0100  -19.5  973.4   30.3  256.0   62.0  444.0
2018  66  3  7 0200  -18.7  973.3   29.2  250.0   54.0  444.0
2018  66  3  7 0300  -18.6  971.8   29.9  254.0   58.0  444.0
2018  66  3  7 0400  -18.1  972.0   26.9  255.0   48.0  444.0
2018  66  3  7 0500  -17.8  972.4   24.3  256.0   47.0  444.0
2018  66  3  7 0600  -17.4  972.0   24.4  253.0   46.6  444.0
2018  66  3  7 0700  -17.6  970.4   25.8  255.0   48.0  444.0
2018  66  3  7 0800  -17.9  970.5   26.5  258.0   49.0  444.0
2018  66  3  7 0900  -18.1  969.2   26.9  257.0   53.0  444.0
2018  66  3  7 1000  -19.0  969.1   31.0  255.0   58.0  444.0
2018  66  3  7 1100  -19.5  968.5   29.2  257.0   50.0  444.0
2018  66  3  7 1200  -19.5  968.2   27.8  258.0   48.0  444.0
2018  66  3  7 1300  -20.0  968.2   28.0  260.0   52.3  444.0
2018  66  3  7 1400  -20.0  967.6   29.1  260.0   49.0  444.0
2018  66  3  7 1500  -20.4  966.1   27.4  256.0   51.0  444.0
2018  66  3  7 1600  -20.6  966.6   29.0  253.0   54.0  444.0
2018  66  3  7 1700  -21.2  967.8   26.3  262.0   61.0  444.0
2018  66  3  7 1800  -21.5  965.3   27.5  264.0   60.0  444.0
2018  66  3  7 1900  -21.3  964.9   28.0  262.0   49.0  444.0
2018  66  3  7 2000  -21.2  965.2   27.3  263.0   45.0  444.0
2018  66  3  7 2100  -21.1  966.4   22.4  261.0   44.0  444.0
2018  66  3  7 2200  -21.3  965.6   25.2  261.0   47.0  444.0
2018  66  3  7 2300  -21.2  966.3   20.6  256.0   48.9  444.0
2018  67  3  8 0000  -21.1  963.8   26.5  256.0   54.0  444.0
2018  67  3  8 0100  -20.8  963.8   25.4  257.0   49.5  444.0
2018  67  3  8 0200  -20.9  962.7   26.4  259.0   53.4  444.0
2018  67  3  8 0300  -20.6  963.6   22.3  257.0   46.0  444.0
2018  67  3  8 0400  -20.4  963.4   22.2  257.0   49.0  444.0
2018  67  3  8 0500  -20.4  964.0   21.9  257.0   50.0  444.0
2018  67  3  8 0600  -20.8  964.5   20.7  256.0   48.0  444.0
2018  67  3  8 0700  -21.5  965.5   18.1  254.0   50.8  444.0
2018  67  3  8 0800  -22.0  965.6   17.1  253.0   49.0  444.0
2018  67  3  8 0900  -22.9  965.1   17.9  250.0   51.0  444.0
2018  67  3  8 1000  -23.3  965.9   16.6  250.0   50.0  444.0
2018  67  3  8 1100  -24.0  965.1   18.5  256.0   51.0  444.0
2018  67  3  8 1200  -24.4  965.7   19.5  255.0   50.0  444.0
2018  67  3  8 1300  -24.9  965.2   18.6  256.0   52.0  444.0
2018  67  3  8 1400  -25.0  965.7   17.3  256.0   50.0  444.0
2018  67  3  8 1500  -25.5  965.7   16.4  260.0   51.0  444.0
2018  67  3  8 1600  -25.5  966.3   17.0  261.0   51.0  444.0
2018  67  3  8 1700  -25.2  966.3   15.4  261.0   50.0  444.0
2018  67  3  8 1800  -25.0  966.3   15.0  261.0   51.0  444.0
2018  67  3  8 1900  -25.4  965.8   17.0  263.0   50.0  444.0
2018  67  3  8 2000  -25.0  965.9   16.6  264.0   50.0  444.0
2018  67  3  8 2100  -24.9  965.7   17.7  264.0   51.0  444.0
2018  67  3  8 2200  -24.6  965.5   17.2  264.0   52.0  444.0
2018  67  3  8 2300  -24.0  965.5   15.5  264.0   54.0  444.0
2018  68  3  9 0000  -22.8  965.1   14.7  262.0   57.5  444.0
2018  68  3  9 0100  -22.5  964.6   17.1  264.0   51.8  444.0
2018  68  3  9 0200  -21.5  964.4   14.9  261.0   51.0  444.0
2018  68  3  9 0300  -20.6  964.1   14.3  260.0   52.0  444.0
2018  68  3  9 0400  -20.0  963.0   15.1  263.0   53.0  444.0
2018  68  3  9 0500  -19.4  962.2   17.6  265.0   50.1  444.0
2018  68  3  9 0600  -19.3  961.9   16.9  272.0   52.0  444.0
2018  68  3  9 0700  -18.5  962.1   15.5  270.0   52.0  444.0
2018  68  3  9 0800  -18.3  961.7   15.2  261.0   71.0  444.0
2018  68  3  9 0900  -18.2  961.3   15.4  261.0   82.0  444.0
2018  68  3  9 1000  -17.7  961.2   16.8  262.0   83.0  444.0
2018  68  3  9 1100  -16.9  960.4   18.1  261.0   83.0  444.0
2018  68  3  9 1200  -16.1  960.5   17.4  263.0   84.0  444.0
2018  68  3  9 1300  -14.0  960.4   13.0  260.0   85.9  444.0
2018  68  3  9 1400  -10.6  960.0   10.4  232.0   89.0  444.0
2018  68  3  9 1500   -9.4  958.8    6.9  231.0   90.0  444.0
2018  68  3  9 1600   -9.7  959.4    9.5  282.0   91.0  444.0
2018  68  3  9 1700   -7.1  959.8    1.7    3.0   93.0  444.0
2018  68  3  9 1800  -10.3  961.9    4.7  310.0   89.2  444.0
2018  68  3  9 1900   -8.1  962.2    5.7  268.0   92.0  444.0
2018  68  3  9 2000   -9.6  964.2    4.0  260.0   90.0  444.0
2018  68  3  9 2100   -6.8  963.8   20.2  109.0   91.0  444.0
2018  68  3  9 2200   -7.2  964.9   20.2  111.0   90.4  444.0
2018  68  3  9 2300   -7.8  967.1   20.7  112.0   90.1  444.0
2018  69  3 10 0000   -8.0  968.6   20.9  112.0   88.0  444.0
2018  69  3 10 0100   -8.7  970.4   19.4  114.0   88.0  444.0
2018  69  3 10 0200   -8.9  972.2   17.1  120.0   89.0  444.0
2018  69  3 10 0300   -8.6  974.0   12.9  119.0   83.9  444.0
2018  69  3 10 0400   -8.3  975.6    9.5  116.0   82.6  444.0
2018  69  3 10 0500   -8.2  976.2    6.6  131.0   79.9  444.0
2018  69  3 10 0600   -8.4  976.7    6.8  152.0   90.0  444.0
2018  69  3 10 0700   -9.0  977.5    4.4  169.0   90.0  444.0
2018  69  3 10 0800   -9.7  977.8    4.6  174.0   91.0  444.0
2018  69  3 10 0900   -9.9  978.4    4.6  166.0   90.4  444.0
2018  69  3 10 1000  -10.2  978.7    4.0  178.0   89.9  444.0
2018  69  3 10 1100  -10.9  979.2    2.9  179.0   86.0  444.0
2018  69  3 10 1200  -12.7  979.4    3.9  260.0   90.0  444.0
2018  69  3 10 1300  -13.8  979.4    5.2  262.0   87.0  444.0
2018  69  3 10 1400  -14.3  979.6    6.7  270.0   84.8  444.0
2018  69  3 10 1500  -15.3  979.8    5.1  262.0   72.4  444.0
2018  69  3 10 1600  -15.5  979.9    6.2  272.0   86.9  444.0
2018  69  3 10 1700  -15.5  980.0    6.9  265.0   82.0  444.0
2018  69  3 10 1800  -18.2  980.2    6.2  262.0   91.0  444.0
2018  69  3 10 1900  -15.8  980.4    8.9  267.0   71.2  444.0
2018  69  3 10 2000  -17.6  980.6    8.9  265.0   72.0  444.0
2018  69  3 10 2100  -16.0  980.7   12.4  272.0   74.3  444.0
2018  69  3 10 2200  -16.2  981.1   13.2  269.0   74.0  444.0
2018  69  3 10 2300  -16.0  981.6   11.8  272.0   74.0  444.0
2018  70  3 11 0000  -15.7  981.6   11.4  274.0   75.2  444.0
2018  70  3 11 0100  -15.5  981.9   13.1  264.0   75.0  444.0
2018  70  3 11 0200  -15.8  982.1   12.8  257.0   76.8  444.0
2018  70  3 11 0300  -15.4  982.5   11.7  266.0   72.0  444.0
2018  70  3 11 0400  -15.4  982.5   13.6  265.0   69.0  444.0
2018  70  3 11 0500  -15.9  982.7   12.9  265.0   71.0  444.0
2018  70  3 11 0600  -16.2  982.6   14.4  262.0   72.0  444.0
2018  70  3 11 0700  -16.8  983.0   14.1  263.0   75.3  444.0
2018  70  3 11 0800  -17.8  983.3   13.1  270.0   77.0  444.0
2018  70  3 11 0900  -17.5  983.1   15.1  266.0   69.0  444.0
2018  70  3 11 1000  -18.0  983.3   14.2  267.0   73.0  444.0
2018  70  3 11 1100  -18.1  983.2   15.1  270.0   74.0  444.0
2018  70  3 11 1200  -18.8  982.7   18.6  263.0   78.9  444.0
2018  70  3 11 1300  -19.4  983.3   18.3  261.0   80.0  444.0
2018  70  3 11 1400  -20.0  982.8   18.3  265.0   81.0  444.0
2018  70  3 11 1500  -20.6  983.8   17.7  262.0   81.0  444.0
2018  70  3 11 1600  -21.2  983.5   21.0  264.0   80.0  444.0
2018  70  3 11 1700  -21.6  983.3   23.1  264.0   79.7  444.0
2018  70  3 11 1800  -22.0  983.2   24.9  267.0   79.0  444.0
2018  70  3 11 1900  -22.3  983.3   25.5  266.0   79.0  444.0
2018  70  3 11 2000  -22.2  982.3   29.4  268.0   79.0  444.0
2018  70  3 11 2100  -21.9  982.6   27.9  268.0   79.0  444.0
2018  70  3 11 2200  -21.0  981.7   28.5  270.0   79.0  444.0
2018  70  3 11 2300  -20.4  981.5   26.4  270.0   79.0  444.0
2018  71  3 12 0000  -19.1  982.0   21.5  268.0   73.1  444.0
2018  71  3 12 0100  -18.6  982.8   20.4  270.0   76.0  444.0
2018  71  3 12 0200  -18.1  982.5   17.1  270.0   72.0  444.0
2018  71  3 12 0300  -18.3  982.3   18.9  275.0   77.0  444.0
2018  71  3 12 0400  -17.8  981.9   13.0  277.0   78.3  444.0
2018  71  3 12 0500  -17.9  982.6   16.2  277.0   77.0  444.0
2018  71  3 12 0600  -17.6  982.7   15.1  275.0   74.0  444.0
2018  71  3 12 0700  -17.6  982.0   14.6  277.0   80.0  444.0
2018  71  3 12 0800  -17.1  982.0   14.3  274.0   80.0  444.0
2018  71  3 12 0900  -16.8  982.1   16.0  276.0   80.7  444.0
2018  71  3 12 1000  -16.2  981.7   17.1  276.0   78.0  444.0
2018  71  3 12 1100  -16.0  981.5   18.2  279.0   78.0  444.0
2018  71  3 12 1200  -16.3  981.6   17.2  278.0   79.0  444.0
2018  71  3 12 1300  -16.6  981.2   22.0  280.0   81.0  444.0
2018  71  3 12 1400  -16.6  982.4   13.6  268.0   75.0  444.0
2018  71  3 12 1500  -16.2  981.9   14.8  269.0   73.0  444.0
2018  71  3 12 1600  -16.0  981.0   19.6  272.0   78.0  444.0
2018  71  3 12 1700  -15.7  980.8   19.0  276.0   77.0  444.0
2018  71  3 12 1800  -15.4  981.0   18.6  279.0   78.0  444.0
2018  71  3 12 1900  -14.8  981.4   16.8  276.0   75.8  444.0
2018  71  3 12 2000  -13.6  982.0   15.9  274.0   70.0  444.0
2018  71  3 12 2100  -13.3  982.6   14.8  273.0   68.0  444.0
2018  71  3 12 2200  -13.4  983.4   11.7  275.0   71.0  444.0
2018  71  3 12 2300  -12.8  983.9   11.8  272.0   72.0  444.0
2018  72  3 13 0000  -11.9  983.4   13.9  275.0   66.0  444.0
2018  72  3 13 0100  -12.0  983.4   14.8  271.0   67.5  444.0
2018  72  3 13 0200  -11.9  983.3   16.5  268.0   71.0  444.0
2018  72  3 13 0300  -12.1  983.0   15.3  277.0   76.0  444.0
2018  72  3 13 0400  -11.7  981.8   15.9  272.0   68.0  444.0
2018  72  3 13 0500  -10.9  982.3   14.8  273.0   60.0  444.0
2018  72  3 13 0600  -11.9  981.3   16.5  272.0   73.0  444.0
2018  72  3 13 0700  -11.9  982.0   11.1  279.0   67.0  444.0
2018  72  3 13 0800  -11.5  981.6   14.4  275.0   62.0  444.0
2018  72  3 13 0900  -13.3  980.6   15.9  267.0   76.0  444.0
2018  72  3 13 1000  -13.8  981.6   14.5  263.0   75.0  444.0
2018  72  3 13 1100  -13.9  983.2    4.7  249.0   67.0  444.0
2018  72  3 13 1200  -13.5  983.8    9.2  252.0   67.0  444.0
2018  72  3 13 1300  -13.8  983.7   11.1  258.0   83.0  444.0
2018  72  3 13 1400  -14.0  983.6   12.3  259.0   86.0  444.0
2018  72  3 13 1500  -14.6  984.0   12.7  262.0   85.0  444.0
2018  72  3 13 1600  -15.0  983.9   15.2  269.0   81.0  444.0
2018  72  3 13 1700  -14.7  983.8   14.3  265.0   73.2  444.0
2018  72  3 13 1800  -15.4  983.7   15.1  276.0   68.0  444.0
2018  72  3 13 1900  -16.2  983.7   13.6  278.0   80.0  444.0
2018  72  3 13 2000  -16.4  982.9   19.4  270.0   79.0  444.0
2018  72  3 13 2100  -16.3  981.6   21.6  276.0   80.0  444.0
2018  72  3 13 2200  -14.8  982.9   17.3  271.0   66.7  444.0
2018  72  3 13 2300  -15.0  982.4   16.3  266.0   74.0  444.0
2018  73  3 14 0000  -14.5  981.7   15.8  271.0   74.0  444.0
2018  73  3 14 0100  -14.8  981.4   16.7  272.0   73.0  444.0
2018  73  3 14 0200  -14.9  981.6   12.8  275.0   75.0  444.0
2018  73  3 14 0300  -15.1  980.8   12.6  276.0   73.0  444.0
2018  73  3 14 0400  -13.9  980.1   17.1  273.0   65.9  444.0
2018  73  3 14 0500  -14.8  979.1   18.5  267.0   71.2  444.0
2018  73  3 14 0600  -15.5  980.4   16.3  263.0   76.0  444.0
2018  73  3 14 0700  -15.4  979.9   16.9  261.0   73.0  444.0
2018  73  3 14 0800  -15.7  978.4   19.4  268.0   76.0  444.0
2018  73  3 14 0900  -16.0  980.4   14.9  277.0   76.0  444.0
2018  73  3 14 1000  -15.8  980.4   13.5  266.0   75.0  444.0
2018  73  3 14 1100  -16.0  980.0   15.0  267.0   77.0  444.0
2018  73  3 14 1200  -15.6  980.3   13.9  266.0   75.0  444.0
2018  73  3 14 1300  -16.2  979.5   19.9  271.0   75.8  444.0
2018  73  3 14 1400  -16.0  980.1   13.2  273.0   71.0  444.0
2018  73  3 14 1500  -15.6  979.3   17.3  276.0   73.0  444.0
2018  73  3 14 1600  -15.8  978.9   19.4  274.0   70.0  444.0
2018  73  3 14 1700  -15.3  979.4   15.4  271.0   71.0  444.0
2018  73  3 14 1800  -15.3  979.7   15.9  274.0   74.0  444.0
2018  73  3 14 1900  -15.7  978.9   15.4  274.0   76.0  444.0
2018  73  3 14 2000  -14.9  978.6   15.8  273.0   68.0  444.0
2018  73  3 14 2100  -15.1  978.2   14.8  273.0   68.8  444.0
2018  73  3 14 2200  -15.1  977.4   16.2  273.0   69.2  444.0
2018  73  3 14 2300  -15.4  976.7   16.2  273.0   73.0  444.0
2018  74  3 15 0000  -14.1  976.9   17.0  272.0   67.0  444.0
2018  74  3 15 0100  -14.6  976.5   15.9  278.0   73.0  444.0
2018  74  3 15 0200  -14.9  976.0   14.6  281.0   76.9  444.0
2018  74  3 15 0300  -14.7  975.1   16.1  267.0   71.8  444.0
2018  74  3 15 0400  -15.3  973.7   17.8  260.0   76.4  444.0
2018  74  3 15 0500  -15.7  974.1   17.2  261.0   75.0  444.0
2018  74  3 15 0600  -15.8  974.0   17.1  253.0   76.0  444.0
2018  74  3 15 0700  -16.4  973.3   19.5  257.0   76.0  444.0
2018  74  3 15 0800  -16.9  972.6   19.0  252.0   75.1  444.0
2018  74  3 15 0900  -17.5  973.1   15.4  254.0   74.4  444.0
2018  74  3 15 1000  -17.8  971.1   21.1  262.0   76.0  444.0
2018  74  3 15 1100  -18.2  970.8   19.4  262.0   76.0  444.0
2018  74  3 15 1200  -18.7  970.2   22.5  262.0   77.0  444.0
2018  74  3 15 1300  -19.1  969.6   21.6  262.0   78.2  444.0
2018  74  3 15 1400  -20.0  969.3   22.3  262.0   76.5  444.0
2018  74  3 15 1500  -20.6  968.7   23.2  261.0   78.0  444.0
2018  74  3 15 1600  -21.0  968.1   21.4  265.0   77.0  444.0
2018  74  3 15 1700  -20.6  968.1   22.3  264.0   75.0  444.0
2018  74  3 15 1800  -21.1  967.9   22.8  263.0   78.8  444.0
2018  74  3 15 1900  -21.3  966.5   23.2  263.0   78.3  444.0
2018  74  3 15 2000  -21.4  966.6   24.5  261.0   78.0  444.0
2018  74  3 15 2100  -21.7  966.1   24.6  262.0   77.0  444.0
2018  74  3 15 2200  -22.2  964.6   27.5  262.0   77.0  444.0
2018  74  3 15 2300  -22.5  964.2   28.3  260.0   78.0  444.0
2018  75  3 16 0000  -22.4  964.6   27.1  260.0   77.0  444.0
2018  75  3 16 0100  -22.3  964.8   23.6  262.0   77.3  444.0
2018  75  3 16 0200  -22.2  963.9   25.3  259.0   77.0  444.0
2018  75  3 16 0300  -21.8  964.9   23.0  261.0   76.0  444.0
2018  75  3 16 0400  -21.7  965.0   21.4  261.0   75.0  444.0
2018  75  3 16 0500  -22.0  964.5   22.8  260.0   74.0  444.0
2018  75  3 16 0600  -22.1  964.7   21.9  260.0   73.8  444.0
2018  75  3 16 0700  -22.2  964.8   21.1  260.0   72.0  444.0
2018  75  3 16 0800  -23.1  964.7   20.8  261.0   74.0  444.0
2018  75  3 16 0900  -23.7  964.5   23.7  262.0   74.0  444.0
2018  75  3 16 1000  -24.5  963.6   26.2  262.0   76.0  444.0
2018  75  3 16 1100  -24.8  965.1   25.1  264.0   75.2  444.0
2018  75  3 16 1200  -25.0  965.0   26.9  264.0   75.0  444.0
2018  75  3 16 1300  -25.4  964.3   28.7  264.0   76.0  444.0
2018  75  3 16 1400  -25.5  964.9   25.4  263.0   76.0  444.0
2018  75  3 16 1500  -25.6  964.9   26.0  265.0   74.0  444.0
2018  75  3 16 1600  -25.7  965.1   27.2  267.0   73.3  444.0
2018  75  3 16 1700  -25.8  965.9   23.3  265.0   73.0  444.0
2018  75  3 16 1800  -25.8  966.3   24.2  270.0   71.0  444.0
2018  75  3 16 1900  -25.8  964.5   27.2  273.0   73.0  444.0
2018  75  3 16 2000  -25.7  965.8   27.2  270.0   71.0  444.0
2018  75  3 16 2100  -25.0  966.2   20.9  266.0   72.0  444.0
2018  75  3 16 2200  -25.0  965.2   23.8  268.0   71.0  444.0
2018  75  3 16 2300  -24.3  964.5   24.2  270.0   72.0  444.0
2018  76  3 17 0000  -24.2  964.0   25.8  274.0   71.0  444.0
2018  76  3 17 0100  -23.1  965.0   21.2  273.0   67.0  444.0
2018  76  3 17 0200  -23.0  964.6   19.7  272.0   67.8  444.0
2018  76  3 17 0300  -21.8  964.8   18.5  270.0   61.0  444.0
2018  76  3 17 0400  -21.8  964.1   20.8  269.0   65.0  444.0
2018  76  3 17 0500  -21.9  963.7   19.5  267.0   65.0  444.0
2018  76  3 17 0600  -21.2  963.2   17.0  266.0   63.0  444.0
2018  76  3 17 0700  -21.4  962.3   20.4  267.0   61.0  444.0
2018  76  3 17 0800  -22.8  963.2   13.6  276.0   64.0  444.0
2018  76  3 17 0900  -24.0  961.9   18.4  263.0   74.0  444.0
2018  76  3 17 1000  -23.5  961.8   16.0  261.0   66.0  444.0
2018  76  3 17 1100  -22.6  960.5   20.3  266.0   68.0  444.0
2018  76  3 17 1200  -21.3  961.3   13.7  269.0   54.0  444.0
2018  76  3 17 1300  -20.5  960.8   12.2  270.0   48.0  444.0
2018  76  3 17 1400  -19.9  961.2   10.5  268.0   46.0  444.0
2018  76  3 17 1500  -20.4  961.1   10.6  264.0   47.0  444.0
2018  76  3 17 1600  -21.8  961.2    9.6  258.0   53.6  444.0
2018  76  3 17 1700  -21.5  960.8   15.5  268.0   64.0  444.0
2018  76  3 17 1800  -21.9  960.8   13.1  270.0   64.0  444.0
2018  76  3 17 1900  -21.7  960.2   18.2  265.0   72.0  444.0
2018  76  3 17 2000  -21.8  959.6   23.8  266.0   72.0  444.0
2018  76  3 17 2100  -21.0  959.0   28.3  268.0   74.0  444.0
2018  76  3 17 2200  -20.5  959.5   25.9  272.0   74.0  444.0
2018  76  3 17 2300  -20.2  961.6   19.1  278.0   64.0  444.0
2018  77  3 18 0000  -19.0  961.4   23.7  274.0   64.3  444.0
2018  77  3 18 0100  -18.7  963.2   12.6  277.0   56.0  444.0
2018  77  3 18 0200  -18.9  964.5   13.5  271.0   67.0  444.0
2018  77  3 18 0300  -17.3  965.9   10.9  281.0   65.0  444.0
2018  77  3 18 0400  -14.7  964.0   21.2  273.0   62.9  444.0
2018  77  3 18 0500  -14.1  965.7   20.2  274.0   62.0  444.0
2018  77  3 18 0600  -15.3  967.7   15.5  278.0   70.0  444.0
2018  77  3 18 0700  -15.6  968.9   14.6  273.0   71.0  444.0
2018  77  3 18 0800  -14.2  967.8   26.9  260.0   76.0  444.0
2018  77  3 18 0900  -13.9  969.0   23.3  268.0   67.0  444.0
2018  77  3 18 1000  -13.4  970.5   25.8  265.0   72.0  444.0
2018  77  3 18 1100  -13.8  971.8   26.9  261.0   79.0  444.0
2018  77  3 18 1200  -14.0  972.9   28.8  263.0   79.0  444.0
2018  77  3 18 1300  -14.2  976.9   19.9  267.0   75.0  444.0
2018  77  3 18 1400  -14.7  974.0   29.6  258.0   81.2  444.0
2018  77  3 18 1500  -14.8  973.9   34.1  260.0   82.0  444.0
2018  77  3 18 1600  -14.8  975.9   36.3  253.0   79.0  444.0
2018  77  3 18 1700  -15.0  977.0   35.7  255.0   80.0  444.0
2018  77  3 18 1800  -16.0  979.6   27.9  260.0   81.0  444.0
2018  77  3 18 1900  -15.8  980.0   27.5  260.0   79.5  444.0
2018  77  3 18 2000  -15.3  981.2   29.3  262.0   76.0  444.0
2018  77  3 18 2100  -15.3  983.1   25.0  261.0   68.0  444.0
2018  77  3 18 2200  -14.9  984.5   20.4  263.0   66.4  444.0
2018  77  3 18 2300  -13.9  985.4   17.7  263.0   59.0  444.0
2018  78  3 19 0000  -12.6  986.2   10.9  278.0   52.0  444.0
2018  78  3 19 0100  -12.1  987.7    7.6  281.0   49.0  444.0
2018  78  3 19 0200  -12.4  987.7    3.1  270.0   72.5  444.0
2018  78  3 19 0300  -13.2  987.1    2.7  206.0   87.0  444.0
2018  78  3 19 0400  -10.3  986.5    6.9  134.0   88.0  444.0
2018  78  3 19 0500   -8.8  986.4    7.2  110.0   87.0  444.0
2018  78  3 19 0600   -8.5  986.5    9.2  111.0   88.1  444.0
2018  78  3 19 0700   -8.2  987.1    8.3  114.0   88.8  444.0
2018  78  3 19 0800   -8.3  987.3    8.1  119.0   89.0  444.0
2018  78  3 19 0900  -11.0  988.0    6.4  273.0   89.0  444.0
2018  78  3 19 1000  -10.8  988.6    5.1  261.0   87.0  444.0
2018  78  3 19 1100  -11.1  989.3    5.4  265.0   86.9  444.0
2018  78  3 19 1200  -10.8  989.7    5.8  269.0   87.0  444.0
2018  78  3 19 1300   -9.3  990.0    8.0  153.0   87.0  444.0
2018  78  3 19 1400  -11.4  991.1    6.2  199.0   89.0  444.0
2018  78  3 19 1500  -11.6  991.1    5.9  194.0   89.0  444.0
2018  78  3 19 1600  -12.1  991.3    6.4  196.0   88.1  444.0
2018  78  3 19 1700  -12.3  991.8    5.6  203.0   88.0  444.0
2018  78  3 19 1800  -11.8  991.9    5.8  190.0   88.0  444.0
2018  78  3 19 1900  -12.1  992.0    4.4  199.0   88.0  444.0
2018  78  3 19 2000  -12.7  991.6    3.8  212.0   87.0  444.0
2018  78  3 19 2100  -12.8  991.6    3.1  230.0   87.2  444.0
2018  78  3 19 2200  -12.8  990.9    3.0  244.0   87.0  444.0
2018  78  3 19 2300  -12.2  990.3    1.6  252.0   86.0  444.0
2018  79  3 20 0000  -12.2  989.7    1.1  237.0   86.0  444.0
2018  79  3 20 0100  -11.8  989.2    0.9  237.0   83.4  444.0
2018  79  3 20 0200  -11.1  987.6    1.2  237.0   79.4  444.0
2018  79  3 20 0300  -10.4  987.1    2.6   71.0   80.0  444.0
2018  79  3 20 0400  -10.0  986.4    2.1   41.0   79.5  444.0
2018  79  3 20 0500   -9.9  985.6    3.0   73.0   79.0  444.0
2018  79  3 20 0600  -12.0  985.3    2.0  193.0   88.0  444.0
2018  79  3 20 0700  -12.2  984.7    3.9  217.0   87.7  444.0
2018  79  3 20 0800  -10.4  984.0    5.2  121.0   89.0  444.0
2018  79  3 20 0900  -10.8  983.6    6.4  130.0   88.9  444.0
2018  79  3 20 1000  -11.3  983.1    5.6  144.0   85.0  444.0
2018  79  3 20 1100  -12.8  982.8    4.9  187.0   88.0  444.0
2018  79  3 20 1200  -13.4  982.5    5.1  195.0   87.0  444.0
2018  79  3 20 1300  -14.2  982.2    3.6  202.0   86.0  444.0
2018  79  3 20 1400  -15.2  982.0    3.2  213.0   85.7  444.0
2018  79  3 20 1500  -15.1  981.4    3.0  256.0   86.0  444.0
2018  79  3 20 1600  -14.1  981.0    3.1  263.0   86.0  444.0
2018  79  3 20 1700  -14.3  980.8    3.0  264.0   86.0  444.0
2018  79  3 20 1800  -15.2  980.7    2.3  249.0   86.0  444.0
2018  79  3 20 1900  -15.0  980.4    2.2  261.0   85.6  444.0
2018  79  3 20 2000  -15.3  980.4    3.5  262.0   85.0  444.0
2018  79  3 20 2100  -13.5  980.0    0.8  263.0   85.0  444.0
2018  79  3 20 2200  -14.6  979.5    5.0  249.0   86.0  444.0
2018  79  3 20 2300  -13.3  978.8   10.6  256.0   62.0  444.0
2018  80  3 21 0000  -12.7  978.2   15.5  247.0   66.9  444.0
2018  80  3 21 0100  -13.0  977.6   13.9  259.0   72.2  444.0
2018  80  3 21 0200  -13.1  977.4   12.8  262.0   74.4  444.0
2018  80  3 21 0300  -13.1  976.3   15.9  260.0   75.0  444.0
2018  80  3 21 0400  -12.1  977.1   10.9  250.0   70.0  444.0
2018  80  3 21 0500  -12.3  976.5   13.7  250.0   68.6  444.0
2018  80  3 21 0600  -13.1  975.0   16.1  256.0   74.0  444.0
2018  80  3 21 0700  -13.9  974.4   20.8  265.0   82.4  444.0
2018  80  3 21 0800  -14.1  974.5   20.0  264.0   80.0  444.0
2018  80  3 21 0900  -14.8  973.5   23.7  263.0   81.0  444.0
2018  80  3 21 1000  -15.2  972.1   26.2  262.0   83.0  444.0
2018  80  3 21 1100  -15.1  971.0   26.8  260.0   84.0  444.0
2018  80  3 21 1200  -15.4  971.1   28.3  260.0   82.3  444.0
2018  80  3 21 1300  -16.2  969.6   30.1  258.0   83.0  444.0
2018  80  3 21 1400  -17.1  969.4   32.6  260.0   83.0  444.0
2018  80  3 21 1500  -17.8  969.6   33.0  259.0   82.0  444.0
2018  80  3 21 1600  -18.2  969.8   34.8  264.0   82.0  444.0
2018  80  3 21 1700  -18.3  970.3   31.7  262.0   81.4  444.0
2018  80  3 21 1800  -18.2  970.6   28.4  256.0   79.0  444.0
2018  80  3 21 1900  -18.3  970.6   28.5  259.0   81.0  444.0
2018  80  3 21 2000  -18.4  971.9   27.2  256.0   78.0  444.0
2018  80  3 21 2100  -18.4  971.8   25.5  256.0   76.0  444.0
2018  80  3 21 2200  -18.5  971.2   28.2  254.0   77.0  444.0
2018  80  3 21 2300  -18.9  971.9   31.8  254.0   77.0  444.0
2018  81  3 22 0000  -19.3  971.8   27.1  253.0   77.0  444.0
2018  81  3 22 0100  -19.6  973.2   24.3  252.0   76.0  444.0
2018  81  3 22 0200  -19.6  973.5   19.1  255.0   71.0  444.0
2018  81  3 22 0300  -19.7  973.5   22.0  255.0   72.7  444.0
2018  81  3 22 0400  -19.8  974.1   19.4  248.0   69.0  444.0
2018  81  3 22 0500  -19.9  974.4   16.2  251.0   68.5  444.0
2018  81  3 22 0600  -20.2  974.8   17.0  255.0   65.9  444.0
2018  81  3 22 0700  -20.9  974.7   17.6  257.0   71.0  444.0
2018  81  3 22 0800  -21.9  974.6   19.1  259.0   71.0  444.0
2018  81  3 22 0900  -22.8  973.9   22.6  260.0   72.0  444.0
2018  81  3 22 1000  -23.2  973.9   23.2  255.0   72.3  444.0
2018  81  3 22 1100  -24.0  973.3   23.9  259.0   73.5  444.0
2018  81  3 22 1200  -25.0  974.2   29.6  260.0   75.0  444.0
2018  81  3 22 1300  -25.3  973.4   29.7  261.0   75.0  444.0
2018  81  3 22 1400  -25.3  976.1   25.2  255.0   69.0  444.0
2018  81  3 22 1500  -25.9  975.4   26.5  259.0   72.5  444.0
2018  81  3 22 1600  -26.2  975.1   27.9  260.0   73.0  444.0
2018  81  3 22 1700  -26.4  975.0   25.3  259.0   71.0  444.0
2018  81  3 22 1800  -26.3  976.0   25.6  260.0   70.0  444.0
2018  81  3 22 1900  -26.5  975.5   27.1  260.0   70.0  444.0
2018  81  3 22 2000  -26.4  975.4   27.7  260.0   70.5  444.0
2018  81  3 22 2100  -26.1  975.5   26.9  261.0   68.0  444.0
2018  81  3 22 2200  -25.4  975.1   26.2  265.0   67.0  444.0
2018  81  3 22 2300  -25.2  974.2   27.9  267.0   65.0  444.0
2018  82  3 23 0000  -24.2  976.0   14.5  272.0   61.0  444.0
2018  82  3 23 0100  -24.5  974.9   14.5  273.0   61.0  444.0
2018  82  3 23 0200  -24.2  974.2   14.8  278.0   63.0  444.0
2018  82  3 23 0300  -23.3  973.5   14.5  278.0   62.7  444.0
2018  82  3 23 0400  -22.9  972.3   16.5  284.0   66.0  444.0
2018  82  3 23 0500  -22.1  972.1   13.9  280.0   61.0  444.0
2018  82  3 23 0600  -20.9  972.0   13.1  278.0   54.0  444.0
2018  82  3 23 0700  -21.4  971.3   16.1  275.0   60.0  444.0
2018  82  3 23 0800  -19.6  971.6   16.8  272.0   51.1  444.0
2018  82  3 23 0900  -18.5  971.8   19.8  273.0   53.3  444.0
2018  82  3 23 1000  -18.0  972.1   26.5  272.0   58.0  444.0
2018  82  3 23 1100  -17.8  973.2   24.8  270.0   53.0  444.0
2018  82  3 23 1200  -19.1  974.4   22.8  274.0   60.0  444.0
2018  82  3 23 1300  -19.4  974.6   24.4  278.0   63.2  444.0
2018  82  3 23 1400  -18.4  973.5   30.2  273.0   57.0  444.0
2018  82  3 23 1500  -17.9  974.9   21.4  270.0   59.0  444.0
2018  82  3 23 1600  -20.2  975.8   19.1  271.0   69.0  444.0
2018  82  3 23 1700  -19.9  976.5   19.1  271.0   68.0  444.0
2018  82  3 23 1800  -20.0  977.3   18.9  270.0   67.0  444.0
2018  82  3 23 1900  -19.9  977.8   18.8  269.0   66.0  444.0
2018  82  3 23 2000  -19.1  978.6   18.2  268.0   60.0  444.0
2018  82  3 23 2100  -19.1  978.8   18.3  269.0   58.0  444.0
2018  82  3 23 2200  -18.0  978.6   16.9  270.0   58.0  444.0
2018  82  3 23 2300  -17.6  978.1   17.8  271.0   55.0  444.0
2018  83  3 24 0000  -16.5  977.6   20.7  274.0   47.0  444.0
2018  83  3 24 0100  -16.6  977.1   18.0  271.0   54.0  444.0
2018  83  3 24 0200  -14.7  977.2   20.0  272.0   46.0  444.0
2018  83  3 24 0300  -15.1  976.7   18.4  272.0   49.0  444.0
2018  83  3 24 0400  -14.8  976.9   15.7  274.0   53.9  444.0
2018  83  3 24 0500  -13.5  977.1   15.5  272.0   50.2  444.0
2018  83  3 24 0600  -13.2  976.8   15.8  274.0   51.0  444.0
2018  83  3 24 0700  -12.1  976.4   16.6  273.0   49.0  444.0
2018  83  3 24 0800  -13.0  976.5   14.7  277.0   58.0  444.0
2018  83  3 24 0900  -12.2  976.6   15.0  278.0   66.0  444.0
2018  83  3 24 1000  -11.1  977.1   13.2  278.0   60.5  444.0
2018  83  3 24 1100  -10.9  977.7   12.0  276.0   62.0  444.0
2018  83  3 24 1200  -10.3  979.0   10.1  276.0   67.0  444.0
2018  83  3 24 1300  -10.7  979.1   11.5  276.0   68.0  444.0
2018  83  3 24 1400   -9.7  980.3    9.5  270.0   66.0  444.0
2018  83  3 24 1500   -9.0  980.4    8.8  271.0   63.4  444.0
2018  83  3 24 1600   -9.7  980.8    8.4  265.0   68.0  444.0
2018  83  3 24 1700  -10.4  980.2    7.5  269.0   69.0  444.0
2018  83  3 24 1800   -8.9  978.6   12.7  273.0   69.0  444.0
2018  83  3 24 1900   -8.1  978.8   10.8  273.0   62.0  444.0
2018  83  3 24 2000   -8.8  978.2   10.2  268.0   60.0  444.0
2018  83  3 24 2100  -10.6  976.8   12.4  262.0   64.0  444.0
2018  83  3 24 2200   -8.4  976.7   12.8  255.0   48.0  444.0
2018  83  3 24 2300   -8.8  978.2    8.9  258.0   56.0  444.0
2018  84  3 25 0000   -7.1  980.0    3.8  133.0   74.0  444.0
2018  84  3 25 0100   -7.0  980.9    2.1  167.0   73.0  444.0
2018  84  3 25 0200   -9.8  980.9    7.8  253.0   73.3  444.0
2018  84  3 25 0300   -9.6  980.6    9.3  256.0   62.4  444.0
2018  84  3 25 0400   -9.6  980.5   10.7  254.0   61.0  444.0
2018  84  3 25 0500  -10.1  981.4    7.9  267.0   65.0  444.0
2018  84  3 25 0600   -9.8  982.1    8.8  245.0   64.0  444.0
2018  84  3 25 0700   -9.8  981.7   10.8  255.0   59.0  444.0
2018  84  3 25 0800  -10.4  981.4   12.4  262.0   59.6  444.0
2018  84  3 25 0900  -10.5  981.4   11.6  262.0   57.0  444.0
2018  84  3 25 1000  -11.1  981.7   11.3  272.0   62.0  444.0
2018  84  3 25 1100  -11.4  981.4   12.4  271.0   64.0  444.0
2018  84  3 25 1200  -12.0  981.3   11.4  274.0   65.0  444.0
2018  84  3 25 1300  -12.1  980.9   14.8  272.0   61.8  444.0
2018  84  3 25 1400  -12.6  980.6   15.0  272.0   62.0  444.0
2018  84  3 25 1500  -11.5  980.0   16.8  270.0   52.0  444.0
2018  84  3 25 1600  -11.9  980.0   15.0  263.0   54.0  444.0
2018  84  3 25 1700  -12.6  979.4   17.6  258.0   56.5  444.0
2018  84  3 25 1800  -13.2  978.3   22.8  264.0   56.0  444.0
2018  84  3 25 1900  -13.2  977.8   21.7  266.0   48.0  444.0
2018  84  3 25 2000  -13.4  977.3   22.7  266.0   50.0  444.0
2018  84  3 25 2100  -13.1  977.1   24.2  265.0   46.0  444.0
2018  84  3 25 2200  -13.9  976.6   24.5  264.0   48.0  444.0
2018  84  3 25 2300  -14.4  976.1   25.0  265.0   42.3  444.0
2018  85  3 26 0000  -14.4  977.1   23.4  265.0   46.8  444.0
2018  85  3 26 0100  -14.8  977.0   25.7  265.0   47.1  444.0
2018  85  3 26 0200  -14.8  977.1   22.1  265.0   48.0  444.0
2018  85  3 26 0300  -15.0  977.6   21.8  265.0   48.0  444.0
2018  85  3 26 0400  -15.2  978.3   18.8  262.0   48.8  444.0
2018  85  3 26 0500  -15.4  978.4   20.0  260.0   46.7  444.0
2018  85  3 26 0600  -16.0  979.4   17.5  260.0   47.6  444.0
2018  85  3 26 0700  -16.1  979.6   18.5  261.0   47.0  444.0
2018  85  3 26 0800  -16.4  980.6   19.2  264.0   47.5  444.0
2018  85  3 26 0900  -16.4  981.4   18.4  262.0   48.0  444.0
2018  85  3 26 1000  -15.4  981.8   19.9  264.0   44.0  444.0
2018  85  3 26 1100  -15.9  982.8   16.7  267.0   46.9  444.0
2018  85  3 26 1200  -16.5  982.9   16.7  263.0   50.0  444.0
2018  85  3 26 1300  -16.2  983.7   17.6  269.0   48.0  444.0
2018  85  3 26 1400  -16.4  984.2   15.6  269.0   49.0  444.0
2018  85  3 26 1500  -16.4  985.0   15.5  267.0   47.0  444.0
2018  85  3 26 1600  -15.8  985.2   16.1  268.0   43.5  444.0
2018  85  3 26 1700  -16.0  985.2   16.2  268.0   42.0  444.0
2018  85  3 26 1800  -15.9  985.8   16.5  268.0   41.4  444.0
2018  85  3 26 1900  -16.1  986.6   15.9  264.0   47.0  444.0
2018  85  3 26 2000  -16.2  987.1   15.1  265.0   49.0  444.0
2018  85  3 26 2100  -16.3  987.1   15.2  265.0   47.6  444.0
2018  85  3 26 2200  -16.2  987.7   15.1  262.0   49.0  444.0
2018  85  3 26 2300  -16.5  988.0   15.9  262.0   48.6  444.0
2018  86  3 27 0000  -15.1  988.8   13.1  258.0   48.0  444.0
2018  86  3 27 0100  -14.9  988.9   15.9  263.0   48.0  444.0
2018  86  3 27 0200  -14.5  989.6   12.9  257.0   47.0  444.0
2018  86  3 27 0300  -13.8  989.1   14.6  261.0   46.0  444.0
2018  86  3 27 0400  -13.3  988.9   15.2  259.0   44.5  444.0
2018  86  3 27 0500  -12.8  989.8   16.4  258.0   41.0  444.0
2018  86  3 27 0600  -12.5  988.8   16.5  248.0   45.0  444.0
2018  86  3 27 0700  -13.9  990.0    8.8  254.0   47.0  444.0
2018  86  3 27 0800  -13.8  990.0   14.4  245.0   46.0  444.0
2018  86  3 27 0900  -14.5  990.0   13.2  248.0   51.1  444.0
2018  86  3 27 1000  -13.2  989.3   18.8  243.0   40.0  444.0
2018  86  3 27 1100  -13.2  988.9   21.4  250.0   42.6  444.0
2018  86  3 27 1200  -14.0  989.5   18.2  249.0   43.0  444.0
2018  86  3 27 1300  -13.7  989.8   19.1  259.0   44.0  444.0
2018  86  3 27 1400  -14.0  990.6   17.8  248.0   43.5  444.0
2018  86  3 27 1500  -14.1  989.7   18.4  248.0   42.0  444.0
2018  86  3 27 1600  -13.6  990.8   13.7  257.0   39.8  444.0
2018  86  3 27 1700  -14.2  991.8   16.5  262.0   44.0  444.0
2018  86  3 27 1800  -14.6  989.8   22.0  258.0   42.0  444.0
2018  86  3 27 1900  -15.2  988.5   28.3  254.0   38.3  444.0
2018  86  3 27 2000  -14.7  989.9   24.2  255.0   38.0  444.0
2018  86  3 27 2100  -14.6  990.4   25.1  255.0   39.0  444.0
2018  86  3 27 2200  -14.3  991.3   19.6  257.0   39.0  444.0
2018  86  3 27 2300  -14.3  992.6   20.5  259.0   41.0  444.0
2018  87  3 28 0000  -13.8  992.1   23.2  263.0   41.0  444.0
2018  87  3 28 0100  -13.1  992.3   21.7  261.0   42.0  444.0
2018  87  3 28 0200  -12.3  992.5   20.6  258.0   40.2  444.0
2018  87  3 28 0300  -11.6  992.0   22.8  255.0   41.0  444.0
2018  87  3 28 0400  -11.6  990.8   24.6  255.0   40.6  444.0
2018  87  3 28 0500  -12.0  989.7   31.4  256.0   38.0  444.0
2018  87  3 28 0600  -12.8  990.0   31.6  256.0   41.0  444.0
2018  87  3 28 0700  -13.7  990.5   33.2  260.0   40.6  444.0
2018  87  3 28 0800  -15.0  988.2   39.2  258.0   40.0  444.0
2018  87  3 28 0900  -15.2  987.2   43.2  261.0   45.0  444.0
2018  87  3 28 1000  -15.7  989.3   38.1  260.0   40.0  444.0
2018  87  3 28 1100  -16.6  987.1   43.7  261.0   38.0  444.0
2018  87  3 28 1200  -17.3  986.5   43.8  258.0   46.5  444.0
2018  87  3 28 1300  -17.9  987.7   43.7  258.0   45.0  444.0
2018  87  3 28 1400  -18.3  988.7   43.8  258.0   47.7  444.0
2018  87  3 28 1500  -17.4  989.9   38.1  257.0   42.0  444.0
2018  87  3 28 1600  -17.0  988.9   36.9  258.0   44.0  444.0
2018  87  3 28 1700  -16.0  992.0   33.7  258.0   42.0  444.0
2018  87  3 28 1800  -16.1  992.4   32.0  263.0   43.0  444.0
2018  87  3 28 1900  -16.0  991.1   34.4  257.0   43.0  444.0
2018  87  3 28 2000  -16.3  991.7   31.0  257.0   44.0  444.0
2018  87  3 28 2100  -16.0  991.5   31.5  258.0   43.0  444.0
2018  87  3 28 2200  -15.7  990.7   29.3  259.0   41.0  444.0
2018  87  3 28 2300  -15.3  991.5   30.4  256.0   37.0  444.0
2018  88  3 29 0000  -15.7  990.1   35.3  257.0   42.1  444.0
2018  88  3 29 0100  -15.8  990.7   33.5  259.0   42.0  444.0
2018  88  3 29 0200  -16.2  990.9   35.3  255.0   43.0  444.0
2018  88  3 29 0300  -16.6  991.8   30.2  257.0   41.9  444.0
2018  88  3 29 0400  -17.5  990.5   33.8  253.0   45.2  444.0
2018  88  3 29 0500  -18.2  993.8   28.7  253.0   47.0  444.0
2018  88  3 29 0600  -18.6  993.2   31.3  254.0   45.0  444.0
2018  88  3 29 0700  -18.8  995.1   27.2  251.0   47.0  444.0
2018  88  3 29 0800  -19.3  995.0   28.5  254.0   46.0  444.0
2018  88  3 29 0900  -19.5  995.7   27.1  257.0   45.0  444.0
2018  88  3 29 1000  -19.5  996.7   26.7  257.0   43.0  444.0
2018  88  3 29 1100  -19.3  996.3   28.0  262.0   46.0  444.0
2018  88  3 29 1200  -18.8  995.4   26.6  260.0   41.3  444.0
2018  88  3 29 1300  -18.6  995.9   27.4  261.0   45.0  444.0
2018  88  3 29 1400  -18.1  994.0   27.6  262.0   43.0  444.0
2018  88  3 29 1500  -17.7  994.3   25.5  261.0   42.0  444.0
2018  88  3 29 1600  -17.6  994.2   26.6  260.0   43.0  444.0
2018  88  3 29 1700  -17.6  994.0   27.0  260.0   45.9  444.0
2018  88  3 29 1800  -17.7  993.3   26.3  255.0   40.0  444.0
2018  88  3 29 1900  -17.8  993.2   26.0  260.0   42.0  444.0
2018  88  3 29 2000  -18.0  993.9   25.7  261.0   43.0  444.0
2018  88  3 29 2100  -18.3  994.4   23.1  258.0   43.0  444.0
2018  88  3 29 2200  -19.2  992.4   27.9  260.0   47.1  444.0
2018  88  3 29 2300  -19.5  992.4   28.8  261.0   46.0  444.0
2018  89  3 30 0000  -19.5  994.3   25.7  260.0   44.0  444.0
2018  89  3 30 0100  -19.9  993.9   24.9  260.0   52.1  444.0
2018  89  3 30 0200  -19.9  993.7   25.7  263.0   46.0  444.0
2018  89  3 30 0300  -20.4  992.5   30.7  265.0   49.0  444.0
2018  89  3 30 0400  -20.5  992.3   30.2  263.0   43.0  444.0
2018  89  3 30 0500  -20.7  991.3   31.8  266.0   43.0  444.0
2018  89  3 30 0600  -21.3  990.5   34.5  266.0   43.3  444.0
2018  89  3 30 0700  -21.6  991.3   35.3  266.0   48.0  444.0
2018  89  3 30 0800  -21.6  991.3   33.5  266.0   44.0  444.0
2018  89  3 30 0900  -21.4  991.4   35.3  269.0   43.0  444.0
2018  89  3 30 1000  -20.4  991.0   30.0  268.0   41.0  444.0
2018  89  3 30 1100  -20.6  993.9   18.0  276.0   52.0  444.0
2018  89  3 30 1200  -22.5  993.1   15.8  278.0   65.0  444.0
2018  89  3 30 1300  -21.9  992.7   16.6  273.0   64.0  444.0
2018  89  3 30 1400  -20.7  992.5   17.3  282.0   57.0  444.0
2018  89  3 30 1500  -20.5  991.8   17.2  280.0   57.0  444.0
2018  89  3 30 1600  -19.9  991.3   18.6  277.0   54.0  444.0
2018  89  3 30 1700  -19.6  991.0   19.0  277.0   50.0  444.0
2018  89  3 30 1800  -18.8  991.4   16.4  276.0   50.1  444.0
2018  89  3 30 1900  -18.6  991.1   17.3  278.0   49.0  444.0
2018  89  3 30 2000  -18.0  991.6   16.2  277.0   47.0  444.0
2018  89  3 30 2100  -18.2  991.6   16.0  277.0   47.0  444.0
2018  89  3 30 2200  -17.2  991.8   14.7  274.0   44.0  444.0
2018  89  3 30 2300  -16.2  991.7   17.3  270.0   42.7  444.0
2018  90  3 31 0000  -16.1  991.6   18.8  272.0   45.1  444.0
2018  90  3 31 0100  -15.0  991.8   18.0  272.0   40.0  444.0
2018  90  3 31 0200  -15.4  992.9   13.8  268.0   42.0  444.0
2018  90  3 31 0300  -14.9  992.6   15.1  266.0   43.0  444.0
2018  90  3 31 0400  -15.1  992.6   13.7  271.0   45.0  444.0
2018  90  3 31 0500  -15.1  993.3   13.8  270.0   44.0  444.0
2018  90  3 31 0600  -14.4  993.5   14.8  266.0   42.0  444.0
2018  90  3 31 0700  -15.5  993.8   13.0  262.0   45.6  444.0
2018  90  3 31 0800  -16.0  994.5   12.4  268.0   46.0  444.0
2018  90  3 31 0900  -16.9  994.7   12.0  264.0   54.0  444.0
2018  90  3 31 1000  -16.3  994.7   13.0  263.0   51.0  444.0
2018  90  3 31 1100  -16.2  994.2   16.2  265.0   49.0  444.0
2018  90  3 31 1200  -16.9  994.8   13.4  268.0   54.0  444.0
2018  90  3 31 1300  -17.2  995.8   12.1  265.0   53.0  444.0
2018  90  3 31 1400  -16.7  994.9   14.2  268.0   52.0  444.0
2018  90  3 31 1500  -16.8  995.0   15.4  268.0   53.0  444.0
2018  90  3 31 1600  -16.1  994.9   16.8  264.0   48.6  444.0
2018  90  3 31 1700  -15.8  994.2   15.5  261.0   50.4  444.0
2018  90  3 31 1800  -16.2  993.6   15.6  269.0   50.0  444.0
2018  90  3 31 1900  -15.0  993.3   19.6  269.0   47.0  444.0
2018  90  3 31 2000  -15.1  994.5   16.7  267.0   50.0  444.0
2018  90  3 31 2100  -14.2  993.7   20.6  266.0   45.8  444.0
2018  90  3 31 2200  -14.8  993.3   21.8  268.0   48.3  444.0
2018  90  3 31 2300  -14.3  992.2   23.9  266.0   45.0  444.0
