Year: 2021  Month: 09  ID: MLA  ARGOS:  8905  Name: Manuela             
Lat: 74.95S  Lon: 163.69E  Elev:   78m
2021 244  9  1 0000  -15.9  980.1   23.0  265.0   35.4  444.0
2021 244  9  1 0100  -15.3  980.3   20.3  262.0   36.0  444.0
2021 244  9  1 0200  -15.3  980.2   22.3  249.0   33.7  444.0
2021 244  9  1 0300  -15.2  980.2   20.0  253.0   35.0  444.0
2021 244  9  1 0400  -15.7  978.8   19.2  247.0   38.0  444.0
2021 244  9  1 0500  -16.4  980.1   18.9  251.0   35.0  444.0
2021 244  9  1 0600  -17.0  978.7   21.1  245.0   35.0  444.0
2021 244  9  1 0700  -18.0  980.3   19.8  251.0   37.2  444.0
2021 244  9  1 0800  -18.9  981.2   17.3  252.0   40.0  444.0
2021 244  9  1 0900  -19.4  981.1   18.6  262.0   43.0  444.0
2021 244  9  1 1000  -19.5  979.6   17.9  251.0   44.2  444.0
2021 244  9  1 1100  -19.8  979.0   18.9  253.0   42.0  444.0
2021 244  9  1 1200  -19.6  979.0   19.0  254.0   40.0  444.0
2021 244  9  1 1300  -19.8  978.2   21.6  263.0   38.0  444.0
2021 244  9  1 1400  -19.9  976.7   23.3  262.0   38.0  444.0
2021 244  9  1 1500  -19.4  975.8   24.2  258.0   35.8  444.0
2021 244  9  1 1600  -19.4  973.6   24.5  257.0   36.0  444.0
2021 244  9  1 1700  -19.5  973.2   25.8  260.0   35.0  444.0
2021 244  9  1 1800  -19.7  972.8   25.0  262.0   37.0  444.0
2021 244  9  1 1900  -19.3  971.5   26.3  263.0   35.7  444.0
2021 244  9  1 2000  -19.4  971.3   26.0  263.0   34.8  444.0
2021 244  9  1 2100  -19.3  971.5   25.7  264.0   34.0  444.0
2021 244  9  1 2200  -18.8  971.5   23.2  264.0   35.0  444.0
2021 244  9  1 2300  -18.9  971.1   23.5  262.0   35.0  444.0
2021 245  9  2 0000  -18.8  971.0   20.2  263.0   36.0  444.0
2021 245  9  2 0100  -18.3  969.7   21.4  262.0   35.0  444.0
2021 245  9  2 0200  -17.8  968.5   20.2  266.0   31.0  444.0
2021 245  9  2 0300  -17.9  965.9   23.8  263.0   34.0  444.0
2021 245  9  2 0400  -18.8  965.0   23.1  266.0   35.0  444.0
2021 245  9  2 0500  -19.4  962.8   25.3  264.0   34.9  444.0
2021 245  9  2 0600  -19.0  962.6   26.4  265.0   33.0  444.0
2021 245  9  2 0700  -19.9  960.6   27.2  262.0   35.0  444.0
2021 245  9  2 0800  -19.3  961.5   25.1  262.0   32.3  444.0
2021 245  9  2 0900  -19.1  961.6   25.7  268.0   32.0  444.0
2021 245  9  2 1000  -19.2  961.5   21.1  263.0   37.0  444.0
2021 245  9  2 1100  -19.6  962.5   20.4  263.0   38.0  444.0
2021 245  9  2 1200  -22.0  965.3    9.5  222.0   49.0  444.0
2021 245  9  2 1300  -23.9  965.8    6.0  242.0   56.7  444.0
2021 245  9  2 1400  -22.2  963.9   18.0  257.0   43.0  444.0
2021 245  9  2 1500  -23.4  964.9   18.1  262.0   45.0  444.0
2021 245  9  2 1600  -24.8  964.5   18.8  262.0   44.0  444.0
2021 245  9  2 1700  -26.6  963.1   26.1  261.0   43.0  444.0
2021 245  9  2 1800  -26.6  964.0   27.4  262.0   41.6  444.0
2021 245  9  2 1900  -27.0  964.2   28.9  262.0   42.0  444.0
2021 245  9  2 2000  -27.4  965.6   27.4  261.0   43.0  444.0
2021 245  9  2 2100  -27.7  967.6   26.7  261.0   45.0  444.0
2021 245  9  2 2200  -27.4  967.4   24.6  261.0   43.0  444.0
2021 245  9  2 2300  -26.8  968.8   21.0  263.0   43.0  444.0
2021 246  9  3 0000  -26.1  969.2   20.3  266.0   52.0  444.0
2021 246  9  3 0100  -25.1  968.3   21.0  271.0   53.0  444.0
2021 246  9  3 0200  -25.3  968.6   20.8  281.0   53.0  444.0
2021 246  9  3 0300  -25.1  968.9   19.2  280.0   58.0  444.0
2021 246  9  3 0400  -25.0  969.1   18.0  280.0   61.0  444.0
2021 246  9  3 0500  -24.6  968.6   19.5  277.0   59.0  444.0
2021 246  9  3 0600  -24.2  968.3   19.5  278.0   58.1  444.0
2021 246  9  3 0700  -23.1  968.2   20.1  280.0   56.0  444.0
2021 246  9  3 0800  -23.1  968.6   18.5  278.0   60.0  444.0
2021 246  9  3 0900  -22.5  968.2   17.6  276.0   56.0  444.0
2021 246  9  3 1000  -22.4  968.5   18.4  275.0   54.0  444.0
2021 246  9  3 1100  -22.0  967.4   20.9  280.0   49.8  444.0
2021 246  9  3 1200  -21.9  967.3   21.1  277.0   49.0  444.0
2021 246  9  3 1300  -23.5  966.6   24.4  267.0   49.0  444.0
2021 246  9  3 1400  -24.3  965.1   25.3  265.0   48.0  444.0
2021 246  9  3 1500  -24.4  963.4   28.9  263.0   45.0  444.0
2021 246  9  3 1600  -24.4  963.4   28.2  263.0   43.9  444.0
2021 246  9  3 1700  -24.4  964.2   28.9  263.0   42.0  444.0
2021 246  9  3 1800  -24.9  962.9   29.6  261.0   40.0  444.0
2021 246  9  3 1900  -25.4  964.7   27.9  260.0   41.0  444.0
2021 246  9  3 2000  -26.1  965.4   26.3  259.0   44.0  444.0
2021 246  9  3 2100  -27.7  966.9   29.1  259.0   53.0  444.0
2021 246  9  3 2200  -28.8  968.4   28.8  259.0   48.0  444.0
2021 246  9  3 2300  -28.9  967.3   28.6  260.0   47.3  444.0
2021 247  9  4 0000  -28.6  966.0   29.8  261.0   41.0  444.0
2021 247  9  4 0100  -28.0  967.3   27.3  259.0   39.0  444.0
2021 247  9  4 0200  -27.6  968.0   23.9  261.0   39.0  444.0
2021 247  9  4 0300  -27.2  967.8   27.3  263.0   36.0  444.0
2021 247  9  4 0400  -27.3  967.2   28.2  266.0   36.6  444.0
2021 247  9  4 0500  -26.7  966.9   26.6  270.0   36.0  444.0
2021 247  9  4 0600  -26.3  965.4   25.9  268.0   38.0  444.0
2021 247  9  4 0700  -26.5  966.5   17.7  276.0   39.0  444.0
2021 247  9  4 0800  -26.3  966.7   17.9  274.0   39.0  444.0
2021 247  9  4 0900  -26.8  965.3   17.1  280.0   41.0  444.0
2021 247  9  4 1000  -24.5  964.2   27.3  272.0   36.0  444.0
2021 247  9  4 1100  -23.8  963.5   28.3  271.0   35.0  444.0
2021 247  9  4 1200  -23.4  963.0   23.1  277.0   36.0  444.0
2021 247  9  4 1300  -22.9  963.9   23.4  262.0   36.0  444.0
2021 247  9  4 1400  -23.3  963.2   23.5  260.0   37.0  444.0
2021 247  9  4 1500  -23.9  964.3   21.7  258.0   40.0  444.0
2021 247  9  4 1600  -24.3  964.0   23.3  258.0   39.0  444.0
2021 247  9  4 1700  -24.6  964.1   22.9  259.0   39.0  444.0
2021 247  9  4 1800  -24.6  964.1   22.9  258.0   40.0  444.0
2021 247  9  4 1900  -24.7  964.3   20.0  259.0   41.0  444.0
2021 247  9  4 2000  -24.8  964.2   23.1  256.0   39.0  444.0
2021 247  9  4 2100  -24.4  963.8   28.0  265.0   36.0  444.0
2021 247  9  4 2200  -24.8  964.7   23.2  259.0   40.0  444.0
2021 247  9  4 2300  -24.7  963.6   23.7  256.0   37.0  444.0
2021 248  9  5 0000  -25.0  964.1   26.1  260.0   38.0  444.0
2021 248  9  5 0100  -25.5  965.3   25.0  258.0   40.0  444.0
2021 248  9  5 0200  -25.9  966.5   26.0  262.0   40.0  444.0
2021 248  9  5 0300  -26.7  966.3   26.9  261.0   41.9  444.0
2021 248  9  5 0400  -27.5  967.2   25.0  258.0   45.1  444.0
2021 248  9  5 0500  -28.5  965.4   28.3  255.0   43.0  444.0
2021 248  9  5 0600  -28.6  966.0   29.0  256.0   44.0  444.0
2021 248  9  5 0700  -28.9  966.3   25.0  257.0   43.0  444.0
2021 248  9  5 0800  -28.8  966.9   25.1  260.0   41.0  444.0
2021 248  9  5 0900  -28.9  966.0   29.1  260.0   41.1  444.0
2021 248  9  5 1000  -29.0  965.1   29.8  264.0   39.0  444.0
2021 248  9  5 1100  -28.8  965.6   30.2  263.0   39.0  444.0
2021 248  9  5 1200  -28.8  965.3   30.7  265.0   40.0  444.0
2021 248  9  5 1300  -28.3  963.7   31.9  265.0   36.0  444.0
2021 248  9  5 1400  -28.5  965.2   27.8  268.0   37.0  444.0
2021 248  9  5 1500  -28.5  962.5   33.4  271.0   37.0  444.0
2021 248  9  5 1600  -28.2  962.9   33.1  270.0   39.0  444.0
2021 248  9  5 1700  -28.3  962.2   34.5  273.0   37.0  444.0
2021 248  9  5 1800  -28.0  961.6   33.8  271.0   36.0  444.0
2021 248  9  5 1900  -27.7  962.2   29.1  268.0   38.0  444.0
2021 248  9  5 2000  -27.3  960.2   35.7  270.0   36.0  444.0
2021 248  9  5 2100  -26.4  960.6   31.5  273.0   36.6  444.0
2021 248  9  5 2200  -24.9  961.3   30.0  276.0   32.0  444.0
2021 248  9  5 2300  -25.0  961.8   25.8  269.0   35.0  444.0
2021 249  9  6 0000  -24.8  962.8   29.6  266.0   34.0  444.0
2021 249  9  6 0100  -24.6  962.6   21.3  270.0   39.0  444.0
2021 249  9  6 0200  -25.1  962.7   17.9  275.0   51.2  444.0
2021 249  9  6 0300  -24.2  962.2   20.6  279.0   50.0  444.0
2021 249  9  6 0400  -23.3  960.5   21.3  279.0   54.0  444.0
2021 249  9  6 0500  -22.7  961.1   22.0  280.0   57.0  444.0
2021 249  9  6 0600  -22.3  959.8   23.4  281.0   55.0  444.0
2021 249  9  6 0700  -21.7  961.4   20.1  278.0   56.0  444.0
2021 249  9  6 0800  -20.5  962.3   15.7  276.0   57.0  444.0
2021 249  9  6 0900  -18.4  962.3   14.5  277.0   51.9  444.0
2021 249  9  6 1000  -17.7  963.3   13.6  271.0   48.0  444.0
2021 249  9  6 1100  -18.4  962.7   15.3  262.0   52.0  444.0
2021 249  9  6 1200  -18.3  962.8   19.0  268.0   52.0  444.0
2021 249  9  6 1300  -18.5  963.4   15.8  262.0   49.0  444.0
2021 249  9  6 1400  -19.3  963.6   16.8  260.0   51.0  444.0
2021 249  9  6 1500  -19.9  964.7   14.2  264.0   54.0  444.0
2021 249  9  6 1600  -19.8  964.7   15.4  264.0   51.0  444.0
2021 249  9  6 1700  -19.1  966.7   10.8  262.0   53.0  444.0
2021 249  9  6 1800  -19.4  966.8   11.5  259.0   61.0  444.0
2021 249  9  6 1900  -19.6  966.7   14.9  263.0   55.0  444.0
2021 249  9  6 2000  -19.1  966.0   16.3  281.0   52.0  444.0
2021 249  9  6 2100  -19.6  966.9   13.6  273.0   61.0  444.0
2021 249  9  6 2200  -18.0  968.3   11.6  259.0   46.0  444.0
2021 249  9  6 2300  -18.5  970.2    5.4  257.0   52.0  444.0
2021 250  9  7 0000  -19.9  970.9    4.4  207.0   72.0  444.0
2021 250  9  7 0100  -20.6  971.5    5.6  259.0   76.0  444.0
2021 250  9  7 0200  -19.4  971.7    4.7  230.0   68.0  444.0
2021 250  9  7 0300  -19.4  972.0    6.9  254.0   62.1  444.0
2021 250  9  7 0400  -19.8  972.6    4.2  265.0   60.1  444.0
2021 250  9  7 0500  -18.8  972.7    2.8  293.0   56.0  444.0
2021 250  9  7 0600  -19.1  971.6   10.1  272.0   55.0  444.0
2021 250  9  7 0700  -19.0  971.5   13.9  276.0   53.0  444.0
2021 250  9  7 0800  -19.4  971.6   15.5  278.0   54.9  444.0
2021 250  9  7 0900  -19.9  971.1   14.6  278.0   55.0  444.0
2021 250  9  7 1000  -20.5  970.7   16.8  271.0   56.0  444.0
2021 250  9  7 1100  -20.9  971.3   14.9  270.0   56.0  444.0
2021 250  9  7 1200  -20.4  972.2   13.8  277.0   48.0  444.0
2021 250  9  7 1300  -20.8  970.6   17.2  275.0   47.6  444.0
2021 250  9  7 1400  -20.5  970.6   20.4  266.0   43.0  444.0
2021 250  9  7 1500  -21.7  972.5   17.9  256.0   46.0  444.0
2021 250  9  7 1600  -23.2  974.8    9.2  256.0   55.0  444.0
2021 250  9  7 1700  -23.3  974.2   12.6  258.0   52.0  444.0
2021 250  9  7 1800  -23.4  975.3   13.1  265.0   50.0  444.0
2021 250  9  7 1900  -23.8  976.2   12.5  264.0   50.0  444.0
2021 250  9  7 2000  -24.5  976.8   12.4  260.0   53.0  444.0
2021 250  9  7 2100  -25.0  977.6   13.9  262.0   52.0  444.0
2021 250  9  7 2200  -25.0  978.6   13.7  265.0   50.0  444.0
2021 250  9  7 2300  -25.7  978.4   19.0  266.0   46.0  444.0
2021 251  9  8 0000  -25.8  978.2   20.8  264.0   44.0  444.0
2021 251  9  8 0100  -25.2  978.3   21.5  266.0   43.0  444.0
2021 251  9  8 0200  -25.2  978.5   22.8  268.0   43.0  444.0
2021 251  9  8 0300  -25.1  979.8   18.4  271.0   46.0  444.0
2021 251  9  8 0400  -25.4  979.7   18.8  277.0   45.0  444.0
2021 251  9  8 0500  -25.5  980.1   17.7  277.0   50.0  444.0
2021 251  9  8 0600  -25.3  980.0   20.3  273.0   49.4  444.0
2021 251  9  8 0700  -25.0  980.8   17.9  274.0   52.0  444.0
2021 251  9  8 0800  -24.9  980.6   14.4  273.0   53.0  444.0
2021 251  9  8 0900  -25.2  980.9   13.6  275.0   57.0  444.0
2021 251  9  8 1000  -25.9  980.9   14.8  277.0   56.0  444.0
2021 251  9  8 1100  -26.1  980.3   15.4  276.0   56.1  444.0
2021 251  9  8 1200  -26.3  980.2   15.4  275.0   56.0  444.0
2021 251  9  8 1300  -26.2  979.3   16.9  276.0   54.0  444.0
2021 251  9  8 1400  -26.4  978.0   16.9  276.0   57.0  444.0
2021 251  9  8 1500  -26.0  977.8   17.4  278.0   52.0  444.0
2021 251  9  8 1600  -25.0  977.0   14.2  272.0   48.9  444.0
2021 251  9  8 1700  -24.8  976.7   14.4  272.0   49.0  444.0
2021 251  9  8 1800  -23.8  974.9   20.5  273.0   41.0  444.0
2021 251  9  8 1900  -24.5  973.2   24.9  269.0   41.0  444.0
2021 251  9  8 2000  -24.5  972.0   24.1  264.0   40.0  444.0
2021 251  9  8 2100  -24.9  972.0   25.5  265.0   40.7  444.0
2021 251  9  8 2200  -24.5  971.4   21.0  264.0   42.0  444.0
2021 251  9  8 2300  -24.2  971.5   20.2  264.0   41.0  444.0
2021 252  9  9 0000  -24.5  970.2   23.7  268.0   40.0  444.0
2021 252  9  9 0100  -23.1  970.3   21.4  274.0   39.0  444.0
2021 252  9  9 0200  -21.9  970.1   21.8  268.0   38.7  444.0
2021 252  9  9 0300  -21.7  969.8   20.5  271.0   38.0  444.0
2021 252  9  9 0400  -21.6  969.1   22.8  271.0   39.1  444.0
2021 252  9  9 0500  -22.1  970.2   17.6  267.0   43.0  444.0
2021 252  9  9 0600  -22.4  969.2   20.5  263.0   41.0  444.0
2021 252  9  9 0700  -23.0  969.2   18.6  264.0   43.0  444.0
2021 252  9  9 0800  -23.9  969.5   20.6  265.0   44.0  444.0
2021 252  9  9 0900  -25.0  969.6   22.5  263.0   46.5  444.0
2021 252  9  9 1000  -26.0  968.6   22.6  262.0   49.0  444.0
2021 252  9  9 1100  -26.6  968.8   25.2  262.0   47.0  444.0
2021 252  9  9 1200  -27.4  967.7   25.6  259.0   48.0  444.0
2021 252  9  9 1300  -28.0  968.0   26.8  261.0   45.0  444.0
2021 252  9  9 1400  -28.1  967.0   27.7  265.0   43.2  444.0
2021 252  9  9 1500  -28.0  967.0   28.2  266.0   41.0  444.0
2021 252  9  9 1600  -27.7  965.6   31.4  268.0   39.0  444.0
2021 252  9  9 1700  -26.7  965.2   29.0  270.0   39.0  444.0
2021 252  9  9 1800  -26.0  965.7   25.3  271.0   40.0  444.0
2021 252  9  9 1900  -26.7  965.4   19.7  270.0   44.2  444.0
2021 252  9  9 2000  -27.2  964.8   20.4  267.0   50.0  444.0
2021 252  9  9 2100  -26.8  964.1   20.6  271.0   50.0  444.0
2021 252  9  9 2200  -25.2  963.3   22.1  272.0   45.0  444.0
2021 252  9  9 2300  -23.7  963.0   21.2  273.0   40.0  444.0
2021 253  9 10 0000  -24.3  962.7   18.5  275.0   48.7  444.0
2021 253  9 10 0100  -22.6  962.3   19.8  275.0   42.0  444.0
2021 253  9 10 0200  -22.6  961.9   20.9  274.0   47.0  444.0
2021 253  9 10 0300  -21.9  962.3   17.9  273.0   51.0  444.0
2021 253  9 10 0400  -20.2  964.2   16.1  268.0   44.6  444.0
2021 253  9 10 0500  -20.2  965.3   12.5  269.0   50.0  444.0
2021 253  9 10 0600  -19.5  966.0    9.4  269.0   51.0  444.0
2021 253  9 10 0700  -19.7  963.5   16.4  277.0   56.2  444.0
2021 253  9 10 0800  -19.0  962.8   18.2  276.0   57.7  444.0
2021 253  9 10 0900  -19.0  964.2   15.9  277.0   59.0  444.0
2021 253  9 10 1000  -18.5  965.5   10.2  278.0   59.0  444.0
2021 253  9 10 1100  -16.9  964.8   11.4  275.0   58.0  444.0
2021 253  9 10 1200  -16.9  964.9   10.9  268.0   54.9  444.0
2021 253  9 10 1300  -17.1  963.7   16.2  259.0   47.0  444.0
2021 253  9 10 1400  -17.7  961.8   21.5  257.0   43.0  444.0
2021 253  9 10 1500  -18.4  963.6   19.3  262.0   45.0  444.0
2021 253  9 10 1600  -19.3  965.1   16.9  262.0   48.0  444.0
2021 253  9 10 1700  -19.9  965.6   15.5  260.0   52.6  444.0
2021 253  9 10 1800  -19.8  966.6   15.1  255.0   52.0  444.0
2021 253  9 10 1900  -20.4  966.9   15.7  259.0   47.0  444.0
2021 253  9 10 2000  -20.6  966.9   19.4  260.0   44.0  444.0
2021 253  9 10 2100  -21.1  967.1   20.1  265.0   44.0  444.0
2021 253  9 10 2200  -21.3  969.0   14.8  268.0   50.0  444.0
2021 253  9 10 2300  -20.8  969.5    8.6  274.0   48.0  444.0
2021 254  9 11 0000  -21.4  968.2   13.4  277.0   56.0  444.0
2021 254  9 11 0100  -20.2  966.2   19.1  278.0   44.0  444.0
2021 254  9 11 0200  -19.9  966.4   18.8  281.0   44.0  444.0
2021 254  9 11 0300  -19.5  967.9   16.8  277.0   46.0  444.0
2021 254  9 11 0400  -19.0  967.7   15.6  278.0   48.0  444.0
2021 254  9 11 0500  -19.1  967.1   15.2  278.0   52.0  444.0
2021 254  9 11 0600  -19.1  966.4   16.0  283.0   57.0  444.0
2021 254  9 11 0700  -19.5  964.8   18.8  278.0   55.0  444.0
2021 254  9 11 0800  -20.2  965.2   16.6  271.0   56.0  444.0
2021 254  9 11 0900  -18.0  966.2   16.7  270.0   45.0  444.0
2021 254  9 11 1000  -19.8  967.0   12.7  266.0   50.0  444.0
2021 254  9 11 1100  -20.2  967.2   14.4  262.0   51.0  444.0
2021 254  9 11 1200  -20.7  967.2   14.9  258.0   49.0  444.0
2021 254  9 11 1300  -21.0  967.6   17.0  261.0   47.0  444.0
2021 254  9 11 1400  -21.6  968.4   17.3  258.0   47.0  444.0
2021 254  9 11 1500  -22.2  968.0   17.8  259.0   46.0  444.0
2021 254  9 11 1600  -22.5  967.6   21.2  260.0   43.0  444.0
2021 254  9 11 1700  -22.9  967.0   22.5  262.0   42.0  444.0
2021 254  9 11 1800  -22.7  968.4   22.6  266.0   41.0  444.0
2021 254  9 11 1900  -22.9  968.1   22.0  265.0   43.0  444.0
2021 254  9 11 2000  -22.5  967.6   22.5  268.0   41.0  444.0
2021 254  9 11 2100  -22.6  968.5   22.8  270.0   40.0  444.0
2021 254  9 11 2200  -23.0  967.9   24.3  270.0   39.0  444.0
2021 254  9 11 2300  -22.7  968.1   20.6  269.0   46.0  444.0
2021 255  9 12 0000  -22.1  968.5   23.6  274.0   42.0  444.0
2021 255  9 12 0100  -21.4  967.7   22.4  275.0   39.0  444.0
2021 255  9 12 0200  -21.1  967.1   23.4  272.0   38.0  444.0
2021 255  9 12 0300  -20.9  966.6   24.8  276.0   38.0  444.0
2021 255  9 12 0400  -20.9  966.2   23.7  277.0   39.0  444.0
2021 255  9 12 0500  -20.7  966.9   23.0  274.0   41.0  444.0
2021 255  9 12 0600  -21.0  966.4   23.7  273.0   39.9  444.0
2021 255  9 12 0700  -20.9  965.5   23.6  268.0   40.0  444.0
2021 255  9 12 0800  -21.3  965.2   24.6  271.0   41.0  444.0
2021 255  9 12 0900  -21.1  965.3   24.1  267.0   41.0  444.0
2021 255  9 12 1000  -21.4  964.6   24.2  267.0   40.0  444.0
2021 255  9 12 1100  -21.6  963.2   27.6  270.0   37.0  444.0
2021 255  9 12 1200  -21.8  963.2   27.3  268.0   36.0  444.0
2021 255  9 12 1300  -21.9  963.0   26.6  268.0   37.0  444.0
2021 255  9 12 1400  -22.1  961.0   27.8  270.0   38.0  444.0
2021 255  9 12 1500  -21.7  961.6   27.4  269.0   36.0  444.0
2021 255  9 12 1600  -21.1  962.4   22.4  269.0   35.0  444.0
2021 255  9 12 1700  -22.4  963.6   15.0  279.0   44.0  444.0
2021 255  9 12 1800  -21.2  963.0   11.6  295.0   36.0  444.0
2021 255  9 12 1900  -21.2  962.2   13.8  280.0   36.0  444.0
2021 255  9 12 2000  -20.1  961.5   16.9  276.0   33.0  444.0
2021 255  9 12 2100  -19.3  960.4   20.8  271.0   34.0  444.0
2021 255  9 12 2200  -18.4  960.4   17.6  269.0   30.0  444.0
2021 255  9 12 2300  -18.8  960.4   23.0  267.0   33.0  444.0
2021 256  9 13 0000  -18.3  959.4   22.8  267.0   33.0  444.0
2021 256  9 13 0100  -17.7  959.5   22.7  268.0   34.0  444.0
2021 256  9 13 0200  -17.7  959.0   23.7  265.0   33.0  444.0
2021 256  9 13 0300  -18.1  959.0   25.7  270.0   33.0  444.0
2021 256  9 13 0400  -18.6  960.5   19.4  262.0   36.0  444.0
2021 256  9 13 0500  -18.9  960.9   15.8  249.0   37.0  444.0
2021 256  9 13 0600  -20.5  963.5    7.9  204.0   50.0  444.0
2021 256  9 13 0700  -22.5  964.6    5.6  167.0   82.0  444.0
2021 256  9 13 0800  -22.9  965.2    4.8  214.0   76.0  444.0
2021 256  9 13 0900  -23.2  965.8    3.9  230.0   72.0  444.0
2021 256  9 13 1000  -23.2  966.3    4.5  210.0   52.0  444.0
2021 256  9 13 1100  -24.2  967.2    4.4  219.0   62.0  444.0
2021 256  9 13 1200  -23.2  967.7    5.0  228.0   55.0  444.0
2021 256  9 13 1300  -23.9  968.4    5.5  241.0   58.0  444.0
2021 256  9 13 1400  -23.7  969.4    5.0  220.0   63.0  444.0
2021 256  9 13 1500  -24.9  969.9    5.6  228.0   62.0  444.0
2021 256  9 13 1600  -24.8  970.8    5.5  221.0   64.9  444.0
2021 256  9 13 1700  -24.5  971.3    4.8  239.0   72.0  444.0
2021 256  9 13 1800  -24.5  972.0    6.8  258.0   64.0  444.0
2021 256  9 13 1900  -26.2  972.2   13.8  264.0   51.0  444.0
2021 256  9 13 2000  -27.3  972.7   15.7  259.0   43.0  444.0
2021 256  9 13 2100  -28.4  973.3   15.4  254.0   44.1  444.0
2021 256  9 13 2200  -28.0  973.5   16.1  256.0   43.0  444.0
2021 256  9 13 2300  -27.8  974.0   18.7  262.0   40.0  444.0
2021 257  9 14 0000  -27.7  974.9   18.1  260.0   41.0  444.0
2021 257  9 14 0100  -27.7  975.1   18.1  258.0   43.0  444.0
2021 257  9 14 0200  -27.6  974.8   22.2  260.0   39.7  444.0
2021 257  9 14 0300  -27.1  975.8   23.2  262.0   39.0  444.0
2021 257  9 14 0400  -26.4  976.1   23.4  263.0   38.0  444.0
2021 257  9 14 0500  -26.6  977.5   19.4  265.0   40.0  444.0
2021 257  9 14 0600  -26.4  978.2   20.5  263.0   39.0  444.0
2021 257  9 14 0700  -27.2  978.7   19.4  269.0   44.0  444.0
2021 257  9 14 0800  -27.6  979.5   20.4  268.0   45.0  444.0
2021 257  9 14 0900  -28.2  980.6   19.9  268.0   45.0  444.0
2021 257  9 14 1000  -28.8  980.2   21.1  261.0   43.0  444.0
2021 257  9 14 1100  -28.9  978.8   24.9  263.0   40.0  444.0
2021 257  9 14 1200  -28.8  977.9   30.1  260.0   39.0  444.0
2021 257  9 14 1300  -28.3  977.2   27.9  263.0   39.0  444.0
2021 257  9 14 1400  -27.8  977.3   24.7  262.0   40.0  444.0
2021 257  9 14 1500  -27.8  977.7   24.2  259.0   42.2  444.0
2021 257  9 14 1600  -27.5  977.7   24.7  264.0   42.0  444.0
2021 257  9 14 1700  -27.1  977.9   23.1  264.0   42.0  444.0
2021 257  9 14 1800  -26.7  976.7   20.0  263.0   43.0  444.0
2021 257  9 14 1900  -26.2  974.9   24.6  262.0   41.0  444.0
2021 257  9 14 2000  -25.7  975.6   22.9  261.0   40.0  444.0
2021 257  9 14 2100  -25.4  976.7   20.4  262.0   42.0  444.0
2021 257  9 14 2200  -25.0  975.7   20.0  260.0   42.0  444.0
2021 257  9 14 2300  -24.7  975.6   22.3  261.0   41.0  444.0
2021 258  9 15 0000  -24.3  975.9   20.6  261.0   42.2  444.0
2021 258  9 15 0100  -24.2  974.1   26.0  262.0   40.0  444.0
2021 258  9 15 0200  -23.9  973.9   24.2  264.0   39.0  444.0
2021 258  9 15 0300  -23.7  973.7   26.6  258.0   39.0  444.0
2021 258  9 15 0400  -23.5  973.9   23.9  261.0   42.0  444.0
2021 258  9 15 0500  -23.2  973.8   21.1  262.0   43.0  444.0
2021 258  9 15 0600  -23.4  973.8   23.5  263.0   43.0  444.0
2021 258  9 15 0700  -23.6  974.2   22.1  263.0   42.0  444.0
2021 258  9 15 0800  -23.6  973.0   24.9  267.0   43.1  444.0
2021 258  9 15 0900  -23.4  973.7   23.7  266.0   43.0  444.0
2021 258  9 15 1000  -23.1  972.6   22.8  267.0   42.0  444.0
2021 258  9 15 1100  -22.9  972.4   21.3  264.0   44.0  444.0
2021 258  9 15 1200  -22.5  971.4   22.1  267.0   42.0  444.0
2021 258  9 15 1300  -21.8  970.3   21.9  266.0   41.2  444.0
2021 258  9 15 1400  -21.3  967.8   26.0  267.0   39.0  444.0
2021 258  9 15 1500  -20.5  967.3   29.4  268.0   37.0  444.0
2021 258  9 15 1600  -19.5  965.0   30.6  267.0   35.0  444.0
2021 258  9 15 1700  -18.8  963.2   32.4  265.0   33.0  444.0
2021 258  9 15 1800  -18.5  962.8   29.7  265.0   37.8  444.0
2021 258  9 15 1900  -18.5  961.9   28.7  264.0   37.0  444.0
2021 258  9 15 2000  -18.4  962.9   24.8  263.0   37.0  444.0
2021 258  9 15 2100  -18.6  960.4   27.6  263.0   39.0  444.0
2021 258  9 15 2200  -18.6  960.5   27.1  263.0   36.0  444.0
2021 258  9 15 2300  -18.8  960.6   24.6  260.0   38.0  444.0
2021 259  9 16 0000  -18.8  962.3   22.5  263.0   39.0  444.0
2021 259  9 16 0100  -19.1  960.7   24.0  261.0   38.0  444.0
2021 259  9 16 0200  -18.9  962.6   22.6  260.0   39.0  444.0
2021 259  9 16 0300  -19.0  964.2   16.2  261.0   45.0  444.0
2021 259  9 16 0400  -18.9  963.9   16.0  258.0   43.0  444.0
2021 259  9 16 0500  -19.1  963.1   17.4  260.0   40.0  444.0
2021 259  9 16 0600  -19.2  962.3   20.2  268.0   36.0  444.0
2021 259  9 16 0700  -20.3  963.0   12.2  283.0   44.0  444.0
2021 259  9 16 0800  -19.3  960.7   22.3  270.0   35.0  444.0
2021 259  9 16 0900  -19.3  960.0   21.5  270.0   34.0  444.0
2021 259  9 16 1000  -19.3  961.4   20.2  268.0   32.0  444.0
2021 259  9 16 1100  -19.5  960.5   25.4  265.0   33.1  444.0
2021 259  9 16 1200  -20.1  961.0   24.6  263.0   35.0  444.0
2021 259  9 16 1300  -20.8  960.4   27.0  260.0   36.0  444.0
2021 259  9 16 1400  -21.2  959.6   26.1  262.0   34.0  444.0
2021 259  9 16 1500  -21.5  960.6   26.8  262.0   34.0  444.0
2021 259  9 16 1600  -21.7  960.2   26.3  263.0   33.6  444.0
2021 259  9 16 1700  -22.0  960.7   22.3  257.0   35.0  444.0
2021 259  9 16 1800  -22.4  961.7   20.1  259.0   35.0  444.0
2021 259  9 16 1900  -22.4  960.3   25.3  262.0   37.0  444.0
2021 259  9 16 2000  -22.4  961.0   25.0  262.0   35.0  444.0
2021 259  9 16 2100  -22.7  960.3   27.0  264.0   36.0  444.0
2021 259  9 16 2200  -22.6  961.7   24.8  264.0   35.0  444.0
2021 259  9 16 2300  -22.3  962.0   25.9  261.0   34.0  444.0
2021 260  9 17 0000  -22.1  962.2   26.3  264.0   34.0  444.0
2021 260  9 17 0100  -22.0  962.9   25.6  262.0   34.0  444.0
2021 260  9 17 0200  -21.8  962.6   24.5  261.0   35.0  444.0
2021 260  9 17 0300  -21.7  962.7   26.3  264.0   33.2  444.0
2021 260  9 17 0400  -21.6  963.6   25.8  263.0   33.0  444.0
2021 260  9 17 0500  -21.9  964.6   25.0  263.0   34.0  444.0
2021 260  9 17 0600  -22.4  965.0   25.6  265.0   33.4  444.0
2021 260  9 17 0700  -23.2  966.3   23.1  263.0   36.0  444.0
2021 260  9 17 0800  -23.8  966.5   25.1  261.0   34.0  444.0
2021 260  9 17 0900  -24.4  967.7   23.1  262.0   36.4  444.0
2021 260  9 17 1000  -25.0  967.9   25.3  264.0   34.0  444.0
2021 260  9 17 1100  -25.6  969.0   25.6  265.0   35.0  444.0
2021 260  9 17 1200  -26.0  970.0   25.9  263.0   35.0  444.0
2021 260  9 17 1300  -26.7  970.4   25.7  266.0   36.0  444.0
2021 260  9 17 1400  -27.2  970.3   28.8  267.0   35.5  444.0
2021 260  9 17 1500  -27.6  971.5   27.5  269.0   36.0  444.0
2021 260  9 17 1600  -27.6  971.5   27.4  266.0   35.0  444.0
2021 260  9 17 1700  -27.6  972.3   27.0  268.0   36.0  444.0
2021 260  9 17 1800  -27.5  973.0   26.2  266.0   37.0  444.0
2021 260  9 17 1900  -27.1  974.4   25.0  270.0   34.6  444.0
2021 260  9 17 2000  -27.2  974.9   23.6  273.0   35.0  444.0
2021 260  9 17 2100  -26.7  975.2   26.6  268.0   33.0  444.0
2021 260  9 17 2200  -26.7  975.6   27.9  272.0   32.0  444.0
2021 260  9 17 2300  -25.9  976.9   26.1  271.0   31.0  444.0
2021 261  9 18 0000  -25.5  977.4   22.9  272.0   32.0  444.0
2021 261  9 18 0100  -25.5  978.0   22.5  270.0   35.0  444.0
2021 261  9 18 0200  -25.9  979.5   16.2  270.0   43.0  444.0
2021 261  9 18 0300  -25.8  979.1   17.0  273.0   39.0  444.0
2021 261  9 18 0400  -25.2  980.0   17.9  274.0   37.0  444.0
2021 261  9 18 0500  -24.9  979.9   20.8  273.0   36.0  444.0
2021 261  9 18 0600  -26.3  980.0   15.3  276.0   43.0  444.0
2021 261  9 18 0700  -25.8  980.3   16.1  271.0   39.0  444.0
2021 261  9 18 0800  -26.7  980.5   15.3  274.0   45.5  444.0
2021 261  9 18 0900  -26.8  981.0   14.2  273.0   46.0  444.0
2021 261  9 18 1000  -26.5  981.3   13.9  275.0   44.0  444.0
2021 261  9 18 1100  -27.0  981.7   13.5  275.0   47.0  444.0
2021 261  9 18 1200  -27.1  981.6   15.1  276.0   45.0  444.0
2021 261  9 18 1300  -27.9  981.6   13.7  273.0   50.0  444.0
2021 261  9 18 1400  -27.5  981.6   13.7  276.0   44.0  444.0
2021 261  9 18 1500  -28.5  981.6   14.1  277.0   50.0  444.0
2021 261  9 18 1600  -28.5  981.7   13.3  274.0   49.0  444.0
2021 261  9 18 1700  -28.6  980.4   16.0  276.0   46.0  444.0
2021 261  9 18 1800  -26.8  980.9   19.0  273.0   38.0  444.0
2021 261  9 18 1900  -28.3  981.0   16.5  272.0   48.0  444.0
2021 261  9 18 2000  -27.1  980.9   19.5  271.0   39.0  444.0
2021 261  9 18 2100  -27.1  980.9   18.9  271.0   39.3  444.0
2021 261  9 18 2200  -26.1  981.4   20.1  274.0   38.0  444.0
2021 261  9 18 2300  -26.3  980.8   18.5  277.0   41.0  444.0
2021 262  9 19 0000  -25.8  980.5   22.4  264.0   40.0  444.0
2021 262  9 19 0100  -25.5  979.8   24.4  270.0   39.4  444.0
2021 262  9 19 0200  -24.9  980.0   22.0  266.0   40.0  444.0
2021 262  9 19 0300  -24.2  980.4   19.7  269.0   43.0  444.0
2021 262  9 19 0400  -24.3  980.5   20.8  268.0   39.7  444.0
2021 262  9 19 0500  -24.4  980.4   20.5  270.0   39.7  444.0
2021 262  9 19 0600  -24.6  979.8   21.3  266.0   41.0  444.0
2021 262  9 19 0700  -24.6  979.2   22.3  266.0   40.8  444.0
2021 262  9 19 0800  -24.2  980.4   19.9  267.0   40.0  444.0
2021 262  9 19 0900  -24.4  980.0   19.2  269.0   38.8  444.0
2021 262  9 19 1000  -25.3  980.4   19.0  274.0   41.0  444.0
2021 262  9 19 1100  -25.7  980.3   19.6  271.0   40.0  444.0
2021 262  9 19 1200  -26.0  980.5   19.8  271.0   40.0  444.0
2021 262  9 19 1300  -25.8  981.1   18.8  276.0   41.0  444.0
2021 262  9 19 1400  -26.2  981.7   17.1  271.0   41.3  444.0
2021 262  9 19 1500  -25.6  981.5   18.2  275.0   39.0  444.0
2021 262  9 19 1600  -26.3  982.4   14.4  274.0   43.0  444.0
2021 262  9 19 1700  -26.7  982.8   13.8  269.0   44.0  444.0
2021 262  9 19 1800  -26.3  983.1   11.6  272.0   43.0  444.0
2021 262  9 19 1900  -25.7  983.7   12.1  274.0   40.8  444.0
2021 262  9 19 2000  -25.0  983.9   11.6  276.0   38.0  444.0
2021 262  9 19 2100  -24.5  984.5    9.9  273.0   36.0  444.0
2021 262  9 19 2200  -25.0  984.8    5.5  267.0   42.0  444.0
2021 262  9 19 2300  -24.0  985.1    5.5  269.0   44.0  444.0
2021 263  9 20 0000  -24.1  985.1    4.2  266.0   51.0  444.0
2021 263  9 20 0100  -23.9  985.3    4.2  268.0   73.0  444.0
2021 263  9 20 0200  -23.8  985.5    3.6  260.0   78.0  444.0
2021 263  9 20 0300  -23.9  985.7    3.5  246.0   77.0  444.0
2021 263  9 20 0400  -24.3  985.9    1.8  225.0   77.0  444.0
2021 263  9 20 0500  -24.3  986.0    2.6  224.0   77.0  444.0
2021 263  9 20 0600  -22.6  986.2    0.5  205.0   77.0  444.0
2021 263  9 20 0700  -24.0  986.5    3.1  275.0   77.5  444.0
2021 263  9 20 0800  -24.0  986.8    1.4  265.0   78.0  444.0
2021 263  9 20 0900  -23.6  987.1    1.3  264.0   78.0  444.0
2021 263  9 20 1000  -23.1  987.4    0.8  265.0   79.0  444.0
2021 263  9 20 1100  -22.5  987.7    0.4  257.0   79.0  444.0
2021 263  9 20 1200  -22.6  987.7    0.8  297.0   79.9  444.0
2021 263  9 20 1300  -22.2  987.7    3.7  171.0   79.0  444.0
2021 263  9 20 1400  -21.9  987.8    2.4  193.0   79.0  444.0
2021 263  9 20 1500  -23.5  987.7    3.8  256.0   78.0  444.0
2021 263  9 20 1600  -23.6  987.4    3.7  258.0   78.0  444.0
2021 263  9 20 1700  -23.9  987.4    3.2  255.0   78.0  444.0
2021 263  9 20 1800  -24.1  987.2    3.0  264.0   78.0  444.0
2021 263  9 20 1900  -24.3  986.9    3.4  268.0   78.0  444.0
2021 263  9 20 2000  -23.7  986.4    4.6  271.0   78.0  444.0
2021 263  9 20 2100  -23.5  986.1    3.6  264.0   78.0  444.0
2021 263  9 20 2200  -23.2  986.0    2.8  258.0   77.6  444.0
2021 263  9 20 2300  -23.4  985.8    2.5  249.0   77.6  444.0
2021 264  9 21 0000  -22.4  985.4    2.4  232.0   78.0  444.0
2021 264  9 21 0100  -22.1  984.8    2.2  237.0   78.0  444.0
2021 264  9 21 0200  -22.4  984.4    1.4  249.0   78.0  444.0
2021 264  9 21 0300  -23.2  984.2    3.9  266.0   77.4  444.0
2021 264  9 21 0400  -22.9  983.9    3.2  262.0   78.0  444.0
2021 264  9 21 0500  -22.5  983.3    2.9  256.0   78.7  444.0
2021 264  9 21 0600  -23.1  982.8    3.3  258.0   79.0  444.0
2021 264  9 21 0700  -22.5  982.0    3.7  260.0   79.0  444.0
2021 264  9 21 0800  -22.4  981.7    3.6  262.0   80.0  444.0
2021 264  9 21 0900  -22.2  980.8    5.4  272.0   80.0  444.0
2021 264  9 21 1000  -21.4  980.1    5.5  268.0   80.4  444.0
2021 264  9 21 1100  -21.0  979.5    6.5  270.0   81.0  444.0
2021 264  9 21 1200  -20.7  978.9    7.1  271.0   82.0  444.0
2021 264  9 21 1300  -20.8  978.4    6.1  256.0   81.0  444.0
2021 264  9 21 1400  -20.1  977.9    5.0  195.0   83.0  444.0
2021 264  9 21 1500  -20.5  977.5    5.7  212.0   81.7  444.0
2021 264  9 21 1600  -20.7  977.5    5.2  208.0   82.0  444.0
2021 264  9 21 1700  -20.5  977.2    5.9  230.0   82.0  444.0
2021 264  9 21 1800  -20.4  976.8    6.6  239.0   82.0  444.0
2021 264  9 21 1900  -20.4  976.7    7.4  212.0   82.0  444.0
2021 264  9 21 2000  -20.9  976.4    8.0  211.0   81.0  444.0
2021 264  9 21 2100  -20.9  976.3    6.4  221.0   81.0  444.0
2021 264  9 21 2200  -20.9  976.0    6.5  215.0   81.0  444.0
2021 264  9 21 2300  -20.8  975.6    6.8  221.0   80.0  444.0
2021 265  9 22 0000  -20.4  974.8    7.4  248.0   81.0  444.0
2021 265  9 22 0100  -19.3  974.4    9.4  215.0   81.9  444.0
2021 265  9 22 0200  -18.9  974.1    8.2  203.0   82.0  444.0
2021 265  9 22 0300  -18.6  974.1    7.8  199.0   83.0  444.0
2021 265  9 22 0400  -18.6  974.0    7.7  211.0   83.0  444.0
2021 265  9 22 0500  -17.9  973.3    7.4  214.0   84.0  444.0
2021 265  9 22 0600  -17.2  972.9    6.4  186.0   86.0  444.0
2021 265  9 22 0700  -17.1  972.4    7.2  209.0   86.0  444.0
2021 265  9 22 0800  -16.7  972.0    7.0  177.0   86.6  444.0
2021 265  9 22 0900  -16.6  971.7    6.5  182.0   87.0  444.0
2021 265  9 22 1000  -16.6  971.4    8.3  197.0   87.0  444.0
2021 265  9 22 1100  -16.8  971.1    5.8  208.0   87.0  444.0
2021 265  9 22 1200  -16.9  970.7    7.1  220.0   87.0  444.0
2021 265  9 22 1300  -15.9  970.4    7.1  191.0   88.1  444.0
2021 265  9 22 1400  -16.0  970.0    5.9  192.0   88.0  444.0
2021 265  9 22 1500  -15.8  969.4    6.0  200.0   88.0  444.0
2021 265  9 22 1600  -15.6  969.4    6.1  175.0   89.0  444.0
2021 265  9 22 1700  -15.7  969.5    5.9  190.0   88.0  444.0
2021 265  9 22 1800  -16.2  969.8    3.9  229.0   88.0  444.0
2021 265  9 22 1900  -15.6  969.6    4.2  222.0   88.0  444.0
2021 265  9 22 2000  -15.2  969.5    4.3  242.0   90.0  444.0
2021 265  9 22 2100  -14.5  969.3   10.8  154.0   90.0  444.0
2021 265  9 22 2200  -15.0  969.8    9.9  156.0   89.0  444.0
2021 265  9 22 2300  -14.9  970.5    9.0  154.0   88.0  444.0
2021 266  9 23 0000  -15.1  971.2    9.3  155.0   88.0  444.0
2021 266  9 23 0100  -16.1  971.4    6.2  173.0   87.0  444.0
2021 266  9 23 0200  -16.2  971.8    5.6  184.0   86.0  444.0
2021 266  9 23 0300  -16.5  972.0    6.4  164.0   86.2  444.0
2021 266  9 23 0400  -16.6  972.6    6.6  164.0   86.0  444.0
2021 266  9 23 0500  -17.4  973.3   10.0  158.0   86.0  444.0
2021 266  9 23 0600  -18.2  973.7    8.9  162.0   85.0  444.0
2021 266  9 23 0700  -18.5  974.0   10.4  153.0   85.0  444.0
2021 266  9 23 0800  -18.9  974.6    8.9  155.0   84.5  444.0
2021 266  9 23 0900  -19.3  975.4    6.9  162.0   84.0  444.0
2021 266  9 23 1000  -19.6  975.3    7.5  162.0   84.0  444.0
2021 266  9 23 1100  -19.1  975.0    6.3  180.0   84.0  444.0
2021 266  9 23 1200  -19.4  975.5    6.3  216.0   84.0  444.0
2021 266  9 23 1300  -19.6  975.4    5.1  252.0   83.0  444.0
2021 266  9 23 1400  -19.3  974.8    6.2  256.0   84.0  444.0
2021 266  9 23 1500  -19.1  974.7    4.4  250.0   84.0  444.0
2021 266  9 23 1600  -19.0  974.4    4.4  251.0   84.0  444.0
2021 266  9 23 1700  -18.8  974.1    4.4  204.0   83.0  444.0
2021 266  9 23 1800  -19.2  973.6    3.7  260.0   84.0  444.0
2021 266  9 23 1900  -19.3  972.9    6.7  288.0   83.6  444.0
2021 266  9 23 2000  -19.6  972.4   10.4  280.0   83.0  444.0
2021 266  9 23 2100  -19.6  972.7    6.5  239.0   81.0  444.0
2021 266  9 23 2200  -19.1  972.9    4.9  256.0   81.0  444.0
2021 266  9 23 2300  -18.0  973.0    4.9  272.0   77.0  444.0
2021 267  9 24 0000  -17.1  972.4    6.7  280.0   66.0  444.0
2021 267  9 24 0100  -16.4  971.8    9.1  284.0   65.0  444.0
2021 267  9 24 0200  -17.3  972.4    4.0  249.0   65.0  444.0
2021 267  9 24 0300  -16.2  972.4    2.6  237.0   59.4  444.0
2021 267  9 24 0400  -17.4  972.0    4.3  268.0   67.0  444.0
2021 267  9 24 0500  -16.4  971.7    6.3  278.0   60.0  444.0
2021 267  9 24 0600  -16.4  971.2    9.1  284.0   63.9  444.0
2021 267  9 24 0700  -15.8  970.7    9.7  286.0   63.0  444.0
2021 267  9 24 0800  -15.5  970.5   10.5  288.0   66.0  444.0
2021 267  9 24 0900  -15.4  970.2   10.3  286.0   68.0  444.0
2021 267  9 24 1000  -16.8  970.0   11.2  280.0   73.0  444.0
2021 267  9 24 1100  -17.1  969.8   10.7  281.0   70.0  444.0
2021 267  9 24 1200  -16.9  969.7    9.6  280.0   63.3  444.0
2021 267  9 24 1300  -18.5  969.5   10.5  280.0   70.0  444.0
2021 267  9 24 1400  -18.1  969.7    9.5  276.0   69.0  444.0
2021 267  9 24 1500  -17.8  969.8    7.9  272.0   68.0  444.0
2021 267  9 24 1600  -18.0  969.7    7.1  276.0   68.0  444.0
2021 267  9 24 1700  -17.9  969.5   10.1  280.0   67.4  444.0
2021 267  9 24 1800  -17.9  969.0   12.3  278.0   71.0  444.0
2021 267  9 24 1900  -17.5  968.5   12.3  280.0   68.0  444.0
2021 267  9 24 2000  -18.0  969.3   11.0  268.0   65.0  444.0
2021 267  9 24 2100  -19.9  970.0    4.9  268.0   69.0  444.0
2021 267  9 24 2200  -19.4  969.9    4.0  267.0   66.9  444.0
2021 267  9 24 2300  -21.9  969.8    3.4  274.0   72.0  444.0
2021 268  9 25 0000  -19.9  968.3    9.1  274.0   66.0  444.0
2021 268  9 25 0100  -18.9  968.0    8.4  268.0   66.0  444.0
2021 268  9 25 0200  -16.4  967.8    6.1  282.0   51.0  444.0
2021 268  9 25 0300  -14.6  967.4    3.6  310.0   43.0  444.0
2021 268  9 25 0400  -16.8  966.9    1.6   48.0   56.2  444.0
2021 268  9 25 0500  -17.2  966.4    6.0  280.0   55.0  444.0
2021 268  9 25 0600  -16.9  966.1    2.6   34.0   56.0  444.0
2021 268  9 25 0700  -17.2  965.7    0.7  352.0   56.0  444.0
2021 268  9 25 0800  -17.9  965.2    0.8  227.0   59.0  444.0
2021 268  9 25 0900  -17.9  964.3    6.3  273.0   55.0  444.0
2021 268  9 25 1000  -18.8  964.0    2.7   16.0   61.0  444.0
2021 268  9 25 1100  -19.1  963.6    0.3   38.0   60.0  444.0
2021 268  9 25 1200  -19.9  963.3    0.8  222.0   62.0  444.0
2021 268  9 25 1300  -17.5  962.8    0.2  267.0   54.0  444.0
2021 268  9 25 1400  -20.8  962.1    3.3   54.0   72.0  444.0
2021 268  9 25 1500  -20.8  961.6    3.1   77.0   74.0  444.0
2021 268  9 25 1600  -21.2  961.4    3.7   26.0   71.0  444.0
2021 268  9 25 1700  -20.5  961.4    3.0   34.0   68.0  444.0
2021 268  9 25 1800  -21.0  961.2    3.6   88.0   72.0  444.0
2021 268  9 25 1900  -20.7  961.0    3.2  130.0   71.0  444.0
2021 268  9 25 2000  -20.3  960.9    2.4  273.0   67.0  444.0
2021 268  9 25 2100  -21.8  959.8    9.8  274.0   67.0  444.0
2021 268  9 25 2200  -21.0  959.5   12.9  276.0   72.0  444.0
2021 268  9 25 2300  -21.5  960.0   13.7  271.0   75.0  444.0
2021 269  9 26 0000  -22.0  959.3   14.6  271.0   75.0  444.0
2021 269  9 26 0100  -21.5  960.0   14.3  261.0   71.0  444.0
2021 269  9 26 0200  -21.2  960.0   11.6  258.0   68.0  444.0
2021 269  9 26 0300  -21.5  960.8    6.6  243.0   63.7  444.0
2021 269  9 26 0400  -22.1  960.8    4.9  245.0   62.0  444.0
2021 269  9 26 0500  -23.3  961.4    2.4  173.0   84.0  444.0
2021 269  9 26 0600  -25.0  961.6    2.7  178.0   82.0  444.0
2021 269  9 26 0700  -24.9  961.8    1.8  221.0   77.9  444.0
2021 269  9 26 0800  -24.4  961.9    3.2  202.0   78.0  444.0
2021 269  9 26 0900  -24.2  962.0    3.1  192.0   78.0  444.0
2021 269  9 26 1000  -23.8  962.3    3.5  220.0   78.6  444.0
2021 269  9 26 1100  -23.7  962.4    2.9  233.0   79.0  444.0
2021 269  9 26 1200  -23.2  962.3    4.6  239.0   79.0  444.0
2021 269  9 26 1300  -22.3  962.6    4.1  238.0   80.0  444.0
2021 269  9 26 1400  -22.4  962.4    6.7  256.0   77.0  444.0
2021 269  9 26 1500  -22.4  962.3    6.8  266.0   67.2  444.0
2021 269  9 26 1600  -22.1  962.3    6.4  265.0   65.0  444.0
2021 269  9 26 1700  -21.9  962.4    6.2  264.0   66.0  444.0
2021 269  9 26 1800  -22.1  962.5    6.0  265.0   61.0  444.0
2021 269  9 26 1900  -22.1  962.6    6.3  259.0   61.0  444.0
2021 269  9 26 2000  -21.8  962.6    7.2  261.0   57.4  444.0
2021 269  9 26 2100  -22.5  962.1   12.6  273.0   64.0  444.0
2021 269  9 26 2200  -23.5  961.7   13.1  269.0   65.0  444.0
2021 269  9 26 2300  -24.5  961.8   15.4  257.0   74.0  444.0
2021 270  9 27 0000  -24.9  961.1   18.4  260.0   74.0  444.0
2021 270  9 27 0100  -24.3  960.4   17.8  261.0   74.0  444.0
2021 270  9 27 0200  -24.4  959.9   21.9  255.0   74.0  444.0
2021 270  9 27 0300  -24.7  959.6   24.8  257.0   75.0  444.0
2021 270  9 27 0400  -25.8  959.1   25.5  261.0   76.0  444.0
2021 270  9 27 0500  -25.5  959.1   24.9  258.0   76.0  444.0
2021 270  9 27 0600  -25.5  960.3   18.7  254.0   76.0  444.0
2021 270  9 27 0700  -26.1  958.7   24.1  259.0   75.0  444.0
2021 270  9 27 0800  -26.7  959.3   24.5  263.0   75.7  444.0
2021 270  9 27 0900  -26.7  960.5   21.3  260.0   75.0  444.0
2021 270  9 27 1000  -26.2  959.9   17.5  258.0   75.0  444.0
2021 270  9 27 1100  -26.8  961.0   15.1  250.0   74.0  444.0
2021 270  9 27 1200  -27.4  959.9   20.3  260.0   75.0  444.0
2021 270  9 27 1300  -26.6  960.4   18.1  254.0   76.2  444.0
2021 270  9 27 1400  -26.8  960.4   16.1  254.0   76.0  444.0
2021 270  9 27 1500  -25.8  960.1    8.9  251.0   76.0  444.0
2021 270  9 27 1600  -25.3  960.3    9.3  256.0   75.0  444.0
2021 270  9 27 1700  -25.5  960.3   10.6  256.0   77.0  444.0
2021 270  9 27 1800  -25.1  960.6    8.7  250.0   74.2  444.0
2021 270  9 27 1900  -24.6  960.3    8.1  256.0   70.0  444.0
2021 270  9 27 2000  -26.7  959.2   19.8  250.0   76.0  444.0
2021 270  9 27 2100  -26.9  960.0   19.5  247.0   75.3  444.0
2021 270  9 27 2200  -27.5  959.1   25.7  249.0   73.0  444.0
2021 270  9 27 2300  -28.2  960.3   20.3  246.0   72.0  444.0
2021 271  9 28 0000  -28.2  961.4   16.5  243.0   72.0  444.0
2021 271  9 28 0100  -28.6  961.9   16.7  242.0   71.2  444.0
2021 271  9 28 0200  -28.5  961.4   15.4  242.0   70.9  444.0
2021 271  9 28 0300  -28.0  962.4   16.0  248.0   69.0  444.0
2021 271  9 28 0400  -27.8  962.8   15.4  248.0   70.0  444.0
2021 271  9 28 0500  -28.0  963.7   13.1  250.0   68.0  444.0
2021 271  9 28 0600  -28.5  963.8   12.6  255.0   68.2  444.0
2021 271  9 28 0700  -28.9  964.8   11.2  260.0   66.0  444.0
2021 271  9 28 0800  -29.9  965.8    9.7  262.0   67.0  444.0
2021 271  9 28 0900  -30.6  966.7    9.4  262.0   67.4  444.0
2021 271  9 28 1000  -30.7  967.2    9.8  264.0   67.0  444.0
2021 271  9 28 1100  -31.2  967.8    9.4  264.0   68.0  444.0
2021 271  9 28 1200  -31.4  968.1   10.8  268.0   71.0  444.0
2021 271  9 28 1300  -31.2  968.5   13.8  263.0   72.0  444.0
2021 271  9 28 1400  -31.5  968.4   15.4  266.0   71.9  444.0
2021 271  9 28 1500  -31.8  968.6   16.4  265.0   72.0  444.0
2021 271  9 28 1600  -31.8  969.0   15.6  263.0   72.0  444.0
2021 271  9 28 1700  -31.8  969.4   16.0  261.0   72.0  444.0
2021 271  9 28 1800  -32.0  969.8   16.1  261.0   72.0  444.0
2021 271  9 28 1900  -32.4  969.6   17.1  260.0   71.3  444.0
2021 271  9 28 2000  -32.5  970.1   18.9  260.0   71.0  444.0
2021 271  9 28 2100  -32.5  969.7   20.2  262.0   70.0  444.0
2021 271  9 28 2200  -32.2  969.9   21.3  264.0   70.0  444.0
2021 271  9 28 2300  -32.2  969.9   23.2  262.0   70.0  444.0
2021 272  9 29 0000  -31.5  971.1   16.8  260.0   70.4  444.0
2021 272  9 29 0100  -30.9  971.1   15.3  262.0   70.0  444.0
2021 272  9 29 0200  -30.7  970.4   20.4  264.0   70.0  444.0
2021 272  9 29 0300  -30.2  970.0   19.1  264.0   70.0  444.0
2021 272  9 29 0400  -29.9  971.0   17.6  262.0   71.0  444.0
2021 272  9 29 0500  -29.8  970.3   18.8  261.0   71.0  444.0
2021 272  9 29 0600  -29.6  970.3   18.8  261.0   71.6  444.0
2021 272  9 29 0700  -29.9  969.9   19.6  259.0   72.8  444.0
2021 272  9 29 0800  -30.1  970.8   16.9  256.0   73.0  444.0
2021 272  9 29 0900  -30.0  970.9   17.5  256.0   73.0  444.0
2021 272  9 29 1000  -30.2  971.2   16.8  260.0   73.0  444.0
2021 272  9 29 1100  -30.1  971.2   15.8  259.0   73.0  444.0
2021 272  9 29 1200  -30.2  971.2   17.4  258.0   72.8  444.0
2021 272  9 29 1300  -30.6  970.9   16.3  259.0   73.0  444.0
2021 272  9 29 1400  -30.5  970.4   18.4  257.0   72.0  444.0
2021 272  9 29 1500  -30.6  970.1   17.7  255.0   72.0  444.0
2021 272  9 29 1600  -30.8  969.7   20.1  258.0   72.0  444.0
2021 272  9 29 1700  -30.9  970.5   20.9  259.0   72.1  444.0
2021 272  9 29 1800  -31.2  969.4   24.5  259.0   72.0  444.0
2021 272  9 29 1900  -31.1  969.0   22.6  260.0   72.0  444.0
2021 272  9 29 2000  -30.9  969.8   23.6  260.0   72.0  444.0
2021 272  9 29 2100  -30.5  970.1   22.1  259.0   71.0  444.0
2021 272  9 29 2200  -30.3  969.4   26.0  258.0   71.0  444.0
2021 272  9 29 2300  -30.3  968.5   26.5  260.0   71.0  444.0
2021 273  9 30 0000  -29.9  968.7   24.6  258.0   72.4  444.0
2021 273  9 30 0100  -29.3  969.2   23.5  260.0   72.0  444.0
2021 273  9 30 0200  -28.8  968.6   25.2  260.0   71.0  444.0
2021 273  9 30 0300  -28.4  968.5   24.0  262.0   71.3  444.0
2021 273  9 30 0400  -28.0  968.0   22.9  261.0   71.0  444.0
2021 273  9 30 0500  -27.9  967.4   23.1  262.0   72.0  444.0
2021 273  9 30 0600  -28.0  966.9   26.1  264.0   72.0  444.0
2021 273  9 30 0700  -28.0  966.6   23.9  261.0   73.0  444.0
2021 273  9 30 0800  -28.1  967.6   23.7  264.0   73.0  444.0
2021 273  9 30 0900  -28.1  967.4   21.9  265.0   71.0  444.0
2021 273  9 30 1000  -28.1  967.7   20.4  265.0   71.2  444.0
2021 273  9 30 1100  -28.7  966.8   24.8  266.0   73.0  444.0
2021 273  9 30 1200  -29.0  965.8   29.8  268.0   73.0  444.0
2021 273  9 30 1300  -28.9  966.5   26.5  272.0   73.0  444.0
2021 273  9 30 1400  -28.8  965.4   26.8  272.0   73.0  444.0
2021 273  9 30 1500  -28.9  963.8   30.1  274.0   73.3  444.0
2021 273  9 30 1600  -28.7  964.0   33.2  272.0   73.0  444.0
2021 273  9 30 1700  -29.8  964.6   19.2  270.0   68.2  444.0
2021 273  9 30 1800  -27.9  963.4   25.7  273.0   68.0  444.0
2021 273  9 30 1900  -28.0  964.0   21.5  270.0   65.0  444.0
2021 273  9 30 2000  -29.2  963.5   19.8  274.0   70.7  444.0
2021 273  9 30 2100  -27.9  963.0   21.9  271.0   70.0  444.0
2021 273  9 30 2200  -26.6  963.0   22.3  272.0   66.3  444.0
2021 273  9 30 2300  -25.3  962.6   24.1  271.0   64.0  444.0
