Year: 2021  Month: 10  ID: MGT  ARGOS:  8910  Name: Margaret            
Lat: 80.00S  Lon: 165.01W  Elev:   67m
2021 274 10  1 0000  -29.1  959.6  444.0  444.0    0.0  444.0
2021 274 10  1 0100  -25.5  959.7  444.0  444.0   79.0  444.0
2021 274 10  1 0200  -25.3  959.9  444.0  444.0   80.0  444.0
2021 274 10  1 0300  -25.8  959.7  444.0  444.0   79.0  444.0
2021 274 10  1 0400  -26.8  960.0  444.0  444.0   78.0  444.0
2021 274 10  1 0500  -27.2  960.3  444.0  444.0   77.0  444.0
2021 274 10  1 0600  -27.4  960.5  444.0  444.0   77.0  444.0
2021 274 10  1 0700  -28.2  960.7  444.0  444.0   75.0  444.0
2021 274 10  1 0800  -29.2  960.8  444.0  444.0   75.0  444.0
2021 274 10  1 0900  -29.0  960.6  444.0  444.0   74.0  444.0
2021 274 10  1 1000  -29.6  960.6  444.0  444.0   74.0  444.0
2021 274 10  1 1100  -30.2  960.6  444.0  444.0   74.0  444.0
2021 274 10  1 1200  -30.4  960.5  444.0  444.0   73.0  444.0
2021 274 10  1 1300  -30.6  960.4  444.0  444.0   73.0  444.0
2021 274 10  1 1400  -30.6  960.1  444.0  444.0   73.0  444.0
2021 274 10  1 1500  -30.1  960.0  444.0  444.0   73.0  444.0
2021 274 10  1 1600  -30.0  959.4  444.0  444.0   74.0  444.0
2021 274 10  1 1700  -30.2  959.1  444.0  444.0   74.0  444.0
2021 274 10  1 1800  -30.0  959.0  444.0  444.0   74.0  444.0
2021 274 10  1 1900  -29.8  958.4  444.0  444.0   74.0  444.0
2021 274 10  1 2000  -33.8  958.5  444.0  444.0   73.0  444.0
2021 274 10  1 2100  -35.3  957.9  444.0  444.0   72.0  444.0
2021 274 10  1 2200  -34.7  957.3  444.0  444.0   72.0  444.0
2021 274 10  1 2300  -34.3  957.3  444.0  444.0   72.0  444.0
2021 275 10  2 0000  -35.6  956.8  444.0  444.0   73.0  444.0
2021 275 10  2 0100  -38.7  956.6  444.0  444.0   74.0  444.0
2021 275 10  2 0200  -39.8  956.6  444.0  444.0   72.0  444.0
2021 275 10  2 0300  -41.0  956.1  444.0  444.0   68.0  444.0
2021 275 10  2 0400  -43.5  955.6  444.0  444.0   63.0  444.0
2021 275 10  2 0500  -43.8  955.2  444.0  444.0   60.0  444.0
2021 275 10  2 0600  -43.5  954.8  444.0  444.0   60.0  444.0
2021 275 10  2 0700  -43.6  954.7  444.0  444.0   59.0  444.0
2021 275 10  2 0800  -42.2  953.9  444.0  444.0   61.0  444.0
2021 275 10  2 0900  -40.8  953.3  444.0  444.0   62.0  444.0
2021 275 10  2 1000  -39.6  953.3  444.0  444.0   63.0  444.0
2021 275 10  2 1100  -38.3  952.9  444.0  444.0   64.0  444.0
2021 275 10  2 1200  -38.0  953.4  444.0  444.0   64.0  444.0
2021 275 10  2 1300  -39.5  953.5  444.0  444.0   63.0  444.0
2021 275 10  2 1400  -41.5  954.8  444.0  444.0   62.0  444.0
2021 275 10  2 1500  -42.7  955.5  444.0  444.0   60.0  444.0
2021 275 10  2 1600  -42.1  956.1  444.0  444.0   61.0  444.0
2021 275 10  2 1700  -41.7  957.0  444.0  444.0   61.0  444.0
2021 275 10  2 1800  -43.0  959.1  444.0  444.0   61.0  444.0
2021 275 10  2 1900  -42.1  960.1  444.0  444.0   62.0  444.0
2021 275 10  2 2000  -40.4  960.6  444.0  444.0   64.0  444.0
2021 275 10  2 2100  -39.8  961.5  444.0  444.0   66.0  444.0
2021 275 10  2 2200  -38.8  963.0  444.0  444.0   69.0  444.0
2021 275 10  2 2300  -38.5  963.2  444.0  444.0   71.0  444.0
2021 276 10  3 0000  -37.9  963.2  444.0  444.0   72.0  444.0
2021 276 10  3 0100  -36.6  963.4  444.0  444.0   72.0  444.0
2021 276 10  3 0200  -35.6  963.2  444.0  444.0   73.0  444.0
2021 276 10  3 0300  -36.5  962.6  444.0  444.0   72.0  444.0
2021 276 10  3 0400  -36.3  962.3  444.0  444.0   72.0  444.0
2021 276 10  3 0500  -38.2  961.8  444.0  444.0   67.0  444.0
2021 276 10  3 0600  -38.9  961.2  444.0  444.0   66.0  444.0
2021 276 10  3 0700  -40.6  960.0  444.0  444.0   63.0  444.0
2021 276 10  3 0800  -40.4  959.6  444.0  444.0   62.0  444.0
2021 276 10  3 0900  -41.5  958.7  444.0  444.0   62.0  444.0
2021 276 10  3 1000  -42.4  957.8  444.0  444.0   61.0  444.0
2021 276 10  3 1100  -43.3  956.7  444.0  444.0   60.0  444.0
2021 276 10  3 1200  -43.5  956.3  444.0  444.0   59.0  444.0
2021 276 10  3 1300  -44.6  955.9  444.0  444.0   57.0  444.0
2021 276 10  3 1400  -45.8  955.8  444.0  444.0   56.0  444.0
2021 276 10  3 1500  -46.0  955.6  444.0  444.0   56.0  444.0
2021 276 10  3 1600  -45.3  955.7  444.0  444.0   58.0  444.0
2021 276 10  3 1700  -45.7  956.8  444.0  444.0   58.0  444.0
2021 276 10  3 1800  -44.1  957.2  444.0  444.0   60.0  444.0
2021 276 10  3 1900  444.0  957.3  444.0  444.0   65.0  444.0
2021 276 10  3 2000  -42.8  958.2  444.0  444.0   64.0  444.0
2021 276 10  3 2100  -42.5  959.0  444.0  444.0   65.0  444.0
2021 276 10  3 2200  -42.6  959.7  444.0  444.0   66.0  444.0
2021 276 10  3 2300  -41.9  960.2  444.0  444.0   66.0  444.0
2021 277 10  4 0000  -41.8  960.9  444.0  444.0   66.0  444.0
2021 277 10  4 0100  -41.2  961.2  444.0  444.0   66.0  444.0
2021 277 10  4 0200  -39.5  961.9  444.0  444.0   67.0  444.0
2021 277 10  4 0300  -38.8  962.5  444.0  444.0   68.0  444.0
2021 277 10  4 0400  -39.0  963.4  444.0  444.0   67.0  444.0
2021 277 10  4 0500  -39.5  964.3  444.0  444.0   65.0  444.0
2021 277 10  4 0600  -39.8  965.0  444.0  444.0   64.0  444.0
2021 277 10  4 0700  -40.5  965.7  444.0  444.0   63.0  444.0
2021 277 10  4 0800  -41.2  966.3  444.0  444.0   61.0  444.0
2021 277 10  4 0900  -41.5  966.6  444.0  444.0   62.0  444.0
2021 277 10  4 1000  -38.6  966.5  444.0  444.0   64.0  444.0
2021 277 10  4 1100  -39.5  967.1  444.0  444.0   62.0  444.0
2021 277 10  4 1200  -40.1  967.3  444.0  444.0   61.0  444.0
2021 277 10  4 1300  -41.1  967.4  444.0  444.0   61.0  444.0
2021 277 10  4 1400  -42.7  967.9  444.0  444.0   59.0  444.0
2021 277 10  4 1500  -43.2  968.2  444.0  444.0   59.0  444.0
2021 277 10  4 1600  -41.1  968.5  444.0  444.0   61.0  444.0
2021 277 10  4 1700  -38.8  969.1  444.0  444.0   65.0  444.0
2021 277 10  4 1800  -37.5  969.7  444.0  444.0   66.0  444.0
2021 277 10  4 1900  -35.9  970.3  444.0  444.0   69.0  444.0
2021 277 10  4 2000  -35.8  970.3  444.0  444.0   71.0  444.0
2021 277 10  4 2100  -36.0  970.4  444.0  444.0   71.0  444.0
2021 277 10  4 2200  -36.5  970.0  444.0  444.0   74.0  444.0
2021 277 10  4 2300  -37.6  970.2  444.0  444.0   71.0  444.0
2021 278 10  5 0000  -37.7  970.3  444.0  444.0   72.0  444.0
2021 278 10  5 0100  -37.2  970.6  444.0  444.0   73.0  444.0
2021 278 10  5 0200  -36.8  970.4  444.0  444.0   72.0  444.0
2021 278 10  5 0300  -36.3  970.2  444.0  444.0   72.0  444.0
2021 278 10  5 0400  -35.2  970.2  444.0  444.0   73.0  444.0
2021 278 10  5 0500  444.0  970.1  444.0  444.0   71.0  444.0
2021 278 10  5 0600  -40.0  969.8  444.0  444.0   66.0  444.0
2021 278 10  5 0700  -40.3  969.4  444.0  444.0   63.0  444.0
2021 278 10  5 0800  -42.3  969.0  444.0  444.0   61.0  444.0
2021 278 10  5 0900  -42.6  968.3  444.0  444.0   61.0  444.0
2021 278 10  5 1000  -43.9  967.5  444.0  444.0   60.0  444.0
2021 278 10  5 1100  -43.9  967.1  444.0  444.0   59.0  444.0
2021 278 10  5 1200  -44.3  966.6  444.0  444.0   58.0  444.0
2021 278 10  5 1300  -44.8  966.3  444.0  444.0   58.0  444.0
2021 278 10  5 1400  -45.8  966.0  444.0  444.0   57.0  444.0
2021 278 10  5 1500  -46.6  965.4  444.0  444.0   57.0  444.0
2021 278 10  5 1600  -46.0  964.8  444.0  444.0   58.0  444.0
2021 278 10  5 1700  -45.9  964.4  444.0  444.0   59.0  444.0
2021 278 10  5 1800  -44.6  964.0  444.0  444.0   63.0  444.0
2021 278 10  5 1900  -43.8  963.2  444.0  444.0   66.0  444.0
2021 278 10  5 2000  -43.1  962.7  444.0  444.0   67.0  444.0
2021 278 10  5 2100  -41.0  962.3  444.0  444.0   72.0  444.0
2021 278 10  5 2200  -39.9  962.0  444.0  444.0   71.0  444.0
2021 278 10  5 2300  -40.6  961.3  444.0  444.0   72.0  444.0
2021 279 10  6 0000  -39.7  960.9  444.0  444.0   72.0  444.0
2021 279 10  6 0100  -38.2  960.3  444.0  444.0   75.0  444.0
2021 279 10  6 0200  -36.4  960.5  444.0  444.0   74.0  444.0
2021 279 10  6 0300  444.0  959.9  444.0  444.0   75.0  444.0
2021 279 10  6 0400  -38.0  959.8  444.0  444.0   70.0  444.0
2021 279 10  6 0500  -39.4  959.2  444.0  444.0   67.0  444.0
2021 279 10  6 0600  -39.4  958.9  444.0  444.0   64.0  444.0
2021 279 10  6 0700  -41.2  958.9  444.0  444.0   62.0  444.0
2021 279 10  6 0800  -42.9  958.2  444.0  444.0   61.0  444.0
2021 279 10  6 0900  -43.6  958.0  444.0  444.0   59.0  444.0
2021 279 10  6 1000  -42.5  957.5  444.0  444.0   60.0  444.0
2021 279 10  6 1100  -39.4  956.7  444.0  444.0   63.0  444.0
2021 279 10  6 1200  -39.1  956.2  444.0  444.0   63.0  444.0
2021 279 10  6 1300  -39.3  955.9  444.0  444.0   63.0  444.0
2021 279 10  6 1400  -41.0  955.7  444.0  444.0   62.0  444.0
2021 279 10  6 1500  -40.4  955.1  444.0  444.0   63.0  444.0
2021 279 10  6 1600  -37.9  954.7  444.0  444.0   66.0  444.0
2021 279 10  6 1700  -38.4  954.5  444.0  444.0   67.0  444.0
2021 279 10  6 1800  -38.7  954.7  444.0  444.0   69.0  444.0
2021 279 10  6 1900  -38.5  954.9  444.0  444.0   70.0  444.0
2021 279 10  6 2000  -38.7  955.1  444.0  444.0   71.0  444.0
2021 279 10  6 2100  -38.8  955.4  444.0  444.0   73.0  444.0
2021 279 10  6 2200  -37.5  956.0  444.0  444.0   76.0  444.0
2021 279 10  6 2300  -38.3  956.4  444.0  444.0   73.0  444.0
2021 280 10  7 0000  -38.2  957.0  444.0  444.0   77.0  444.0
2021 280 10  7 0100  -36.2  957.3  444.0  444.0   73.0  444.0
2021 280 10  7 0200  -35.5  958.3  444.0  444.0   75.0  444.0
2021 280 10  7 0300  -37.2  958.7  444.0  444.0   73.0  444.0
2021 280 10  7 0400  -38.1  958.9  444.0  444.0   68.0  444.0
2021 280 10  7 0500  -36.0  960.0  444.0  444.0   68.0  444.0
2021 280 10  7 0600  -38.5  960.4  444.0  444.0   65.0  444.0
2021 280 10  7 0700  -36.9  961.3  444.0  444.0   63.0  444.0
2021 280 10  7 0800  -42.1  962.3  444.0  444.0   61.0  444.0
2021 280 10  7 0900  -43.5  962.9  444.0  444.0   61.0  444.0
2021 280 10  7 1000  -43.2  964.0  444.0  444.0   60.0  444.0
2021 280 10  7 1100  -44.4  965.2  444.0  444.0   59.0  444.0
2021 280 10  7 1200  -39.6  966.1  444.0  444.0   62.0  444.0
2021 280 10  7 1300  -37.6  967.2  444.0  444.0   64.0  444.0
2021 280 10  7 1400  -41.3  968.4  444.0  444.0   62.0  444.0
2021 280 10  7 1500  -43.0  969.7  444.0  444.0   61.0  444.0
2021 280 10  7 1600  -40.6  970.4  444.0  444.0   62.0  444.0
2021 280 10  7 1700  -39.7  971.5  444.0  444.0   63.0  444.0
2021 280 10  7 1800  -38.0  972.7  444.0  444.0   65.0  444.0
2021 280 10  7 1900  -37.1  973.5  444.0  444.0   68.0  444.0
2021 280 10  7 2000  -35.3  974.1  444.0  444.0   71.0  444.0
2021 280 10  7 2100  -32.3  975.3  444.0  444.0   75.0  444.0
2021 280 10  7 2200  444.0  976.1  444.0  444.0   78.0  444.0
2021 280 10  7 2300  444.0  976.6  444.0  444.0   79.0  444.0
2021 281 10  8 0000  444.0  977.0  444.0  444.0   81.0  444.0
2021 281 10  8 0100  444.0  977.8    2.5  192.0   82.0  444.0
2021 281 10  8 0200  444.0  977.8    0.6  238.0   79.0  444.0
2021 281 10  8 0300  -27.1  977.7    1.3  236.0   78.0  444.0
2021 281 10  8 0400  -28.2  977.6    3.4  213.0   76.0  444.0
2021 281 10  8 0500  -28.9  977.5    2.7  226.0   75.0  444.0
2021 281 10  8 0600  -29.8  977.3    2.6  240.0   74.0  444.0
2021 281 10  8 0700  444.0  977.4    1.3  272.0   71.0  444.0
2021 281 10  8 0800  -37.1  976.7    2.0  278.0   66.0  444.0
2021 281 10  8 0900  -37.8  976.6    1.8  265.0   66.0  444.0
2021 281 10  8 1000  -38.8  976.1    2.0  278.0   64.0  444.0
2021 281 10  8 1100  -40.2  975.6    1.8  285.0   62.0  444.0
2021 281 10  8 1200  -40.6  975.1    1.9  282.0   63.0  444.0
2021 281 10  8 1300  -39.2  974.7    2.5  275.0   64.0  444.0
2021 281 10  8 1400  -38.0  974.0    2.3  277.0   65.0  444.0
2021 281 10  8 1500  -36.0  974.0    1.9  267.0   68.0  444.0
2021 281 10  8 1600  -33.0  974.0    1.7  254.0   69.0  444.0
2021 281 10  8 1700  -34.5  974.0    1.7  272.0   69.0  444.0
2021 281 10  8 1800  -35.7  974.0    1.7  276.0   68.0  444.0
2021 281 10  8 1900  -35.5  973.6    1.3  288.0   68.0  444.0
2021 281 10  8 2000  -34.1  973.1    1.5  280.0   70.0  444.0
2021 281 10  8 2100  444.0  972.9    1.4  276.0   73.0  444.0
2021 281 10  8 2200  444.0  972.5    1.4  268.0   75.0  444.0
2021 281 10  8 2300  444.0  972.6    1.3  256.0   75.0  444.0
2021 282 10  9 0000  -30.2  972.5    2.4  219.0   71.0  444.0
2021 282 10  9 0100  -32.4  973.2    3.8  170.0   71.0  444.0
2021 282 10  9 0200  -32.5  973.5    3.4  190.0   71.0  444.0
2021 282 10  9 0300  -32.0  974.1    3.0  181.0   71.0  444.0
2021 282 10  9 0400  -31.5  974.4    2.6  190.0   71.0  444.0
2021 282 10  9 0500  -31.0  974.3    4.2  169.0   71.0  444.0
2021 282 10  9 0600  -30.1  974.3    3.6  186.0   73.0  444.0
2021 282 10  9 0700  -29.6  974.3    0.0    0.0   74.0  444.0
2021 282 10  9 0800  -28.6  974.5    2.9  196.0   74.0  444.0
2021 282 10  9 0900  -28.7  974.5    3.5  201.0   75.0  444.0
2021 282 10  9 1000  -27.5  974.4    3.8  200.0   76.0  444.0
2021 282 10  9 1100  -27.6  974.5    4.0  204.0   76.0  444.0
2021 282 10  9 1200  -28.2  974.4    2.7  214.0   75.0  444.0
2021 282 10  9 1300  -28.2  974.3    2.3  222.0   75.0  444.0
2021 282 10  9 1400  -28.1  974.3    1.8  235.0   75.0  444.0
2021 282 10  9 1500  444.0  974.1    0.9  225.0   75.0  444.0
2021 282 10  9 1600  444.0  973.8    0.8  259.0   75.0  444.0
2021 282 10  9 1700  444.0  974.1    0.6  259.0   76.0  444.0
2021 282 10  9 1800  444.0  974.0    1.0  217.0   75.0  444.0
2021 282 10  9 1900  444.0  974.4    0.4  175.0   74.0  444.0
2021 282 10  9 2000  444.0  974.4    0.2  234.0   75.0  444.0
2021 282 10  9 2100  444.0  974.4    0.5  203.0   74.0  444.0
2021 282 10  9 2200  444.0  974.6    0.7  181.0   75.0  444.0
2021 282 10  9 2300  444.0  974.8    0.2  198.0   75.0  444.0
2021 283 10 10 0000  444.0  975.2    0.9  203.0   78.0  444.0
2021 283 10 10 0100  -22.9  975.4    2.7  192.0   77.0  444.0
2021 283 10 10 0200  -23.5  975.1    3.0  203.0   78.0  444.0
2021 283 10 10 0300  -22.9  975.4    1.2  217.0   79.0  444.0
2021 283 10 10 0400  444.0  975.2    0.9  244.0   79.0  444.0
2021 283 10 10 0500  -23.4  975.3    2.7  207.0   78.0  444.0
2021 283 10 10 0600  -24.1  975.3    2.3  209.0   79.0  444.0
2021 283 10 10 0700  -24.4  975.5    2.2  206.0   78.0  444.0
2021 283 10 10 0800  -24.6  975.6    2.8  199.0   78.0  444.0
2021 283 10 10 0900  -25.1  975.7    2.6  189.0   77.0  444.0
2021 283 10 10 1000  -26.9  976.0    0.7  222.0   73.0  444.0
2021 283 10 10 1100  -29.3  976.4    0.1  242.0   70.0  444.0
2021 283 10 10 1200  -32.0  976.4    0.0    0.0   68.0  444.0
2021 283 10 10 1300  -33.6  976.4    0.9  251.0   70.0  444.0
2021 283 10 10 1400  -32.3  976.3    0.9  269.0   72.0  444.0
2021 283 10 10 1500  -31.4  975.9    1.8  274.0   72.0  444.0
2021 283 10 10 1600  -30.3  976.0    1.8  253.0   73.0  444.0
2021 283 10 10 1700  -29.2  976.0    1.5  254.0   74.0  444.0
2021 283 10 10 1800  -28.7  975.6    1.9  255.0   74.0  444.0
2021 283 10 10 1900  -30.5  975.7    1.4  258.0   71.0  444.0
2021 283 10 10 2000  -33.3  975.4    1.8  263.0   70.0  444.0
2021 283 10 10 2100  -34.0  975.3    1.5  272.0   68.0  444.0
2021 283 10 10 2200  -34.1  975.3    1.6  278.0   66.0  444.0
2021 283 10 10 2300  -34.4  975.4    1.5  274.0   68.0  444.0
2021 284 10 11 0000  -33.9  975.3    1.6  277.0   65.0  444.0
2021 284 10 11 0100  -33.6  975.2    1.7  280.0   64.0  444.0
2021 284 10 11 0200  -33.8  974.8    1.9  285.0   64.0  444.0
2021 284 10 11 0300  444.0  975.0    1.3  278.0   68.0  444.0
2021 284 10 11 0400  444.0  974.8    1.0  281.0   64.0  444.0
2021 284 10 11 0500  -36.0  974.8    1.5  280.0   62.0  444.0
2021 284 10 11 0600  444.0  974.5    0.8  274.0   65.0  444.0
2021 284 10 11 0700  444.0  974.6    0.9  271.0   63.0  444.0
2021 284 10 11 0800  -40.1  974.4    1.5  282.0   62.0  444.0
2021 284 10 11 0900  -41.3  973.9    1.2  288.0   61.0  444.0
2021 284 10 11 1000  -41.8  973.8    1.5  282.0   61.0  444.0
2021 284 10 11 1100  -42.4  973.7    1.2  285.0   60.0  444.0
2021 284 10 11 1200  -42.3  973.7    0.0    0.0   62.0  444.0
2021 284 10 11 1300  -41.7  973.6    1.2  299.0   60.0  444.0
2021 284 10 11 1400  -42.4  973.7    1.2  304.0   58.0  444.0
2021 284 10 11 1500  -44.6  973.6    0.0    0.0   57.0  444.0
2021 284 10 11 1600  -44.4  973.4    0.9  296.0   56.0  444.0
2021 284 10 11 1700  -42.0  973.6  444.0  444.0   56.0  444.0
2021 284 10 11 1800  -41.3  973.8  444.0  444.0   61.0  444.0
2021 284 10 11 1900  -37.9  974.2  444.0  444.0   63.0  444.0
2021 284 10 11 2000  -35.8  974.8  444.0  444.0   64.0  444.0
2021 284 10 11 2100  -35.2  975.3  444.0  444.0   63.0  444.0
2021 284 10 11 2200  444.0  975.4  444.0  444.0   64.0  444.0
2021 284 10 11 2300  444.0  975.6  444.0  444.0   65.0  444.0
2021 285 10 12 0000  -37.8  976.1  444.0  444.0   63.0  444.0
2021 285 10 12 0100  -36.5  976.2  444.0  444.0   63.0  444.0
2021 285 10 12 0200  -34.3  976.5  444.0  444.0   67.0  444.0
2021 285 10 12 0300  -33.7  976.5  444.0  444.0   64.0  444.0
2021 285 10 12 0400  -32.9  976.6  444.0  444.0   62.0  444.0
2021 285 10 12 0500  -34.6  976.5  444.0  444.0   67.0  444.0
2021 285 10 12 0600  -33.0  976.7  444.0  444.0   69.0  444.0
2021 285 10 12 0700  -32.8  977.0  444.0  444.0   69.0  444.0
2021 285 10 12 0800  -33.3  977.1  444.0  444.0   71.0  444.0
2021 285 10 12 0900  -35.3  977.2  444.0  444.0   63.0  444.0
2021 285 10 12 1000  -37.6  977.4  444.0  444.0   67.0  444.0
2021 285 10 12 1100  -35.2  977.3  444.0  444.0   66.0  444.0
2021 285 10 12 1200  -37.4  977.4  444.0  444.0   64.0  444.0
2021 285 10 12 1300  -38.7  977.4  444.0  444.0   63.0  444.0
2021 285 10 12 1400  -36.7  977.4  444.0  444.0   69.0  444.0
2021 285 10 12 1500  -30.2  977.7  444.0  444.0   72.0  444.0
2021 285 10 12 1600  -29.6  977.7  444.0  444.0   74.0  444.0
2021 285 10 12 1700  -26.6  977.7  444.0  444.0   76.0  444.0
2021 285 10 12 1800  -26.3  977.7  444.0  444.0   74.0  444.0
2021 285 10 12 1900  -26.3  978.1  444.0  444.0   73.0  444.0
2021 285 10 12 2000  -26.1  978.6  444.0  444.0   73.0  444.0
2021 285 10 12 2100  -25.5  978.6  444.0  444.0   72.0  444.0
2021 285 10 12 2200  -25.0  978.4  444.0  444.0   71.0  444.0
2021 285 10 12 2300  -24.2  978.3  444.0  444.0   73.0  444.0
2021 286 10 13 0000  -23.9  978.3  444.0  444.0   74.0  444.0
2021 286 10 13 0100  -23.7  978.3  444.0  444.0   73.0  444.0
2021 286 10 13 0200  -23.9  978.2  444.0  444.0   72.0  444.0
2021 286 10 13 0300  -24.4  978.1  444.0  444.0   73.0  444.0
2021 286 10 13 0400  -24.9  977.9  444.0  444.0   74.0  444.0
2021 286 10 13 0500  -25.6  978.0  444.0  444.0   75.0  444.0
2021 286 10 13 0600  -26.0  978.1  444.0  444.0   76.0  444.0
2021 286 10 13 0700  -25.9  978.1  444.0  444.0   76.0  444.0
2021 286 10 13 0800  -26.0  978.0  444.0  444.0   77.0  444.0
2021 286 10 13 0900  -26.1  977.9  444.0  444.0   76.0  444.0
2021 286 10 13 1000  -26.2  977.8  444.0  444.0   77.0  444.0
2021 286 10 13 1100  -26.4  977.6  444.0  444.0   77.0  444.0
2021 286 10 13 1200  -26.7  977.5  444.0  444.0   76.0  444.0
2021 286 10 13 1300  -26.8  977.5  444.0  444.0   76.0  444.0
2021 286 10 13 1400  -27.1  977.4  444.0  444.0   75.0  444.0
2021 286 10 13 1500  -27.1  977.1  444.0  444.0   75.0  444.0
2021 286 10 13 1600  -26.8  976.8  444.0  444.0   75.0  444.0
2021 286 10 13 1700  -26.3  976.7  444.0  444.0   74.0  444.0
2021 286 10 13 1800  -25.5  976.7  444.0  444.0   74.0  444.0
2021 286 10 13 1900  -24.9  976.7  444.0  444.0   73.0  444.0
2021 286 10 13 2000  -23.9  976.5  444.0  444.0   72.0  444.0
2021 286 10 13 2100  -23.8  976.2  444.0  444.0   69.0  444.0
2021 286 10 13 2200  -26.9  976.1  444.0  444.0   64.0  444.0
2021 286 10 13 2300  -25.8  976.0  444.0  444.0   67.0  444.0
2021 287 10 14 0000  -25.7  975.7  444.0  444.0   71.0  444.0
2021 287 10 14 0100  444.0  975.4  444.0  444.0   69.0  444.0
2021 287 10 14 0200  444.0  975.3  444.0  444.0   68.0  444.0
2021 287 10 14 0300  444.0  975.0  444.0  444.0   72.0  444.0
2021 287 10 14 0400  -29.5  974.5  444.0  444.0   68.0  444.0
2021 287 10 14 0500  -30.0  974.4  444.0  444.0   69.0  444.0
2021 287 10 14 0600  -31.3  974.3  444.0  444.0   69.0  444.0
2021 287 10 14 0700  -33.2  974.1  444.0  444.0   68.0  444.0
2021 287 10 14 0800  -34.0  973.8  444.0  444.0   69.0  444.0
2021 287 10 14 0900  -33.7  973.3  444.0  444.0   69.0  444.0
2021 287 10 14 1000  -33.9  972.8  444.0  444.0   69.0  444.0
2021 287 10 14 1100  -34.6  972.3  444.0  444.0   69.0  444.0
2021 287 10 14 1200  -36.5  972.1  444.0  444.0   65.0  444.0
2021 287 10 14 1300  -37.4  971.9  444.0  444.0   66.0  444.0
2021 287 10 14 1400  -37.9  971.5  444.0  444.0   64.0  444.0
2021 287 10 14 1500  -38.4  970.9  444.0  444.0   63.0  444.0
2021 287 10 14 1600  -39.1  970.4  444.0  444.0   62.0  444.0
2021 287 10 14 1700  -39.0  969.9  444.0  444.0   60.0  444.0
2021 287 10 14 1800  -38.8  969.8  444.0  444.0   59.0  444.0
2021 287 10 14 1900  -38.8  969.2  444.0  444.0   58.0  444.0
2021 287 10 14 2000  -38.1  969.0  444.0  444.0   57.0  444.0
2021 287 10 14 2100  -37.7  968.8  444.0  444.0   57.0  444.0
2021 287 10 14 2200  -36.5  968.3  444.0  444.0   55.0  444.0
2021 287 10 14 2300  -36.7  968.4  444.0  444.0   56.0  444.0
2021 288 10 15 0000  -35.3  967.8  444.0  444.0  444.0  444.0
2021 288 10 15 0100  -33.4  967.8  444.0  444.0   56.0  444.0
2021 288 10 15 0200  444.0  967.4  444.0  444.0   58.0  444.0
2021 288 10 15 0300  444.0  967.2  444.0  444.0   57.0  444.0
2021 288 10 15 0400  444.0  967.1  444.0  444.0   58.0  444.0
2021 288 10 15 0500  444.0  967.0  444.0  444.0   59.0  444.0
2021 288 10 15 0600  444.0  967.0  444.0  444.0   59.0  444.0
2021 288 10 15 0700  -36.5  966.7  444.0  444.0   59.0  444.0
2021 288 10 15 0800  -38.0  966.9  444.0  444.0   61.0  444.0
2021 288 10 15 0900  -40.0  966.9  444.0  444.0   60.0  444.0
2021 288 10 15 1000  -42.2  967.1  444.0  444.0   58.0  444.0
2021 288 10 15 1100  -44.1  967.2  444.0  444.0   57.0  444.0
2021 288 10 15 1200  -44.9  967.3  444.0  444.0   57.0  444.0
2021 288 10 15 1300  -44.4  967.5  444.0  444.0   57.0  444.0
2021 288 10 15 1400  -43.7  967.7  444.0  444.0   58.0  444.0
2021 288 10 15 1500  -42.3  967.6  444.0  444.0   59.0  444.0
2021 288 10 15 1600  -40.2  967.8  444.0  444.0   57.0  444.0
2021 288 10 15 1700  -40.7  968.2  444.0  444.0   58.0  444.0
2021 288 10 15 1800  -37.3  968.4  444.0  444.0   58.0  444.0
2021 288 10 15 1900  -32.4  968.5  444.0  444.0   63.0  444.0
2021 288 10 15 2000  444.0  968.8  444.0  444.0   63.0  444.0
2021 288 10 15 2100  444.0  968.6  444.0  444.0   59.0  444.0
2021 288 10 15 2200  -30.9  968.8  444.0  444.0   61.0  444.0
2021 288 10 15 2300  -33.2  968.5  444.0  444.0   59.0  444.0
2021 289 10 16 0000  444.0  968.4  444.0  444.0   63.0  444.0
2021 289 10 16 0100  444.0  968.5  444.0  444.0   64.0  444.0
2021 289 10 16 0200  444.0  968.5  444.0  444.0   62.0  444.0
2021 289 10 16 0300  -36.0  968.5  444.0  444.0   61.0  444.0
2021 289 10 16 0400  -35.6  968.5  444.0  444.0   59.0  444.0
2021 289 10 16 0500  -36.6  968.5  444.0  444.0   62.0  444.0
2021 289 10 16 0600  -37.3  968.1  444.0  444.0   62.0  444.0
2021 289 10 16 0700  -39.1  967.9  444.0  444.0   61.0  444.0
2021 289 10 16 0800  -40.8  968.0  444.0  444.0   60.0  444.0
2021 289 10 16 0900  -42.3  968.0  444.0  444.0   59.0  444.0
2021 289 10 16 1000  -42.9  967.8  444.0  444.0   57.0  444.0
2021 289 10 16 1100  -44.2  967.5  444.0  444.0   57.0  444.0
2021 289 10 16 1200  -45.2  967.7  444.0  444.0   57.0  444.0
2021 289 10 16 1300  -46.3  967.8  444.0  444.0   56.0  444.0
2021 289 10 16 1400  -46.2  967.8  444.0  444.0   55.0  444.0
2021 289 10 16 1500  -46.5  967.9  444.0  444.0   54.0  444.0
2021 289 10 16 1600  -45.5  968.0  444.0  444.0   54.0  444.0
2021 289 10 16 1700  -44.4  968.3  444.0  444.0   53.0  444.0
2021 289 10 16 1800  -42.1  968.5  444.0  444.0   55.0  444.0
2021 289 10 16 1900  -38.0  968.8  444.0  444.0   59.0  444.0
2021 289 10 16 2000  -34.7  969.0  444.0  444.0   63.0  444.0
2021 289 10 16 2100  -35.2  969.2  444.0  444.0   54.0  444.0
2021 289 10 16 2200  -37.4  969.3  444.0  444.0   58.0  444.0
2021 289 10 16 2300  -32.8  969.1  444.0  444.0   65.0  444.0
2021 290 10 17 0000  -31.6  969.2  444.0  444.0   63.0  444.0
2021 290 10 17 0100  -31.4  969.3  444.0  444.0   64.0  444.0
2021 290 10 17 0200  -31.3  969.4  444.0  444.0   66.0  444.0
2021 290 10 17 0300  -31.3  969.5  444.0  444.0   63.0  444.0
2021 290 10 17 0400  -32.2  969.4  444.0  444.0   59.0  444.0
2021 290 10 17 0500  -31.3  969.6  444.0  444.0   57.0  444.0
2021 290 10 17 0600  -30.4  969.8  444.0  444.0   66.0  444.0
2021 290 10 17 0700  -29.4  970.0  444.0  444.0   72.0  444.0
2021 290 10 17 0800  -28.2  969.9  444.0  444.0   74.0  444.0
2021 290 10 17 0900  -28.6  969.9  444.0  444.0   73.0  444.0
2021 290 10 17 1000  -29.0  969.8  444.0  444.0   74.0  444.0
2021 290 10 17 1100  -29.4  969.8  444.0  444.0   73.0  444.0
2021 290 10 17 1200  -29.8  969.9  444.0  444.0   73.0  444.0
2021 290 10 17 1300  -30.4  969.9  444.0  444.0   72.0  444.0
2021 290 10 17 1400  -30.3  969.9  444.0  444.0   72.0  444.0
2021 290 10 17 1500  -30.5  970.0  444.0  444.0   71.0  444.0
2021 290 10 17 1600  -30.9  970.0  444.0  444.0   70.0  444.0
2021 290 10 17 1700  -30.8  969.5  444.0  444.0   69.0  444.0
2021 290 10 17 1800  -30.4  969.7  444.0  444.0   67.0  444.0
2021 290 10 17 1900  -30.1  969.8  444.0  444.0   66.0  444.0
2021 290 10 17 2000  -28.9  969.8  444.0  444.0   63.0  444.0
2021 290 10 17 2100  -28.1  969.2  444.0  444.0   61.0  444.0
2021 290 10 17 2200  -27.9  969.4  444.0  444.0   60.0  444.0
2021 290 10 17 2300  -30.2  969.4  444.0  444.0   64.0  444.0
2021 291 10 18 0000  -30.7  969.1  444.0  444.0   64.0  444.0
2021 291 10 18 0100  -30.1  968.9  444.0  444.0   62.0  444.0
2021 291 10 18 0200  -30.4  968.5  444.0  444.0   65.0  444.0
2021 291 10 18 0300  -30.2  968.5  444.0  444.0   68.0  444.0
2021 291 10 18 0400  -30.6  968.4  444.0  444.0   65.0  444.0
2021 291 10 18 0500  -31.3  968.0  444.0  444.0   71.0  444.0
2021 291 10 18 0600  -32.1  967.9  444.0  444.0   67.0  444.0
2021 291 10 18 0700  -34.1  967.9  444.0  444.0   69.0  444.0
2021 291 10 18 0800  -35.5  967.8  444.0  444.0   68.0  444.0
2021 291 10 18 0900  -37.5  967.6  444.0  444.0   63.0  444.0
2021 291 10 18 1000  -38.8  967.6  444.0  444.0   62.0  444.0
2021 291 10 18 1100  -40.4  967.6  444.0  444.0   60.0  444.0
2021 291 10 18 1200  -42.2  967.5  444.0  444.0   59.0  444.0
2021 291 10 18 1300  -42.7  967.2  444.0  444.0   59.0  444.0
2021 291 10 18 1400  -42.5  967.5  444.0  444.0   58.0  444.0
2021 291 10 18 1500  -42.4  967.6  444.0  444.0   58.0  444.0
2021 291 10 18 1600  -42.6  967.6  444.0  444.0   61.0  444.0
2021 291 10 18 1700  -40.6  967.5  444.0  444.0   59.0  444.0
2021 291 10 18 1800  -39.0  967.4  444.0  444.0   59.0  444.0
2021 291 10 18 1900  -37.5  967.6  444.0  444.0   57.0  444.0
2021 291 10 18 2000  -37.5  967.8  444.0  444.0   56.0  444.0
2021 291 10 18 2100  -35.8  967.7  444.0  444.0   59.0  444.0
2021 291 10 18 2200  -34.8  967.7  444.0  444.0   60.0  444.0
2021 291 10 18 2300  -34.5  968.1  444.0  444.0   53.0  444.0
2021 292 10 19 0000  -34.9  968.0  444.0  444.0   58.0  444.0
2021 292 10 19 0100  -33.2  967.8  444.0  444.0   63.0  444.0
2021 292 10 19 0200  -32.4  967.9  444.0  444.0   65.0  444.0
2021 292 10 19 0300  -33.0  968.2  444.0  444.0   67.0  444.0
2021 292 10 19 0400  -32.3  968.1  444.0  444.0   68.0  444.0
2021 292 10 19 0500  -32.6  968.1  444.0  444.0   68.0  444.0
2021 292 10 19 0600  -33.3  968.3  444.0  444.0   69.0  444.0
2021 292 10 19 0700  -35.5  968.3    0.6  248.0   65.0  444.0
2021 292 10 19 0800  -35.5  968.5    0.1  262.0   63.0  444.0
2021 292 10 19 0900  -36.7  968.6  444.0  444.0   63.0  444.0
2021 292 10 19 1000  -38.2  968.6  444.0  444.0   61.0  444.0
2021 292 10 19 1100  -39.5  968.1  444.0  444.0   59.0  444.0
2021 292 10 19 1200  -41.0  967.9  444.0  444.0   57.0  444.0
2021 292 10 19 1300  -41.9  967.6  444.0  444.0   57.0  444.0
2021 292 10 19 1400  -42.9  967.9  444.0  444.0   56.0  444.0
2021 292 10 19 1500  -42.2  967.7  444.0  444.0   55.0  444.0
2021 292 10 19 1600  -42.4  967.8  444.0  444.0   56.0  444.0
2021 292 10 19 1700  -41.0  967.3  444.0  444.0   58.0  444.0
2021 292 10 19 1800  -39.4  967.2  444.0  444.0   48.0  444.0
2021 292 10 19 1900  -40.9  967.0  444.0  444.0   48.0  444.0
2021 292 10 19 2000  -39.7  967.0  444.0  444.0   40.0  444.0
2021 292 10 19 2100  -37.9  967.1  444.0  444.0   41.0  444.0
2021 292 10 19 2200  -37.1  966.6  444.0  444.0   44.0  444.0
2021 292 10 19 2300  -36.6  966.1    1.2  280.0   49.0  444.0
2021 293 10 20 0000  -35.8  965.8    1.8  285.0   50.0  444.0
2021 293 10 20 0100  -35.4  965.6    1.0  281.0   51.0  444.0
2021 293 10 20 0200  -35.1  965.4    0.4  277.0   49.0  444.0
2021 293 10 20 0300  -34.8  965.3    0.0    0.0   48.0  444.0
2021 293 10 20 0400  -35.5  965.1    0.4  279.0   51.0  444.0
2021 293 10 20 0500  -34.6  965.1    0.0    0.0   49.0  444.0
2021 293 10 20 0600  -36.7  964.8    0.0    0.0   56.0  444.0
2021 293 10 20 0700  -37.8  964.6    0.1  288.0   56.0  444.0
2021 293 10 20 0800  -41.3  964.6    1.1  289.0   60.0  444.0
2021 293 10 20 0900  -42.7  964.4    0.6  289.0   59.0  444.0
2021 293 10 20 1000  -44.6  964.6  444.0  444.0   56.0  444.0
2021 293 10 20 1100  -45.4  964.1  444.0  444.0   56.0  444.0
2021 293 10 20 1200  -45.8  964.4  444.0  444.0   56.0  444.0
2021 293 10 20 1300  -45.6  964.6  444.0  444.0   57.0  444.0
2021 293 10 20 1400  -46.6  964.4  444.0  444.0   58.0  444.0
2021 293 10 20 1500  -46.2  964.4  444.0  444.0   47.0  444.0
2021 293 10 20 1600  -44.2  964.6  444.0  444.0   46.0  444.0
2021 293 10 20 1700  -40.9  964.7  444.0  444.0   41.0  444.0
2021 293 10 20 1800  -38.5  964.7  444.0  444.0   41.0  444.0
2021 293 10 20 1900  -35.6  965.3  444.0  444.0   38.0  444.0
2021 293 10 20 2000  -36.6  965.4    0.8  196.0   36.0  444.0
2021 293 10 20 2100  -40.5  966.0    0.2  224.0   32.0  444.0
2021 293 10 20 2200  -39.4  965.9    0.0    0.0   33.0  444.0
2021 293 10 20 2300  -39.3  966.0    0.6  196.0   34.0  444.0
2021 294 10 21 0000  -38.6  966.2    0.3  216.0   33.0  444.0
2021 294 10 21 0100  -39.1  966.1    0.4  232.0   33.0  444.0
2021 294 10 21 0200  444.0  966.7    0.6  251.0   31.0  444.0
2021 294 10 21 0300  444.0  966.5    0.6  217.0   32.0  444.0
2021 294 10 21 0400  444.0  967.2    0.6  228.0   36.0  444.0
2021 294 10 21 0500  -36.8  967.2    0.3  261.0   35.0  444.0
2021 294 10 21 0600  -38.3  967.3    1.4  219.0   44.0  444.0
2021 294 10 21 0700  -38.8  967.7    0.2  260.0   45.0  444.0
2021 294 10 21 0800  -42.6  967.7    0.3  240.0   53.0  444.0
2021 294 10 21 0900  -42.1  967.8    0.3  268.0   52.0  444.0
2021 294 10 21 1000  -44.4  967.9    0.4  276.0   58.0  444.0
2021 294 10 21 1100  -40.1  967.9    0.9  253.0   62.0  444.0
2021 294 10 21 1200  -37.0  968.2    1.4  249.0   66.0  444.0
2021 294 10 21 1300  -34.9  968.5    3.1  230.0   69.0  444.0
2021 294 10 21 1400  -33.6  968.8    2.8  229.0   69.0  444.0
2021 294 10 21 1500  -32.9  968.8    3.8  224.0   69.0  444.0
2021 294 10 21 1600  -32.5  968.7    4.7  216.0   68.0  444.0
2021 294 10 21 1700  -32.0  968.9    4.7  216.0   65.0  444.0
2021 294 10 21 1800  -31.5  968.9    5.5  206.0   61.0  444.0
2021 294 10 21 1900  -30.8  969.4    5.0  210.0   58.0  444.0
2021 294 10 21 2000  -30.3  969.7    5.4  208.0   57.0  444.0
2021 294 10 21 2100  -29.6  970.0    5.2  207.0   55.0  444.0
2021 294 10 21 2200  -29.3  970.2    4.3  219.0   53.0  444.0
2021 294 10 21 2300  -29.0  970.1    3.6  228.0   56.0  444.0
2021 295 10 22 0000  -28.8  969.9    3.1  243.0   59.0  444.0
2021 295 10 22 0100  -28.7  969.8    2.7  255.0   55.0  444.0
2021 295 10 22 0200  -28.9  969.9    3.7  252.0   57.0  444.0
2021 295 10 22 0300  -29.9  969.8    3.4  265.0   63.0  444.0
2021 295 10 22 0400  -30.7  969.5    4.1  281.0   66.0  444.0
2021 295 10 22 0500  -32.7  969.6    4.3  258.0   56.0  444.0
2021 295 10 22 0600  -35.5  969.1    2.8  296.0   60.0  444.0
2021 295 10 22 0700  -37.2  968.6    3.3  298.0   62.0  444.0
2021 295 10 22 0800  -38.5  968.1    2.9  300.0   64.0  444.0
2021 295 10 22 0900  -38.2  967.9    2.2  286.0   67.0  444.0
2021 295 10 22 1000  -38.8  967.5    2.9  252.0   64.0  444.0
2021 295 10 22 1100  -38.7  967.4    1.3  265.0   65.0  444.0
2021 295 10 22 1200  -39.0  967.5    3.0  274.0   66.0  444.0
2021 295 10 22 1300  -38.6  966.8    2.6  298.0   65.0  444.0
2021 295 10 22 1400  -35.1  966.0    3.2  279.0   68.0  444.0
2021 295 10 22 1500  -33.3  965.5    3.3  282.0   67.0  444.0
2021 295 10 22 1600  -33.2  964.7    3.4  296.0   67.0  444.0
2021 295 10 22 1700  -33.5  963.9    3.2  300.0   64.0  444.0
2021 295 10 22 1800  -33.1  963.1    3.0  299.0   61.0  444.0
2021 295 10 22 1900  -33.0  962.5    3.5  298.0   60.0  444.0
2021 295 10 22 2000  -32.6  961.9    2.9  300.0   54.0  444.0
2021 295 10 22 2100  -31.7  961.5    2.1  302.0   44.0  444.0
2021 295 10 22 2200  -31.1  961.0    2.0  305.0   43.0  444.0
2021 295 10 22 2300  -30.7  961.0    1.5  296.0   36.0  444.0
2021 296 10 23 0000  -31.6  960.6    0.9  261.0   31.0  444.0
2021 296 10 23 0100  -30.5  960.7    1.0  283.0   32.0  444.0
2021 296 10 23 0200  444.0  960.7    1.0  215.0   28.0  444.0
2021 296 10 23 0300  444.0  960.6    0.2  218.0   28.0  444.0
2021 296 10 23 0400  444.0  960.6    0.3  246.0   30.0  444.0
2021 296 10 23 0500  444.0  960.6    0.8  244.0   31.0  444.0
2021 296 10 23 0600  -34.6  960.8    2.4  208.0   41.0  444.0
2021 296 10 23 0700  -37.4  960.6    2.7  208.0   47.0  444.0
2021 296 10 23 0800  -38.7  961.1    2.5  209.0   50.0  444.0
2021 296 10 23 0900  -40.8  961.1    2.2  172.0   52.0  444.0
2021 296 10 23 1000  -42.9  961.2    1.8  226.0   53.0  444.0
2021 296 10 23 1100  -44.6  961.6    1.9  234.0   54.0  444.0
2021 296 10 23 1200  -44.4  961.5    2.0  223.0   54.0  444.0
2021 296 10 23 1300  -45.0  961.7    2.1  241.0   52.0  444.0
2021 296 10 23 1400  -45.1  961.7    0.9  250.0   50.0  444.0
2021 296 10 23 1500  -44.7  961.9    2.2  237.0   47.0  444.0
2021 296 10 23 1600  -43.8  962.1    2.0  243.0   46.0  444.0
2021 296 10 23 1700  -42.6  962.5    1.9  233.0   36.0  444.0
2021 296 10 23 1800  -41.9  963.0    1.4  256.0   37.0  444.0
2021 296 10 23 1900  -40.9  962.8    1.9  232.0   32.0  444.0
2021 296 10 23 2000  444.0  963.0    0.1  237.0   24.0  444.0
2021 296 10 23 2100  -37.4  963.6    1.6  274.0   32.0  444.0
2021 296 10 23 2200  -37.7  964.0    2.7  261.0   37.0  444.0
2021 296 10 23 2300  -36.6  964.2    2.3  272.0   40.0  444.0
2021 297 10 24 0000  -33.7  964.6    1.1  286.0   35.0  444.0
2021 297 10 24 0100  444.0  964.3    0.9  309.0   31.0  444.0
2021 297 10 24 0200  444.0  964.3    1.3  310.0   31.0  444.0
2021 297 10 24 0300  -27.8  964.7    2.5  321.0   46.0  444.0
2021 297 10 24 0400  -30.9  964.6    2.4  317.0   53.0  444.0
2021 297 10 24 0500  -30.5  964.8    1.6  314.0   55.0  444.0
2021 297 10 24 0600  -30.0  965.0    2.2  315.0   61.0  444.0
2021 297 10 24 0700  -33.6  965.1    2.6  329.0   57.0  444.0
2021 297 10 24 0800  -32.0  965.1    2.3  321.0   59.0  444.0
2021 297 10 24 0900  -34.7  965.3    1.4  313.0   65.0  444.0
2021 297 10 24 1000  -37.2  965.7    2.6  305.0   64.0  444.0
2021 297 10 24 1100  -37.7  966.2    2.6  298.0   65.0  444.0
2021 297 10 24 1200  -37.0  966.6    2.0  296.0   67.0  444.0
2021 297 10 24 1300  -36.0  966.9    2.1  307.0   67.0  444.0
2021 297 10 24 1400  -35.9  967.3    1.5  309.0   66.0  444.0
2021 297 10 24 1500  -35.7  967.7    1.7  312.0   67.0  444.0
2021 297 10 24 1600  -34.5  967.9    1.8  316.0   67.0  444.0
2021 297 10 24 1700  -33.5  968.6    1.5  324.0   67.0  444.0
2021 297 10 24 1800  -32.1  968.7    1.7  324.0   66.0  444.0
2021 297 10 24 1900  444.0  969.3    1.0  319.0   69.0  444.0
2021 297 10 24 2000  444.0  969.9    1.6  323.0   64.0  444.0
2021 297 10 24 2100  444.0  970.5    1.2  349.0   51.0  444.0
2021 297 10 24 2200  444.0  971.2    1.2   22.0   43.0  444.0
2021 297 10 24 2300  -33.0  971.5    1.8    4.0   51.0  444.0
2021 298 10 25 0000  -33.8  971.9    2.0    4.0   49.0  444.0
2021 298 10 25 0100  -32.9  972.5    1.6   30.0   41.0  444.0
2021 298 10 25 0200  444.0  972.8    1.0  354.0   46.0  444.0
2021 298 10 25 0300  444.0  972.9    0.3    5.0   42.0  444.0
2021 298 10 25 0400  -33.7  973.1    0.2   44.0   42.0  444.0
2021 298 10 25 0500  -34.8  973.3    0.7    8.0   55.0  444.0
2021 298 10 25 0600  -35.7  973.5    1.7    5.0   66.0  444.0
2021 298 10 25 0700  -35.8  973.6    1.3   25.0   57.0  444.0
2021 298 10 25 0800  -37.4  974.0    2.5  243.0   57.0  444.0
2021 298 10 25 0900  -38.3  974.1    0.4   37.0   59.0  444.0
2021 298 10 25 1000  -38.8  974.5    2.2  142.0   62.0  444.0
2021 298 10 25 1100  -38.4  974.6    1.5  167.0   59.0  444.0
2021 298 10 25 1200  -37.6  974.9    1.3   78.0   65.0  444.0
2021 298 10 25 1300  -35.5  974.9    2.1  109.0   68.0  444.0
2021 298 10 25 1400  -35.2  975.0    1.6   69.0   66.0  444.0
2021 298 10 25 1500  -35.1  974.9    0.9  178.0   59.0  444.0
2021 298 10 25 1600  -35.7  975.2    2.3  173.0   55.0  444.0
2021 298 10 25 1700  -38.3  975.4    2.7  152.0   49.0  444.0
2021 298 10 25 1800  -37.8  975.6    2.1  145.0   50.0  444.0
2021 298 10 25 1900  -35.8  975.6    1.3  182.0   36.0  444.0
2021 298 10 25 2000  -34.0  975.6    2.4  193.0   27.0  444.0
2021 298 10 25 2100  -34.3  975.8    2.7  175.0   25.0  444.0
2021 298 10 25 2200  -32.6  975.8    2.7  196.0   26.0  444.0
2021 298 10 25 2300  -33.5  975.8    4.0  183.0   27.0  444.0
2021 299 10 26 0000  -32.7  975.6    3.7  179.0   25.0  444.0
2021 299 10 26 0100  -31.2  975.6    3.5  190.0   27.0  444.0
2021 299 10 26 0200  -31.7  975.1    3.4  205.0   31.0  444.0
2021 299 10 26 0300  -31.9  975.0    3.1  204.0   34.0  444.0
2021 299 10 26 0400  -31.8  974.6    3.5  221.0   36.0  444.0
2021 299 10 26 0500  -32.6  974.1    3.6  223.0   42.0  444.0
2021 299 10 26 0600  -33.0  973.8    2.9  234.0   46.0  444.0
2021 299 10 26 0700  -34.2  973.7    2.7  232.0   52.0  444.0
2021 299 10 26 0800  -35.6  972.8    3.1  229.0   57.0  444.0
2021 299 10 26 0900  -37.6  972.4    2.9  259.0   60.0  444.0
2021 299 10 26 1000  -37.9  972.1    2.6  236.0   60.0  444.0
2021 299 10 26 1100  -38.9  971.4    3.0  230.0   60.0  444.0
2021 299 10 26 1200  -38.9  970.6    2.6  251.0   60.0  444.0
2021 299 10 26 1300  -38.7  969.8    2.4  252.0   59.0  444.0
2021 299 10 26 1400  -38.2  969.3    3.7  246.0   59.0  444.0
2021 299 10 26 1500  -37.6  968.3    2.4  253.0   52.0  444.0
2021 299 10 26 1600  -37.1  968.1    1.4  281.0   53.0  444.0
2021 299 10 26 1700  -36.1  967.3    1.1  288.0   49.0  444.0
2021 299 10 26 1800  -36.2  966.2    2.3  268.0   51.0  444.0
2021 299 10 26 1900  -35.3  966.6    0.5  271.0   33.0  444.0
2021 299 10 26 2000  444.0  965.7    0.6  269.0   25.0  444.0
2021 299 10 26 2100  444.0  965.2    0.2  296.0   31.0  444.0
2021 299 10 26 2200  444.0  965.2    0.1  295.0   18.0  444.0
2021 299 10 26 2300  444.0  964.6    0.7  333.0   29.0  444.0
2021 300 10 27 0000  444.0  964.2    0.5  356.0   33.0  444.0
2021 300 10 27 0100  444.0  963.8    0.8  320.0   27.0  444.0
2021 300 10 27 0200  444.0  963.6    0.9  305.0   24.0  444.0
2021 300 10 27 0300  444.0  963.3    0.9    3.0   46.0  444.0
2021 300 10 27 0400  444.0  962.8    1.3    9.0   45.0  444.0
2021 300 10 27 0500  444.0  962.4    0.2  317.0   35.0  444.0
2021 300 10 27 0600  444.0  962.0    0.9   20.0   38.0  444.0
2021 300 10 27 0700  444.0  961.6    1.6    1.0   58.0  444.0
2021 300 10 27 0800  -35.3  961.6    1.5  321.0   57.0  444.0
2021 300 10 27 0900  -36.9  960.9    1.1   17.0   55.0  444.0
2021 300 10 27 1000  -37.9  960.6    0.4    9.0   57.0  444.0
2021 300 10 27 1100  -38.9  960.5    1.4   22.0   58.0  444.0
2021 300 10 27 1200  -38.9  960.2    1.2  359.0   66.0  444.0
2021 300 10 27 1300  -38.5  959.9    2.0   14.0   64.0  444.0
2021 300 10 27 1400  -38.5  959.8    1.3    9.0   60.0  444.0
2021 300 10 27 1500  -37.9  959.4    0.5  332.0   58.0  444.0
2021 300 10 27 1600  -36.6  959.3    1.9   12.0   68.0  444.0
2021 300 10 27 1700  -35.1  959.2    1.4   12.0   66.0  444.0
2021 300 10 27 1800  -33.1  959.2    1.9   20.0   63.0  444.0
2021 300 10 27 1900  -31.3  959.6    1.6   34.0   56.0  444.0
2021 300 10 27 2000  -29.2  959.6    1.8   35.0   49.0  444.0
2021 300 10 27 2100  -29.4  959.5    1.9   46.0   44.0  444.0
2021 300 10 27 2200  444.0  959.9    1.5   28.0   40.0  444.0
2021 300 10 27 2300  444.0  960.0    0.9   18.0   38.0  444.0
2021 301 10 28 0000  -25.5  960.4    1.9   17.0   61.0  444.0
2021 301 10 28 0100  -25.0  960.3    2.7   22.0   68.0  444.0
2021 301 10 28 0200  -24.8  960.6    1.8    2.0   69.0  444.0
2021 301 10 28 0300  -25.6  960.9    1.9   42.0   59.0  444.0
2021 301 10 28 0400  -27.1  961.4    2.4   64.0   65.0  444.0
2021 301 10 28 0500  -27.9  961.9    2.1   50.0   67.0  444.0
2021 301 10 28 0600  -28.4  962.3    1.9   49.0   70.0  444.0
2021 301 10 28 0700  -27.8  962.5    1.7   35.0   71.0  444.0
2021 301 10 28 0800  444.0  962.8    0.7   20.0   71.0  444.0
2021 301 10 28 0900  444.0  963.0    0.7   33.0   75.0  444.0
2021 301 10 28 1000  -33.4  963.6    1.0   41.0   67.0  444.0
2021 301 10 28 1100  -34.5  964.1    1.1   50.0   69.0  444.0
2021 301 10 28 1200  -35.6  964.3    0.0    0.0   65.0  444.0
2021 301 10 28 1300  -36.7  964.5    0.0    0.0   62.0  444.0
2021 301 10 28 1400  -36.2  964.5    0.0    0.0   58.0  444.0
2021 301 10 28 1500  444.0  964.7    0.0    0.0   45.0  444.0
2021 301 10 28 1600  444.0  965.1    0.9  200.0   41.0  444.0
2021 301 10 28 1700  444.0  965.2    0.5  202.0   37.0  444.0
2021 301 10 28 1800  444.0  965.3    0.0    0.0   32.0  444.0
2021 301 10 28 1900  444.0  965.4    0.5  198.0   25.0  444.0
2021 301 10 28 2000  444.0  965.4    0.0    0.0   18.0  444.0
2021 301 10 28 2100  444.0  965.5    0.4  206.0   17.0  444.0
2021 301 10 28 2200  444.0  965.6    1.3  209.0   18.0  444.0
2021 301 10 28 2300  -25.7  965.8    1.9  200.0   20.0  444.0
2021 302 10 29 0000  -28.3  965.9    2.4  182.0   22.0  444.0
2021 302 10 29 0100  -26.2  965.8    1.6  200.0   24.0  444.0
2021 302 10 29 0200  444.0  965.6    1.3  197.0   20.0  444.0
2021 302 10 29 0300  444.0  965.5    1.3  203.0   21.0  444.0
2021 302 10 29 0400  444.0  965.9    1.3  220.0   25.0  444.0
2021 302 10 29 0500  -24.9  966.0    1.6  209.0   32.0  444.0
2021 302 10 29 0600  -28.2  966.2    2.4  191.0   38.0  444.0
2021 302 10 29 0700  -29.1  966.3    2.3  189.0   44.0  444.0
2021 302 10 29 0800  -30.3  966.4    1.4  193.0   48.0  444.0
2021 302 10 29 0900  -31.6  966.6    0.2  231.0   48.0  444.0
2021 302 10 29 1000  -32.4  966.9    1.0  183.0   49.0  444.0
2021 302 10 29 1100  -34.4  967.3    0.7  264.0   52.0  444.0
2021 302 10 29 1200  -33.5  967.3    0.2  250.0   51.0  444.0
2021 302 10 29 1300  -35.2  967.6    0.7  305.0   50.0  444.0
2021 302 10 29 1400  444.0  967.7    0.7  305.0   45.0  444.0
2021 302 10 29 1500  444.0  967.9    0.4  224.0   39.0  444.0
2021 302 10 29 1600  444.0  968.4    1.0  309.0  444.0  444.0
2021 302 10 29 1700  444.0  968.4    0.5  297.0   27.0  444.0
2021 302 10 29 1800  444.0  968.7    0.6  191.0   28.0  444.0
2021 302 10 29 1900  444.0  968.7    0.7  289.0   26.0  444.0
2021 302 10 29 2000  444.0  968.7    0.5  276.0   22.0  444.0
2021 302 10 29 2100  444.0  969.1    0.0    0.0   19.0  444.0
2021 302 10 29 2200  444.0  969.3    0.7  291.0   20.0  444.0
2021 302 10 29 2300  444.0  969.4    0.5  280.0   24.0  444.0
2021 303 10 30 0000  444.0  969.5    0.1  270.0   21.0  444.0
2021 303 10 30 0100  444.0  969.4    1.3  226.0   19.0  444.0
2021 303 10 30 0200  -25.4  969.3    1.7  216.0   34.0  444.0
2021 303 10 30 0300  444.0  969.3    1.4  208.0   44.0  444.0
2021 303 10 30 0400  444.0  969.1    0.3  285.0   56.0  444.0
2021 303 10 30 0500  444.0  969.1    1.5  304.0   81.0  444.0
2021 303 10 30 0600  444.0  969.2    0.5  279.0   77.0  444.0
2021 303 10 30 0700  444.0  969.1    0.9  297.0   86.0  444.0
2021 303 10 30 0800  444.0  969.0    0.6  263.0   78.0  444.0
2021 303 10 30 0900  444.0  968.8    1.0  228.0   77.0  444.0
2021 303 10 30 1000  444.0  968.5    0.7  244.0   75.0  444.0
2021 303 10 30 1100  444.0  968.3    0.1  287.0   82.0  444.0
2021 303 10 30 1200  444.0  967.9    0.4  275.0   77.0  444.0
2021 303 10 30 1300  444.0  968.0    1.0  290.0   78.0  444.0
2021 303 10 30 1400  444.0  967.5    1.0  290.0   70.0  444.0
2021 303 10 30 1500  444.0  967.0    0.4  273.0   66.0  444.0
2021 303 10 30 1600  444.0  966.7    0.1  277.0   56.0  444.0
2021 303 10 30 1700  444.0  966.6    0.7  290.0   51.0  444.0
2021 303 10 30 1800  444.0  966.3    0.5  280.0   44.0  444.0
2021 303 10 30 1900  444.0  966.2    0.1  291.0   36.0  444.0
2021 303 10 30 2000  444.0  966.0    0.5  289.0   35.0  444.0
2021 303 10 30 2100  444.0  965.5    0.6  284.0   37.0  444.0
2021 303 10 30 2200  444.0  965.2    0.6  294.0   34.0  444.0
2021 303 10 30 2300  444.0  965.2    1.1  280.0   39.0  444.0
2021 304 10 31 0000  444.0  964.8    1.1  288.0   41.0  444.0
2021 304 10 31 0100  444.0  964.5    1.0  294.0   33.0  444.0
2021 304 10 31 0200  444.0  964.3    1.5  274.0   40.0  444.0
2021 304 10 31 0300  444.0  964.0    1.1  294.0   37.0  444.0
2021 304 10 31 0400  -27.0  963.6    1.6  296.0   44.0  444.0
2021 304 10 31 0500  -28.1  963.6    0.7  290.0   41.0  444.0
2021 304 10 31 0600  -28.9  963.3    1.6  296.0   53.0  444.0
2021 304 10 31 0700  -31.9  963.2    1.4  292.0   58.0  444.0
2021 304 10 31 0800  -32.5  962.9    1.2  290.0   63.0  444.0
2021 304 10 31 0900  -33.4  963.1    1.1  295.0   65.0  444.0
2021 304 10 31 1000  -35.2  962.8    1.9  298.0   67.0  444.0
2021 304 10 31 1100  -37.2  962.7    1.7  292.0   66.0  444.0
2021 304 10 31 1200  -38.3  962.5    1.6  296.0   65.0  444.0
2021 304 10 31 1300  -38.3  962.6    1.5  296.0   62.0  444.0
2021 304 10 31 1400  -36.8  962.5    1.8  306.0   55.0  444.0
2021 304 10 31 1500  -37.9  962.6    0.8  298.0   49.0  444.0
2021 304 10 31 1600  444.0  962.8    0.5  309.0   46.0  444.0
2021 304 10 31 1700  444.0  962.9    1.1  307.0   39.0  444.0
2021 304 10 31 1800  444.0  963.2    1.1  306.0   35.0  444.0
2021 304 10 31 1900  444.0  963.3    0.8  295.0   33.0  444.0
2021 304 10 31 2000  444.0  963.7    0.4  301.0   25.0  444.0
2021 304 10 31 2100  444.0  964.0    0.5  297.0   28.0  444.0
2021 304 10 31 2200  444.0  964.3    0.7  295.0   24.0  444.0
2021 304 10 31 2300  444.0  964.9    0.2  292.0   23.0  444.0
