Year: 2018  Month: 09  ID: MGT  ARGOS:  8910  Name: Margaret            
Lat: 80.00S  Lon: 165.01W  Elev:   67m
2018 244  9  1 0000  -56.3  971.5  444.0  444.0   44.0  444.0
2018 244  9  1 0100  -56.1  971.8  444.0  444.0   43.0  444.0
2018 244  9  1 0200  -56.1  972.3  444.0  444.0   43.0  444.0
2018 244  9  1 0300  -56.4  972.4  444.0  444.0   43.0  444.0
2018 244  9  1 0400  -56.3  973.0  444.0  444.0   43.0  444.0
2018 244  9  1 0500  -56.3  973.6  444.0  444.0   44.0  444.0
2018 244  9  1 0600  -56.0  973.9  444.0  444.0   44.0  444.0
2018 244  9  1 0700  -55.5  974.0  444.0  444.0   44.0  444.0
2018 244  9  1 0800  -55.3  974.9  444.0  444.0   44.0  444.0
2018 244  9  1 0900  -55.2  975.5  444.0  444.0   45.0  444.0
2018 244  9  1 1000  -54.7  976.0  444.0  444.0   46.0  444.0
2018 244  9  1 1100  -53.8  976.5  444.0  444.0   46.0  444.0
2018 244  9  1 1200  -53.0  976.7  444.0  444.0   47.0  444.0
2018 244  9  1 1300  -51.4  977.1  444.0  444.0   48.0  444.0
2018 244  9  1 1400  -49.0  977.7  444.0  444.0   51.0  444.0
2018 244  9  1 1500  -48.7  978.2  444.0  444.0   52.0  444.0
2018 244  9  1 1600  -46.8  978.6  444.0  444.0   59.0  444.0
2018 244  9  1 1700  -43.4  979.1  444.0  444.0   58.0  444.0
2018 244  9  1 1800  -43.2  979.2  444.0  444.0   57.0  444.0
2018 244  9  1 1900  -45.0  979.4  444.0  444.0   55.0  444.0
2018 244  9  1 2000  -45.8  979.8  444.0  444.0   54.0  444.0
2018 244  9  1 2100  -46.9  980.1  444.0  444.0   53.0  444.0
2018 244  9  1 2200  -47.0  980.7  444.0  444.0   54.0  444.0
2018 244  9  1 2300  -45.7  980.3  444.0  444.0   54.0  444.0
2018 245  9  2 0000  -47.6  979.4  444.0  444.0   54.0  444.0
2018 245  9  2 0100  -46.6  978.9  444.0  444.0  444.0  444.0
2018 245  9  2 0200  -45.2  977.8  444.0  444.0   55.0  444.0
2018 245  9  2 0300  -43.7  976.4  444.0  444.0   57.0  444.0
2018 245  9  2 0400  -42.2  975.2  444.0  444.0   58.0  444.0
2018 245  9  2 0500  -39.7  973.9  444.0  444.0   61.0  444.0
2018 245  9  2 0600  -39.7  972.4  444.0  444.0  444.0  444.0
2018 245  9  2 0700  -38.9  970.7  444.0  444.0   63.0  444.0
2018 245  9  2 0800  -39.1  968.9  444.0  444.0   62.0  444.0
2018 245  9  2 0900  -38.5  967.3  444.0  444.0   63.0  444.0
2018 245  9  2 1000  -38.2  965.2  444.0  444.0   63.0  444.0
2018 245  9  2 1100  -37.3  962.9  444.0  444.0   64.0  444.0
2018 245  9  2 1200  -35.3  960.6  444.0  444.0   67.0  444.0
2018 245  9  2 1300  -33.5  957.9  444.0  444.0   69.0  444.0
2018 245  9  2 1400  -32.1  956.1  444.0  444.0   71.0  444.0
2018 245  9  2 1500  -30.1  953.5  444.0  444.0   72.0  444.0
2018 245  9  2 1600  -28.4  952.0  444.0  444.0  444.0  444.0
2018 245  9  2 1700  -27.9  950.7  444.0  444.0   77.0  444.0
2018 245  9  2 1800  -26.7  948.2  444.0  444.0   76.0  444.0
2018 245  9  2 1900  -25.7  946.2  444.0  444.0   78.0  444.0
2018 245  9  2 2000  -25.2  944.5  444.0  444.0   79.0  444.0
2018 245  9  2 2100  -24.2  941.1  444.0  444.0   79.0  444.0
2018 245  9  2 2200  -22.5  939.8  444.0  444.0   81.0  444.0
2018 245  9  2 2300  -22.0  938.4  444.0  444.0   81.0  444.0
2018 246  9  3 0000  -20.1  935.9  444.0  444.0   84.0  444.0
2018 246  9  3 0100  -17.4  934.0  444.0  444.0   85.0  444.0
2018 246  9  3 0200  -17.5  932.7  444.0  444.0   86.0  444.0
2018 246  9  3 0300  -18.3  931.6  444.0  444.0   86.0  444.0
2018 246  9  3 0400  -16.9  930.8  444.0  444.0   86.0  444.0
2018 246  9  3 0500  -17.0  929.8  444.0  444.0   87.0  444.0
2018 246  9  3 0600  -16.8  928.8  444.0  444.0   87.0  444.0
2018 246  9  3 0700  -16.7  929.2  444.0  444.0   87.0  444.0
2018 246  9  3 0800  -17.4  929.5  444.0  444.0   87.0  444.0
2018 246  9  3 0900  -18.2  929.7  444.0  444.0   86.0  444.0
2018 246  9  3 1000  -19.1  929.7  444.0  444.0   85.0  444.0
2018 246  9  3 1100  -19.9  930.6  444.0  444.0   83.0  444.0
2018 246  9  3 1200  -21.3  931.0  444.0  444.0   82.0  444.0
2018 246  9  3 1300  -22.5  931.4  444.0  444.0   81.0  444.0
2018 246  9  3 1400  -23.6  931.6  444.0  444.0   81.0  444.0
2018 246  9  3 1500  -22.7  931.1  444.0  444.0   81.0  444.0
2018 246  9  3 1600  -23.7  931.2  444.0  444.0   81.0  444.0
2018 246  9  3 1700  -24.9  931.6  444.0  444.0   78.0  444.0
2018 246  9  3 1800  -26.1  932.3  444.0  444.0   78.0  444.0
2018 246  9  3 1900  -26.0  932.6  444.0  444.0   78.0  444.0
2018 246  9  3 2000  -26.2  932.8  444.0  444.0   78.0  444.0
2018 246  9  3 2100  -26.3  933.0  444.0  444.0   77.0  444.0
2018 246  9  3 2200  -27.9  933.7  444.0  444.0   76.0  444.0
2018 246  9  3 2300  -28.3  933.4  444.0  444.0   76.0  444.0
2018 247  9  4 0000  -27.9  933.0  444.0  444.0   77.0  444.0
2018 247  9  4 0100  -28.1  932.7  444.0  444.0   77.0  444.0
2018 247  9  4 0200  -28.1  932.6  444.0  444.0   76.0  444.0
2018 247  9  4 0300  -27.4  932.1  444.0  444.0   77.0  444.0
2018 247  9  4 0400  -25.4  932.2  444.0  444.0   78.0  444.0
2018 247  9  4 0500  -25.6  932.0  444.0  444.0   79.0  444.0
2018 247  9  4 0600  -25.3  932.3  444.0  444.0   79.0  444.0
2018 247  9  4 0700  -25.1  932.7  444.0  444.0   79.0  444.0
2018 247  9  4 0800  -24.5  933.3  444.0  444.0   80.0  444.0
2018 247  9  4 0900  -24.7  934.1  444.0  444.0   80.0  444.0
2018 247  9  4 1000  -25.8  935.0  444.0  444.0   78.0  444.0
2018 247  9  4 1100  -27.3  935.7  444.0  444.0   76.0  444.0
2018 247  9  4 1200  -24.6  936.4  444.0  444.0   80.0  444.0
2018 247  9  4 1300  -24.2  937.6  444.0  444.0   80.0  444.0
2018 247  9  4 1400  -25.5  938.6  444.0  444.0   79.0  444.0
2018 247  9  4 1500  -26.8  940.1  444.0  444.0   77.0  444.0
2018 247  9  4 1600  -26.1  940.9  444.0  444.0   78.0  444.0
2018 247  9  4 1700  -25.6  941.8  444.0  444.0   78.0  444.0
2018 247  9  4 1800  -26.0  942.6  444.0  444.0   78.0  444.0
2018 247  9  4 1900  -25.8  943.4  444.0  444.0   79.0  444.0
2018 247  9  4 2000  -26.1  944.7  444.0  444.0   78.0  444.0
2018 247  9  4 2100  -29.0  945.7  444.0  444.0   76.0  444.0
2018 247  9  4 2200  -29.9  946.3  444.0  444.0   76.0  444.0
2018 247  9  4 2300  -27.2  947.0  444.0  444.0   77.0  444.0
2018 248  9  5 0000  -27.2  947.7  444.0  444.0   75.0  444.0
2018 248  9  5 0100  -28.4  948.1  444.0  444.0   76.0  444.0
2018 248  9  5 0200  -28.8  948.6  444.0  444.0   75.0  444.0
2018 248  9  5 0300  -29.2  948.8  444.0  444.0   75.0  444.0
2018 248  9  5 0400  -30.0  949.1  444.0  444.0   73.0  444.0
2018 248  9  5 0500  -30.5  949.3  444.0  444.0   74.0  444.0
2018 248  9  5 0600  -32.0  949.3  444.0  444.0   72.0  444.0
2018 248  9  5 0700  -32.2  949.6  444.0  444.0   71.0  444.0
2018 248  9  5 0800  -33.9  949.9  444.0  444.0   70.0  444.0
2018 248  9  5 0900  -36.6  950.0  444.0  444.0   67.0  444.0
2018 248  9  5 1000  -38.5  949.9  444.0  444.0   65.0  444.0
2018 248  9  5 1100  -39.9  949.9  444.0  444.0   64.0  444.0
2018 248  9  5 1200  -40.7  950.0  444.0  444.0   63.0  444.0
2018 248  9  5 1300  -42.0  950.1  444.0  444.0   61.0  444.0
2018 248  9  5 1400  -43.3  950.3  444.0  444.0   60.0  444.0
2018 248  9  5 1500  -44.0  950.5  444.0  444.0   59.0  444.0
2018 248  9  5 1600  -44.0  950.9  444.0  444.0   59.0  444.0
2018 248  9  5 1700  -44.2  951.1  444.0  444.0   59.0  444.0
2018 248  9  5 1800  -44.7  951.7  444.0  444.0   58.0  444.0
2018 248  9  5 1900  -42.3  951.7  444.0  444.0   61.0  444.0
2018 248  9  5 2000  -40.8  951.9  444.0  444.0   63.0  444.0
2018 248  9  5 2100  -39.8  952.3  444.0  444.0   64.0  444.0
2018 248  9  5 2200  -40.7  952.4  444.0  444.0   62.0  444.0
2018 248  9  5 2300  -41.4  952.5  444.0  444.0   62.0  444.0
2018 249  9  6 0000  -41.6  952.5  444.0  444.0   62.0  444.0
2018 249  9  6 0100  -42.5  952.6  444.0  444.0  444.0  444.0
2018 249  9  6 0200  -44.2  952.6  444.0  444.0   59.0  444.0
2018 249  9  6 0300  -45.2  952.3  444.0  444.0   58.0  444.0
2018 249  9  6 0400  -45.6  952.6  444.0  444.0   57.0  444.0
2018 249  9  6 0500  -45.9  952.2  444.0  444.0   56.0  444.0
2018 249  9  6 0600  -45.8  951.6  444.0  444.0   56.0  444.0
2018 249  9  6 0700  -46.0  950.8  444.0  444.0   57.0  444.0
2018 249  9  6 0800  -45.7  950.3  444.0  444.0   57.0  444.0
2018 249  9  6 0900  -45.0  949.8  444.0  444.0   57.0  444.0
2018 249  9  6 1000  -44.5  950.0  444.0  444.0   58.0  444.0
2018 249  9  6 1100  -45.0  950.0  444.0  444.0   57.0  444.0
2018 249  9  6 1200  -45.1  949.5  444.0  444.0   57.0  444.0
2018 249  9  6 1300  -45.1  949.2  444.0  444.0   58.0  444.0
2018 249  9  6 1400  -44.3  948.7  444.0  444.0   58.0  444.0
2018 249  9  6 1500  -44.0  949.3  444.0  444.0   58.0  444.0
2018 249  9  6 1600  -44.0  949.5  444.0  444.0   58.0  444.0
2018 249  9  6 1700  -43.3  949.0  444.0  444.0   59.0  444.0
2018 249  9  6 1800  -42.5  948.7  444.0  444.0   60.0  444.0
2018 249  9  6 1900  -42.1  949.4  444.0  444.0   60.0  444.0
2018 249  9  6 2000  -41.8  949.0  444.0  444.0   61.0  444.0
2018 249  9  6 2100  -41.7  949.3  444.0  444.0   61.0  444.0
2018 249  9  6 2200  -40.6  949.1  444.0  444.0   62.0  444.0
2018 249  9  6 2300  -40.3  949.3  444.0  444.0   63.0  444.0
2018 250  9  7 0000  -41.2  949.1  444.0  444.0   62.0  444.0
2018 250  9  7 0100  -42.0  949.5  444.0  444.0   62.0  444.0
2018 250  9  7 0200  -42.8  949.5  444.0  444.0   60.0  444.0
2018 250  9  7 0300  -43.7  949.5  444.0  444.0   58.0  444.0
2018 250  9  7 0400  -42.2  949.0  444.0  444.0   60.0  444.0
2018 250  9  7 0500  -42.2  949.0  444.0  444.0   60.0  444.0
2018 250  9  7 0600  -42.3  949.1  444.0  444.0   60.0  444.0
2018 250  9  7 0700  -41.7  948.9  444.0  444.0   61.0  444.0
2018 250  9  7 0800  -41.2  948.5  444.0  444.0   61.0  444.0
2018 250  9  7 0900  -41.5  948.5  444.0  444.0   61.0  444.0
2018 250  9  7 1000  -40.8  948.1  444.0  444.0   61.0  444.0
2018 250  9  7 1100  -40.5  947.9  444.0  444.0  444.0  444.0
2018 250  9  7 1200  -37.8  947.3  444.0  444.0   65.0  444.0
2018 250  9  7 1300  -37.8  947.4  444.0  444.0   64.0  444.0
2018 250  9  7 1400  -38.7  947.2  444.0  444.0   64.0  444.0
2018 250  9  7 1500  -39.1  947.5  444.0  444.0   63.0  444.0
2018 250  9  7 1600  -41.6  947.5  444.0  444.0  444.0  444.0
2018 250  9  7 1700  -46.3  947.4  444.0  444.0   56.0  444.0
2018 250  9  7 1800  -47.2  947.9  444.0  444.0   55.0  444.0
2018 250  9  7 1900  -48.4  948.3  444.0  444.0   54.0  444.0
2018 250  9  7 2000  -48.8  948.6  444.0  444.0   54.0  444.0
2018 250  9  7 2100  -48.6  949.4  444.0  444.0   55.0  444.0
2018 250  9  7 2200  -48.2  949.6  444.0  444.0   57.0  444.0
2018 250  9  7 2300  -47.6  949.7  444.0  444.0   58.0  444.0
2018 251  9  8 0000  -48.6  950.0  444.0  444.0   57.0  444.0
2018 251  9  8 0100  -47.4  950.2  444.0  444.0   54.0  444.0
2018 251  9  8 0200  -48.8  950.6  444.0  444.0   54.0  444.0
2018 251  9  8 0300  -47.8  951.0  444.0  444.0   55.0  444.0
2018 251  9  8 0400  -47.1  951.4  444.0  444.0   55.0  444.0
2018 251  9  8 0500  -47.5  951.7  444.0  444.0   54.0  444.0
2018 251  9  8 0600  -47.5  952.0  444.0  444.0   54.0  444.0
2018 251  9  8 0700  -47.6  952.7  444.0  444.0   54.0  444.0
2018 251  9  8 0800  -48.3  953.7  444.0  444.0   52.0  444.0
2018 251  9  8 0900  -49.2  954.2  444.0  444.0   53.0  444.0
2018 251  9  8 1000  -49.0  954.7  444.0  444.0   52.0  444.0
2018 251  9  8 1100  -50.2  955.3  444.0  444.0   52.0  444.0
2018 251  9  8 1200  -50.1  956.0  444.0  444.0   51.0  444.0
2018 251  9  8 1300  -50.8  956.7  444.0  444.0   50.0  444.0
2018 251  9  8 1400  -51.4  958.2  444.0  444.0   49.0  444.0
2018 251  9  8 1500  -51.8  959.2  444.0  444.0   49.0  444.0
2018 251  9  8 1600  -52.1  959.7  444.0  444.0   49.0  444.0
2018 251  9  8 1700  -52.1  960.3  444.0  444.0   49.0  444.0
2018 251  9  8 1800  -52.3  960.7  444.0  444.0   49.0  444.0
2018 251  9  8 1900  -52.3  961.4  444.0  444.0   49.0  444.0
2018 251  9  8 2000  -51.3  961.6  444.0  444.0   50.0  444.0
2018 251  9  8 2100  -52.1  962.4  444.0  444.0   51.0  444.0
2018 251  9  8 2200  -50.6  962.9  444.0  444.0   52.0  444.0
2018 251  9  8 2300  -53.1  963.8  444.0  444.0   51.0  444.0
2018 252  9  9 0000  -54.5  964.4  444.0  444.0   50.0  444.0
2018 252  9  9 0100  -54.8  965.1  444.0  444.0   47.0  444.0
2018 252  9  9 0200  -55.7  965.8  444.0  444.0   46.0  444.0
2018 252  9  9 0300  -55.1  966.8  444.0  444.0   46.0  444.0
2018 252  9  9 0400  -53.6  967.8  444.0  444.0   47.0  444.0
2018 252  9  9 0500  -53.9  968.3  444.0  444.0   48.0  444.0
2018 252  9  9 0600  -54.4  968.9  444.0  444.0   47.0  444.0
2018 252  9  9 0700  -54.2  969.4  444.0  444.0   47.0  444.0
2018 252  9  9 0800  -53.9  970.0  444.0  444.0   47.0  444.0
2018 252  9  9 0900  -53.6  970.5  444.0  444.0   47.0  444.0
2018 252  9  9 1000  -53.4  971.0  444.0  444.0   47.0  444.0
2018 252  9  9 1100  -52.2  971.1  444.0  444.0   49.0  444.0
2018 252  9  9 1200  -51.7  971.7  444.0  444.0   49.0  444.0
2018 252  9  9 1300  -51.5  972.5  444.0  444.0   50.0  444.0
2018 252  9  9 1400  -51.6  973.3  444.0  444.0   49.0  444.0
2018 252  9  9 1500  -51.3  973.4  444.0  444.0   50.0  444.0
2018 252  9  9 1600  -51.9  973.8  444.0  444.0   49.0  444.0
2018 252  9  9 1700  -52.2  974.4  444.0  444.0   49.0  444.0
2018 252  9  9 1800  -52.5  974.7  444.0  444.0   48.0  444.0
2018 252  9  9 1900  -52.9  974.6  444.0  444.0   48.0  444.0
2018 252  9  9 2000  -53.2  974.7  444.0  444.0   48.0  444.0
2018 252  9  9 2100  -52.6  975.1  444.0  444.0   50.0  444.0
2018 252  9  9 2200  -52.7  975.6  444.0  444.0   50.0  444.0
2018 252  9  9 2300  -52.7  975.4  444.0  444.0   51.0  444.0
2018 253  9 10 0000  -52.2  976.2  444.0  444.0   51.0  444.0
2018 253  9 10 0100  -52.1  976.5  444.0  444.0   51.0  444.0
2018 253  9 10 0200  -51.3  976.5  444.0  444.0   49.0  444.0
2018 253  9 10 0300  -52.4  976.9  444.0  444.0   48.0  444.0
2018 253  9 10 0400  -53.1  977.3  444.0  444.0   48.0  444.0
2018 253  9 10 0500  -53.1  977.6  444.0  444.0   48.0  444.0
2018 253  9 10 0600  -53.2  977.6  444.0  444.0   47.0  444.0
2018 253  9 10 0700  -53.6  978.0  444.0  444.0   47.0  444.0
2018 253  9 10 0800  -53.4  977.9  444.0  444.0   47.0  444.0
2018 253  9 10 0900  -53.4  978.7  444.0  444.0   47.0  444.0
2018 253  9 10 1000  -53.6  978.8  444.0  444.0   47.0  444.0
2018 253  9 10 1100  -53.8  979.4  444.0  444.0   47.0  444.0
2018 253  9 10 1200  -54.0  979.5  444.0  444.0   47.0  444.0
2018 253  9 10 1300  -53.3  979.8  444.0  444.0   48.0  444.0
2018 253  9 10 1400  -52.7  980.0  444.0  444.0   48.0  444.0
2018 253  9 10 1500  -52.7  980.7  444.0  444.0   48.0  444.0
2018 253  9 10 1600  -52.5  981.2  444.0  444.0   48.0  444.0
2018 253  9 10 1700  -51.7  982.1  444.0  444.0   49.0  444.0
2018 253  9 10 1800  -51.0  982.4  444.0  444.0   49.0  444.0
2018 253  9 10 1900  -50.6  982.8  444.0  444.0   50.0  444.0
2018 253  9 10 2000  -50.0  983.7  444.0  444.0   52.0  444.0
2018 253  9 10 2100  -48.9  984.2  444.0  444.0   54.0  444.0
2018 253  9 10 2200  -48.0  984.8  444.0  444.0   56.0  444.0
2018 253  9 10 2300  -48.0  985.2  444.0  444.0   57.0  444.0
2018 254  9 11 0000  -47.4  985.7  444.0  444.0   57.0  444.0
2018 254  9 11 0100  -47.1  986.2  444.0  444.0   56.0  444.0
2018 254  9 11 0200  -46.6  986.7  444.0  444.0   56.0  444.0
2018 254  9 11 0300  -45.6  987.5  444.0  444.0   54.0  444.0
2018 254  9 11 0400  -47.6  987.3  444.0  444.0   54.0  444.0
2018 254  9 11 0500  -47.1  987.8  444.0  444.0   55.0  444.0
2018 254  9 11 0600  -48.0  987.9  444.0  444.0   52.0  444.0
2018 254  9 11 0700  -48.2  988.0  444.0  444.0   53.0  444.0
2018 254  9 11 0800  -48.1  988.0  444.0  444.0   52.0  444.0
2018 254  9 11 0900  -48.7  988.4  444.0  444.0   52.0  444.0
2018 254  9 11 1000  -49.1  988.4  444.0  444.0   51.0  444.0
2018 254  9 11 1100  -49.7  988.4  444.0  444.0   51.0  444.0
2018 254  9 11 1200  -50.7  988.6  444.0  444.0   51.0  444.0
2018 254  9 11 1300  -49.1  988.0  444.0  444.0   51.0  444.0
2018 254  9 11 1400  -49.3  987.7  444.0  444.0   51.0  444.0
2018 254  9 11 1500  -48.2  987.6  444.0  444.0   52.0  444.0
2018 254  9 11 1600  -49.5  987.1  444.0  444.0   51.0  444.0
2018 254  9 11 1700  -49.0  987.2  444.0  444.0   52.0  444.0
2018 254  9 11 1800  -49.1  986.5  444.0  444.0   51.0  444.0
2018 254  9 11 1900  -49.3  986.5  444.0  444.0   52.0  444.0
2018 254  9 11 2000  -48.1  986.5  444.0  444.0   55.0  444.0
2018 254  9 11 2100  -46.8  986.4  444.0  444.0   57.0  444.0
2018 254  9 11 2200  -47.5  986.1  444.0  444.0   58.0  444.0
2018 254  9 11 2300  -49.8  986.7  444.0  444.0  444.0  444.0
2018 255  9 12 0000  -49.4  986.4  444.0  444.0   54.0  444.0
2018 255  9 12 0100  -47.9  986.3  444.0  444.0   55.0  444.0
2018 255  9 12 0200  -49.4  986.1  444.0  444.0   53.0  444.0
2018 255  9 12 0300  -50.6  986.0  444.0  444.0   50.0  444.0
2018 255  9 12 0400  -51.4  985.8  444.0  444.0  444.0  444.0
2018 255  9 12 0500  -53.1  986.0  444.0  444.0   48.0  444.0
2018 255  9 12 0600  -53.4  986.2  444.0  444.0   47.0  444.0
2018 255  9 12 0700  -53.6  986.2  444.0  444.0   47.0  444.0
2018 255  9 12 0800  -54.1  985.8  444.0  444.0   46.0  444.0
2018 255  9 12 0900  -54.0  985.8  444.0  444.0   46.0  444.0
2018 255  9 12 1000  -54.2  985.7  444.0  444.0   46.0  444.0
2018 255  9 12 1100  -54.2  985.8  444.0  444.0   46.0  444.0
2018 255  9 12 1200  -54.4  985.7  444.0  444.0   47.0  444.0
2018 255  9 12 1300  -54.6  985.7  444.0  444.0   46.0  444.0
2018 255  9 12 1400  -54.8  985.3  444.0  444.0   45.0  444.0
2018 255  9 12 1500  -54.8  985.3  444.0  444.0   46.0  444.0
2018 255  9 12 1600  -54.8  985.1  444.0  444.0   46.0  444.0
2018 255  9 12 1700  -54.5  984.9  444.0  444.0   46.0  444.0
2018 255  9 12 1800  -53.9  984.5  444.0  444.0   47.0  444.0
2018 255  9 12 1900  -53.4  984.6  444.0  444.0   48.0  444.0
2018 255  9 12 2000  -53.1  985.2  444.0  444.0   48.0  444.0
2018 255  9 12 2100  -53.5  984.8  444.0  444.0   50.0  444.0
2018 255  9 12 2200  -53.0  984.9  444.0  444.0   52.0  444.0
2018 255  9 12 2300  -52.7  985.0  444.0  444.0   52.0  444.0
2018 256  9 13 0000  -52.8  985.3  444.0  444.0   52.0  444.0
2018 256  9 13 0100  -52.7  985.1  444.0  444.0   52.0  444.0
2018 256  9 13 0200  -53.2  984.9  444.0  444.0   48.0  444.0
2018 256  9 13 0300  -53.3  984.9  444.0  444.0   48.0  444.0
2018 256  9 13 0400  -53.9  985.0  444.0  444.0   47.0  444.0
2018 256  9 13 0500  -54.1  984.5  444.0  444.0   46.0  444.0
2018 256  9 13 0600  -54.1  984.5  444.0  444.0   46.0  444.0
2018 256  9 13 0700  -54.0  984.2  444.0  444.0   47.0  444.0
2018 256  9 13 0800  -53.8  984.5  444.0  444.0   47.0  444.0
2018 256  9 13 0900  -53.4  984.1  444.0  444.0   47.0  444.0
2018 256  9 13 1000  -53.2  984.3  444.0  444.0   48.0  444.0
2018 256  9 13 1100  -52.9  984.1  444.0  444.0   48.0  444.0
2018 256  9 13 1200  -52.4  983.9  444.0  444.0   48.0  444.0
2018 256  9 13 1300  -51.8  983.8  444.0  444.0   49.0  444.0
2018 256  9 13 1400  -51.1  983.1  444.0  444.0   50.0  444.0
2018 256  9 13 1500  -50.2  983.4  444.0  444.0   50.0  444.0
2018 256  9 13 1600  -49.1  983.0  444.0  444.0   52.0  444.0
2018 256  9 13 1700  -48.2  982.8  444.0  444.0   52.0  444.0
2018 256  9 13 1800  -47.8  982.7  444.0  444.0   52.0  444.0
2018 256  9 13 1900  -48.0  982.7  444.0  444.0   53.0  444.0
2018 256  9 13 2000  -46.6  982.7  444.0  444.0   56.0  444.0
2018 256  9 13 2100  -47.5  982.5  444.0  444.0   56.0  444.0
2018 256  9 13 2200  -47.5  982.4  444.0  444.0   56.0  444.0
2018 256  9 13 2300  -46.5  982.8  444.0  444.0   59.0  444.0
2018 257  9 14 0000  -49.5  981.7  444.0  444.0   54.0  444.0
2018 257  9 14 0100  -47.8  981.8  444.0  444.0   54.0  444.0
2018 257  9 14 0200  -46.6  981.1  444.0  444.0   55.0  444.0
2018 257  9 14 0300  -45.3  981.1  444.0  444.0   57.0  444.0
2018 257  9 14 0400  -45.6  980.9  444.0  444.0   56.0  444.0
2018 257  9 14 0500  -44.5  979.8  444.0  444.0   57.0  444.0
2018 257  9 14 0600  -43.9  979.4  444.0  444.0   57.0  444.0
2018 257  9 14 0700  -43.2  979.0  444.0  444.0   58.0  444.0
2018 257  9 14 0800  -42.7  978.4  444.0  444.0   59.0  444.0
2018 257  9 14 0900  -41.4  977.7  444.0  444.0   60.0  444.0
2018 257  9 14 1000  -40.6  976.9  444.0  444.0   61.0  444.0
2018 257  9 14 1100  -40.8  975.7  444.0  444.0   60.0  444.0
2018 257  9 14 1200  -41.0  974.6  444.0  444.0   60.0  444.0
2018 257  9 14 1300  -40.5  973.4  444.0  444.0   61.0  444.0
2018 257  9 14 1400  -38.6  972.1  444.0  444.0   63.0  444.0
2018 257  9 14 1500  -36.7  971.3  444.0  444.0   66.0  444.0
2018 257  9 14 1600  -35.5  970.3  444.0  444.0   67.0  444.0
2018 257  9 14 1700  -34.5  969.7  444.0  444.0   67.0  444.0
2018 257  9 14 1800  -36.8  969.2  444.0  444.0   65.0  444.0
2018 257  9 14 1900  -38.6  969.2  444.0  444.0   63.0  444.0
2018 257  9 14 2000  -38.5  969.5  444.0  444.0   65.0  444.0
2018 257  9 14 2100  -40.3  969.7  444.0  444.0   63.0  444.0
2018 257  9 14 2200  -41.7  970.1  444.0  444.0   62.0  444.0
2018 257  9 14 2300  -43.6  970.5  444.0  444.0   62.0  444.0
2018 258  9 15 0000  -44.5  970.8  444.0  444.0   59.0  444.0
2018 258  9 15 0100  -45.1  970.8  444.0  444.0   58.0  444.0
2018 258  9 15 0200  -45.8  971.2  444.0  444.0   58.0  444.0
2018 258  9 15 0300  -46.6  971.5  444.0  444.0   56.0  444.0
2018 258  9 15 0400  -47.5  971.9  444.0  444.0   55.0  444.0
2018 258  9 15 0500  -47.9  972.1  444.0  444.0   54.0  444.0
2018 258  9 15 0600  -47.8  972.3  444.0  444.0   54.0  444.0
2018 258  9 15 0700  -48.3  972.4  444.0  444.0   54.0  444.0
2018 258  9 15 0800  -48.1  972.4  444.0  444.0   54.0  444.0
2018 258  9 15 0900  -48.0  972.6  444.0  444.0   54.0  444.0
2018 258  9 15 1000  -47.5  972.2  444.0  444.0   54.0  444.0
2018 258  9 15 1100  -46.6  972.2  444.0  444.0   55.0  444.0
2018 258  9 15 1200  -45.3  971.9  444.0  444.0   57.0  444.0
2018 258  9 15 1300  -43.6  971.4  444.0  444.0   58.0  444.0
2018 258  9 15 1400  -41.6  970.9  444.0  444.0   61.0  444.0
2018 258  9 15 1500  -39.9  970.5  444.0  444.0   62.0  444.0
2018 258  9 15 1600  -38.9  970.2  444.0  444.0   63.0  444.0
2018 258  9 15 1700  -37.3  970.1  444.0  444.0   65.0  444.0
2018 258  9 15 1800  -35.9  970.1  444.0  444.0   67.0  444.0
2018 258  9 15 1900  -34.6  970.4  444.0  444.0   68.0  444.0
2018 258  9 15 2000  -32.7  970.5  444.0  444.0   71.0  444.0
2018 258  9 15 2100  -29.6  970.8  444.0  444.0   75.0  444.0
2018 258  9 15 2200  -23.6  971.4  444.0  444.0   82.0  444.0
2018 258  9 15 2300  -20.9  971.6  444.0  444.0  444.0  444.0
2018 259  9 16 0000  -28.9  971.7  444.0  444.0   76.0  444.0
2018 259  9 16 0100  -27.2  971.8  444.0  444.0   80.0  444.0
2018 259  9 16 0200  -22.8  971.8  444.0  444.0   82.0  444.0
2018 259  9 16 0300  -23.1  971.6  444.0  444.0   81.0  444.0
2018 259  9 16 0400  -21.3  971.6  444.0  444.0   83.0  444.0
2018 259  9 16 0500  -21.0  972.1  444.0  444.0   83.0  444.0
2018 259  9 16 0600  -19.8  972.4  444.0  444.0   83.0  444.0
2018 259  9 16 0700  -19.8  972.6  444.0  444.0   84.0  444.0
2018 259  9 16 0800  -17.3  973.1  444.0  444.0   86.0  444.0
2018 259  9 16 0900  -16.9  972.2  444.0  444.0   87.0  444.0
2018 259  9 16 1000  -17.6  973.1    7.0   23.0   86.0  444.0
2018 259  9 16 1100  -17.6  973.3    8.1   28.0   86.0  444.0
2018 259  9 16 1200  -17.7  973.6    5.8   32.0   86.0  444.0
2018 259  9 16 1300  -19.8  973.9    5.4   88.0   85.0  444.0
2018 259  9 16 1400  -19.6  973.8    5.9   52.0   85.0  444.0
2018 259  9 16 1500  -22.8  973.6    5.7   83.0   81.0  444.0
2018 259  9 16 1600  -23.1  973.5    6.4   87.0   81.0  444.0
2018 259  9 16 1700  -23.6  972.9    7.1   92.0   81.0  444.0
2018 259  9 16 1800  -22.5  972.8    8.1   90.0   82.0  444.0
2018 259  9 16 1900  -23.4  972.9    5.6   91.0   81.0  444.0
2018 259  9 16 2000  -23.1  972.5    6.5   94.0   81.0  444.0
2018 259  9 16 2100  -23.1  972.3    6.2   92.0   81.0  444.0
2018 259  9 16 2200  -23.6  971.9    7.0   87.0   80.0  444.0
2018 259  9 16 2300  -24.7  972.1    6.8   90.0   79.0  444.0
2018 260  9 17 0000  -24.2  971.5    6.8   99.0   81.0  444.0
2018 260  9 17 0100  -23.9  971.3    6.1  107.0   80.0  444.0
2018 260  9 17 0200  -24.9  970.9    6.9  110.0   79.0  444.0
2018 260  9 17 0300  -24.8  970.2    7.6  108.0   79.0  444.0
2018 260  9 17 0400  -24.9  969.5    6.6  116.0   79.0  444.0
2018 260  9 17 0500  -24.8  968.8    6.8  108.0   80.0  444.0
2018 260  9 17 0600  -24.6  968.2    7.0  104.0   79.0  444.0
2018 260  9 17 0700  -26.1  968.2    6.7   87.0   78.0  444.0
2018 260  9 17 0800  -23.8  967.8    4.6   70.0   82.0  444.0
2018 260  9 17 0900  -23.2  967.6    6.6  345.0   80.0  444.0
2018 260  9 17 1000  -23.0  966.8    7.3   97.0   81.0  444.0
2018 260  9 17 1100  -25.9  967.0    7.4   96.0   78.0  444.0
2018 260  9 17 1200  -25.0  967.4    6.1   94.0   79.0  444.0
2018 260  9 17 1300  -25.6  967.4    6.2  106.0   78.0  444.0
2018 260  9 17 1400  -26.5  967.1    5.5  115.0   78.0  444.0
2018 260  9 17 1500  -26.0  966.8    6.2  112.0   79.0  444.0
2018 260  9 17 1600  -26.7  966.8    7.0  111.0   77.0  444.0
2018 260  9 17 1700  -26.2  966.7    6.8  112.0   78.0  444.0
2018 260  9 17 1800  -26.1  966.5    6.2  116.0   78.0  444.0
2018 260  9 17 1900  -25.8  966.5    5.6  123.0   79.0  444.0
2018 260  9 17 2000  -26.6  966.5    6.2  128.0   78.0  444.0
2018 260  9 17 2100  -26.5  966.5    5.9  126.0   78.0  444.0
2018 260  9 17 2200  -26.2  966.1    4.5  125.0   79.0  444.0
2018 260  9 17 2300  -25.5  966.2    3.5  131.0   79.0  444.0
2018 261  9 18 0000  -24.9  966.3    3.5  122.0   80.0  444.0
2018 261  9 18 0100  -24.9  965.9    1.0   83.0   80.0  444.0
2018 261  9 18 0200  -24.6  965.5    0.2  269.0   81.0  444.0
2018 261  9 18 0300  -24.4  964.6    2.4  237.0   80.0  444.0
2018 261  9 18 0400  -26.0  964.2    0.7  232.0   78.0  444.0
2018 261  9 18 0500  -28.0  963.8    1.1  230.0   75.0  444.0
2018 261  9 18 0600  -29.8  963.1    4.3  190.0   75.0  444.0
2018 261  9 18 0700  -31.6  962.7    3.9  173.0   73.0  444.0
2018 261  9 18 0800  -33.0  961.7    4.0  191.0   71.0  444.0
2018 261  9 18 0900  -33.7  960.9    4.0  168.0   70.0  444.0
2018 261  9 18 1000  -34.5  959.5    4.3  197.0   69.0  444.0
2018 261  9 18 1100  -35.0  958.7    4.7  176.0   69.0  444.0
2018 261  9 18 1200  -35.4  958.2    2.6  184.0   69.0  444.0
2018 261  9 18 1300  -35.6  956.8    4.2  190.0   68.0  444.0
2018 261  9 18 1400  -35.9  955.9    5.5  184.0   67.0  444.0
2018 261  9 18 1500  -36.3  955.2    3.8  178.0   67.0  444.0
2018 261  9 18 1600  -36.7  954.5    0.4  226.0   66.0  444.0
2018 261  9 18 1700  -37.1  954.0    2.2  183.0   66.0  444.0
2018 261  9 18 1800  -37.7  952.8    4.5  186.0   66.0  444.0
2018 261  9 18 1900  -38.1  952.1    3.9  180.0   66.0  444.0
2018 261  9 18 2000  -38.7  951.2    4.7  178.0   66.0  444.0
2018 261  9 18 2100  -38.6  951.4    2.6  145.0   67.0  444.0
2018 261  9 18 2200  -38.6  950.2    3.9  189.0   68.0  444.0
2018 261  9 18 2300  -38.3  949.5    2.1  188.0   68.0  444.0
2018 262  9 19 0000  -38.4  949.2    1.0  209.0   68.0  444.0
2018 262  9 19 0100  -39.0  948.1    2.1  217.0   68.0  444.0
2018 262  9 19 0200  -39.2  948.2    0.4  232.0   66.0  444.0
2018 262  9 19 0300  -40.0  947.3    1.4  233.0   64.0  444.0
2018 262  9 19 0400  -40.1  947.1    1.4  228.0   63.0  444.0
2018 262  9 19 0500  -40.8  946.7    0.5  261.0   62.0  444.0
2018 262  9 19 0600  -41.1  946.3    1.3  250.0   61.0  444.0
2018 262  9 19 0700  -41.5  946.0    0.1  277.0   61.0  444.0
2018 262  9 19 0800  -42.0  946.3    0.0    0.0   60.0  444.0
2018 262  9 19 0900  -42.3  945.6    2.0  276.0   61.0  444.0
2018 262  9 19 1000  -43.1  945.0    1.4  272.0   59.0  444.0
2018 262  9 19 1100  -43.5  945.7    0.1  312.0   59.0  444.0
2018 262  9 19 1200  -43.4  945.5    1.7  329.0   59.0  444.0
2018 262  9 19 1300  -43.7  945.5    1.9  288.0   58.0  444.0
2018 262  9 19 1400  -44.0  945.9    2.4  323.0   58.0  444.0
2018 262  9 19 1500  -44.2  946.0    2.4  272.0   58.0  444.0
2018 262  9 19 1600  -44.5  946.4    1.7  312.0   59.0  444.0
2018 262  9 19 1700  -44.2  946.5    1.9  314.0   59.0  444.0
2018 262  9 19 1800  -43.9  947.0    1.5  299.0   59.0  444.0
2018 262  9 19 1900  -42.7  947.7    2.3  343.0   62.0  444.0
2018 262  9 19 2000  -40.8  948.0    3.6  357.0   64.0  444.0
2018 262  9 19 2100  -38.3  948.8    1.7  280.0   64.0  444.0
2018 262  9 19 2200  -37.4  949.2    1.2    4.0   67.0  444.0
2018 262  9 19 2300  -35.9  949.9    2.5  357.0   68.0  444.0
2018 263  9 20 0000  -34.8  950.7    1.2  288.0   70.0  444.0
2018 263  9 20 0100  -34.3  951.6    0.3  300.0   71.0  444.0
2018 263  9 20 0200  -35.1  952.5    0.2  263.0   71.0  444.0
2018 263  9 20 0300  -32.8  953.4    0.4  275.0   73.0  444.0
2018 263  9 20 0400  -31.4  954.2    0.4  297.0   73.0  444.0
2018 263  9 20 0500  -31.7  955.1    2.2  176.0   70.0  444.0
2018 263  9 20 0600  -29.8  955.6    0.7  241.0   73.0  444.0
2018 263  9 20 0700  -33.5  956.2    4.3  160.0   70.0  444.0
2018 263  9 20 0800  -31.6  956.7    3.4  152.0   73.0  444.0
2018 263  9 20 0900  -29.5  956.9    2.3  192.0   74.0  444.0
2018 263  9 20 1000  -28.2  957.3    0.5  206.0   77.0  444.0
2018 263  9 20 1100  -27.0  957.2    2.7  172.0   77.0  444.0
2018 263  9 20 1200  -27.7  957.5    3.0  178.0   76.0  444.0
2018 263  9 20 1300  -28.2  957.3    1.6  221.0   75.0  444.0
2018 263  9 20 1400  -28.2  957.6    3.3  216.0   76.0  444.0
2018 263  9 20 1500  -28.8  957.4    3.6  237.0   75.0  444.0
2018 263  9 20 1600  -31.2  957.5    3.8  236.0   72.0  444.0
2018 263  9 20 1700  -33.2  957.6    3.9  234.0   70.0  444.0
2018 263  9 20 1800  -36.6  958.0    4.0  232.0   67.0  444.0
2018 263  9 20 1900  -38.3  957.8    3.8  270.0   64.0  444.0
2018 263  9 20 2000  -40.0  958.4    4.4  245.0   65.0  444.0
2018 263  9 20 2100  -39.4  958.1    3.6  280.0   63.0  444.0
2018 263  9 20 2200  -39.9  958.6    3.3  305.0   67.0  444.0
2018 263  9 20 2300  -38.5  959.0    3.0  280.0   63.0  444.0
2018 264  9 21 0000  -38.7  959.4    3.2  287.0   65.0  444.0
2018 264  9 21 0100  -38.5  959.8    4.9  293.0   65.0  444.0
2018 264  9 21 0200  -38.6  959.8    4.5  294.0   65.0  444.0
2018 264  9 21 0300  -38.2  959.8    5.0  290.0   65.0  444.0
2018 264  9 21 0400  -34.7  959.8    4.8  293.0   70.0  444.0
2018 264  9 21 0500  -31.0  959.5    5.1  294.0   78.0  444.0
2018 264  9 21 0600  -26.8  959.7    5.2  274.0   75.0  444.0
2018 264  9 21 0700  -28.5  960.3    5.2  263.0   75.0  444.0
2018 264  9 21 0800  -29.1  961.1    5.3  260.0   75.0  444.0
2018 264  9 21 0900  -29.4  961.5    5.5  262.0   75.0  444.0
2018 264  9 21 1000  -28.9  962.2    5.8  274.0   75.0  444.0
2018 264  9 21 1100  -28.0  962.9    5.8  260.0   77.0  444.0
2018 264  9 21 1200  -24.0  963.9    8.2  227.0   80.0  444.0
2018 264  9 21 1300  -30.4  965.2    6.1  230.0   73.0  444.0
2018 264  9 21 1400  -30.8  966.4    6.6  236.0   73.0  444.0
2018 264  9 21 1500  -31.4  967.3    6.1  231.0   72.0  444.0
2018 264  9 21 1600  -32.0  968.7    6.8  218.0   71.0  444.0
2018 264  9 21 1700  -33.7  969.8    5.5  224.0   70.0  444.0
2018 264  9 21 1800  -35.2  970.9    6.7  203.0   69.0  444.0
2018 264  9 21 1900  -36.7  972.5    3.8  216.0   67.0  444.0
2018 264  9 21 2000  -38.2  973.9    3.1  228.0   67.0  444.0
2018 264  9 21 2100  -38.6  975.1    2.7  247.0   69.0  444.0
2018 264  9 21 2200  -38.3  976.4    3.0  251.0   67.0  444.0
2018 264  9 21 2300  -36.6  977.2    2.8  277.0   64.0  444.0
2018 265  9 22 0000  -38.6  977.9    3.2  285.0   63.0  444.0
2018 265  9 22 0100  -38.7  978.6    1.9  282.0   65.0  444.0
2018 265  9 22 0200  -37.3  979.4    2.6  287.0   63.0  444.0
2018 265  9 22 0300  -39.6  979.5    1.1  267.0   64.0  444.0
2018 265  9 22 0400  -39.8  980.0    2.2  284.0   65.0  444.0
2018 265  9 22 0500  -39.1  980.4    0.8  257.0   63.0  444.0
2018 265  9 22 0600  -40.6  980.8    1.7  298.0   62.0  444.0
2018 265  9 22 0700  -41.0  981.2    1.7  260.0   62.0  444.0
2018 265  9 22 0800  -42.1  982.0    0.3  276.0   60.0  444.0
2018 265  9 22 0900  -43.0  982.0    0.7  231.0   58.0  444.0
2018 265  9 22 1000  -43.9  982.2    0.6  170.0   60.0  444.0
2018 265  9 22 1100  -43.1  982.6    2.6   91.0   60.0  444.0
2018 265  9 22 1200  -44.4  982.8    2.2  168.0   57.0  444.0
2018 265  9 22 1300  -44.4  982.2    1.8  152.0   57.0  444.0
2018 265  9 22 1400  -44.3  982.1    1.9   71.0  444.0  444.0
2018 265  9 22 1500  -41.8  982.1    2.4  101.0   59.0  444.0
2018 265  9 22 1600  -40.0  981.6    3.0  128.0   61.0  444.0
2018 265  9 22 1700  -45.1  981.4    2.9  156.0   57.0  444.0
2018 265  9 22 1800  -44.3  980.7    3.1  153.0   59.0  444.0
2018 265  9 22 1900  -43.9  980.9    2.9  114.0  444.0  444.0
2018 265  9 22 2000  -44.7  980.7    3.0  133.0   59.0  444.0
2018 265  9 22 2100  -44.2  980.4    3.2  122.0   60.0  444.0
2018 265  9 22 2200  -44.1  980.4    3.5  125.0   59.0  444.0
2018 265  9 22 2300  -43.3  979.9    4.0  123.0   60.0  444.0
2018 266  9 23 0000  -42.2  979.6    3.8  116.0   60.0  444.0
2018 266  9 23 0100  -41.8  979.3    3.9  109.0   61.0  444.0
2018 266  9 23 0200  -41.8  978.8    4.1  126.0  444.0  444.0
2018 266  9 23 0300  -41.8  978.4    5.7  133.0   61.0  444.0
2018 266  9 23 0400  -41.5  978.1    6.1  129.0   61.0  444.0
2018 266  9 23 0500  -41.8  978.1    6.2  124.0   61.0  444.0
2018 266  9 23 0600  -41.8  977.9    6.2  126.0   61.0  444.0
2018 266  9 23 0700  -41.6  977.8    5.5  123.0  444.0  444.0
2018 266  9 23 0800  -41.6  977.7    5.8  127.0   60.0  444.0
2018 266  9 23 0900  -42.1  977.3    5.9  136.0   60.0  444.0
2018 266  9 23 1000  -42.2  977.1    5.4  140.0   60.0  444.0
2018 266  9 23 1100  -42.0  977.1    4.8  138.0   60.0  444.0
2018 266  9 23 1200  -41.8  976.9    4.2  150.0  444.0  444.0
2018 266  9 23 1300  -41.3  976.4    4.6  163.0   61.0  444.0
2018 266  9 23 1400  -42.5  976.2    4.6  154.0   60.0  444.0
2018 266  9 23 1500  -42.1  976.0    5.8  151.0   60.0  444.0
2018 266  9 23 1600  -42.6  975.9    4.6  166.0   59.0  444.0
2018 266  9 23 1700  -42.5  976.1    2.6  172.0   59.0  444.0
2018 266  9 23 1800  -42.9  975.6    3.1  172.0   60.0  444.0
2018 266  9 23 1900  -43.3  975.5    2.9  175.0   61.0  444.0
2018 266  9 23 2000  -42.9  975.2    3.1  189.0   61.0  444.0
2018 266  9 23 2100  -42.4  974.8    3.7  178.0   62.0  444.0
2018 266  9 23 2200  -41.4  974.8    3.9  185.0   63.0  444.0
2018 266  9 23 2300  -41.9  974.7    4.7  186.0   64.0  444.0
2018 267  9 24 0000  -42.0  974.7    3.3  119.0  444.0  444.0
2018 267  9 24 0100  -42.3  974.3    4.6  180.0   62.0  444.0
2018 267  9 24 0200  -42.6  973.7    4.1  183.0   61.0  444.0
2018 267  9 24 0300  -43.0  973.6    3.9  183.0   60.0  444.0
2018 267  9 24 0400  -44.1  973.1    4.3  190.0   58.0  444.0
2018 267  9 24 0500  -44.7  972.9    4.3  190.0  444.0  444.0
2018 267  9 24 0600  -45.3  972.2    5.5  192.0   57.0  444.0
2018 267  9 24 0700  -45.4  972.2    5.3  190.0   57.0  444.0
2018 267  9 24 0800  -46.4  971.9    5.4  195.0   56.0  444.0
2018 267  9 24 0900  -46.7  971.9    4.5  197.0   55.0  444.0
2018 267  9 24 1000  -46.8  971.6    5.0  185.0   55.0  444.0
2018 267  9 24 1100  -47.1  971.3    5.2  200.0   55.0  444.0
2018 267  9 24 1200  -47.1  970.9    4.5  197.0   55.0  444.0
2018 267  9 24 1300  -46.8  970.5    3.6  194.0   55.0  444.0
2018 267  9 24 1400  -47.1  970.5    3.0  208.0   54.0  444.0
2018 267  9 24 1500  -47.3  970.1    2.4  213.0   54.0  444.0
2018 267  9 24 1600  -47.0  970.1    1.9  216.0   54.0  444.0
2018 267  9 24 1700  -46.9  969.7    2.6  218.0   55.0  444.0
2018 267  9 24 1800  -45.8  969.4    2.5  199.0   57.0  444.0
2018 267  9 24 1900  -45.1  969.4    0.6  245.0   60.0  444.0
2018 267  9 24 2000  -43.6  969.4    1.3  266.0   64.0  444.0
2018 267  9 24 2100  -43.0  969.3    2.6  259.0   63.0  444.0
2018 267  9 24 2200  -43.0  969.0    2.0  266.0   63.0  444.0
2018 267  9 24 2300  -43.5  968.9    2.1  267.0   60.0  444.0
2018 268  9 25 0000  -44.2  968.5    2.2  248.0   65.0  444.0
2018 268  9 25 0100  -43.4  968.2    2.6  250.0   62.0  444.0
2018 268  9 25 0200  -43.1  967.5    3.0  245.0   62.0  444.0
2018 268  9 25 0300  -42.6  967.4    3.2  240.0   62.0  444.0
2018 268  9 25 0400  -42.5  967.7    0.8  282.0   60.0  444.0
2018 268  9 25 0500  -41.9  967.9    1.8  272.0   60.0  444.0
2018 268  9 25 0600  -43.2  967.5    2.1  264.0   58.0  444.0
2018 268  9 25 0700  -43.9  967.5    1.6  275.0   58.0  444.0
2018 268  9 25 0800  -44.2  967.4    1.7  268.0   57.0  444.0
2018 268  9 25 0900  -45.0  967.4    2.1  263.0   57.0  444.0
2018 268  9 25 1000  -45.8  967.6    2.2  276.0   56.0  444.0
2018 268  9 25 1100  -46.2  967.7    2.5  274.0   56.0  444.0
2018 268  9 25 1200  -46.9  967.7    2.8  266.0   55.0  444.0
2018 268  9 25 1300  -47.3  967.8    2.9  268.0   54.0  444.0
2018 268  9 25 1400  -47.4  968.1    2.3  266.0   55.0  444.0
2018 268  9 25 1500  -47.4  968.0    2.7  278.0   54.0  444.0
2018 268  9 25 1600  -47.5  968.2    2.7  264.0   55.0  444.0
2018 268  9 25 1700  -47.2  968.6    2.2  281.0   55.0  444.0
2018 268  9 25 1800  -46.6  969.0    2.2  297.0   56.0  444.0
2018 268  9 25 1900  -46.3  969.1    2.6  288.0   55.0  444.0
2018 268  9 25 2000  -44.8  969.5    2.6  293.0   57.0  444.0
2018 268  9 25 2100  -43.3  970.0    1.8  290.0   60.0  444.0
2018 268  9 25 2200  -41.5  970.6    1.6  300.0   65.0  444.0
2018 268  9 25 2300  -40.1  971.0    1.9  307.0   64.0  444.0
2018 269  9 26 0000  -41.8  971.4    2.4  311.0   64.0  444.0
2018 269  9 26 0100  -41.1  971.8    2.1  318.0   60.0  444.0
2018 269  9 26 0200  -40.5  972.1    2.6  308.0   60.0  444.0
2018 269  9 26 0300  -42.3  972.8    2.7  320.0   59.0  444.0
2018 269  9 26 0400  -43.1  972.7    2.0  324.0   56.0  444.0
2018 269  9 26 0500  -45.2  972.9    2.8  307.0   55.0  444.0
2018 269  9 26 0600  -47.1  973.2    2.9  301.0   54.0  444.0
2018 269  9 26 0700  -47.9  973.9    2.1  325.0   54.0  444.0
2018 269  9 26 0800  -48.6  974.2    1.9  307.0   53.0  444.0
2018 269  9 26 0900  -49.1  974.5    0.4  328.0   52.0  444.0
2018 269  9 26 1000  -49.1  974.7    0.0    0.0   53.0  444.0
2018 269  9 26 1100  -48.5  974.7    0.2  293.0   53.0  444.0
2018 269  9 26 1200  -48.8  974.7    2.6   49.0   51.0  444.0
2018 269  9 26 1300  -49.3  974.4    1.1  156.0   52.0  444.0
2018 269  9 26 1400  -49.5  974.0    2.1  120.0   52.0  444.0
2018 269  9 26 1500  -48.3  973.8    2.3  119.0   55.0  444.0
2018 269  9 26 1600  -43.7  972.8    3.8  110.0   59.0  444.0
2018 269  9 26 1700  -42.1  972.2    4.9  107.0   60.0  444.0
2018 269  9 26 1800  -40.3  971.5    5.3  119.0   62.0  444.0
2018 269  9 26 1900  -38.3  970.2    6.6  127.0   64.0  444.0
2018 269  9 26 2000  -37.7  969.4    7.5  112.0   64.0  444.0
2018 269  9 26 2100  -37.1  967.9    8.4  132.0   65.0  444.0
2018 269  9 26 2200  -35.8  966.2    9.6  133.0   67.0  444.0
2018 269  9 26 2300  -33.7  964.9   10.5  125.0   69.0  444.0
2018 270  9 27 0000  -31.8  963.3   10.5  130.0   71.0  444.0
2018 270  9 27 0100  -30.6  961.0   12.0  135.0   72.0  444.0
2018 270  9 27 0200  -28.6  958.8   10.4  126.0   76.0  444.0
2018 270  9 27 0300  -24.6  956.4   10.7  119.0   78.0  444.0
2018 270  9 27 0400  -21.7  954.0   10.9  118.0   82.0  444.0
2018 270  9 27 0500  -19.6  952.3   10.4  105.0   84.0  444.0
2018 270  9 27 0600  -15.5  950.1   11.7   98.0   88.0  444.0
2018 270  9 27 0700  -13.7  948.3   10.2  101.0   89.0  444.0
2018 270  9 27 0800  -11.1  946.6   10.8   90.0   92.0  444.0
2018 270  9 27 0900  -10.1  944.7   12.1   86.0   93.0  444.0
2018 270  9 27 1000   -9.1  943.5    8.5   77.0   93.0  444.0
2018 270  9 27 1100   -7.5  942.0   10.5   54.0   95.0  444.0
2018 270  9 27 1200   -5.9  941.4   10.8   45.0   96.0  444.0
2018 270  9 27 1300   -4.8  940.7   12.2   33.0   97.0  444.0
2018 270  9 27 1400   -4.5  940.5   10.7   39.0   97.0  444.0
2018 270  9 27 1500   -4.3  940.6    9.8   37.0   97.0  444.0
2018 270  9 27 1600   -6.2  940.8   13.1   17.0   95.0  444.0
2018 270  9 27 1700   -8.1  941.9   11.0   18.0   94.0  444.0
2018 270  9 27 1800   -9.0  942.6   10.7   23.0   94.0  444.0
2018 270  9 27 1900  -10.6  943.5    9.7   18.0   93.0  444.0
2018 270  9 27 2000  -12.4  944.0   10.8    9.0   90.0  444.0
2018 270  9 27 2100  -14.7  944.4   11.7  359.0   88.0  444.0
2018 270  9 27 2200  -16.0  944.5   10.7  345.0   85.0  444.0
2018 270  9 27 2300  -18.3  943.9   10.5  333.0   82.0  444.0
2018 271  9 28 0000  -18.6  948.1    1.4   33.0   84.0  444.0
2018 271  9 28 0100  -19.9  949.1    4.1    9.0   82.0  444.0
2018 271  9 28 0200  -22.1  949.9    4.7    1.0   80.0  444.0
2018 271  9 28 0300  -23.2  950.0    6.5  357.0   78.0  444.0
2018 271  9 28 0400  -24.8  950.6    8.4    2.0   78.0  444.0
2018 271  9 28 0500  -25.2  951.3    8.2    4.0   80.0  444.0
2018 271  9 28 0600  -23.3  952.5    8.0    7.0   82.0  444.0
2018 271  9 28 0700  -22.0  953.4    7.7    4.0   83.0  444.0
2018 271  9 28 0800  -20.5  954.5    4.9   16.0   84.0  444.0
2018 271  9 28 0900  -21.0  955.1    4.9   39.0   84.0  444.0
2018 271  9 28 1000  -19.2  955.5    4.7   36.0   85.0  444.0
2018 271  9 28 1100  -19.0  955.7    4.4   11.0   85.0  444.0
2018 271  9 28 1200  -19.2  956.0    2.9    5.0   85.0  444.0
2018 271  9 28 1300  -19.6  956.4    1.7   47.0   85.0  444.0
2018 271  9 28 1400  -19.5  956.4    1.9  356.0   85.0  444.0
2018 271  9 28 1500  -19.8  956.3    1.2  302.0   84.0  444.0
2018 271  9 28 1600  -20.2  955.9    1.6  301.0   84.0  444.0
2018 271  9 28 1700  -20.6  955.8    1.1  301.0   83.0  444.0
2018 271  9 28 1800  -22.3  955.2    1.4  301.0   82.0  444.0
2018 271  9 28 1900  -23.0  954.9    3.1  236.0   80.0  444.0
2018 271  9 28 2000  -24.7  954.6    2.1  214.0   81.0  444.0
2018 271  9 28 2100  -22.9  953.9    2.2  250.0   78.0  444.0
2018 271  9 28 2200  -22.8  953.8    3.0  278.0   80.0  444.0
2018 271  9 28 2300  -21.9  954.0    3.1  261.0   80.0  444.0
2018 272  9 29 0000  -20.3  953.7    3.5  300.0   79.0  444.0
2018 272  9 29 0100  -22.4  954.1    2.2  278.0   80.0  444.0
2018 272  9 29 0200  -21.7  954.6    2.9  317.0   81.0  444.0
2018 272  9 29 0300  -20.8  954.8    3.9  328.0   82.0  444.0
2018 272  9 29 0400  -21.0  954.9    5.2  337.0   82.0  444.0
2018 272  9 29 0500  -21.4  954.9    3.3   40.0   82.0  444.0
2018 272  9 29 0600  -21.7  954.9    2.3   18.0   82.0  444.0
2018 272  9 29 0700  -23.1  954.6    2.9   66.0   82.0  444.0
2018 272  9 29 0800  -23.0  954.0    4.2   82.0   82.0  444.0
2018 272  9 29 0900  -21.8  953.3    5.3   80.0   83.0  444.0
2018 272  9 29 1000  -21.2  952.6    5.8   91.0   83.0  444.0
2018 272  9 29 1100  -21.0  951.6    7.2   99.0   84.0  444.0
2018 272  9 29 1200  -20.6  950.3    7.2  101.0   84.0  444.0
2018 272  9 29 1300  -20.2  949.4    7.5  103.0   84.0  444.0
2018 272  9 29 1400  -19.9  948.4    7.7   96.0   84.0  444.0
2018 272  9 29 1500  -19.3  947.8    8.6   80.0   85.0  444.0
2018 272  9 29 1600  -19.2  947.1    5.5   93.0   86.0  444.0
2018 272  9 29 1700  -18.4  946.7    5.5   90.0   84.0  444.0
2018 272  9 29 1800  -18.3  946.5    6.7   83.0   85.0  444.0
2018 272  9 29 1900  -18.1  946.5    6.4   76.0   84.0  444.0
2018 272  9 29 2000  -18.5  946.1    4.6   78.0   82.0  444.0
2018 272  9 29 2100  -18.6  945.9    4.2   65.0   81.0  444.0
2018 272  9 29 2200  -20.0  945.6    3.7   80.0   80.0  444.0
2018 272  9 29 2300  -21.5  946.7    1.0  360.0   78.0  444.0
2018 273  9 30 0000  -21.4  948.0    5.1  328.0   79.0  444.0
2018 273  9 30 0100  -21.4  949.5    7.9  326.0   81.0  444.0
2018 273  9 30 0200  -24.0  951.4   11.8  317.0   77.0  444.0
2018 273  9 30 0300  -25.1  953.6   13.0  320.0   78.0  444.0
2018 273  9 30 0400  -25.3  955.4   12.5  321.0   77.0  444.0
2018 273  9 30 0500  -27.1  957.6   12.3  325.0   77.0  444.0
2018 273  9 30 0600  -28.9  959.9   10.9  332.0   74.0  444.0
2018 273  9 30 0700  -29.5  961.5   10.3  332.0   75.0  444.0
2018 273  9 30 0800  -24.5  963.0   11.4  337.0   81.0  444.0
2018 273  9 30 0900  -23.1  965.2   11.1  333.0   81.0  444.0
2018 273  9 30 1000  -23.3  967.0    9.6  337.0   81.0  444.0
2018 273  9 30 1100  -23.0  968.5    9.0  344.0   81.0  444.0
2018 273  9 30 1200  -27.8  969.7    7.7  359.0   76.0  444.0
2018 273  9 30 1300  -28.2  970.6    7.2    5.0   76.0  444.0
2018 273  9 30 1400  -28.1  971.1    5.8   21.0   76.0  444.0
2018 273  9 30 1500  -27.4  971.7    6.1   33.0   78.0  444.0
2018 273  9 30 1600  -25.9  972.0    5.3   53.0   80.0  444.0
2018 273  9 30 1700  -24.1  972.1    5.4   37.0   81.0  444.0
2018 273  9 30 1800  -22.5  972.9    6.1   50.0   81.0  444.0
2018 273  9 30 1900  -21.9  973.4    6.6   65.0   82.0  444.0
2018 273  9 30 2000  -21.6  973.8    6.6   70.0   81.0  444.0
2018 273  9 30 2100  -21.7  973.5    7.2   84.0   81.0  444.0
2018 273  9 30 2200  -21.9  973.0   10.8   86.0   81.0  444.0
2018 273  9 30 2300  -22.6  972.4   12.3   89.0   80.0  444.0
