Year: 2021  Month: 07  ID: MGT  ARGOS:  8910  Name: Margaret            
Lat: 79.99S  Lon: 165.10W  Elev:   67m
2021 182  7  1 0000  -49.8  966.3  444.0  444.0   51.0  444.0
2021 182  7  1 0100  -49.5  966.0  444.0  444.0   52.0  444.0
2021 182  7  1 0200  -50.5  965.9  444.0  444.0   51.0  444.0
2021 182  7  1 0300  -51.7  965.3  444.0  444.0   50.0  444.0
2021 182  7  1 0400  -52.1  965.1  444.0  444.0   49.0  444.0
2021 182  7  1 0500  -52.5  964.5  444.0  444.0   49.0  444.0
2021 182  7  1 0600  -52.4  963.8  444.0  444.0   49.0  444.0
2021 182  7  1 0700  -52.2  963.4  444.0  444.0   49.0  444.0
2021 182  7  1 0800  -50.7  963.0  444.0  444.0   51.0  444.0
2021 182  7  1 0900  -50.6  962.5  444.0  444.0   51.0  444.0
2021 182  7  1 1000  -49.5  961.6  444.0  444.0   52.0  444.0
2021 182  7  1 1100  -45.9  961.2  444.0  444.0   56.0  444.0
2021 182  7  1 1200  -43.6  960.7  444.0  444.0   59.0  444.0
2021 182  7  1 1300  -39.2  960.2  444.0  444.0   62.0  444.0
2021 182  7  1 1400  -37.3  959.4  444.0  444.0   65.0  444.0
2021 182  7  1 1500  -38.0  959.0  444.0  444.0   64.0  444.0
2021 182  7  1 1600  -38.6  958.0  444.0  444.0   63.0  444.0
2021 182  7  1 1700  -39.4  957.3  444.0  444.0   62.0  444.0
2021 182  7  1 1800  -41.8  957.2  444.0  444.0   59.0  444.0
2021 182  7  1 1900  -44.1  957.4  444.0  444.0   57.0  444.0
2021 182  7  1 2000  -44.3  956.4  444.0  444.0   58.0  444.0
2021 182  7  1 2100  -42.4  956.5  444.0  444.0   60.0  444.0
2021 182  7  1 2200  -40.7  956.4  444.0  444.0   62.0  444.0
2021 182  7  1 2300  -38.9  955.4  444.0  444.0   63.0  444.0
2021 183  7  2 0000  -38.1  955.8  444.0  444.0   64.0  444.0
2021 183  7  2 0100  -37.3  955.5  444.0  444.0   65.0  444.0
2021 183  7  2 0200  -36.5  955.6  444.0  444.0   66.0  444.0
2021 183  7  2 0300  -35.2  955.3  444.0  444.0   68.0  444.0
2021 183  7  2 0400  -33.9  955.7  444.0  444.0   69.0  444.0
2021 183  7  2 0500  -33.0  955.7  444.0  444.0   70.0  444.0
2021 183  7  2 0600  -31.2  955.5  444.0  444.0   72.0  444.0
2021 183  7  2 0700  -29.9  955.8  444.0  444.0   73.0  444.0
2021 183  7  2 0800  -29.1  955.6  444.0  444.0   74.0  444.0
2021 183  7  2 0900  -28.5  956.4  444.0  444.0   75.0  444.0
2021 183  7  2 1000  -27.5  956.8  444.0  444.0   76.0  444.0
2021 183  7  2 1100  -27.1  956.9  444.0  444.0   77.0  444.0
2021 183  7  2 1200  -26.2  957.2  444.0  444.0   78.0  444.0
2021 183  7  2 1300  -27.4  958.0  444.0  444.0   76.0  444.0
2021 183  7  2 1400  -31.4  958.7  444.0  444.0   73.0  444.0
2021 183  7  2 1500  -31.9  959.0  444.0  444.0   71.0  444.0
2021 183  7  2 1600  -34.2  959.9  444.0  444.0   69.0  444.0
2021 183  7  2 1700  -35.1  960.2  444.0  444.0   68.0  444.0
2021 183  7  2 1800  -37.3  960.7  444.0  444.0   66.0  444.0
2021 183  7  2 1900  -38.0  961.3  444.0  444.0   65.0  444.0
2021 183  7  2 2000  -37.9  961.8  444.0  444.0   65.0  444.0
2021 183  7  2 2100  -32.8  962.3  444.0  444.0   70.0  444.0
2021 183  7  2 2200  -31.4  962.7  444.0  444.0   72.0  444.0
2021 183  7  2 2300  -35.2  963.7  444.0  444.0   68.0  444.0
2021 184  7  3 0000  -36.8  964.3  444.0  444.0   66.0  444.0
2021 184  7  3 0100  -37.2  964.7  444.0  444.0   66.0  444.0
2021 184  7  3 0200  -34.3  965.5  444.0  444.0   68.0  444.0
2021 184  7  3 0300  -30.1  966.1  444.0  444.0   72.0  444.0
2021 184  7  3 0400  -28.9  967.4  444.0  444.0   75.0  444.0
2021 184  7  3 0500  -29.0  968.2  444.0  444.0   74.0  444.0
2021 184  7  3 0600  -28.8  969.1  444.0  444.0   74.0  444.0
2021 184  7  3 0700  -29.8  970.2  444.0  444.0   73.0  444.0
2021 184  7  3 0800  -37.6  971.6  444.0  444.0   66.0  444.0
2021 184  7  3 0900  -37.3  972.1  444.0  444.0   66.0  444.0
2021 184  7  3 1000  -34.7  972.8  444.0  444.0   67.0  444.0
2021 184  7  3 1100  -37.6  973.9  444.0  444.0   65.0  444.0
2021 184  7  3 1200  -37.3  974.3  444.0  444.0   65.0  444.0
2021 184  7  3 1300  -38.5  975.3  444.0  444.0   64.0  444.0
2021 184  7  3 1400  -39.4  975.9  444.0  444.0   62.0  444.0
2021 184  7  3 1500  -41.2  976.5  444.0  444.0   60.0  444.0
2021 184  7  3 1600  -42.5  976.9  444.0  444.0   61.0  444.0
2021 184  7  3 1700  -42.9  977.5  444.0  444.0   59.0  444.0
2021 184  7  3 1800  -41.9  977.9  444.0  444.0   61.0  444.0
2021 184  7  3 1900  -42.8  978.1  444.0  444.0   59.0  444.0
2021 184  7  3 2000  -44.0  978.2  444.0  444.0   58.0  444.0
2021 184  7  3 2100  -45.0  978.2  444.0  444.0   57.0  444.0
2021 184  7  3 2200  -45.9  978.6  444.0  444.0   56.0  444.0
2021 184  7  3 2300  -46.6  978.4  444.0  444.0   55.0  444.0
2021 185  7  4 0000  -46.6  978.3  444.0  444.0   55.0  444.0
2021 185  7  4 0100  -46.3  978.3  444.0  444.0   57.0  444.0
2021 185  7  4 0200  -43.2  978.0  444.0  444.0  444.0  444.0
2021 185  7  4 0300  -41.8  977.6  444.0  444.0   60.0  444.0
2021 185  7  4 0400  -42.8  977.4  444.0  444.0   59.0  444.0
2021 185  7  4 0500  -44.6  977.2  444.0  444.0   57.0  444.0
2021 185  7  4 0600  -45.0  977.2  444.0  444.0   57.0  444.0
2021 185  7  4 0700  -44.4  976.7  444.0  444.0   57.0  444.0
2021 185  7  4 0800  -45.1  976.4  444.0  444.0   57.0  444.0
2021 185  7  4 0900  -45.7  976.1  444.0  444.0   56.0  444.0
2021 185  7  4 1000  -45.8  975.9  444.0  444.0   56.0  444.0
2021 185  7  4 1100  -46.0  975.8  444.0  444.0   56.0  444.0
2021 185  7  4 1200  -44.5  975.6  444.0  444.0   57.0  444.0
2021 185  7  4 1300  -45.1  975.5  444.0  444.0   57.0  444.0
2021 185  7  4 1400  -45.4  975.2  444.0  444.0   57.0  444.0
2021 185  7  4 1500  -45.7  975.0  444.0  444.0   56.0  444.0
2021 185  7  4 1600  -46.6  974.8  444.0  444.0   55.0  444.0
2021 185  7  4 1700  -47.2  974.5  444.0  444.0   54.0  444.0
2021 185  7  4 1800  -47.6  974.4  444.0  444.0   54.0  444.0
2021 185  7  4 1900  -48.0  974.4  444.0  444.0   53.0  444.0
2021 185  7  4 2000  -47.0  973.9  444.0  444.0   55.0  444.0
2021 185  7  4 2100  -47.7  974.1  444.0  444.0   54.0  444.0
2021 185  7  4 2200  -47.3  974.0  444.0  444.0   54.0  444.0
2021 185  7  4 2300  -47.6  974.0  444.0  444.0   53.0  444.0
2021 186  7  5 0000  -48.2  973.8  444.0  444.0   53.0  444.0
2021 186  7  5 0100  -46.0  973.6  444.0  444.0   56.0  444.0
2021 186  7  5 0200  -45.6  973.9  444.0  444.0   55.0  444.0
2021 186  7  5 0300  -45.7  973.9  444.0  444.0   55.0  444.0
2021 186  7  5 0400  -45.6  974.1  444.0  444.0   56.0  444.0
2021 186  7  5 0500  -44.9  973.8  444.0  444.0   56.0  444.0
2021 186  7  5 0600  -44.0  974.3  444.0  444.0   57.0  444.0
2021 186  7  5 0700  -44.3  974.5  444.0  444.0   57.0  444.0
2021 186  7  5 0800  -43.0  974.5  444.0  444.0   60.0  444.0
2021 186  7  5 0900  -40.6  974.5  444.0  444.0   63.0  444.0
2021 186  7  5 1000  -37.2  974.6  444.0  444.0   66.0  444.0
2021 186  7  5 1100  -36.3  974.8  444.0  444.0   65.0  444.0
2021 186  7  5 1200  -36.1  975.1  444.0  444.0   67.0  444.0
2021 186  7  5 1300  -35.5  975.0  444.0  444.0   67.0  444.0
2021 186  7  5 1400  -34.6  975.0  444.0  444.0   68.0  444.0
2021 186  7  5 1500  -33.8  974.9  444.0  444.0   69.0  444.0
2021 186  7  5 1600  -32.8  974.8  444.0  444.0   71.0  444.0
2021 186  7  5 1700  -31.7  974.7  444.0  444.0   72.0  444.0
2021 186  7  5 1800  -31.1  974.7  444.0  444.0   72.0  444.0
2021 186  7  5 1900  -31.0  974.6  444.0  444.0   72.0  444.0
2021 186  7  5 2000  -30.7  974.5  444.0  444.0   73.0  444.0
2021 186  7  5 2100  -30.0  974.3  444.0  444.0   73.0  444.0
2021 186  7  5 2200  -29.9  974.6  444.0  444.0   74.0  444.0
2021 186  7  5 2300  -30.1  974.7  444.0  444.0   73.0  444.0
2021 187  7  6 0000  -30.2  974.6  444.0  444.0   73.0  444.0
2021 187  7  6 0100  -30.1  974.3  444.0  444.0   73.0  444.0
2021 187  7  6 0200  -30.6  974.2  444.0  444.0   72.0  444.0
2021 187  7  6 0300  -31.2  973.9  444.0  444.0   72.0  444.0
2021 187  7  6 0400  -31.5  973.3  444.0  444.0   71.0  444.0
2021 187  7  6 0500  -31.8  973.1  444.0  444.0   71.0  444.0
2021 187  7  6 0600  -32.1  972.8  444.0  444.0   71.0  444.0
2021 187  7  6 0700  -32.7  972.0  444.0  444.0   71.0  444.0
2021 187  7  6 0800  -35.0  971.4  444.0  444.0   68.0  444.0
2021 187  7  6 0900  -38.3  970.9  444.0  444.0   64.0  444.0
2021 187  7  6 1000  -40.8  970.4  444.0  444.0   62.0  444.0
2021 187  7  6 1100  -42.4  970.0  444.0  444.0   61.0  444.0
2021 187  7  6 1200  -43.1  969.6  444.0  444.0   60.0  444.0
2021 187  7  6 1300  -43.6  969.6  444.0  444.0   59.0  444.0
2021 187  7  6 1400  -43.6  969.6  444.0  444.0   59.0  444.0
2021 187  7  6 1500  -43.2  969.7  444.0  444.0   60.0  444.0
2021 187  7  6 1600  -42.1  970.4  444.0  444.0   61.0  444.0
2021 187  7  6 1700  -39.4  971.3  444.0  444.0   63.0  444.0
2021 187  7  6 1800  -36.1  972.2  444.0  444.0   67.0  444.0
2021 187  7  6 1900  -33.5  973.1  444.0  444.0   69.0  444.0
2021 187  7  6 2000  -34.4  974.1  444.0  444.0   68.0  444.0
2021 187  7  6 2100  -29.2  975.0  444.0  444.0   73.0  444.0
2021 187  7  6 2200  -31.0  976.2  444.0  444.0   72.0  444.0
2021 187  7  6 2300  -32.6  977.1  444.0  444.0   70.0  444.0
2021 188  7  7 0000  -36.1  978.1  444.0  444.0   67.0  444.0
2021 188  7  7 0100  -37.7  978.9  444.0  444.0   65.0  444.0
2021 188  7  7 0200  -39.4  979.5  444.0  444.0   63.0  444.0
2021 188  7  7 0300  -39.4  979.5  444.0  444.0   63.0  444.0
2021 188  7  7 0400  -39.5  980.3  444.0  444.0   63.0  444.0
2021 188  7  7 0500  -42.0  980.7  444.0  444.0   60.0  444.0
2021 188  7  7 0600  -42.2  980.9  444.0  444.0   61.0  444.0
2021 188  7  7 0700  -41.8  980.8  444.0  444.0   60.0  444.0
2021 188  7  7 0800  -42.1  980.7  444.0  444.0   60.0  444.0
2021 188  7  7 0900  -42.5  980.7  444.0  444.0   60.0  444.0
2021 188  7  7 1000  -38.9  980.5  444.0  444.0   64.0  444.0
2021 188  7  7 1100  -35.0  980.0  444.0  444.0   69.0  444.0
2021 188  7  7 1200  -35.6  979.6  444.0  444.0   67.0  444.0
2021 188  7  7 1300  -37.2  978.7  444.0  444.0   66.0  444.0
2021 188  7  7 1400  -38.1  977.8  444.0  444.0   65.0  444.0
2021 188  7  7 1500  -40.1  977.6  444.0  444.0   62.0  444.0
2021 188  7  7 1600  -42.0  977.3  444.0  444.0   60.0  444.0
2021 188  7  7 1700  -42.3  976.2  444.0  444.0   60.0  444.0
2021 188  7  7 1800  -44.4  975.6  444.0  444.0   58.0  444.0
2021 188  7  7 1900  -45.2  975.5  444.0  444.0   57.0  444.0
2021 188  7  7 2000  -46.2  975.1  444.0  444.0   56.0  444.0
2021 188  7  7 2100  -47.0  975.4  444.0  444.0   56.0  444.0
2021 188  7  7 2200  -47.0  975.2  444.0  444.0   54.0  444.0
2021 188  7  7 2300  -48.5  975.9  444.0  444.0   54.0  444.0
2021 189  7  8 0000  -47.3  975.7  444.0  444.0   55.0  444.0
2021 189  7  8 0100  -47.5  975.3  444.0  444.0   55.0  444.0
2021 189  7  8 0200  -47.4  975.4  444.0  444.0   55.0  444.0
2021 189  7  8 0300  -47.5  975.2  444.0  444.0   54.0  444.0
2021 189  7  8 0400  -47.8  974.9  444.0  444.0   54.0  444.0
2021 189  7  8 0500  -48.1  974.6  444.0  444.0   53.0  444.0
2021 189  7  8 0600  -48.7  974.2  444.0  444.0   53.0  444.0
2021 189  7  8 0700  -48.8  973.5  444.0  444.0   53.0  444.0
2021 189  7  8 0800  -48.0  972.7  444.0  444.0   54.0  444.0
2021 189  7  8 0900  -47.6  971.7  444.0  444.0   54.0  444.0
2021 189  7  8 1000  -47.9  970.7  444.0  444.0   53.0  444.0
2021 189  7  8 1100  -47.9  969.9  444.0  444.0   54.0  444.0
2021 189  7  8 1200  -46.6  968.8  444.0  444.0   55.0  444.0
2021 189  7  8 1300  -47.1  967.7  444.0  444.0   54.0  444.0
2021 189  7  8 1400  -47.2  967.0  444.0  444.0   54.0  444.0
2021 189  7  8 1500  -46.9  966.5  444.0  444.0   55.0  444.0
2021 189  7  8 1600  -45.1  965.0  444.0  444.0   57.0  444.0
2021 189  7  8 1700  -43.5  964.9  444.0  444.0   58.0  444.0
2021 189  7  8 1800  -42.7  964.7  444.0  444.0   59.0  444.0
2021 189  7  8 1900  -43.0  964.5  444.0  444.0   59.0  444.0
2021 189  7  8 2000  -43.2  964.1  444.0  444.0   58.0  444.0
2021 189  7  8 2100  -42.9  965.0  444.0  444.0   59.0  444.0
2021 189  7  8 2200  -42.4  965.2  444.0  444.0   60.0  444.0
2021 189  7  8 2300  -41.5  965.3  444.0  444.0   60.0  444.0
2021 190  7  9 0000  -41.0  966.2  444.0  444.0   61.0  444.0
2021 190  7  9 0100  -40.1  966.7  444.0  444.0   62.0  444.0
2021 190  7  9 0200  -40.7  967.5  444.0  444.0   61.0  444.0
2021 190  7  9 0300  -41.1  967.9  444.0  444.0   61.0  444.0
2021 190  7  9 0400  -41.1  969.2  444.0  444.0   61.0  444.0
2021 190  7  9 0500  -41.1  970.3  444.0  444.0   61.0  444.0
2021 190  7  9 0600  -41.9  971.3  444.0  444.0   60.0  444.0
2021 190  7  9 0700  -41.9  971.9  444.0  444.0   60.0  444.0
2021 190  7  9 0800  -42.3  973.3  444.0  444.0   59.0  444.0
2021 190  7  9 0900  -42.4  974.9  444.0  444.0   60.0  444.0
2021 190  7  9 1000  -42.3  975.7  444.0  444.0   59.0  444.0
2021 190  7  9 1100  -42.6  977.5  444.0  444.0   58.0  444.0
2021 190  7  9 1200  -43.2  978.4  444.0  444.0   58.0  444.0
2021 190  7  9 1300  -42.8  979.4  444.0  444.0   59.0  444.0
2021 190  7  9 1400  -43.1  979.5  444.0  444.0   59.0  444.0
2021 190  7  9 1500  -43.0  979.8  444.0  444.0   59.0  444.0
2021 190  7  9 1600  -42.9  981.1  444.0  444.0   59.0  444.0
2021 190  7  9 1700  -41.3  982.2  444.0  444.0   61.0  444.0
2021 190  7  9 1800  -39.8  982.9  444.0  444.0   63.0  444.0
2021 190  7  9 1900  -38.6  983.6  444.0  444.0   64.0  444.0
2021 190  7  9 2000  -38.8  983.2  444.0  444.0   64.0  444.0
2021 190  7  9 2100  -38.5  983.1  444.0  444.0   64.0  444.0
2021 190  7  9 2200  -38.4  983.8  444.0  444.0   64.0  444.0
2021 190  7  9 2300  -38.0  983.5  444.0  444.0   65.0  444.0
2021 191  7 10 0000  -37.1  983.8  444.0  444.0   65.0  444.0
2021 191  7 10 0100  -37.3  983.3  444.0  444.0   65.0  444.0
2021 191  7 10 0200  -37.2  983.7  444.0  444.0   65.0  444.0
2021 191  7 10 0300  -36.7  983.5  444.0  444.0   66.0  444.0
2021 191  7 10 0400  -36.8  983.8  444.0  444.0   65.0  444.0
2021 191  7 10 0500  -37.2  983.4  444.0  444.0   65.0  444.0
2021 191  7 10 0600  -37.5  983.4  444.0  444.0   65.0  444.0
2021 191  7 10 0700  -38.1  983.4  444.0  444.0   65.0  444.0
2021 191  7 10 0800  -38.5  983.9  444.0  444.0   64.0  444.0
2021 191  7 10 0900  -38.9  983.5  444.0  444.0   63.0  444.0
2021 191  7 10 1000  -39.6  983.5  444.0  444.0   62.0  444.0
2021 191  7 10 1100  -40.3  983.7  444.0  444.0   62.0  444.0
2021 191  7 10 1200  -40.2  983.6  444.0  444.0   62.0  444.0
2021 191  7 10 1300  -39.6  983.6  444.0  444.0   63.0  444.0
2021 191  7 10 1400  -39.3  983.0  444.0  444.0   63.0  444.0
2021 191  7 10 1500  -39.5  983.6  444.0  444.0   63.0  444.0
2021 191  7 10 1600  -40.3  983.9  444.0  444.0   62.0  444.0
2021 191  7 10 1700  -40.9  983.3  444.0  444.0   62.0  444.0
2021 191  7 10 1800  -41.0  983.2  444.0  444.0   61.0  444.0
2021 191  7 10 1900  -40.6  984.2  444.0  444.0   62.0  444.0
2021 191  7 10 2000  -39.8  984.5  444.0  444.0   63.0  444.0
2021 191  7 10 2100  -39.5  984.5  444.0  444.0   63.0  444.0
2021 191  7 10 2200  -39.7  984.3  444.0  444.0   63.0  444.0
2021 191  7 10 2300  -38.8  984.4  444.0  444.0   63.0  444.0
2021 192  7 11 0000  -36.6  984.5  444.0  444.0   66.0  444.0
2021 192  7 11 0100  -33.6  984.6  444.0  444.0   68.0  444.0
2021 192  7 11 0200  -34.4  984.9  444.0  444.0   67.0  444.0
2021 192  7 11 0300  -34.1  985.1  444.0  444.0   68.0  444.0
2021 192  7 11 0400  -32.6  985.1  444.0  444.0   73.0  444.0
2021 192  7 11 0500  -29.5  985.3  444.0  444.0   73.0  444.0
2021 192  7 11 0600  -29.2  985.7  444.0  444.0   74.0  444.0
2021 192  7 11 0700  -29.2  985.7  444.0  444.0   74.0  444.0
2021 192  7 11 0800  -29.0  985.8  444.0  444.0   75.0  444.0
2021 192  7 11 0900  -29.0  985.6  444.0  444.0   73.0  444.0
2021 192  7 11 1000  -31.4  985.9  444.0  444.0   71.0  444.0
2021 192  7 11 1100  -30.8  985.8  444.0  444.0   73.0  444.0
2021 192  7 11 1200  -29.0  986.3  444.0  444.0   74.0  444.0
2021 192  7 11 1300  -29.0  985.8  444.0  444.0   74.0  444.0
2021 192  7 11 1400  -29.3  985.7  444.0  444.0   74.0  444.0
2021 192  7 11 1500  -31.9  985.6  444.0  444.0   71.0  444.0
2021 192  7 11 1600  -34.5  985.4  444.0  444.0   69.0  444.0
2021 192  7 11 1700  -35.3  985.2  444.0  444.0   68.0  444.0
2021 192  7 11 1800  -33.3  985.1  444.0  444.0   70.0  444.0
2021 192  7 11 1900  -30.2  985.1  444.0  444.0   73.0  444.0
2021 192  7 11 2000  -27.6  984.9  444.0  444.0   76.0  444.0
2021 192  7 11 2100  -25.8  984.7  444.0  444.0   78.0  444.0
2021 192  7 11 2200  -24.4  984.6  444.0  444.0   78.0  444.0
2021 192  7 11 2300  -22.9  984.3  444.0  444.0   81.0  444.0
2021 193  7 12 0000  -21.5  983.8  444.0  444.0   82.0  444.0
2021 193  7 12 0100  -20.9  983.5  444.0  444.0   82.0  444.0
2021 193  7 12 0200  -20.5  983.5  444.0  444.0   83.0  444.0
2021 193  7 12 0300  -19.9  983.3  444.0  444.0   84.0  444.0
2021 193  7 12 0400  -19.1  983.5  444.0  444.0   84.0  444.0
2021 193  7 12 0500  -18.4  983.4  444.0  444.0   84.0  444.0
2021 193  7 12 0600  -17.9  983.3  444.0  444.0   85.0  444.0
2021 193  7 12 0700  -17.9  983.1  444.0  444.0   85.0  444.0
2021 193  7 12 0800  -19.5  983.3  444.0  444.0   84.0  444.0
2021 193  7 12 0900  -19.2  983.2  444.0  444.0   84.0  444.0
2021 193  7 12 1000  -19.5  983.4  444.0  444.0   84.0  444.0
2021 193  7 12 1100  -20.4  983.5  444.0  444.0   83.0  444.0
2021 193  7 12 1200  -19.9  983.4  444.0  444.0   83.0  444.0
2021 193  7 12 1300  -21.7  983.4  444.0  444.0   82.0  444.0
2021 193  7 12 1400  -21.5  983.1  444.0  444.0   82.0  444.0
2021 193  7 12 1500  -23.8  983.2  444.0  444.0   80.0  444.0
2021 193  7 12 1600  -27.1  983.3  444.0  444.0   77.0  444.0
2021 193  7 12 1700  -27.6  983.5  444.0  444.0   76.0  444.0
2021 193  7 12 1800  -27.3  983.6  444.0  444.0   76.0  444.0
2021 193  7 12 1900  -28.6  983.9  444.0  444.0   75.0  444.0
2021 193  7 12 2000  -30.3  984.1  444.0  444.0   73.0  444.0
2021 193  7 12 2100  -29.4  984.0  444.0  444.0   74.0  444.0
2021 193  7 12 2200  -30.0  983.8  444.0  444.0   74.0  444.0
2021 193  7 12 2300  -31.0  983.8  444.0  444.0   72.0  444.0
2021 194  7 13 0000  -31.0  983.8  444.0  444.0   72.0  444.0
2021 194  7 13 0100  -32.8  983.7  444.0  444.0   70.0  444.0
2021 194  7 13 0200  -32.6  983.5  444.0  444.0   71.0  444.0
2021 194  7 13 0300  -31.4  983.2  444.0  444.0   72.0  444.0
2021 194  7 13 0400  -31.4  983.1  444.0  444.0   72.0  444.0
2021 194  7 13 0500  -32.5  983.1  444.0  444.0   71.0  444.0
2021 194  7 13 0600  -34.3  983.1  444.0  444.0   68.0  444.0
2021 194  7 13 0700  -36.1  982.8  444.0  444.0   67.0  444.0
2021 194  7 13 0800  -35.8  982.6  444.0  444.0   67.0  444.0
2021 194  7 13 0900  -36.2  982.7  444.0  444.0   67.0  444.0
2021 194  7 13 1000  -36.2  982.2  444.0  444.0   66.0  444.0
2021 194  7 13 1100  -36.2  982.0  444.0  444.0   67.0  444.0
2021 194  7 13 1200  -36.8  981.9  444.0  444.0   66.0  444.0
2021 194  7 13 1300  -38.0  981.4  444.0  444.0   65.0  444.0
2021 194  7 13 1400  -37.9  980.9  444.0  444.0   65.0  444.0
2021 194  7 13 1500  -38.5  980.2  444.0  444.0   64.0  444.0
2021 194  7 13 1600  -38.4  979.7  444.0  444.0   65.0  444.0
2021 194  7 13 1700  -38.8  979.4  444.0  444.0   64.0  444.0
2021 194  7 13 1800  -38.5  979.1  444.0  444.0   64.0  444.0
2021 194  7 13 1900  -38.6  978.7  444.0  444.0   64.0  444.0
2021 194  7 13 2000  -38.1  978.3  444.0  444.0   64.0  444.0
2021 194  7 13 2100  -38.8  977.6  444.0  444.0   64.0  444.0
2021 194  7 13 2200  -38.2  977.0  444.0  444.0   64.0  444.0
2021 194  7 13 2300  -38.5  976.6  444.0  444.0   64.0  444.0
2021 195  7 14 0000  -39.1  976.1  444.0  444.0   64.0  444.0
2021 195  7 14 0100  -39.7  975.5  444.0  444.0   63.0  444.0
2021 195  7 14 0200  -39.7  974.4  444.0  444.0   63.0  444.0
2021 195  7 14 0300  -39.7  974.1  444.0  444.0   63.0  444.0
2021 195  7 14 0400  -40.1  972.9  444.0  444.0   62.0  444.0
2021 195  7 14 0500  -40.3  972.3  444.0  444.0   62.0  444.0
2021 195  7 14 0600  -40.1  972.2  444.0  444.0   62.0  444.0
2021 195  7 14 0700  -39.8  971.5  444.0  444.0   63.0  444.0
2021 195  7 14 0800  -39.5  971.1  444.0  444.0   63.0  444.0
2021 195  7 14 0900  -38.3  971.1  444.0  444.0   64.0  444.0
2021 195  7 14 1000  -37.8  970.8  444.0  444.0   65.0  444.0
2021 195  7 14 1100  -36.3  970.3  444.0  444.0   66.0  444.0
2021 195  7 14 1200  -35.3  970.3  444.0  444.0   68.0  444.0
2021 195  7 14 1300  -34.7  970.6  444.0  444.0   68.0  444.0
2021 195  7 14 1400  -34.4  970.7  444.0  444.0   69.0  444.0
2021 195  7 14 1500  -34.1  971.2  444.0  444.0   69.0  444.0
2021 195  7 14 1600  -33.4  971.4  444.0  444.0   69.0  444.0
2021 195  7 14 1700  -33.0  971.6  444.0  444.0   70.0  444.0
2021 195  7 14 1800  -32.4  971.7  444.0  444.0   71.0  444.0
2021 195  7 14 1900  -31.5  971.9  444.0  444.0   71.0  444.0
2021 195  7 14 2000  -30.9  972.3  444.0  444.0   72.0  444.0
2021 195  7 14 2100  -30.2  972.5  444.0  444.0   73.0  444.0
2021 195  7 14 2200  -29.9  972.4  444.0  444.0   73.0  444.0
2021 195  7 14 2300  -29.6  972.7  444.0  444.0   74.0  444.0
2021 196  7 15 0000  -29.5  973.0  444.0  444.0   74.0  444.0
2021 196  7 15 0100  -29.5  973.3  444.0  444.0   74.0  444.0
2021 196  7 15 0200  -29.6  973.4  444.0  444.0   74.0  444.0
2021 196  7 15 0300  -29.8  973.7  444.0  444.0   73.0  444.0
2021 196  7 15 0400  -31.0  973.8  444.0  444.0   72.0  444.0
2021 196  7 15 0500  -33.2  973.7  444.0  444.0   70.0  444.0
2021 196  7 15 0600  -33.5  974.7  444.0  444.0   70.0  444.0
2021 196  7 15 0700  -33.7  975.0  444.0  444.0   69.0  444.0
2021 196  7 15 0800  -33.6  975.3  444.0  444.0   69.0  444.0
2021 196  7 15 0900  -35.4  975.8  444.0  444.0   67.0  444.0
2021 196  7 15 1000  -37.3  976.0  444.0  444.0   65.0  444.0
2021 196  7 15 1100  -39.0  975.9  444.0  444.0   64.0  444.0
2021 196  7 15 1200  -39.0  976.4  444.0  444.0   64.0  444.0
2021 196  7 15 1300  -38.4  976.4  444.0  444.0   66.0  444.0
2021 196  7 15 1400  -35.8  977.1  444.0  444.0   66.0  444.0
2021 196  7 15 1500  -34.7  977.1  444.0  444.0   68.0  444.0
2021 196  7 15 1600  -31.9  977.2  444.0  444.0   71.0  444.0
2021 196  7 15 1700  -30.5  977.7  444.0  444.0   72.0  444.0
2021 196  7 15 1800  -29.8  978.4  444.0  444.0   74.0  444.0
2021 196  7 15 1900  -29.1  978.7  444.0  444.0   74.0  444.0
2021 196  7 15 2000  -28.3  979.1  444.0  444.0   75.0  444.0
2021 196  7 15 2100  -27.9  979.1  444.0  444.0   76.0  444.0
2021 196  7 15 2200  -27.0  979.3  444.0  444.0   77.0  444.0
2021 196  7 15 2300  -25.4  979.5  444.0  444.0   78.0  444.0
2021 197  7 16 0000  -24.0  979.7  444.0  444.0   79.0  444.0
2021 197  7 16 0100  -23.9  979.8  444.0  444.0   79.0  444.0
2021 197  7 16 0200  -23.8  979.9  444.0  444.0   80.0  444.0
2021 197  7 16 0300  -25.0  980.0  444.0  444.0   78.0  444.0
2021 197  7 16 0400  -25.5  980.3  444.0  444.0   78.0  444.0
2021 197  7 16 0500  -25.4  980.3  444.0  444.0   77.0  444.0
2021 197  7 16 0600  -26.8  980.5  444.0  444.0   76.0  444.0
2021 197  7 16 0700  -26.0  980.5  444.0  444.0   78.0  444.0
2021 197  7 16 0800  -25.2  980.7  444.0  444.0   78.0  444.0
2021 197  7 16 0900  -23.1  980.4  444.0  444.0   80.0  444.0
2021 197  7 16 1000  -21.9  980.3  444.0  444.0   82.0  444.0
2021 197  7 16 1100  -21.3  980.4  444.0  444.0   82.0  444.0
2021 197  7 16 1200  -21.3  980.3  444.0  444.0   82.0  444.0
2021 197  7 16 1300  -21.3  980.1  444.0  444.0   82.0  444.0
2021 197  7 16 1400  -21.3  980.2  444.0  444.0   82.0  444.0
2021 197  7 16 1500  -21.3  980.1  444.0  444.0   82.0  444.0
2021 197  7 16 1600  -21.2  980.0  444.0  444.0   82.0  444.0
2021 197  7 16 1700  -21.2  980.0  444.0  444.0   82.0  444.0
2021 197  7 16 1800  -21.2  980.1  444.0  444.0   82.0  444.0
2021 197  7 16 1900  -21.3  980.1  444.0  444.0   82.0  444.0
2021 197  7 16 2000  -21.2  980.2  444.0  444.0   82.0  444.0
2021 197  7 16 2100  -21.1  980.5  444.0  444.0   82.0  444.0
2021 197  7 16 2200  -21.1  980.3  444.0  444.0   82.0  444.0
2021 197  7 16 2300  -21.3  980.1  444.0  444.0   82.0  444.0
2021 198  7 17 0000  -21.4  980.3  444.0  444.0   82.0  444.0
2021 198  7 17 0100  -21.5  980.1  444.0  444.0   82.0  444.0
2021 198  7 17 0200  -21.5  980.4  444.0  444.0   82.0  444.0
2021 198  7 17 0300  -21.2  980.2  444.0  444.0   82.0  444.0
2021 198  7 17 0400  -21.1  980.1  444.0  444.0   82.0  444.0
2021 198  7 17 0500  -21.0  980.0  444.0  444.0   82.0  444.0
2021 198  7 17 0600  -21.3  980.3  444.0  444.0   82.0  444.0
2021 198  7 17 0700  -21.4  980.2  444.0  444.0   82.0  444.0
2021 198  7 17 0800  -21.1  980.1  444.0  444.0   82.0  444.0
2021 198  7 17 0900  -20.9  979.7  444.0  444.0   83.0  444.0
2021 198  7 17 1000  -21.0  979.6  444.0  444.0   82.0  444.0
2021 198  7 17 1100  -21.8  979.4  444.0  444.0   82.0  444.0
2021 198  7 17 1200  -21.9  979.1  444.0  444.0   81.0  444.0
2021 198  7 17 1300  -22.0  979.0  444.0  444.0   82.0  444.0
2021 198  7 17 1400  -22.4  978.7  444.0  444.0   81.0  444.0
2021 198  7 17 1500  -22.5  978.5  444.0  444.0   81.0  444.0
2021 198  7 17 1600  -22.7  978.4  444.0  444.0   81.0  444.0
2021 198  7 17 1700  -23.1  978.4  444.0  444.0   80.0  444.0
2021 198  7 17 1800  -24.9  978.3  444.0  444.0   78.0  444.0
2021 198  7 17 1900  -27.3  978.0  444.0  444.0   77.0  444.0
2021 198  7 17 2000  -28.8  978.0  444.0  444.0   75.0  444.0
2021 198  7 17 2100  -28.9  977.8  444.0  444.0   75.0  444.0
2021 198  7 17 2200  -30.0  977.7  444.0  444.0   73.0  444.0
2021 198  7 17 2300  -32.0  977.0  444.0  444.0   71.0  444.0
2021 199  7 18 0000  -30.8  976.8  444.0  444.0   72.0  444.0
2021 199  7 18 0100  -30.6  976.2  444.0  444.0   72.0  444.0
2021 199  7 18 0200  -32.1  975.8  444.0  444.0   71.0  444.0
2021 199  7 18 0300  -32.0  975.5  444.0  444.0   72.0  444.0
2021 199  7 18 0400  -31.0  975.0  444.0  444.0   73.0  444.0
2021 199  7 18 0500  -31.2  974.8  444.0  444.0   72.0  444.0
2021 199  7 18 0600  -32.2  974.7  444.0  444.0   71.0  444.0
2021 199  7 18 0700  -33.0  974.2  444.0  444.0   70.0  444.0
2021 199  7 18 0800  -33.2  973.7  444.0  444.0   70.0  444.0
2021 199  7 18 0900  -33.4  973.4  444.0  444.0   70.0  444.0
2021 199  7 18 1000  -33.2  972.9  444.0  444.0   70.0  444.0
2021 199  7 18 1100  -34.5  972.3  444.0  444.0   69.0  444.0
2021 199  7 18 1200  -35.7  971.7  444.0  444.0   68.0  444.0
2021 199  7 18 1300  -35.8  971.1  444.0  444.0   67.0  444.0
2021 199  7 18 1400  -35.5  970.5  444.0  444.0   68.0  444.0
2021 199  7 18 1500  -35.1  970.3  444.0  444.0   68.0  444.0
2021 199  7 18 1600  -35.4  970.2  444.0  444.0   68.0  444.0
2021 199  7 18 1700  -34.5  969.6  444.0  444.0   69.0  444.0
2021 199  7 18 1800  -34.8  969.5  444.0  444.0   68.0  444.0
2021 199  7 18 1900  -34.8  969.5  444.0  444.0   68.0  444.0
2021 199  7 18 2000  -35.3  969.4  444.0  444.0   68.0  444.0
2021 199  7 18 2100  -35.9  968.7  444.0  444.0   67.0  444.0
2021 199  7 18 2200  -36.4  968.5  444.0  444.0   66.0  444.0
2021 199  7 18 2300  -36.4  969.1  444.0  444.0   67.0  444.0
2021 200  7 19 0000  -37.0  969.1  444.0  444.0   66.0  444.0
2021 200  7 19 0100  -36.4  968.9  444.0  444.0   67.0  444.0
2021 200  7 19 0200  -36.2  968.9  444.0  444.0   67.0  444.0
2021 200  7 19 0300  -36.4  968.6  444.0  444.0   67.0  444.0
2021 200  7 19 0400  -36.2  969.2  444.0  444.0   67.0  444.0
2021 200  7 19 0500  -36.3  969.2  444.0  444.0   66.0  444.0
2021 200  7 19 0600  -36.2  969.4  444.0  444.0   67.0  444.0
2021 200  7 19 0700  -37.0  970.0  444.0  444.0   65.0  444.0
2021 200  7 19 0800  -38.2  970.1  444.0  444.0   65.0  444.0
2021 200  7 19 0900  -37.8  969.6  444.0  444.0   65.0  444.0
2021 200  7 19 1000  -37.2  971.6  444.0  444.0   66.0  444.0
2021 200  7 19 1100  -36.7  971.4  444.0  444.0   66.0  444.0
2021 200  7 19 1200  -36.5  971.4  444.0  444.0   67.0  444.0
2021 200  7 19 1300  -36.1  971.6  444.0  444.0   67.0  444.0
2021 200  7 19 1400  -35.3  972.0  444.0  444.0   67.0  444.0
2021 200  7 19 1500  -36.5  972.3  444.0  444.0   67.0  444.0
2021 200  7 19 1600  -36.9  972.5  444.0  444.0   66.0  444.0
2021 200  7 19 1700  -36.1  972.7  444.0  444.0   67.0  444.0
2021 200  7 19 1800  -34.2  973.0  444.0  444.0   68.0  444.0
2021 200  7 19 1900  -31.9  973.4  444.0  444.0   71.0  444.0
2021 200  7 19 2000  -30.1  974.0  444.0  444.0   72.0  444.0
2021 200  7 19 2100  -30.3  974.3  444.0  444.0   72.0  444.0
2021 200  7 19 2200  -31.2  974.8  444.0  444.0   71.0  444.0
2021 200  7 19 2300  -32.4  975.5  444.0  444.0   71.0  444.0
2021 201  7 20 0000  -31.3  975.9  444.0  444.0   71.0  444.0
2021 201  7 20 0100  -31.6  976.5  444.0  444.0   71.0  444.0
2021 201  7 20 0200  -32.4  976.7  444.0  444.0   70.0  444.0
2021 201  7 20 0300  -32.7  977.2  444.0  444.0   71.0  444.0
2021 201  7 20 0400  -32.8  977.6  444.0  444.0   70.0  444.0
2021 201  7 20 0500  -32.7  978.2  444.0  444.0   70.0  444.0
2021 201  7 20 0600  -33.0  978.4  444.0  444.0   70.0  444.0
2021 201  7 20 0700  -32.7  978.9  444.0  444.0   71.0  444.0
2021 201  7 20 0800  -30.7  979.1  444.0  444.0   72.0  444.0
2021 201  7 20 0900  -26.8  979.1  444.0  444.0   76.0  444.0
2021 201  7 20 1000  -23.2  979.0  444.0  444.0   80.0  444.0
2021 201  7 20 1100  -21.4  979.4  444.0  444.0   82.0  444.0
2021 201  7 20 1200  -20.3  979.6  444.0  444.0   82.0  444.0
2021 201  7 20 1300  -20.8  979.6  444.0  444.0   82.0  444.0
2021 201  7 20 1400  -21.3  979.5  444.0  444.0   82.0  444.0
2021 201  7 20 1500  -22.4  979.6  444.0  444.0   81.0  444.0
2021 201  7 20 1600  -22.5  979.3  444.0  444.0   81.0  444.0
2021 201  7 20 1700  -20.4  979.2  444.0  444.0   83.0  444.0
2021 201  7 20 1800  -20.2  979.0  444.0  444.0   83.0  444.0
2021 201  7 20 1900  -21.6  978.9  444.0  444.0   82.0  444.0
2021 201  7 20 2000  -21.2  978.8  444.0  444.0   82.0  444.0
2021 201  7 20 2100  -21.4  978.3  444.0  444.0   82.0  444.0
2021 201  7 20 2200  -21.9  978.4  444.0  444.0   82.0  444.0
2021 201  7 20 2300  -24.1  978.6  444.0  444.0   79.0  444.0
2021 202  7 21 0000  -25.4  978.1  444.0  444.0   78.0  444.0
2021 202  7 21 0100  -25.0  977.8  444.0  444.0   79.0  444.0
2021 202  7 21 0200  -25.3  977.4  444.0  444.0   78.0  444.0
2021 202  7 21 0300  -25.7  977.1  444.0  444.0   78.0  444.0
2021 202  7 21 0400  -25.4  977.0  444.0  444.0   78.0  444.0
2021 202  7 21 0500  -26.1  976.7  444.0  444.0   78.0  444.0
2021 202  7 21 0600  -26.6  976.5  444.0  444.0   77.0  444.0
2021 202  7 21 0700  -26.6  976.3  444.0  444.0   77.0  444.0
2021 202  7 21 0800  -26.6  975.8  444.0  444.0   77.0  444.0
2021 202  7 21 0900  -26.9  975.7  444.0  444.0   77.0  444.0
2021 202  7 21 1000  -28.2  975.8  444.0  444.0   75.0  444.0
2021 202  7 21 1100  -28.7  976.0  444.0  444.0   75.0  444.0
2021 202  7 21 1200  -28.7  975.7  444.0  444.0   75.0  444.0
2021 202  7 21 1300  -29.0  975.5  444.0  444.0   74.0  444.0
2021 202  7 21 1400  -29.0  975.1  444.0  444.0   75.0  444.0
2021 202  7 21 1500  -28.6  974.6  444.0  444.0   75.0  444.0
2021 202  7 21 1600  -28.6  974.0  444.0  444.0   75.0  444.0
2021 202  7 21 1700  -29.1  973.9  444.0  444.0   74.0  444.0
2021 202  7 21 1800  -28.7  973.8  444.0  444.0   75.0  444.0
2021 202  7 21 1900  -28.5  973.6  444.0  444.0   75.0  444.0
2021 202  7 21 2000  -27.6  973.6  444.0  444.0   76.0  444.0
2021 202  7 21 2100  -26.8  973.9  444.0  444.0   76.0  444.0
2021 202  7 21 2200  -26.2  973.7  444.0  444.0   77.0  444.0
2021 202  7 21 2300  -25.8  973.5  444.0  444.0   77.0  444.0
2021 203  7 22 0000  -25.2  973.5  444.0  444.0   78.0  444.0
2021 203  7 22 0100  -25.8  973.4  444.0  444.0  444.0  444.0
2021 203  7 22 0200  -28.1  973.5  444.0  444.0   75.0  444.0
2021 203  7 22 0300  -30.0  973.4  444.0  444.0   74.0  444.0
2021 203  7 22 0400  -29.1  973.6  444.0  444.0   74.0  444.0
2021 203  7 22 0500  -27.1  973.7  444.0  444.0   76.0  444.0
2021 203  7 22 0600  -26.3  973.7  444.0  444.0   77.0  444.0
2021 203  7 22 0700  -25.8  974.1  444.0  444.0   77.0  444.0
2021 203  7 22 0800  -25.5  974.2  444.0  444.0   77.0  444.0
2021 203  7 22 0900  -28.3  974.2  444.0  444.0   75.0  444.0
2021 203  7 22 1000  -29.2  973.9  444.0  444.0   75.0  444.0
2021 203  7 22 1100  -29.6  973.9  444.0  444.0   73.0  444.0
2021 203  7 22 1200  -30.2  974.4  444.0  444.0   73.0  444.0
2021 203  7 22 1300  -29.8  974.3  444.0  444.0   74.0  444.0
2021 203  7 22 1400  -29.6  974.3  444.0  444.0   74.0  444.0
2021 203  7 22 1500  -30.1  974.6  444.0  444.0   74.0  444.0
2021 203  7 22 1600  -29.5  974.6  444.0  444.0   74.0  444.0
2021 203  7 22 1700  -29.1  974.6  444.0  444.0   74.0  444.0
2021 203  7 22 1800  -28.7  974.4  444.0  444.0   75.0  444.0
2021 203  7 22 1900  -28.2  974.8  444.0  444.0   75.0  444.0
2021 203  7 22 2000  -29.6  974.6  444.0  444.0   74.0  444.0
2021 203  7 22 2100  -30.7  974.6  444.0  444.0   73.0  444.0
2021 203  7 22 2200  -30.2  974.7  444.0  444.0   73.0  444.0
2021 203  7 22 2300  -30.0  974.4  444.0  444.0   73.0  444.0
2021 204  7 23 0000  -30.2  974.7  444.0  444.0   73.0  444.0
2021 204  7 23 0100  -30.8  974.5  444.0  444.0   72.0  444.0
2021 204  7 23 0200  -32.1  974.6  444.0  444.0   71.0  444.0
2021 204  7 23 0300  -34.0  974.5  444.0  444.0   69.0  444.0
2021 204  7 23 0400  -34.4  975.2  444.0  444.0   68.0  444.0
2021 204  7 23 0500  -35.0  975.1  444.0  444.0   68.0  444.0
2021 204  7 23 0600  -35.3  975.3  444.0  444.0   68.0  444.0
2021 204  7 23 0700  -33.2  975.9  444.0  444.0   70.0  444.0
2021 204  7 23 0800  -30.1  976.5  444.0  444.0   73.0  444.0
2021 204  7 23 0900  -28.2  977.0  444.0  444.0   75.0  444.0
2021 204  7 23 1000  -25.5  977.5  444.0  444.0   77.0  444.0
2021 204  7 23 1100  -23.4  978.0  444.0  444.0   80.0  444.0
2021 204  7 23 1200  -20.0  978.4  444.0  444.0   82.0  444.0
2021 204  7 23 1300  -25.3  979.1  444.0  444.0   79.0  444.0
2021 204  7 23 1400  -27.3  979.7  444.0  444.0   77.0  444.0
2021 204  7 23 1500  -29.9  980.4  444.0  444.0   74.0  444.0
2021 204  7 23 1600  -31.2  980.6  444.0  444.0   72.0  444.0
2021 204  7 23 1700  -31.4  980.5  444.0  444.0   72.0  444.0
2021 204  7 23 1800  -31.6  980.7  444.0  444.0   72.0  444.0
2021 204  7 23 1900  -28.9  981.0  444.0  444.0   75.0  444.0
2021 204  7 23 2000  -25.3  981.2  444.0  444.0   78.0  444.0
2021 204  7 23 2100  -23.6  981.4  444.0  444.0   79.0  444.0
2021 204  7 23 2200  -26.9  981.6  444.0  444.0   77.0  444.0
2021 204  7 23 2300  -25.3  982.0  444.0  444.0   78.0  444.0
2021 205  7 24 0000  -27.5  982.3  444.0  444.0   76.0  444.0
2021 205  7 24 0100  -29.4  982.7  444.0  444.0   74.0  444.0
2021 205  7 24 0200  -29.9  982.7  444.0  444.0   74.0  444.0
2021 205  7 24 0300  -31.1  982.6  444.0  444.0   73.0  444.0
2021 205  7 24 0400  -29.7  982.8  444.0  444.0   74.0  444.0
2021 205  7 24 0500  -28.5  982.6  444.0  444.0   74.0  444.0
2021 205  7 24 0600  -29.1  982.6  444.0  444.0   74.0  444.0
2021 205  7 24 0700  -30.8  983.0  444.0  444.0   72.0  444.0
2021 205  7 24 0800  -31.5  982.9  444.0  444.0   72.0  444.0
2021 205  7 24 0900  -31.5  982.4  444.0  444.0   71.0  444.0
2021 205  7 24 1000  -33.3  982.1  444.0  444.0   70.0  444.0
2021 205  7 24 1100  -33.5  981.7  444.0  444.0   70.0  444.0
2021 205  7 24 1200  -34.5  981.6  444.0  444.0   69.0  444.0
2021 205  7 24 1300  -35.5  981.3  444.0  444.0   68.0  444.0
2021 205  7 24 1400  -36.6  981.3  444.0  444.0   67.0  444.0
2021 205  7 24 1500  -37.5  981.0  444.0  444.0   66.0  444.0
2021 205  7 24 1600  -37.5  981.1  444.0  444.0   66.0  444.0
2021 205  7 24 1700  -38.4  980.7  444.0  444.0   65.0  444.0
2021 205  7 24 1800  -38.7  980.8  444.0  444.0   65.0  444.0
2021 205  7 24 1900  -38.7  980.7  444.0  444.0   64.0  444.0
2021 205  7 24 2000  -38.7  980.7  444.0  444.0   64.0  444.0
2021 205  7 24 2100  -38.9  981.1  444.0  444.0   64.0  444.0
2021 205  7 24 2200  -39.1  981.3  444.0  444.0   64.0  444.0
2021 205  7 24 2300  -40.0  981.1  444.0  444.0   63.0  444.0
2021 206  7 25 0000  -41.1  981.1  444.0  444.0   62.0  444.0
2021 206  7 25 0100  -42.1  981.1  444.0  444.0   61.0  444.0
2021 206  7 25 0200  -42.4  980.5  444.0  444.0   60.0  444.0
2021 206  7 25 0300  -42.5  980.4  444.0  444.0  444.0  444.0
2021 206  7 25 0400  -41.4  980.3  444.0  444.0   61.0  444.0
2021 206  7 25 0500  -41.5  980.1  444.0  444.0   61.0  444.0
2021 206  7 25 0600  -42.5  979.7  444.0  444.0   60.0  444.0
2021 206  7 25 0700  -42.4  979.9  444.0  444.0   60.0  444.0
2021 206  7 25 0800  -43.3  980.2  444.0  444.0   59.0  444.0
2021 206  7 25 0900  -44.1  980.4  444.0  444.0   58.0  444.0
2021 206  7 25 1000  -44.6  980.3  444.0  444.0   58.0  444.0
2021 206  7 25 1100  -45.7  980.8  444.0  444.0   57.0  444.0
2021 206  7 25 1200  -46.0  980.7  444.0  444.0   56.0  444.0
2021 206  7 25 1300  -47.0  980.7  444.0  444.0   55.0  444.0
2021 206  7 25 1400  -47.7  980.7  444.0  444.0   54.0  444.0
2021 206  7 25 1500  -48.0  980.9  444.0  444.0   54.0  444.0
2021 206  7 25 1600  -48.0  981.2  444.0  444.0   54.0  444.0
2021 206  7 25 1700  -48.7  981.2  444.0  444.0   53.0  444.0
2021 206  7 25 1800  -49.5  981.6  444.0  444.0   52.0  444.0
2021 206  7 25 1900  -49.3  982.5  444.0  444.0   53.0  444.0
2021 206  7 25 2000  -48.6  982.3  444.0  444.0   53.0  444.0
2021 206  7 25 2100  -48.6  982.4  444.0  444.0   53.0  444.0
2021 206  7 25 2200  -48.8  983.2  444.0  444.0   53.0  444.0
2021 206  7 25 2300  -48.7  983.5  444.0  444.0   53.0  444.0
2021 207  7 26 0000  -48.5  983.8  444.0  444.0   53.0  444.0
2021 207  7 26 0100  -47.5  983.6  444.0  444.0   54.0  444.0
2021 207  7 26 0200  -46.1  983.8  444.0  444.0   55.0  444.0
2021 207  7 26 0300  -47.0  983.9  444.0  444.0  444.0  444.0
2021 207  7 26 0400  -48.0  983.7  444.0  444.0   54.0  444.0
2021 207  7 26 0500  -47.6  983.0  444.0  444.0   53.0  444.0
2021 207  7 26 0600  -47.3  982.9  444.0  444.0   55.0  444.0
2021 207  7 26 0700  -46.6  982.8  444.0  444.0   54.0  444.0
2021 207  7 26 0800  -47.3  983.1  444.0  444.0   54.0  444.0
2021 207  7 26 0900  -47.2  983.1  444.0  444.0   55.0  444.0
2021 207  7 26 1000  -45.5  983.0  444.0  444.0   56.0  444.0
2021 207  7 26 1100  -44.2  982.9  444.0  444.0   57.0  444.0
2021 207  7 26 1200  -44.2  982.7  444.0  444.0   57.0  444.0
2021 207  7 26 1300  -45.4  982.7  444.0  444.0   55.0  444.0
2021 207  7 26 1400  -47.6  983.0  444.0  444.0   54.0  444.0
2021 207  7 26 1500  -48.1  982.9  444.0  444.0   55.0  444.0
2021 207  7 26 1600  -46.8  982.8  444.0  444.0   54.0  444.0
2021 207  7 26 1700  -46.0  982.7  444.0  444.0   52.0  444.0
2021 207  7 26 1800  -45.5  982.8  444.0  444.0  444.0  444.0
2021 207  7 26 1900  -46.0  983.3  444.0  444.0   56.0  444.0
2021 207  7 26 2000  -45.2  983.3  444.0  444.0   56.0  444.0
2021 207  7 26 2100  -44.9  983.5  444.0  444.0   56.0  444.0
2021 207  7 26 2200  -46.4  983.8  444.0  444.0   55.0  444.0
2021 207  7 26 2300  -46.2  983.9  444.0  444.0   55.0  444.0
2021 208  7 27 0000  -48.2  983.9  444.0  444.0   53.0  444.0
2021 208  7 27 0100  -48.1  984.0  444.0  444.0   54.0  444.0
2021 208  7 27 0200  -44.9  984.0  444.0  444.0   57.0  444.0
2021 208  7 27 0300  -41.4  983.7  444.0  444.0   60.0  444.0
2021 208  7 27 0400  -40.5  983.6  444.0  444.0   61.0  444.0
2021 208  7 27 0500  -39.6  983.6  444.0  444.0   62.0  444.0
2021 208  7 27 0600  -39.5  983.6  444.0  444.0   63.0  444.0
2021 208  7 27 0700  -39.9  984.2  444.0  444.0   61.0  444.0
2021 208  7 27 0800  -41.0  984.4  444.0  444.0   61.0  444.0
2021 208  7 27 0900  -45.5  984.9  444.0  444.0   57.0  444.0
2021 208  7 27 1000  -47.0  985.3  444.0  444.0   55.0  444.0
2021 208  7 27 1100  -45.9  985.8  444.0  444.0   55.0  444.0
2021 208  7 27 1200  -46.6  986.3  444.0  444.0   55.0  444.0
2021 208  7 27 1300  -47.1  987.2  444.0  444.0   55.0  444.0
2021 208  7 27 1400  -48.7  987.4  444.0  444.0   53.0  444.0
2021 208  7 27 1500  -49.7  987.7  444.0  444.0   52.0  444.0
2021 208  7 27 1600  -51.0  987.8  444.0  444.0   51.0  444.0
2021 208  7 27 1700  -51.7  988.1  444.0  444.0   50.0  444.0
2021 208  7 27 1800  -52.0  988.0  444.0  444.0   49.0  444.0
2021 208  7 27 1900  -52.3  988.3  444.0  444.0   49.0  444.0
2021 208  7 27 2000  -52.5  988.6  444.0  444.0   49.0  444.0
2021 208  7 27 2100  -52.5  988.6  444.0  444.0   49.0  444.0
2021 208  7 27 2200  -52.2  988.8  444.0  444.0   49.0  444.0
2021 208  7 27 2300  -52.1  988.7  444.0  444.0   49.0  444.0
2021 209  7 28 0000  -52.5  988.9  444.0  444.0   49.0  444.0
2021 209  7 28 0100  -51.5  988.8  444.0  444.0   50.0  444.0
2021 209  7 28 0200  -52.3  988.6  444.0  444.0   49.0  444.0
2021 209  7 28 0300  -52.0  988.5  444.0  444.0   49.0  444.0
2021 209  7 28 0400  -52.0  988.4  444.0  444.0   49.0  444.0
2021 209  7 28 0500  -51.1  988.2  444.0  444.0   49.0  444.0
2021 209  7 28 0600  -51.8  988.7  444.0  444.0   49.0  444.0
2021 209  7 28 0700  -49.9  988.5  444.0  444.0   51.0  444.0
2021 209  7 28 0800  -48.0  989.2  444.0  444.0   53.0  444.0
2021 209  7 28 0900  -48.2  989.3  444.0  444.0   51.0  444.0
2021 209  7 28 1000  -47.8  989.2  444.0  444.0   54.0  444.0
2021 209  7 28 1100  -44.7  989.2  444.0  444.0   57.0  444.0
2021 209  7 28 1200  -43.5  989.7  444.0  444.0   57.0  444.0
2021 209  7 28 1300  -44.4  989.6  444.0  444.0   56.0  444.0
2021 209  7 28 1400  -47.9  989.8  444.0  444.0   53.0  444.0
2021 209  7 28 1500  -49.1  989.7  444.0  444.0   52.0  444.0
2021 209  7 28 1600  -49.6  990.1  444.0  444.0   51.0  444.0
2021 209  7 28 1700  -50.2  990.2  444.0  444.0   51.0  444.0
2021 209  7 28 1800  -50.5  990.6  444.0  444.0   50.0  444.0
2021 209  7 28 1900  -49.9  990.9  444.0  444.0   51.0  444.0
2021 209  7 28 2000  -49.3  991.3  444.0  444.0   53.0  444.0
2021 209  7 28 2100  -48.0  991.9  444.0  444.0   53.0  444.0
2021 209  7 28 2200  -46.9  992.3  444.0  444.0   54.0  444.0
2021 209  7 28 2300  -46.8  993.1  444.0  444.0   54.0  444.0
2021 210  7 29 0000  -45.8  993.8  444.0  444.0   55.0  444.0
2021 210  7 29 0100  -45.5  994.3  444.0  444.0   56.0  444.0
2021 210  7 29 0200  -43.6  995.1  444.0  444.0   57.0  444.0
2021 210  7 29 0300  -42.4  995.6  444.0  444.0   59.0  444.0
2021 210  7 29 0400  -40.2  996.1  444.0  444.0   61.0  444.0
2021 210  7 29 0500  -38.9  996.1  444.0  444.0   62.0  444.0
2021 210  7 29 0600  -37.3  996.1  444.0  444.0   65.0  444.0
2021 210  7 29 0700  -36.6  996.5  444.0  444.0   64.0  444.0
2021 210  7 29 0800  -37.7  996.4  444.0  444.0   65.0  444.0
2021 210  7 29 0900  -35.7  996.7  444.0  444.0   67.0  444.0
2021 210  7 29 1000  -33.6  997.0  444.0  444.0   70.0  444.0
2021 210  7 29 1100  -31.7  996.9  444.0  444.0   71.0  444.0
2021 210  7 29 1200  -31.4  997.4  444.0  444.0   72.0  444.0
2021 210  7 29 1300  -33.7  997.6  444.0  444.0   68.0  444.0
2021 210  7 29 1400  -36.9  998.0  444.0  444.0   65.0  444.0
2021 210  7 29 1500  -38.8  998.2  444.0  444.0   63.0  444.0
2021 210  7 29 1600  -39.8  998.5  444.0  444.0   63.0  444.0
2021 210  7 29 1700  -42.5  998.9  444.0  444.0   59.0  444.0
2021 210  7 29 1800  -43.4  999.1  444.0  444.0   59.0  444.0
2021 210  7 29 1900  -43.6  999.6  444.0  444.0   58.0  444.0
2021 210  7 29 2000  -44.7  999.5  444.0  444.0   57.0  444.0
2021 210  7 29 2100  -46.8 1000.1  444.0  444.0   56.0  444.0
2021 210  7 29 2200  -46.8 1000.2  444.0  444.0   56.0  444.0
2021 210  7 29 2300  -46.1 1000.2  444.0  444.0   57.0  444.0
2021 211  7 30 0000  -45.5 1000.2  444.0  444.0   56.0  444.0
2021 211  7 30 0100  -46.5 1000.9  444.0  444.0   55.0  444.0
2021 211  7 30 0200  -47.0 1001.3  444.0  444.0   55.0  444.0
2021 211  7 30 0300  -47.3 1001.2  444.0  444.0   55.0  444.0
2021 211  7 30 0400  -44.8 1001.6  444.0  444.0   57.0  444.0
2021 211  7 30 0500  -45.5 1001.7  444.0  444.0   56.0  444.0
2021 211  7 30 0600  -46.1 1001.8  444.0  444.0   55.0  444.0
2021 211  7 30 0700  -47.1 1001.8  444.0  444.0   54.0  444.0
2021 211  7 30 0800  -48.5 1001.7  444.0  444.0   54.0  444.0
2021 211  7 30 0900  -49.8 1001.7  444.0  444.0   52.0  444.0
2021 211  7 30 1000  -50.4 1001.8  444.0  444.0   52.0  444.0
2021 211  7 30 1100  -50.5 1001.2  444.0  444.0   51.0  444.0
2021 211  7 30 1200  -50.7 1000.7  444.0  444.0   50.0  444.0
2021 211  7 30 1300  -50.5 1000.7  444.0  444.0   51.0  444.0
2021 211  7 30 1400  -50.7 1001.1  444.0  444.0   50.0  444.0
2021 211  7 30 1500  -51.2 1000.6  444.0  444.0   50.0  444.0
2021 211  7 30 1600  -51.4 1000.7  444.0  444.0   50.0  444.0
2021 211  7 30 1700  -51.5  999.9  444.0  444.0   49.0  444.0
2021 211  7 30 1800  -51.0  999.6  444.0  444.0   50.0  444.0
2021 211  7 30 1900  -51.2  999.3  444.0  444.0   50.0  444.0
2021 211  7 30 2000  -50.9  998.6  444.0  444.0   50.0  444.0
2021 211  7 30 2100  -50.7  998.4  444.0  444.0   51.0  444.0
2021 211  7 30 2200  -50.9  997.6  444.0  444.0   50.0  444.0
2021 211  7 30 2300  -51.1  997.6  444.0  444.0   50.0  444.0
2021 212  7 31 0000  -51.6  997.2  444.0  444.0   50.0  444.0
2021 212  7 31 0100  -52.0  996.0  444.0  444.0   50.0  444.0
2021 212  7 31 0200  -51.8  995.7  444.0  444.0   49.0  444.0
2021 212  7 31 0300  -52.3  995.0  444.0  444.0   49.0  444.0
2021 212  7 31 0400  -52.9  994.5  444.0  444.0   49.0  444.0
2021 212  7 31 0500  -52.5  993.3  444.0  444.0   49.0  444.0
2021 212  7 31 0600  -52.7  992.7  444.0  444.0   48.0  444.0
2021 212  7 31 0700  -52.6  991.8  444.0  444.0   49.0  444.0
2021 212  7 31 0800  -51.1  990.4  444.0  444.0   50.0  444.0
2021 212  7 31 0900  -51.9  989.6  444.0  444.0   49.0  444.0
2021 212  7 31 1000  -51.8  989.1  444.0  444.0   49.0  444.0
2021 212  7 31 1100  -51.6  987.0  444.0  444.0   49.0  444.0
2021 212  7 31 1200  -52.1  985.1  444.0  444.0   49.0  444.0
2021 212  7 31 1300  -52.3  983.2  444.0  444.0   48.0  444.0
2021 212  7 31 1400  -52.5  982.5  444.0  444.0   48.0  444.0
2021 212  7 31 1500  -51.7  980.6  444.0  444.0   49.0  444.0
2021 212  7 31 1600  -50.8  979.2  444.0  444.0   50.0  444.0
2021 212  7 31 1700  -50.0  977.3  444.0  444.0   52.0  444.0
2021 212  7 31 1800  -48.7  975.8  444.0  444.0   52.0  444.0
2021 212  7 31 1900  -48.6  974.2  444.0  444.0   52.0  444.0
2021 212  7 31 2000  -49.7  972.3  444.0  444.0   51.0  444.0
2021 212  7 31 2100  -49.6  970.1  444.0  444.0   51.0  444.0
2021 212  7 31 2200  -49.0  969.0  444.0  444.0   52.0  444.0
2021 212  7 31 2300  -49.4  968.0  444.0  444.0   51.0  444.0
