Year: 2021  Month: 03  ID: MGT  ARGOS:  8910  Name: Margaret            
Lat: 79.99S  Lon: 165.10W  Elev:   67m
2021  60  3  1 0000  444.0  444.0    3.2    6.0   75.0  444.0
2021  60  3  1 0100  -25.4  967.9    3.7  343.0   71.0  444.0
2021  60  3  1 0200  -25.4  968.0    3.2  344.0   73.0  444.0
2021  60  3  1 0300  -25.6  968.2    2.4   25.0   77.0  444.0
2021  60  3  1 0400  -25.2  968.0    2.1   12.0   77.0  444.0
2021  60  3  1 0500  -24.7  968.4    1.5   18.0   78.0  444.0
2021  60  3  1 0600  -25.2  968.6    2.9   43.0   80.0  444.0
2021  60  3  1 0700  -24.9  968.8    1.9   19.0   79.0  444.0
2021  60  3  1 0800  -26.4  969.0    1.3  333.0   77.0  444.0
2021  60  3  1 0900  -26.4  969.2    0.2  312.0   77.0  444.0
2021  60  3  1 1000  -25.5  969.4    0.9   80.0   78.0  444.0
2021  60  3  1 1100  -25.0  969.8    1.1  112.0   78.0  444.0
2021  60  3  1 1200  -24.9  970.1    1.1  117.0   79.0  444.0
2021  60  3  1 1300  -24.6  970.1    0.7  182.0   78.0  444.0
2021  60  3  1 1400  -24.3  970.1    0.9  171.0   79.0  444.0
2021  60  3  1 1500  -24.0  970.1    1.2  214.0   79.0  444.0
2021  60  3  1 1600  -23.0  970.3    1.4  161.0   81.0  444.0
2021  60  3  1 1700  -21.7  970.5    1.7  137.0   82.0  444.0
2021  60  3  1 1800  -22.0  970.5    3.8  148.0   81.0  444.0
2021  60  3  1 1900  -22.0  970.8    4.5  152.0   81.0  444.0
2021  60  3  1 2000  -22.0  970.7    5.0  148.0   79.0  444.0
2021  60  3  1 2100  -21.9  970.9    5.0  154.0   79.0  444.0
2021  60  3  1 2200  -21.7  971.2    4.0  147.0   75.0  444.0
2021  60  3  1 2300  -21.8  971.4    4.4  155.0   73.0  444.0
2021  61  3  2 0000  -22.1  971.4    4.1  175.0   68.0  444.0
2021  61  3  2 0100  -22.3  971.6    4.2  174.0   69.0  444.0
2021  61  3  2 0200  -22.2  971.5    4.0  193.0   70.0  444.0
2021  61  3  2 0300  -22.2  971.7    3.4  171.0   72.0  444.0
2021  61  3  2 0400  -22.5  971.7    3.4  200.0   74.0  444.0
2021  61  3  2 0500  -23.5  971.9    2.5  208.0   72.0  444.0
2021  61  3  2 0600  -24.3  972.1    1.6  223.0   69.0  444.0
2021  61  3  2 0700  444.0  972.7    0.8  198.0   70.0  444.0
2021  61  3  2 0800  -25.1  973.1    1.6  242.0   78.0  444.0
2021  61  3  2 0900  -27.5  972.9    2.8  244.0   78.0  444.0
2021  61  3  2 1000  -29.8  972.9    2.0  229.0   80.0  444.0
2021  61  3  2 1100  -30.0  973.4    1.5  350.0   75.0  444.0
2021  61  3  2 1200  -30.9  973.8    1.9  334.0   75.0  444.0
2021  61  3  2 1300  -31.8  974.1    1.8  337.0   73.0  444.0
2021  61  3  2 1400  -32.0  974.3    1.7  305.0   74.0  444.0
2021  61  3  2 1500  -33.8  974.4    0.7  324.0   69.0  444.0
2021  61  3  2 1600  -34.9  974.6    0.4  353.0   69.0  444.0
2021  61  3  2 1700  -35.5  975.0    1.7   74.0   68.0  444.0
2021  61  3  2 1800  -37.3  975.3    1.1  248.0   66.0  444.0
2021  61  3  2 1900  -35.8  975.7    0.7  179.0   70.0  444.0
2021  61  3  2 2000  -32.5  975.7    0.4  236.0   73.0  444.0
2021  61  3  2 2100  -30.0  976.0    0.9  138.0   80.0  444.0
2021  61  3  2 2200  -27.4  976.3    0.8  124.0   78.0  444.0
2021  61  3  2 2300  -26.6  976.5    1.9  236.0   76.0  444.0
2021  62  3  3 0000  -27.8  977.1    1.9  189.0   72.0  444.0
2021  62  3  3 0100  -26.1  977.3    1.1  176.0   74.0  444.0
2021  62  3  3 0200  -26.6  977.4    2.1  234.0   64.0  444.0
2021  62  3  3 0300  -26.6  977.6    0.8  171.0   70.0  444.0
2021  62  3  3 0400  -27.0  977.9    2.7  216.0   70.0  444.0
2021  62  3  3 0500  -28.6  978.1    1.9  193.0   69.0  444.0
2021  62  3  3 0600  -31.2  978.6    1.6  181.0   66.0  444.0
2021  62  3  3 0700  -33.3  978.9    2.1  187.0   73.0  444.0
2021  62  3  3 0800  -33.7  979.0    2.3  214.0   72.0  444.0
2021  62  3  3 0900  -37.7  979.1    2.1  191.0   65.0  444.0
2021  62  3  3 1000  -38.8  979.6    2.0  199.0   65.0  444.0
2021  62  3  3 1100  -39.7  980.0    2.5  190.0   64.0  444.0
2021  62  3  3 1200  -38.8  980.6    2.1  202.0   65.0  444.0
2021  62  3  3 1300  -39.3  981.2    2.1  186.0   64.0  444.0
2021  62  3  3 1400  -39.2  981.4    2.3  184.0   63.0  444.0
2021  62  3  3 1500  -39.3  981.7    2.0  192.0   63.0  444.0
2021  62  3  3 1600  -39.7  982.3    1.3  250.0   63.0  444.0
2021  62  3  3 1700  -39.5  982.6    1.2  311.0   64.0  444.0
2021  62  3  3 1800  -37.8  982.7    1.4  316.0   64.0  444.0
2021  62  3  3 1900  -35.9  983.0    2.2  290.0   65.0  444.0
2021  62  3  3 2000  -33.6  983.1    3.2  290.0   67.0  444.0
2021  62  3  3 2100  -33.7  983.4    3.5  268.0   65.0  444.0
2021  62  3  3 2200  -33.6  983.9    3.5  242.0   60.0  444.0
2021  62  3  3 2300  -33.3  984.3    3.8  229.0   54.0  444.0
2021  63  3  4 0000  -33.2  984.9    3.1  245.0   48.0  444.0
2021  63  3  4 0100  -32.4  985.3    3.9  229.0   51.0  444.0
2021  63  3  4 0200  -32.7  985.6    2.7  252.0   43.0  444.0
2021  63  3  4 0300  -33.0  986.2    3.0  251.0   46.0  444.0
2021  63  3  4 0400  -33.4  986.4    2.5  253.0   47.0  444.0
2021  63  3  4 0500  -34.3  986.8    2.4  228.0   55.0  444.0
2021  63  3  4 0600  -35.5  987.2    2.3  251.0   58.0  444.0
2021  63  3  4 0700  -37.1  987.8    2.4  258.0   64.0  444.0
2021  63  3  4 0800  -38.3  988.2    2.8  260.0   66.0  444.0
2021  63  3  4 0900  -39.1  988.7    2.4  264.0   65.0  444.0
2021  63  3  4 1000  -40.0  989.3    2.1  253.0   64.0  444.0
2021  63  3  4 1100  -40.6  989.8    2.4  267.0   64.0  444.0
2021  63  3  4 1200  -40.9  990.3    2.9  253.0   63.0  444.0
2021  63  3  4 1300  -41.5  990.9    2.4  282.0   62.0  444.0
2021  63  3  4 1400  -41.5  991.1    1.8  275.0   61.0  444.0
2021  63  3  4 1500  -41.7  991.2    2.2  295.0   61.0  444.0
2021  63  3  4 1600  -41.7  991.6    3.1  269.0   62.0  444.0
2021  63  3  4 1700  -40.5  991.9    2.2  258.0   62.0  444.0
2021  63  3  4 1800  -33.7  991.8    0.3  146.0   59.0  444.0
2021  63  3  4 1900  -31.7  992.1    0.9  332.0   60.0  444.0
2021  63  3  4 2000  -28.2  991.9    2.3  275.0   65.0  444.0
2021  63  3  4 2100  -26.6  991.8    2.7  307.0   67.0  444.0
2021  63  3  4 2200  -25.2  992.1    2.7  298.0   66.0  444.0
2021  63  3  4 2300  -24.2  992.3    2.1  285.0   66.0  444.0
2021  64  3  5 0000  -23.7  992.4    2.4  272.0   78.0  444.0
2021  64  3  5 0100  -22.8  992.2    1.2  274.0   75.0  444.0
2021  64  3  5 0200  444.0  992.1    0.7  244.0   69.0  444.0
2021  64  3  5 0300  444.0  992.0    0.2  294.0   67.0  444.0
2021  64  3  5 0400  444.0  991.9    0.7  325.0   78.0  444.0
2021  64  3  5 0500  -21.5  992.0    0.7  354.0   81.0  444.0
2021  64  3  5 0600  -22.2  992.2    1.4  330.0   83.0  444.0
2021  64  3  5 0700  -22.2  992.2    0.8  322.0   83.0  444.0
2021  64  3  5 0800  -22.4  992.2    0.8  340.0   82.0  444.0
2021  64  3  5 0900  -22.6  992.1    0.7  338.0   81.0  444.0
2021  64  3  5 1000  -22.8  992.3    0.9  329.0   81.0  444.0
2021  64  3  5 1100  -23.0  992.4    1.1  318.0   81.0  444.0
2021  64  3  5 1200  -23.1  992.6    1.2  283.0   80.0  444.0
2021  64  3  5 1300  -22.5  992.5    1.3  266.0   81.0  444.0
2021  64  3  5 1400  -22.3  992.4    1.0  244.0   81.0  444.0
2021  64  3  5 1500  -22.7  992.1    1.4  239.0   81.0  444.0
2021  64  3  5 1600  -23.0  992.2    1.4  221.0   81.0  444.0
2021  64  3  5 1700  -23.3  992.1    1.3  229.0   80.0  444.0
2021  64  3  5 1800  -23.6  992.1    1.9  219.0   80.0  444.0
2021  64  3  5 1900  -24.2  992.0    2.0  220.0   78.0  444.0
2021  64  3  5 2000  -25.6  992.1    2.2  213.0   78.0  444.0
2021  64  3  5 2100  -26.7  992.1    1.9  217.0   75.0  444.0
2021  64  3  5 2200  -28.3  992.1    1.9  192.0   74.0  444.0
2021  64  3  5 2300  -29.9  992.1    2.1  214.0   71.0  444.0
2021  65  3  6 0000  -31.0  992.1    1.9  207.0   68.0  444.0
2021  65  3  6 0100  -32.3  992.2    2.1  184.0   69.0  444.0
2021  65  3  6 0200  -32.9  992.0    2.1  175.0   70.0  444.0
2021  65  3  6 0300  -32.5  991.8    2.6  168.0   71.0  444.0
2021  65  3  6 0400  -33.8  991.6    2.6  174.0   70.0  444.0
2021  65  3  6 0500  -36.0  991.9    2.2  174.0   66.0  444.0
2021  65  3  6 0600  -37.0  991.8    1.8  166.0   66.0  444.0
2021  65  3  6 0700  -38.7  992.1    2.2  147.0   64.0  444.0
2021  65  3  6 0800  -38.5  992.0    2.9  212.0   65.0  444.0
2021  65  3  6 0900  -40.2  992.4    2.0  144.0   63.0  444.0
2021  65  3  6 1000  -41.9  992.3    1.9  151.0   60.0  444.0
2021  65  3  6 1100  -42.6  992.7    2.3  167.0   60.0  444.0
2021  65  3  6 1200  -42.8  993.0    2.0  151.0   60.0  444.0
2021  65  3  6 1300  -43.0  993.3    1.5  160.0   59.0  444.0
2021  65  3  6 1400  -43.2  993.2    1.9  149.0   59.0  444.0
2021  65  3  6 1500  -43.3  993.3    2.2  168.0   59.0  444.0
2021  65  3  6 1600  -42.6  993.6    1.3  162.0   60.0  444.0
2021  65  3  6 1700  -43.0  993.7    0.9  186.0   59.0  444.0
2021  65  3  6 1800  -41.7  993.9    1.0  201.0   58.0  444.0
2021  65  3  6 1900  -40.5  994.3    1.6  197.0   57.0  444.0
2021  65  3  6 2000  -39.6  994.5    1.6  193.0   55.0  444.0
2021  65  3  6 2100  -38.0  995.0    1.1  210.0   53.0  444.0
2021  65  3  6 2200  -38.2  995.1    2.2  211.0   53.0  444.0
2021  65  3  6 2300  -37.2  995.3    1.4  181.0   55.0  444.0
2021  66  3  7 0000  -36.8  995.7    2.4  240.0   51.0  444.0
2021  66  3  7 0100  -36.0  996.1    1.8  232.0   52.0  444.0
2021  66  3  7 0200  -35.2  996.2    1.7  219.0   52.0  444.0
2021  66  3  7 0300  444.0  996.3    1.3  282.0   49.0  444.0
2021  66  3  7 0400  444.0  996.5    0.2  305.0   45.0  444.0
2021  66  3  7 0500  -36.4  996.7    2.1  303.0   59.0  444.0
2021  66  3  7 0600  -38.4  996.9    2.3  264.0   59.0  444.0
2021  66  3  7 0700  -39.6  996.8    1.9  269.0   61.0  444.0
2021  66  3  7 0800  -41.1  997.1    1.7  299.0   63.0  444.0
2021  66  3  7 0900  -42.1  997.2    2.2  282.0   63.0  444.0
2021  66  3  7 1000  -41.5  997.7    2.5  276.0   62.0  444.0
2021  66  3  7 1100  -41.8  998.0    1.9  265.0   61.0  444.0
2021  66  3  7 1200  -41.3  998.1    2.4  277.0   63.0  444.0
2021  66  3  7 1300  -40.2  998.1    2.5  287.0   65.0  444.0
2021  66  3  7 1400  -38.0  998.1    2.0  256.0   65.0  444.0
2021  66  3  7 1500  -36.2  998.3    2.2  229.0   66.0  444.0
2021  66  3  7 1600  -37.6  998.1    2.4  228.0   64.0  444.0
2021  66  3  7 1700  -35.5  998.1    2.2  199.0   66.0  444.0
2021  66  3  7 1800  -37.1  998.2    1.8  162.0   65.0  444.0
2021  66  3  7 1900  -37.0  998.2    1.2  246.0   68.0  444.0
2021  66  3  7 2000  -36.3  998.0    2.2  200.0   63.0  444.0
2021  66  3  7 2100  -34.7  997.9    2.2  212.0   62.0  444.0
2021  66  3  7 2200  -33.8  997.7    2.9  216.0   61.0  444.0
2021  66  3  7 2300  -33.5  997.3    2.4  222.0   56.0  444.0
2021  67  3  8 0000  -33.5  996.8    2.9  196.0   60.0  444.0
2021  67  3  8 0100  -32.6  996.0    3.5  205.0   64.0  444.0
2021  67  3  8 0200  -31.2  995.3    4.3  220.0   69.0  444.0
2021  67  3  8 0300  -31.1  994.7    3.9  208.0   72.0  444.0
2021  67  3  8 0400  -32.6  994.2    3.2  207.0   67.0  444.0
2021  67  3  8 0500  -36.3  993.9    3.7  184.0   65.0  444.0
2021  67  3  8 0600  -39.2  993.6    2.8  177.0   62.0  444.0
2021  67  3  8 0700  -40.8  993.3    3.3  188.0   61.0  444.0
2021  67  3  8 0800  -42.5  993.0    3.3  183.0   60.0  444.0
2021  67  3  8 0900  -43.9  992.9    4.1  172.0   58.0  444.0
2021  67  3  8 1000  -45.4  992.9    3.5  183.0   57.0  444.0
2021  67  3  8 1100  -46.2  992.7    3.4  188.0   56.0  444.0
2021  67  3  8 1200  -46.6  992.7    2.9  184.0   56.0  444.0
2021  67  3  8 1300  -47.1  992.5    3.0  195.0   55.0  444.0
2021  67  3  8 1400  -47.4  992.3    2.9  178.0   55.0  444.0
2021  67  3  8 1500  -47.3  992.1    2.6  186.0   54.0  444.0
2021  67  3  8 1600  -46.7  991.4    2.9  187.0   54.0  444.0
2021  67  3  8 1700  -46.3  991.2    2.8  210.0   53.0  444.0
2021  67  3  8 1800  -45.5  990.7    2.8  209.0   53.0  444.0
2021  67  3  8 1900  -44.6  990.1    2.1  222.0   53.0  444.0
2021  67  3  8 2000  -43.3  989.5    2.8  221.0   52.0  444.0
2021  67  3  8 2100  -42.0  988.9    3.5  226.0   51.0  444.0
2021  67  3  8 2200  -40.5  988.3    3.2  237.0   48.0  444.0
2021  67  3  8 2300  -38.8  987.9    3.2  257.0   48.0  444.0
2021  68  3  9 0000  -37.3  986.9    2.7  244.0   48.0  444.0
2021  68  3  9 0100  -36.3  985.9    3.1  252.0   50.0  444.0
2021  68  3  9 0200  -34.8  985.4    2.5  272.0   51.0  444.0
2021  68  3  9 0300  -35.8  984.7    3.2  274.0   56.0  444.0
2021  68  3  9 0400  -36.5  984.0    2.7  271.0   55.0  444.0
2021  68  3  9 0500  -36.9  983.8    2.0  236.0   55.0  444.0
2021  68  3  9 0600  -38.4  983.5    1.6  247.0   57.0  444.0
2021  68  3  9 0700  -41.0  983.3    2.5  223.0   60.0  444.0
2021  68  3  9 0800  -41.4  983.2    2.0  183.0   62.0  444.0
2021  68  3  9 0900  -42.9  982.9    2.1  188.0   59.0  444.0
2021  68  3  9 1000  -43.8  983.0    2.0  224.0   58.0  444.0
2021  68  3  9 1100  -44.1  982.6    2.8  232.0   58.0  444.0
2021  68  3  9 1200  -44.2  982.4    2.2  229.0   58.0  444.0
2021  68  3  9 1300  -44.0  982.1    2.0  245.0   58.0  444.0
2021  68  3  9 1400  -43.6  981.8    2.7  264.0   59.0  444.0
2021  68  3  9 1500  -42.5  981.5    2.8  249.0   59.0  444.0
2021  68  3  9 1600  -42.3  980.8    2.4  269.0   60.0  444.0
2021  68  3  9 1700  -40.8  980.2    3.1  258.0   61.0  444.0
2021  68  3  9 1800  -38.5  980.2    4.1  238.0   63.0  444.0
2021  68  3  9 1900  -36.8  980.5    3.4  209.0   61.0  444.0
2021  68  3  9 2000  -35.1  981.0    3.1  193.0   56.0  444.0
2021  68  3  9 2100  -35.4  981.2    2.9  199.0   53.0  444.0
2021  68  3  9 2200  -34.4  981.6    3.1  198.0   52.0  444.0
2021  68  3  9 2300  -34.3  982.0    3.5  191.0   52.0  444.0
2021  69  3 10 0000  -34.5  982.6    3.8  185.0   49.0  444.0
2021  69  3 10 0100  -34.5  983.0    2.0  171.0   42.0  444.0
2021  69  3 10 0200  444.0  982.9    1.0  242.0   36.0  444.0
2021  69  3 10 0300  -34.1  983.1    2.6  270.0   53.0  444.0
2021  69  3 10 0400  -34.5  983.0    2.6  269.0   60.0  444.0
2021  69  3 10 0500  -35.2  983.2    2.5  264.0   59.0  444.0
2021  69  3 10 0600  -37.2  983.6    2.3  264.0   64.0  444.0
2021  69  3 10 0700  -37.8  983.7    2.8  251.0   67.0  444.0
2021  69  3 10 0800  -38.2  983.7    2.3  273.0   67.0  444.0
2021  69  3 10 0900  -37.5  983.7    2.8  241.0   67.0  444.0
2021  69  3 10 1000  -37.0  983.9    2.7  241.0   67.0  444.0
2021  69  3 10 1100  -36.3  984.0    3.6  253.0   67.0  444.0
2021  69  3 10 1200  -34.2  984.3    3.5  241.0   70.0  444.0
2021  69  3 10 1300  -32.1  984.0    4.4  229.0   71.0  444.0
2021  69  3 10 1400  -31.6  984.3    4.2  231.0   70.0  444.0
2021  69  3 10 1500  -32.6  984.3    3.8  227.0   70.0  444.0
2021  69  3 10 1600  -32.6  984.4    4.2  239.0   69.0  444.0
2021  69  3 10 1700  -32.7  984.6    4.7  234.0   69.0  444.0
2021  69  3 10 1800  -32.8  985.0    3.7  232.0   67.0  444.0
2021  69  3 10 1900  -32.1  985.0    3.1  227.0   60.0  444.0
2021  69  3 10 2000  -32.2  985.3    2.4  252.0   50.0  444.0
2021  69  3 10 2100  -31.8  985.2    2.4  253.0   48.0  444.0
2021  69  3 10 2200  -30.3  985.1    4.1  214.0   61.0  444.0
2021  69  3 10 2300  -29.6  985.3    3.7  204.0   59.0  444.0
2021  70  3 11 0000  -30.0  985.3    3.5  203.0   57.0  444.0
2021  70  3 11 0100  -31.8  985.4    4.4  188.0   55.0  444.0
2021  70  3 11 0200  -32.4  985.5    3.4  209.0   56.0  444.0
2021  70  3 11 0300  -34.1  985.8    3.1  192.0   54.0  444.0
2021  70  3 11 0400  -36.3  986.0    2.6  190.0   52.0  444.0
2021  70  3 11 0500  -38.5  985.8    2.6  165.0   53.0  444.0
2021  70  3 11 0600  -40.1  985.5    1.9  174.0   55.0  444.0
2021  70  3 11 0700  -40.9  985.5    1.4  237.0   60.0  444.0
2021  70  3 11 0800  -42.3  985.6    1.9  238.0   60.0  444.0
2021  70  3 11 0900  -42.4  985.6    1.5  192.0   61.0  444.0
2021  70  3 11 1000  -42.3  985.0    1.5  170.0   62.0  444.0
2021  70  3 11 1100  -42.0  984.9    2.0  174.0   62.0  444.0
2021  70  3 11 1200  -43.3  984.6    1.1  264.0   59.0  444.0
2021  70  3 11 1300  -43.1  984.1    1.8   78.0   58.0  444.0
2021  70  3 11 1400  -42.9  983.7    1.7   67.0   59.0  444.0
2021  70  3 11 1500  -42.6  983.4    1.5   24.0   60.0  444.0
2021  70  3 11 1600  -41.8  982.9    1.0  330.0   60.0  444.0
2021  70  3 11 1700  -41.8  982.6    1.7   11.0   58.0  444.0
2021  70  3 11 1800  -41.5  982.4    1.8  321.0   56.0  444.0
2021  70  3 11 1900  -40.3  982.0    1.1    9.0   52.0  444.0
2021  70  3 11 2000  -39.1  981.8    1.2   34.0   53.0  444.0
2021  70  3 11 2100  444.0  981.5    1.3  357.0   46.0  444.0
2021  70  3 11 2200  444.0  980.9    1.0  344.0   39.0  444.0
2021  70  3 11 2300  444.0  980.8    1.3  351.0   40.0  444.0
2021  71  3 12 0000  -36.4  980.5    1.0  359.0   38.0  444.0
2021  71  3 12 0100  -36.7  979.9    1.8   22.0   53.0  444.0
2021  71  3 12 0200  -36.1  979.3    1.6   26.0   59.0  444.0
2021  71  3 12 0300  -36.1  979.0    3.8  359.0   57.0  444.0
2021  71  3 12 0400  -35.2  978.8    1.1  304.0   61.0  444.0
2021  71  3 12 0500  -35.3  978.4    1.0   50.0   62.0  444.0
2021  71  3 12 0600  -35.3  978.3    0.7   23.0   61.0  444.0
2021  71  3 12 0700  -34.9  978.1    0.7  354.0   67.0  444.0
2021  71  3 12 0800  -35.3  977.7    1.7   28.0   68.0  444.0
2021  71  3 12 0900  -36.4  977.5    1.9   36.0   66.0  444.0
2021  71  3 12 1000  -35.6  977.4    1.9   27.0   65.0  444.0
2021  71  3 12 1100  -35.7  977.2    1.4   23.0   66.0  444.0
2021  71  3 12 1200  -35.3  977.1    1.5   14.0   65.0  444.0
2021  71  3 12 1300  -35.7  976.7    2.2    4.0   68.0  444.0
2021  71  3 12 1400  -38.2  976.7    2.5  344.0   66.0  444.0
2021  71  3 12 1500  -39.6  976.3    2.0  332.0   65.0  444.0
2021  71  3 12 1600  -39.8  976.0    2.1  353.0   62.0  444.0
2021  71  3 12 1700  -42.2  976.0    1.7   35.0   60.0  444.0
2021  71  3 12 1800  -42.2  976.1    1.9   33.0   59.0  444.0
2021  71  3 12 1900  -41.0  976.0    1.8  342.0   58.0  444.0
2021  71  3 12 2000  444.0  975.9    1.0  341.0   56.0  444.0
2021  71  3 12 2100  -38.6  976.2    1.2   56.0   53.0  444.0
2021  71  3 12 2200  -37.7  975.9    1.9  353.0   52.0  444.0
2021  71  3 12 2300  -37.1  975.9    1.8  312.0   51.0  444.0
2021  72  3 13 0000  -36.9  975.6    2.0  333.0   51.0  444.0
2021  72  3 13 0100  -37.0  975.8    3.0  324.0   52.0  444.0
2021  72  3 13 0200  -37.0  975.7    1.8  328.0   50.0  444.0
2021  72  3 13 0300  -37.8  975.5    2.0  315.0   53.0  444.0
2021  72  3 13 0400  -39.6  975.6    2.3  316.0   56.0  444.0
2021  72  3 13 0500  -40.3  975.8    1.5  288.0   56.0  444.0
2021  72  3 13 0600  -42.5  975.6    2.2  316.0   60.0  444.0
2021  72  3 13 0700  -43.5  975.7    2.1  317.0   59.0  444.0
2021  72  3 13 0800  -43.8  975.9    2.2  325.0   60.0  444.0
2021  72  3 13 0900  -45.3  976.0    2.6  325.0   58.0  444.0
2021  72  3 13 1000  -45.3  976.2    1.9  277.0   57.0  444.0
2021  72  3 13 1100  -46.7  976.2    1.6  331.0   56.0  444.0
2021  72  3 13 1200  -46.5  976.5    1.6  340.0   56.0  444.0
2021  72  3 13 1300  -46.9  976.7    1.5  328.0   55.0  444.0
2021  72  3 13 1400  -47.5  977.1    2.0  349.0   54.0  444.0
2021  72  3 13 1500  -46.9  977.0    2.4  350.0   56.0  444.0
2021  72  3 13 1600  -46.2  977.2    2.3  341.0   56.0  444.0
2021  72  3 13 1700  -46.2  977.1    2.1  328.0   55.0  444.0
2021  72  3 13 1800  -44.7  977.2    1.0    6.0   55.0  444.0
2021  72  3 13 1900  444.0  977.4    1.9  344.0   55.0  444.0
2021  72  3 13 2000  444.0  977.4    1.2   54.0   52.0  444.0
2021  72  3 13 2100  -41.9  977.7    1.9   37.0   49.0  444.0
2021  72  3 13 2200  -40.1  978.2    1.5  308.0   46.0  444.0
2021  72  3 13 2300  -39.9  978.3    2.4   49.0   52.0  444.0
2021  73  3 14 0000  -39.4  978.2    1.9   42.0   50.0  444.0
2021  73  3 14 0100  -38.0  977.7    4.0   50.0   57.0  444.0
2021  73  3 14 0200  -35.9  977.2    3.8   49.0   66.0  444.0
2021  73  3 14 0300  -35.0  977.2    1.8  136.0   63.0  444.0
2021  73  3 14 0400  -36.5  977.3    2.5  112.0   59.0  444.0
2021  73  3 14 0500  -38.5  977.1    2.8  138.0   62.0  444.0
2021  73  3 14 0600  -39.2  977.0    3.0  144.0   65.0  444.0
2021  73  3 14 0700  -39.5  976.8    3.2  117.0   65.0  444.0
2021  73  3 14 0800  -38.6  976.5    3.5  101.0   66.0  444.0
2021  73  3 14 0900  -37.9  975.9    3.5   86.0   66.0  444.0
2021  73  3 14 1000  -37.8  975.9    2.7  119.0   64.0  444.0
2021  73  3 14 1100  -38.9  975.8    2.6  148.0   64.0  444.0
2021  73  3 14 1200  -38.6  975.3    3.3  126.0   64.0  444.0
2021  73  3 14 1300  -38.0  975.0    3.5  100.0   64.0  444.0
2021  73  3 14 1400  -38.4  974.9    2.5  107.0   64.0  444.0
2021  73  3 14 1500  -39.7  974.6    2.8  151.0   62.0  444.0
2021  73  3 14 1600  -40.7  974.4    3.3  146.0   61.0  444.0
2021  73  3 14 1700  -40.8  974.1    2.2  159.0   61.0  444.0
2021  73  3 14 1800  -41.4  974.1    2.6  138.0   61.0  444.0
2021  73  3 14 1900  -39.4  973.6    1.4  111.0   66.0  444.0
2021  73  3 14 2000  -36.2  973.5    2.6  153.0   67.0  444.0
2021  73  3 14 2100  -33.5  973.4    1.5  133.0   70.0  444.0
2021  73  3 14 2200  444.0  973.3    1.4  200.0   67.0  444.0
2021  73  3 14 2300  444.0  973.2    1.1  158.0   67.0  444.0
2021  74  3 15 0000  -34.5  972.9    1.9  178.0   55.0  444.0
2021  74  3 15 0100  -35.9  972.8    2.1  182.0   51.0  444.0
2021  74  3 15 0200  -35.6  972.7    2.6  188.0   61.0  444.0
2021  74  3 15 0300  -36.8  972.7    2.3  211.0   59.0  444.0
2021  74  3 15 0400  -39.1  972.8    2.5  203.0   54.0  444.0
2021  74  3 15 0500  -41.1  973.1    2.4  240.0   59.0  444.0
2021  74  3 15 0600  -41.8  973.3    2.7  243.0   59.0  444.0
2021  74  3 15 0700  -43.6  973.5    2.7  238.0   60.0  444.0
2021  74  3 15 0800  -45.6  973.7    2.2  239.0   58.0  444.0
2021  74  3 15 0900  -46.4  973.7    2.7  255.0   57.0  444.0
2021  74  3 15 1000  -47.1  973.9    2.5  253.0   57.0  444.0
2021  74  3 15 1100  -46.6  974.3    2.9  234.0   57.0  444.0
2021  74  3 15 1200  -46.2  974.9    2.6  223.0   56.0  444.0
2021  74  3 15 1300  -46.4  975.2    1.7  224.0   55.0  444.0
2021  74  3 15 1400  -47.1  975.8    2.5  281.0   55.0  444.0
2021  74  3 15 1500  -46.5  976.2    2.6  268.0   56.0  444.0
2021  74  3 15 1600  -44.9  976.4    1.7  250.0   57.0  444.0
2021  74  3 15 1700  -45.1  977.0    2.7  257.0   56.0  444.0
2021  74  3 15 1800  -45.6  977.8    2.2  271.0   55.0  444.0
2021  74  3 15 1900  -45.0  978.2    2.1  287.0   54.0  444.0
2021  74  3 15 2000  -43.5  979.0    3.5  268.0   54.0  444.0
2021  74  3 15 2100  -41.5  979.3    2.8  275.0   56.0  444.0
2021  74  3 15 2200  -40.7  979.7    2.7  281.0   58.0  444.0
2021  74  3 15 2300  -39.5  980.3    3.8  279.0   59.0  444.0
2021  75  3 16 0000  -38.5  980.8    2.5  282.0   58.0  444.0
2021  75  3 16 0100  -38.7  981.4    3.1  295.0   58.0  444.0
2021  75  3 16 0200  -39.1  982.1    2.4  299.0   59.0  444.0
2021  75  3 16 0300  -39.9  982.8    3.6  304.0   60.0  444.0
2021  75  3 16 0400  -40.0  983.5    2.6  327.0   60.0  444.0
2021  75  3 16 0500  -41.2  984.0    2.8  318.0   61.0  444.0
2021  75  3 16 0600  -39.3  984.0    2.4  331.0   65.0  444.0
2021  75  3 16 0700  -37.5  984.6    2.0  353.0   65.0  444.0
2021  75  3 16 0800  -38.1  985.0    3.1  339.0   65.0  444.0
2021  75  3 16 0900  -39.4  985.3    2.5  311.0   63.0  444.0
2021  75  3 16 1000  -40.3  985.8    3.1  305.0   63.0  444.0
2021  75  3 16 1100  -39.2  986.1    1.8  314.0   63.0  444.0
2021  75  3 16 1200  -39.0  986.6    1.5  351.0   61.0  444.0
2021  75  3 16 1300  -34.3  987.1    1.0   23.0   69.0  444.0
2021  75  3 16 1400  -31.5  987.2    2.1  118.0   71.0  444.0
2021  75  3 16 1500  -30.2  987.6    0.7  162.0   73.0  444.0
2021  75  3 16 1600  -29.4  987.9    0.9  159.0   73.0  444.0
2021  75  3 16 1700  -28.6  988.1    0.3  174.0   75.0  444.0
2021  75  3 16 1800  -27.8  988.1    1.5  154.0   76.0  444.0
2021  75  3 16 1900  -27.2  988.0    2.7  159.0   76.0  444.0
2021  75  3 16 2000  -29.3  988.2    3.1  147.0   74.0  444.0
2021  75  3 16 2100  -29.8  987.9    0.6  133.0   74.0  444.0
2021  75  3 16 2200  -31.2  988.0    2.2  154.0   72.0  444.0
2021  75  3 16 2300  -32.6  988.6    1.4  178.0   70.0  444.0
2021  76  3 17 0000  -34.3  988.6    2.0  148.0   64.0  444.0
2021  76  3 17 0100  -36.1  988.4    3.6  151.0   60.0  444.0
2021  76  3 17 0200  -37.9  988.5    3.9  152.0   57.0  444.0
2021  76  3 17 0300  -39.9  988.0    5.2  153.0   55.0  444.0
2021  76  3 17 0400  -41.9  987.9    5.4  145.0   56.0  444.0
2021  76  3 17 0500  -43.1  987.8    5.5  141.0   56.0  444.0
2021  76  3 17 0600  -42.9  987.6    4.8  130.0   59.0  444.0
2021  76  3 17 0700  -43.1  987.6    4.6  138.0   59.0  444.0
2021  76  3 17 0800  -43.5  987.2    4.9  137.0   61.0  444.0
2021  76  3 17 0900  -43.3  987.0    5.2  139.0   60.0  444.0
2021  76  3 17 1000  -43.5  986.6    4.7  143.0   60.0  444.0
2021  76  3 17 1100  -43.8  986.2    5.0  138.0   60.0  444.0
2021  76  3 17 1200  -44.2  986.1    4.3  136.0   59.0  444.0
2021  76  3 17 1300  -45.0  985.7    3.5  164.0   58.0  444.0
2021  76  3 17 1400  -45.5  985.3    4.5  174.0   56.0  444.0
2021  76  3 17 1500  -45.8  984.9    3.5  172.0   56.0  444.0
2021  76  3 17 1600  -46.0  984.7    3.6  187.0   56.0  444.0
2021  76  3 17 1700  -45.8  984.2    4.5  189.0   56.0  444.0
2021  76  3 17 1800  -44.7  983.9    4.2  183.0   56.0  444.0
2021  76  3 17 1900  -44.4  983.3    3.8  188.0   55.0  444.0
2021  76  3 17 2000  -43.6  983.1    4.4  177.0   54.0  444.0
2021  76  3 17 2100  -43.3  982.9    3.6  181.0   49.0  444.0
2021  76  3 17 2200  -43.4  982.6    4.5  198.0   49.0  444.0
2021  76  3 17 2300  -43.4  982.4    4.1  188.0   47.0  444.0
2021  77  3 18 0000  -43.2  982.0    3.7  182.0   45.0  444.0
2021  77  3 18 0100  -42.6  981.7    3.7  185.0   44.0  444.0
2021  77  3 18 0200  -42.4  981.1    3.9  181.0   46.0  444.0
2021  77  3 18 0300  -42.1  980.7    3.2  191.0   49.0  444.0
2021  77  3 18 0400  -43.0  980.5    3.2  213.0   52.0  444.0
2021  77  3 18 0500  -44.0  980.4    3.0  207.0   55.0  444.0
2021  77  3 18 0600  -44.4  980.0    3.6  191.0   57.0  444.0
2021  77  3 18 0700  -45.8  979.8    3.0  206.0   57.0  444.0
2021  77  3 18 0800  -45.7  979.6    3.2  225.0   56.0  444.0
2021  77  3 18 0900  -45.5  979.2    2.8  202.0   59.0  444.0
2021  77  3 18 1000  -45.5  979.1    3.3  231.0   57.0  444.0
2021  77  3 18 1100  -45.8  978.9    2.0  265.0   56.0  444.0
2021  77  3 18 1200  -45.5  978.7    2.9  266.0   56.0  444.0
2021  77  3 18 1300  -46.2  978.5    2.5  268.0   56.0  444.0
2021  77  3 18 1400  -46.3  978.0    1.9  278.0   56.0  444.0
2021  77  3 18 1500  -45.8  977.4    2.4  278.0   57.0  444.0
2021  77  3 18 1600  -45.5  976.7    3.1  281.0   57.0  444.0
2021  77  3 18 1700  -43.9  976.3    4.4  274.0   59.0  444.0
2021  77  3 18 1800  -43.3  975.9    4.6  271.0   59.0  444.0
2021  77  3 18 1900  -42.9  975.7    3.7  273.0   58.0  444.0
2021  77  3 18 2000  -42.0  975.4    2.9  273.0   59.0  444.0
2021  77  3 18 2100  -41.2  975.2    2.6  291.0   58.0  444.0
2021  77  3 18 2200  -40.0  974.9    3.4  275.0   60.0  444.0
2021  77  3 18 2300  -38.5  974.7    3.2  265.0   61.0  444.0
2021  78  3 19 0000  -38.7  974.4    2.5  274.0   58.0  444.0
2021  78  3 19 0100  -38.7  974.3    2.3  277.0   57.0  444.0
2021  78  3 19 0200  -39.5  974.1    2.4  271.0   56.0  444.0
2021  78  3 19 0300  -39.5  973.7    1.5  243.0   55.0  444.0
2021  78  3 19 0400  -41.4  973.2    2.2  277.0   57.0  444.0
2021  78  3 19 0500  -42.8  973.0    2.0  256.0   57.0  444.0
2021  78  3 19 0600  -44.5  972.7    2.5  195.0   58.0  444.0
2021  78  3 19 0700  -44.8  972.5    2.3  192.0   58.0  444.0
2021  78  3 19 0800  -46.2  972.4    1.5  203.0   55.0  444.0
2021  78  3 19 0900  -46.7  972.4    1.3  247.0   55.0  444.0
2021  78  3 19 1000  -47.3  971.9    2.2  183.0   54.0  444.0
2021  78  3 19 1100  -47.6  972.0    2.1  264.0   54.0  444.0
2021  78  3 19 1200  -48.2  971.8    1.8  225.0   53.0  444.0
2021  78  3 19 1300  -48.3  971.4    1.4  248.0   53.0  444.0
2021  78  3 19 1400  -48.3  970.5    2.2  188.0   53.0  444.0
2021  78  3 19 1500  -48.7  970.0    1.3  238.0   52.0  444.0
2021  78  3 19 1600  -48.9  969.9    0.2  243.0   53.0  444.0
2021  78  3 19 1700  -49.4  969.8    1.9  277.0   51.0  444.0
2021  78  3 19 1800  -49.0  969.2    2.1  250.0   52.0  444.0
2021  78  3 19 1900  -48.5  969.3    1.7  221.0   49.0  444.0
2021  78  3 19 2000  -47.8  968.7    1.2  180.0   45.0  444.0
2021  78  3 19 2100  444.0  968.6    1.5  266.0   39.0  444.0
2021  78  3 19 2200  444.0  968.5    1.0  236.0   37.0  444.0
2021  78  3 19 2300  444.0  968.4    0.3  207.0   33.0  444.0
2021  79  3 20 0000  444.0  968.5    0.4  255.0   30.0  444.0
2021  79  3 20 0100  444.0  968.3    0.6  231.0   31.0  444.0
2021  79  3 20 0200  444.0  968.1    0.3  232.0   30.0  444.0
2021  79  3 20 0300  444.0  968.0    1.0  153.0   34.0  444.0
2021  79  3 20 0400  -45.6  967.7    0.8  108.0   36.0  444.0
2021  79  3 20 0500  -46.2  967.9    0.0    0.0   47.0  444.0
2021  79  3 20 0600  -47.2  968.1    0.6  166.0   51.0  444.0
2021  79  3 20 0700  -47.3  968.0    0.8  110.0   53.0  444.0
2021  79  3 20 0800  -47.0  968.1    1.5  109.0   53.0  444.0
2021  79  3 20 0900  -48.3  968.2    1.5   64.0   53.0  444.0
2021  79  3 20 1000  -48.4  968.1    1.3   82.0   53.0  444.0
2021  79  3 20 1100  -48.4  968.5    1.5   49.0   52.0  444.0
2021  79  3 20 1200  -48.6  968.9    1.0  101.0   52.0  444.0
2021  79  3 20 1300  -48.8  969.0    1.4   85.0   51.0  444.0
2021  79  3 20 1400  -49.4  969.0    0.4   66.0   51.0  444.0
2021  79  3 20 1500  -49.4  969.0    1.2  128.0   51.0  444.0
2021  79  3 20 1600  -48.9  969.3    1.9  118.0   49.0  444.0
2021  79  3 20 1700  -49.8  969.4    1.7  108.0   50.0  444.0
2021  79  3 20 1800  -48.5  969.5    2.7  118.0   48.0  444.0
2021  79  3 20 1900  -48.3  969.7    2.2  121.0   46.0  444.0
2021  79  3 20 2000  -47.0  969.8    1.9  105.0   40.0  444.0
2021  79  3 20 2100  -45.5  969.9    1.4  115.0   36.0  444.0
2021  79  3 20 2200  -45.7  970.2    2.6  148.0   43.0  444.0
2021  79  3 20 2300  -45.0  970.3    2.3  109.0   38.0  444.0
2021  80  3 21 0000  -44.4  970.5    2.2  116.0   40.0  444.0
2021  80  3 21 0100  -43.3  970.4    1.9  128.0   37.0  444.0
2021  80  3 21 0200  -43.8  970.4    1.7  119.0   38.0  444.0
2021  80  3 21 0300  -44.0  970.3    1.6  128.0   40.0  444.0
2021  80  3 21 0400  -45.1  970.4    2.0  148.0   48.0  444.0
2021  80  3 21 0500  -45.9  970.6    2.1  136.0   51.0  444.0
2021  80  3 21 0600  -46.7  970.6    2.0  133.0   52.0  444.0
2021  80  3 21 0700  -47.2  970.7    2.0  153.0   52.0  444.0
2021  80  3 21 0800  -47.5  970.9    2.2  153.0   53.0  444.0
2021  80  3 21 0900  -47.3  971.1    1.2  129.0   54.0  444.0
2021  80  3 21 1000  -47.1  971.3    1.5  123.0   55.0  444.0
2021  80  3 21 1100  -47.3  971.5    2.2  155.0   53.0  444.0
2021  80  3 21 1200  -47.5  971.5    2.1  139.0   55.0  444.0
2021  80  3 21 1300  -47.3  971.8    2.2  144.0   54.0  444.0
2021  80  3 21 1400  -46.2  971.8    2.5  126.0   56.0  444.0
2021  80  3 21 1500  -46.1  971.8    1.6  167.0   55.0  444.0
2021  80  3 21 1600  -45.8  972.1    2.2  146.0   55.0  444.0
2021  80  3 21 1700  -45.9  972.2    2.6  138.0   55.0  444.0
2021  80  3 21 1800  -47.0  972.3    2.0  152.0   54.0  444.0
2021  80  3 21 1900  -46.6  972.5    3.1  146.0   55.0  444.0
2021  80  3 21 2000  -44.8  972.8    1.8  124.0   52.0  444.0
2021  80  3 21 2100  -45.0  973.2    1.9  118.0   47.0  444.0
2021  80  3 21 2200  -43.6  973.4    2.0   94.0   40.0  444.0
2021  80  3 21 2300  -41.5  973.4    1.5  151.0   40.0  444.0
2021  81  3 22 0000  -40.6  973.4    3.0  132.0   46.0  444.0
2021  81  3 22 0100  -39.5  973.3    2.4  136.0   49.0  444.0
2021  81  3 22 0200  -40.1  973.6    2.2  142.0   52.0  444.0
2021  81  3 22 0300  -40.5  973.3    3.9  141.0   54.0  444.0
2021  81  3 22 0400  -41.5  973.4    3.6  142.0   56.0  444.0
2021  81  3 22 0500  -42.7  973.4    3.4  142.0   57.0  444.0
2021  81  3 22 0600  -43.4  973.4    3.5  132.0   57.0  444.0
2021  81  3 22 0700  -43.9  973.4    3.1  138.0   58.0  444.0
2021  81  3 22 0800  -44.5  973.4    3.3  169.0   58.0  444.0
2021  81  3 22 0900  -44.1  973.5    4.2  159.0   59.0  444.0
2021  81  3 22 1000  -43.7  973.4    4.4  151.0   59.0  444.0
2021  81  3 22 1100  -44.3  973.6    4.7  156.0   58.0  444.0
2021  81  3 22 1200  -44.1  973.5    3.4  166.0   57.0  444.0
2021  81  3 22 1300  -43.0  973.1    4.4  178.0   58.0  444.0
2021  81  3 22 1400  -41.3  973.4    5.1  169.0   60.0  444.0
2021  81  3 22 1500  -39.0  972.9    4.5  173.0   63.0  444.0
2021  81  3 22 1600  -38.5  972.5    2.8  185.0   62.0  444.0
2021  81  3 22 1700  -37.7  972.3    3.8  202.0   65.0  444.0
2021  81  3 22 1800  -37.2  971.9    3.6  228.0   64.0  444.0
2021  81  3 22 1900  -36.2  971.5    4.5  218.0   63.0  444.0
2021  81  3 22 2000  -36.4  971.4    3.5  232.0   61.0  444.0
2021  81  3 22 2100  -36.0  970.8    4.9  236.0   54.0  444.0
2021  81  3 22 2200  -33.6  971.0    4.4  216.0   59.0  444.0
2021  81  3 22 2300  -34.8  970.6    4.6  202.0   59.0  444.0
2021  82  3 23 0000  -34.4  970.1    3.8  220.0   59.0  444.0
2021  82  3 23 0100  -33.9  969.3    3.8  233.0   61.0  444.0
2021  82  3 23 0200  -33.5  969.1    2.5  227.0   62.0  444.0
2021  82  3 23 0300  -33.7  968.4    1.4  261.0   62.0  444.0
2021  82  3 23 0400  -34.5  967.6    2.7  306.0   66.0  444.0
2021  82  3 23 0500  -35.1  967.3    2.4  277.0   68.0  444.0
2021  82  3 23 0600  -36.5  966.5    2.7  267.0   67.0  444.0
2021  82  3 23 0700  -37.7  966.6    2.3  218.0   67.0  444.0
2021  82  3 23 0800  -40.5  966.5    2.2  198.0   64.0  444.0
2021  82  3 23 0900  -42.5  966.4    2.8  169.0   60.0  444.0
2021  82  3 23 1000  -44.0  966.2    0.9  111.0   58.0  444.0
2021  82  3 23 1100  -45.6  965.8    1.3  204.0   57.0  444.0
2021  82  3 23 1200  -46.2  965.9    3.8  175.0   57.0  444.0
2021  82  3 23 1300  -45.3  965.3    0.8  291.0   59.0  444.0
2021  82  3 23 1400  -46.5  965.6    2.5  209.0   56.0  444.0
2021  82  3 23 1500  -45.7  964.9    2.8  209.0   57.0  444.0
2021  82  3 23 1600  -45.5  965.0    0.9  197.0   56.0  444.0
2021  82  3 23 1700  -46.1  964.6    1.9  232.0   55.0  444.0
2021  82  3 23 1800  -46.4  964.5    1.1  248.0   55.0  444.0
2021  82  3 23 1900  -45.6  964.5    1.8  234.0   56.0  444.0
2021  82  3 23 2000  -45.1  964.7    1.0  237.0   55.0  444.0
2021  82  3 23 2100  -45.1  964.8    1.5  247.0   58.0  444.0
2021  82  3 23 2200  444.0  964.8    0.3  196.0   59.0  444.0
2021  82  3 23 2300  -44.1  965.5    2.0  169.0   54.0  444.0
2021  83  3 24 0000  -43.9  965.2    1.2   71.0   50.0  444.0
2021  83  3 24 0100  -44.1  965.6    1.5  304.0   50.0  444.0
2021  83  3 24 0200  -44.1  965.8    1.1   55.0   50.0  444.0
2021  83  3 24 0300  -44.9  966.3    1.3  340.0   50.0  444.0
2021  83  3 24 0400  -44.9  967.1    1.1   29.0   55.0  444.0
2021  83  3 24 0500  -44.0  967.0    1.2  319.0   56.0  444.0
2021  83  3 24 0600  -45.6  968.0    1.6   38.0   55.0  444.0
2021  83  3 24 0700  -46.2  968.3    1.1   41.0   55.0  444.0
2021  83  3 24 0800  -46.0  968.9    2.2   64.0   56.0  444.0
2021  83  3 24 0900  -45.7  969.9    1.6   73.0   56.0  444.0
2021  83  3 24 1000  -45.9  970.8    0.5  122.0   56.0  444.0
2021  83  3 24 1100  -45.3  971.7    2.0  116.0   55.0  444.0
2021  83  3 24 1200  -45.1  972.1    2.5  110.0   57.0  444.0
2021  83  3 24 1300  -45.7  972.3    1.1  226.0   54.0  444.0
2021  83  3 24 1400  -45.2  973.0    1.8  142.0   57.0  444.0
2021  83  3 24 1500  -44.1  973.7    3.2  241.0   57.0  444.0
2021  83  3 24 1600  -44.1  974.2    1.8  146.0   58.0  444.0
2021  83  3 24 1700  -43.7  974.9    2.1  146.0   58.0  444.0
2021  83  3 24 1800  -40.8  975.3    2.5  164.0   60.0  444.0
2021  83  3 24 1900  -38.2  975.4    2.4  150.0   64.0  444.0
2021  83  3 24 2000  -37.3  975.6    2.4  230.0   61.0  444.0
2021  83  3 24 2100  -38.3  975.9    1.9  206.0   61.0  444.0
2021  83  3 24 2200  -37.0  976.2    3.4  243.0   58.0  444.0
2021  83  3 24 2300  -35.3  977.5    2.5  168.0   59.0  444.0
2021  84  3 25 0000  -34.2  976.9    4.0  211.0   68.0  444.0
2021  84  3 25 0100  -32.8  976.7    4.2  219.0   69.0  444.0
2021  84  3 25 0200  -31.8  976.8    3.7  236.0   69.0  444.0
2021  84  3 25 0300  -30.4  976.4    3.8  222.0   71.0  444.0
2021  84  3 25 0400  -29.5  976.4    2.3  258.0   72.0  444.0
2021  84  3 25 0500  -28.9  976.0    3.2  237.0   73.0  444.0
2021  84  3 25 0600  -28.7  975.5    4.0  263.0   74.0  444.0
2021  84  3 25 0700  -29.1  976.0    2.3  293.0   73.0  444.0
2021  84  3 25 0800  -30.6  976.1    3.0  311.0   74.0  444.0
2021  84  3 25 0900  -31.0  975.9    0.7  334.0   74.0  444.0
2021  84  3 25 1000  -33.7  975.6    2.1  301.0   69.0  444.0
2021  84  3 25 1100  -34.8  975.5    3.1  285.0   69.0  444.0
2021  84  3 25 1200  -33.1  975.3    2.4  264.0   70.0  444.0
2021  84  3 25 1300  -32.6  975.1    1.5  267.0   72.0  444.0
2021  84  3 25 1400  -32.5  975.5    0.6  277.0   70.0  444.0
2021  84  3 25 1500  -32.6  975.0    1.2  280.0   70.0  444.0
2021  84  3 25 1600  -33.0  975.2    1.5  197.0   70.0  444.0
2021  84  3 25 1700  -33.0  975.2    1.5  161.0   70.0  444.0
2021  84  3 25 1800  -33.1  974.9    1.3  162.0   69.0  444.0
2021  84  3 25 1900  -33.1  974.4    1.9  165.0   70.0  444.0
2021  84  3 25 2000  -31.9  974.4    1.6  161.0   72.0  444.0
2021  84  3 25 2100  -31.3  974.3    1.7  153.0   72.0  444.0
2021  84  3 25 2200  -31.2  973.9    4.1  232.0   70.0  444.0
2021  84  3 25 2300  -31.3  973.9    2.0  154.0   72.0  444.0
2021  85  3 26 0000  -31.2  972.9    3.1  183.0   69.0  444.0
2021  85  3 26 0100  -31.5  973.5    1.7  124.0   74.0  444.0
2021  85  3 26 0200  -33.2  972.7    3.5  194.0   69.0  444.0
2021  85  3 26 0300  -33.6  971.9    3.2  207.0   69.0  444.0
2021  85  3 26 0400  -32.8  972.1    1.3  157.0   70.0  444.0
2021  85  3 26 0500  -33.9  972.1  444.0  444.0   69.0  444.0
2021  85  3 26 0600  -34.4  971.6    1.8  223.0   68.0  444.0
2021  85  3 26 0700  -33.1  971.2    2.2  163.0   70.0  444.0
2021  85  3 26 0800  -34.0  970.6    2.5  205.0   68.0  444.0
2021  85  3 26 0900  -33.6  970.7    1.5  255.0   68.0  444.0
2021  85  3 26 1000  -34.8  970.9    0.7  326.0   67.0  444.0
2021  85  3 26 1100  -34.9  970.4    2.2  238.0   68.0  444.0
2021  85  3 26 1200  -33.9  970.2    3.8  212.0   69.0  444.0
2021  85  3 26 1300  -34.0  970.0    2.5  214.0   68.0  444.0
2021  85  3 26 1400  -33.9  969.7    1.7  201.0   68.0  444.0
2021  85  3 26 1500  -34.3  969.4    3.1  240.0   67.0  444.0
2021  85  3 26 1600  -34.6  969.5    1.1  168.0   68.0  444.0
2021  85  3 26 1700  -34.8  969.7    0.1  148.0   68.0  444.0
2021  85  3 26 1800  -34.1  969.6    0.7  206.0   68.0  444.0
2021  85  3 26 1900  -35.4  969.7    1.7  229.0   68.0  444.0
2021  85  3 26 2000  -33.6  969.8    1.3  178.0   69.0  444.0
2021  85  3 26 2100  -33.2  969.4    1.9  195.0   71.0  444.0
2021  85  3 26 2200  -32.9  969.5    2.4  181.0   71.0  444.0
2021  85  3 26 2300  -32.4  970.1    2.3  178.0   72.0  444.0
2021  86  3 27 0000  -32.2  969.9    1.9  167.0   72.0  444.0
2021  86  3 27 0100  -32.6  970.2    1.9  140.0   71.0  444.0
2021  86  3 27 0200  -32.7  970.4    1.9  169.0   71.0  444.0
2021  86  3 27 0300  -28.6  970.5    2.9  121.0   74.0  444.0
2021  86  3 27 0400  -27.3  970.9    4.1  125.0   75.0  444.0
2021  86  3 27 0500  -30.0  971.5    2.4  164.0   71.0  444.0
2021  86  3 27 0600  -30.9  971.7    2.5  178.0   72.0  444.0
2021  86  3 27 0700  -30.5  971.9    2.9  173.0   73.0  444.0
2021  86  3 27 0800  -31.3  972.7    3.6  169.0   71.0  444.0
2021  86  3 27 0900  -31.8  972.9    3.0  142.0   71.0  444.0
2021  86  3 27 1000  -33.1  973.4    3.0  117.0   69.0  444.0
2021  86  3 27 1100  -33.6  974.1    3.6   92.0   69.0  444.0
2021  86  3 27 1200  -33.4  974.4    1.7   80.0   69.0  444.0
2021  86  3 27 1300  -33.7  974.9    1.3  180.0   69.0  444.0
2021  86  3 27 1400  -32.8  975.1    1.1  178.0   71.0  444.0
2021  86  3 27 1500  -33.0  975.3    1.4  225.0   69.0  444.0
2021  86  3 27 1600  -31.0  975.7    1.5  158.0   71.0  444.0
2021  86  3 27 1700  -31.0  976.2    3.6  150.0   72.0  444.0
2021  86  3 27 1800  -29.2  976.1    2.6  120.0   74.0  444.0
2021  86  3 27 1900  -29.3  976.1    0.9   30.0   74.0  444.0
2021  86  3 27 2000  -30.5  976.3    1.2   36.0   73.0  444.0
2021  86  3 27 2100  -30.7  976.6    1.2  172.0   74.0  444.0
2021  86  3 27 2200  -30.0  977.2    1.1  114.0   76.0  444.0
2021  86  3 27 2300  -29.6  977.0    1.1   80.0   78.0  444.0
2021  87  3 28 0000  -30.7  977.4    0.8   40.0   74.0  444.0
2021  87  3 28 0100  -30.2  977.8    0.3   92.0   79.0  444.0
2021  87  3 28 0200  -31.2  978.0    0.9  181.0   74.0  444.0
2021  87  3 28 0300  444.0  978.5    1.3  128.0   76.0  444.0
2021  87  3 28 0400  444.0  978.6    0.9  170.0   76.0  444.0
2021  87  3 28 0500  444.0  978.5    1.3  175.0   78.0  444.0
2021  87  3 28 0600  444.0  978.5    0.7  170.0   79.0  444.0
2021  87  3 28 0700  444.0  978.6    1.5  171.0   79.0  444.0
2021  87  3 28 0800  444.0  979.1    1.0  173.0   79.0  444.0
2021  87  3 28 0900  444.0  978.9    1.0  166.0   79.0  444.0
2021  87  3 28 1000  444.0  978.6    1.0  191.0   80.0  444.0
2021  87  3 28 1100  444.0  978.7    1.0  202.0   79.0  444.0
2021  87  3 28 1200  444.0  978.8    1.3  232.0   76.0  444.0
2021  87  3 28 1300  444.0  978.5    0.9  227.0   75.0  444.0
2021  87  3 28 1400  444.0  978.7    1.2  227.0   74.0  444.0
2021  87  3 28 1500  -31.1  978.4    1.1  221.0   71.0  444.0
2021  87  3 28 1600  -32.3  978.5    0.9  179.0   71.0  444.0
2021  87  3 28 1700  -32.4  978.3    0.8  189.0   71.0  444.0
2021  87  3 28 1800  -32.8  978.0    0.8  236.0   70.0  444.0
2021  87  3 28 1900  -33.0  978.0    0.7  201.0   70.0  444.0
2021  87  3 28 2000  -32.8  977.9    1.0  207.0   70.0  444.0
2021  87  3 28 2100  -32.5  977.7    0.9  201.0   71.0  444.0
2021  87  3 28 2200  -32.4  977.4    0.8  205.0   70.0  444.0
2021  87  3 28 2300  -34.5  977.7    1.0  272.0   69.0  444.0
2021  88  3 29 0000  -34.4  977.6    1.1  253.0   69.0  444.0
2021  88  3 29 0100  -32.8  977.1    1.2  207.0   70.0  444.0
2021  88  3 29 0200  -32.1  976.8    1.0  217.0   70.0  444.0
2021  88  3 29 0300  -32.5  976.4    1.1  205.0   70.0  444.0
2021  88  3 29 0400  -33.5  976.0    0.9  206.0   68.0  444.0
2021  88  3 29 0500  -34.6  975.8    0.8  248.0   68.0  444.0
2021  88  3 29 0600  -36.2  975.8    1.0  288.0   66.0  444.0
2021  88  3 29 0700  -36.3  975.4    1.1  265.0   66.0  444.0
2021  88  3 29 0800  -36.0  974.9    0.6  225.0   67.0  444.0
2021  88  3 29 0900  -36.6  974.6    0.9  232.0   66.0  444.0
2021  88  3 29 1000  -37.1  974.8    1.0  258.0   65.0  444.0
2021  88  3 29 1100  -37.2  974.5    1.0  204.0   66.0  444.0
2021  88  3 29 1200  -36.8  974.4    1.3  214.0   65.0  444.0
2021  88  3 29 1300  -37.5  973.9    1.0  223.0   65.0  444.0
2021  88  3 29 1400  -37.5  973.6    1.0  248.0   65.0  444.0
2021  88  3 29 1500  -37.8  972.9    1.2  233.0   65.0  444.0
2021  88  3 29 1600  -37.2  972.5    1.0  235.0   64.0  444.0
2021  88  3 29 1700  -37.8  972.2    1.2  266.0   64.0  444.0
2021  88  3 29 1800  -37.8  972.2    1.1  257.0   64.0  444.0
2021  88  3 29 1900  -36.9  971.7    1.3  227.0   66.0  444.0
2021  88  3 29 2000  -35.9  971.6    3.0  230.0   67.0  444.0
2021  88  3 29 2100  -34.0  971.3    2.6  229.0   69.0  444.0
2021  88  3 29 2200  -30.9  971.3    3.8  224.0   70.0  444.0
2021  88  3 29 2300  -30.3  971.3    4.0  218.0   71.0  444.0
2021  89  3 30 0000  -30.5  971.2    3.1  216.0   69.0  444.0
2021  89  3 30 0100  -30.7  971.2    1.6  232.0   71.0  444.0
2021  89  3 30 0200  -29.7  971.2    2.6  216.0   71.0  444.0
2021  89  3 30 0300  -33.3  971.3    2.5  274.0   67.0  444.0
2021  89  3 30 0400  -35.4  971.3    2.7  283.0   67.0  444.0
2021  89  3 30 0500  -36.7  971.0    2.9  271.0   66.0  444.0
2021  89  3 30 0600  -37.6  971.1    3.3  258.0   66.0  444.0
2021  89  3 30 0700  -38.2  971.2    2.8  264.0   65.0  444.0
2021  89  3 30 0800  -39.3  971.4    2.6  272.0   64.0  444.0
2021  89  3 30 0900  -40.6  971.4    3.4  268.0   63.0  444.0
2021  89  3 30 1000  -41.2  971.9    2.7  297.0   62.0  444.0
2021  89  3 30 1100  -41.3  972.0    3.6  293.0   62.0  444.0
2021  89  3 30 1200  -41.6  972.0    2.6  296.0   60.0  444.0
2021  89  3 30 1300  -42.4  972.3    2.1  302.0   60.0  444.0
2021  89  3 30 1400  -42.6  972.4    3.0  296.0   60.0  444.0
2021  89  3 30 1500  -43.6  972.4    2.6  315.0   58.0  444.0
2021  89  3 30 1600  -43.7  972.6    2.4  309.0   58.0  444.0
2021  89  3 30 1700  -43.7  972.8    2.3  315.0   58.0  444.0
2021  89  3 30 1800  -43.6  973.0    4.1  326.0   59.0  444.0
2021  89  3 30 1900  -43.9  973.1    2.5  316.0   58.0  444.0
2021  89  3 30 2000  -43.5  973.3    2.4  311.0   58.0  444.0
2021  89  3 30 2100  -42.8  973.3    1.5  309.0   58.0  444.0
2021  89  3 30 2200  -39.0  973.0    1.1  294.0   63.0  444.0
2021  89  3 30 2300  -34.4  973.2    2.5   14.0   68.0  444.0
2021  90  3 31 0000  -31.7  973.4    0.8  200.0   70.0  444.0
2021  90  3 31 0100  -32.3  973.0    2.1  184.0   71.0  444.0
2021  90  3 31 0200  -30.4  972.2    1.1  164.0   74.0  444.0
2021  90  3 31 0300  -28.8  972.0    2.2  182.0   73.0  444.0
2021  90  3 31 0400  -29.3  972.1    1.4  179.0   73.0  444.0
2021  90  3 31 0500  -29.2  971.7    1.5  126.0   74.0  444.0
2021  90  3 31 0600  -28.4  971.5    1.4   94.0   75.0  444.0
2021  90  3 31 0700  -27.8  971.3    1.3   81.0   75.0  444.0
2021  90  3 31 0800  -27.4  970.8    1.1   63.0   75.0  444.0
2021  90  3 31 0900  -27.0  970.3    1.8  116.0   76.0  444.0
2021  90  3 31 1000  -26.5  969.9    3.0  101.0   76.0  444.0
2021  90  3 31 1100  -26.7  969.4    1.6  107.0   76.0  444.0
2021  90  3 31 1200  -27.0  969.1    1.1  135.0   76.0  444.0
2021  90  3 31 1300  -28.1  968.7    1.8  104.0   74.0  444.0
2021  90  3 31 1400  -27.3  968.0    3.1  114.0   76.0  444.0
2021  90  3 31 1500  -25.4  967.2    4.1  115.0   78.0  444.0
2021  90  3 31 1600  -24.6  966.3    4.6  118.0   78.0  444.0
2021  90  3 31 1700  -23.2  965.7    3.9  119.0   80.0  444.0
2021  90  3 31 1800  -21.9  965.1    4.2  123.0   81.0  444.0
2021  90  3 31 1900  -20.6  964.4    5.2   90.0   82.0  444.0
2021  90  3 31 2000  -20.4  964.0    6.2   90.0  444.0  444.0
2021  90  3 31 2100  -21.9  963.8    6.0  100.0   81.0  444.0
2021  90  3 31 2200  -22.7  963.3    6.8  100.0   79.0  444.0
2021  90  3 31 2300  -24.4  962.9    7.4  116.0   77.0  444.0
