Year: 2017  Month: 07  ID: MGT  ARGOS:  8910  Name: Margaret            
Lat: 80.00S  Lon: 165.01W  Elev:   67m
2017 182  7  1 0000  -52.9  967.4    5.7  184.0  444.0  444.0
2017 182  7  1 0100  -52.5  966.8    5.1  170.0   49.0  444.0
2017 182  7  1 0200  -52.3  966.4    5.0  156.0   49.0  444.0
2017 182  7  1 0300  -52.3  966.4    5.2  170.0   49.0  444.0
2017 182  7  1 0400  -50.6  966.5    6.3  154.0   50.0  444.0
2017 182  7  1 0500  -50.8  966.6    5.0  149.0   50.0  444.0
2017 182  7  1 0600  -51.2  967.5    3.6  157.0   50.0  444.0
2017 182  7  1 0700  -51.8  967.9    3.0  176.0   49.0  444.0
2017 182  7  1 0800  -51.8  968.3    3.0  185.0   49.0  444.0
2017 182  7  1 0900  -50.5  968.8    3.7  167.0   51.0  444.0
2017 182  7  1 1000  -49.4  969.6    5.8  164.0   52.0  444.0
2017 182  7  1 1100  -48.3  969.9    3.7  159.0   52.0  444.0
2017 182  7  1 1200  -48.1  970.4    3.8  150.0   53.0  444.0
2017 182  7  1 1300  -47.8  971.1    3.4  165.0   53.0  444.0
2017 182  7  1 1400  -47.5  971.3    3.9  167.0   54.0  444.0
2017 182  7  1 1500  -47.0  972.0    4.1  142.0   55.0  444.0
2017 182  7  1 1600  -46.4  972.8    3.9  161.0   54.0  444.0
2017 182  7  1 1700  -46.2  973.6    5.4  169.0   55.0  444.0
2017 182  7  1 1800  -45.7  974.4    4.6  174.0   55.0  444.0
2017 182  7  1 1900  -45.1  974.5    4.5  164.0   56.0  444.0
2017 182  7  1 2000  -45.8  974.6    1.9  145.0   55.0  444.0
2017 182  7  1 2100  -46.9  975.0    0.6  196.0   54.0  444.0
2017 182  7  1 2200  -47.2  975.3    2.0  196.0   54.0  444.0
2017 182  7  1 2300  -49.8  975.6    1.6  196.0   51.0  444.0
2017 183  7  2 0000  -50.2  975.6    1.0  212.0   51.0  444.0
2017 183  7  2 0100  -50.0  976.4    1.4  237.0   51.0  444.0
2017 183  7  2 0200  -49.3  976.2    2.9  237.0   52.0  444.0
2017 183  7  2 0300  -49.0  976.8    1.7  230.0   52.0  444.0
2017 183  7  2 0400  -49.1  976.8    1.6  243.0   53.0  444.0
2017 183  7  2 0500  -48.2  976.4    1.8  243.0   53.0  444.0
2017 183  7  2 0600  -49.1  976.5    0.6  262.0   52.0  444.0
2017 183  7  2 0700  -49.6  976.6    0.3  262.0   51.0  444.0
2017 183  7  2 0800  -50.8  976.6    1.6  312.0   51.0  444.0
2017 183  7  2 0900  -49.2  975.5    0.3  312.0   52.0  444.0
2017 183  7  2 1000  -48.0  975.5    2.6  352.0   54.0  444.0
2017 183  7  2 1100  -43.6  974.5    3.4   26.0   57.0  444.0
2017 183  7  2 1200  -46.2  974.4    3.3   30.0   55.0  444.0
2017 183  7  2 1300  -47.1  973.9    3.0  317.0   54.0  444.0
2017 183  7  2 1400  -45.8  973.3    2.6   10.0   57.0  444.0
2017 183  7  2 1500  -44.7  972.8    2.7   68.0   57.0  444.0
2017 183  7  2 1600  -43.8  972.8    3.6   98.0   58.0  444.0
2017 183  7  2 1700  -42.4  972.0    3.5   80.0   59.0  444.0
2017 183  7  2 1800  -43.0  971.8    1.7   86.0   58.0  444.0
2017 183  7  2 1900  -43.8  971.4    2.5   97.0   57.0  444.0
2017 183  7  2 2000  -45.3  970.6    2.8  126.0   55.0  444.0
2017 183  7  2 2100  -47.0  970.6    2.7  121.0   54.0  444.0
2017 183  7  2 2200  -48.3  970.2    3.4  119.0   53.0  444.0
2017 183  7  2 2300  -48.0  970.1    3.8  117.0   53.0  444.0
2017 184  7  3 0000  -48.5  969.8    4.0   96.0   53.0  444.0
2017 184  7  3 0100  -48.6  969.7    3.8   90.0   52.0  444.0
2017 184  7  3 0200  -48.9  969.3    2.6   90.0   52.0  444.0
2017 184  7  3 0300  -49.5  969.1    2.9   99.0   51.0  444.0
2017 184  7  3 0400  -49.4  968.8    2.8  100.0   52.0  444.0
2017 184  7  3 0500  -49.7  968.5    3.8  100.0   53.0  444.0
2017 184  7  3 0600  -49.9  968.2    2.7  106.0   51.0  444.0
2017 184  7  3 0700  -49.3  968.2    2.3  124.0   52.0  444.0
2017 184  7  3 0800  -48.2  967.8    2.5  108.0   53.0  444.0
2017 184  7  3 0900  -48.0  967.8    2.5  113.0   53.0  444.0
2017 184  7  3 1000  -47.8  967.9    1.8   74.0   54.0  444.0
2017 184  7  3 1100  -47.0  967.6    0.8   74.0   55.0  444.0
2017 184  7  3 1200  -46.6  967.5    1.9   73.0   55.0  444.0
2017 184  7  3 1300  -47.1  967.4    2.3   73.0   54.0  444.0
2017 184  7  3 1400  -47.0  967.2    2.9   86.0   54.0  444.0
2017 184  7  3 1500  -47.2  966.9    2.9   39.0   54.0  444.0
2017 184  7  3 1600  -47.8  967.0    2.3   41.0   53.0  444.0
2017 184  7  3 1700  -48.5  966.6    2.3   33.0   53.0  444.0
2017 184  7  3 1800  -48.6  966.9    2.6   67.0   53.0  444.0
2017 184  7  3 1900  -47.9  966.5    1.6   67.0   53.0  444.0
2017 184  7  3 2000  -47.5  966.4    3.3   82.0   54.0  444.0
2017 184  7  3 2100  -45.8  966.6    2.7   64.0   56.0  444.0
2017 184  7  3 2200  -44.0  966.2    2.7   58.0   58.0  444.0
2017 184  7  3 2300  -42.9  966.0    2.4  353.0   59.0  444.0
2017 185  7  4 0000  -44.1  966.4    3.8  348.0   57.0  444.0
2017 185  7  4 0100  -47.2  966.5    4.6  347.0   53.0  444.0
2017 185  7  4 0200  -49.2  966.8    5.2  341.0   52.0  444.0
2017 185  7  4 0300  -49.9  967.1    5.4  333.0   51.0  444.0
2017 185  7  4 0400  -49.5  967.4    4.9  331.0   52.0  444.0
2017 185  7  4 0500  -49.0  967.8    4.4  326.0   52.0  444.0
2017 185  7  4 0600  -49.0  967.9    4.5  338.0   53.0  444.0
2017 185  7  4 0700  -48.3  968.2    4.6  330.0   54.0  444.0
2017 185  7  4 0800  -47.7  968.3    5.3  328.0   54.0  444.0
2017 185  7  4 0900  -47.2  969.1    3.2  349.0   55.0  444.0
2017 185  7  4 1000  -46.8  969.4    2.5  359.0   54.0  444.0
2017 185  7  4 1100  -46.3  969.5    2.0   32.0   55.0  444.0
2017 185  7  4 1200  -45.7  969.6    2.1   41.0   56.0  444.0
2017 185  7  4 1300  -44.4  969.8    3.3   66.0   58.0  444.0
2017 185  7  4 1400  -43.2  970.1    2.4   66.0   59.0  444.0
2017 185  7  4 1500  -42.4  970.1    2.7   78.0   59.0  444.0
2017 185  7  4 1600  -41.3  969.9    3.8   74.0   61.0  444.0
2017 185  7  4 1700  -39.1  969.9    3.3   87.0   63.0  444.0
2017 185  7  4 1800  -39.6  969.6    2.7  119.0   61.0  444.0
2017 185  7  4 1900  -41.1  969.8    2.8  108.0   60.0  444.0
2017 185  7  4 2000  -40.8  969.6    2.7  136.0   60.0  444.0
2017 185  7  4 2100  -40.6  969.1    2.7  154.0   61.0  444.0
2017 185  7  4 2200  -40.8  969.0    2.8  124.0   65.0  444.0
2017 185  7  4 2300  -35.3  968.9    3.7   96.0   67.0  444.0
2017 186  7  5 0000  -36.3  968.7    1.8   86.0   66.0  444.0
2017 186  7  5 0100  -36.2  968.5    2.3  124.0   66.0  444.0
2017 186  7  5 0200  -36.2  968.3    3.5  119.0   66.0  444.0
2017 186  7  5 0300  -37.6  968.0    3.3  109.0   64.0  444.0
2017 186  7  5 0400  -38.3  967.6    3.4  130.0   64.0  444.0
2017 186  7  5 0500  -37.9  967.0    3.2  141.0   65.0  444.0
2017 186  7  5 0600  -38.5  966.5    2.5  192.0   64.0  444.0
2017 186  7  5 0700  -39.1  965.9    3.2  188.0   64.0  444.0
2017 186  7  5 0800  -40.0  965.4    2.7  212.0  444.0  444.0
2017 186  7  5 0900  -41.1  964.9    2.8  221.0   61.0  444.0
2017 186  7  5 1000  -41.5  964.0    3.7  208.0   61.0  444.0
2017 186  7  5 1100  -42.6  963.9    2.6  222.0   59.0  444.0
2017 186  7  5 1200  -43.7  963.4    3.0  220.0   59.0  444.0
2017 186  7  5 1300  -44.5  963.2    2.2  220.0   58.0  444.0
2017 186  7  5 1400  -44.9  962.5    2.5  241.0   57.0  444.0
2017 186  7  5 1500  -45.5  962.3    2.9  241.0   57.0  444.0
2017 186  7  5 1600  -46.6  962.0    2.7  241.0   55.0  444.0
2017 186  7  5 1700  -47.1  961.4    2.9  241.0   56.0  444.0
2017 186  7  5 1800  -46.7  961.2    3.7  250.0   55.0  444.0
2017 186  7  5 1900  -46.4  960.8    2.8  254.0   55.0  444.0
2017 186  7  5 2000  -46.7  960.5    3.4  278.0   55.0  444.0
2017 186  7  5 2100  -45.6  960.0    3.4  278.0   57.0  444.0
2017 186  7  5 2200  -43.5  959.1    4.3  283.0   59.0  444.0
2017 186  7  5 2300  -43.8  958.7    3.3  278.0   58.0  444.0
2017 187  7  6 0000  -44.3  958.5    3.9  283.0   58.0  444.0
2017 187  7  6 0100  -41.8  958.7    3.3  281.0   60.0  444.0
2017 187  7  6 0200  -43.6  958.5    3.6  289.0   59.0  444.0
2017 187  7  6 0300  -43.9  958.3    3.1  286.0   58.0  444.0
2017 187  7  6 0400  -43.2  958.1    3.5  294.0   59.0  444.0
2017 187  7  6 0500  -40.0  958.0    4.0  298.0   63.0  444.0
2017 187  7  6 0600  -40.5  958.1    3.0  314.0   62.0  444.0
2017 187  7  6 0700  -42.0  958.4    3.4  315.0   60.0  444.0
2017 187  7  6 0800  -43.2  958.4    3.4  319.0   59.0  444.0
2017 187  7  6 0900  -42.9  958.4    2.9  323.0   59.0  444.0
2017 187  7  6 1000  -43.3  958.7    3.4  344.0   59.0  444.0
2017 187  7  6 1100  -44.1  958.4    3.6  336.0   58.0  444.0
2017 187  7  6 1200  -41.3  958.6    4.2  329.0   62.0  444.0
2017 187  7  6 1300  -39.8  958.6    3.6  331.0   63.0  444.0
2017 187  7  6 1400  -40.1  958.5    5.1  336.0   61.0  444.0
2017 187  7  6 1500  -43.2  958.9    3.5  346.0   59.0  444.0
2017 187  7  6 1600  -44.3  958.5    3.7  343.0   58.0  444.0
2017 187  7  6 1700  -44.6  958.1    3.5  334.0   58.0  444.0
2017 187  7  6 1800  -45.3  958.4    1.6  332.0   56.0  444.0
2017 187  7  6 1900  -46.9  958.1    1.9   18.0   55.0  444.0
2017 187  7  6 2000  -43.2  958.1    2.1  352.0   62.0  444.0
2017 187  7  6 2100  -41.0  958.8    1.7  328.0   61.0  444.0
2017 187  7  6 2200  -41.4  958.5    1.6  344.0   61.0  444.0
2017 187  7  6 2300  -41.4  958.4    1.0  344.0   61.0  444.0
2017 188  7  7 0000  -41.3  958.5    1.0  344.0   61.0  444.0
2017 188  7  7 0100  -42.3  958.7    1.2  344.0   59.0  444.0
2017 188  7  7 0200  -43.2  958.8    1.2  344.0   59.0  444.0
2017 188  7  7 0300  -43.4  958.5    0.2  344.0   59.0  444.0
2017 188  7  7 0400  -43.4  958.3    1.2  332.0   58.0  444.0
2017 188  7  7 0500  -43.8  958.1    0.6  332.0   58.0  444.0
2017 188  7  7 0600  -43.3  958.5    1.1  251.0   59.0  444.0
2017 188  7  7 0700  -42.4  958.4    0.1  285.0   60.0  444.0
2017 188  7  7 0800  -41.0  958.3    2.4  241.0   62.0  444.0
2017 188  7  7 0900  -41.6  958.4    2.9  212.0   60.0  444.0
2017 188  7  7 1000  -44.0  957.6    1.7  273.0   57.0  444.0
2017 188  7  7 1100  -45.0  957.1    0.9  344.0   59.0  444.0
2017 188  7  7 1200  -46.1  957.2    1.8  306.0   56.0  444.0
2017 188  7  7 1300  -46.8  957.1    1.9  326.0   55.0  444.0
2017 188  7  7 1400  -47.3  956.6    2.1  304.0   54.0  444.0
2017 188  7  7 1500  -47.6  956.6    2.8  352.0   54.0  444.0
2017 188  7  7 1600  -48.6  956.4    1.6    9.0   54.0  444.0
2017 188  7  7 1700  -49.5  957.0    2.6   78.0   51.0  444.0
2017 188  7  7 1800  -50.3  957.2    2.8   79.0   51.0  444.0
2017 188  7  7 1900  -48.6  957.7    2.9   80.0   53.0  444.0
2017 188  7  7 2000  -47.9  957.9    2.9   97.0   55.0  444.0
2017 188  7  7 2100  -45.6  958.3    2.4  109.0   57.0  444.0
2017 188  7  7 2200  -40.6  958.3    3.1  112.0   61.0  444.0
2017 188  7  7 2300  -39.8  958.8    3.4  103.0   62.0  444.0
2017 189  7  8 0000  -38.7  959.2    2.7  154.0   63.0  444.0
2017 189  7  8 0100  -40.9  959.3    3.5  134.0   61.0  444.0
2017 189  7  8 0200  -41.1  959.6    4.5  138.0   61.0  444.0
2017 189  7  8 0300  -40.4  960.0    2.0  141.0   62.0  444.0
2017 189  7  8 0400  -39.8  960.4    3.4  133.0   63.0  444.0
2017 189  7  8 0500  -38.1  960.8    3.2  136.0   65.0  444.0
2017 189  7  8 0600  -37.0  960.9    1.4  130.0   67.0  444.0
2017 189  7  8 0700  -36.1  961.2    1.9  126.0   67.0  444.0
2017 189  7  8 0800  -35.7  961.8    2.5  160.0   67.0  444.0
2017 189  7  8 0900  -36.3  962.1    0.4  234.0   67.0  444.0
2017 189  7  8 1000  -36.6  962.4    2.1  153.0   66.0  444.0
2017 189  7  8 1100  -36.8  962.8    1.4  167.0   66.0  444.0
2017 189  7  8 1200  -36.8  963.0    1.9  138.0   66.0  444.0
2017 189  7  8 1300  -36.4  962.9    1.7  132.0   67.0  444.0
2017 189  7  8 1400  -35.8  963.1    0.0    0.0   68.0  444.0
2017 189  7  8 1500  -35.5  963.4    0.7   51.0   68.0  444.0
2017 189  7  8 1600  -35.6  963.5    0.3   51.0   67.0  444.0
2017 189  7  8 1700  -35.8  963.4    0.2   51.0   68.0  444.0
2017 189  7  8 1800  -35.3  963.6    1.4   40.0  444.0  444.0
2017 189  7  8 1900  -35.0  964.0    1.7  352.0   69.0  444.0
2017 189  7  8 2000  -34.7  964.5    0.7  272.0   69.0  444.0
2017 189  7  8 2100  -34.6  964.7    0.3  272.0   69.0  444.0
2017 189  7  8 2200  -34.5  964.8    1.2  300.0   69.0  444.0
2017 189  7  8 2300  -35.5  965.0    2.7  314.0   67.0  444.0
2017 190  7  9 0000  -35.7  965.0    3.3  323.0   67.0  444.0
2017 190  7  9 0100  -37.2  965.3    3.2  328.0   64.0  444.0
2017 190  7  9 0200  -39.2  965.7    1.5  292.0   64.0  444.0
2017 190  7  9 0300  -38.0  966.1    3.0  330.0   66.0  444.0
2017 190  7  9 0400  -36.6  966.3    2.9  323.0   68.0  444.0
2017 190  7  9 0500  -35.8  966.3    3.6  335.0   68.0  444.0
2017 190  7  9 0600  -35.3  966.3    3.9  340.0   69.0  444.0
2017 190  7  9 0700  -35.2  966.5    3.6  340.0   68.0  444.0
2017 190  7  9 0800  -35.4  966.9    3.2  327.0   68.0  444.0
2017 190  7  9 0900  -35.4  966.9    4.0  345.0   68.0  444.0
2017 190  7  9 1000  -35.7  966.8    3.8  353.0   68.0  444.0
2017 190  7  9 1100  -35.7  966.9    3.8  337.0   68.0  444.0
2017 190  7  9 1200  -35.5  967.2    3.8  332.0   68.0  444.0
2017 190  7  9 1300  -35.3  967.0    4.0  325.0   69.0  444.0
2017 190  7  9 1400  -35.4  966.9    3.6  329.0   68.0  444.0
2017 190  7  9 1500  -35.3  967.1    3.8  317.0   69.0  444.0
2017 190  7  9 1600  -41.3  967.5    2.1  268.0   60.0  444.0
2017 190  7  9 1700  -46.4  967.5    2.5  256.0   56.0  444.0
2017 190  7  9 1800  -51.8  968.4    2.9  247.0   51.0  444.0
2017 190  7  9 1900  -53.0  968.6    2.6  252.0   50.0  444.0
2017 190  7  9 2000  -54.2  968.7    3.1  262.0   48.0  444.0
2017 190  7  9 2100  -55.4  969.5    3.4  248.0  444.0  444.0
2017 190  7  9 2200  -55.7  970.4    2.8  260.0   47.0  444.0
2017 190  7  9 2300  -56.0  970.7    2.5  243.0   47.0  444.0
2017 191  7 10 0000  -56.2  971.4    2.0  255.0   47.0  444.0
2017 191  7 10 0100  -56.4  972.2    2.4  255.0   46.0  444.0
2017 191  7 10 0200  -56.6  973.1    2.1  251.0  444.0  444.0
2017 191  7 10 0300  -56.9  974.0    2.8  245.0   46.0  444.0
2017 191  7 10 0400  -56.7  974.7    2.7  245.0   46.0  444.0
2017 191  7 10 0500  -56.4  975.4    3.7  224.0   46.0  444.0
2017 191  7 10 0600  -56.0  976.7    3.5  219.0   47.0  444.0
2017 191  7 10 0700  -55.9  978.2    3.2  211.0   46.0  444.0
2017 191  7 10 0800  -56.1  979.8    3.4  217.0   46.0  444.0
2017 191  7 10 0900  -56.2  981.5    3.0  216.0   46.0  444.0
2017 191  7 10 1000  -56.2  983.1    3.0  223.0   46.0  444.0
2017 191  7 10 1100  -55.9  984.9    2.8  216.0   46.0  444.0
2017 191  7 10 1200  -56.0  986.1    2.4  230.0   46.0  444.0
2017 191  7 10 1300  -56.3  987.4    1.7  213.0   46.0  444.0
2017 191  7 10 1400  -56.5  988.8    1.5  235.0   46.0  444.0
2017 191  7 10 1500  -56.5  990.3    2.2  304.0   45.0  444.0
2017 191  7 10 1600  -56.6  990.9    2.3  321.0   45.0  444.0
2017 191  7 10 1700  -56.5  991.9    2.4  334.0   45.0  444.0
2017 191  7 10 1800  -56.5  992.8    2.0  306.0  444.0  444.0
2017 191  7 10 1900  -55.9  993.7    1.6  310.0   46.0  444.0
2017 191  7 10 2000  -55.8  995.1    1.7  299.0   46.0  444.0
2017 191  7 10 2100  -55.6  995.7    1.1  326.0   46.0  444.0
2017 191  7 10 2200  -55.9  996.8    2.1   19.0   45.0  444.0
2017 191  7 10 2300  -56.6  997.5    1.7  346.0  444.0  444.0
2017 192  7 11 0000  -56.0  998.1    1.9  327.0  444.0  444.0
2017 192  7 11 0100  -54.7  998.3    1.3  297.0   48.0  444.0
2017 192  7 11 0200  -53.8  998.4    0.0    0.0   49.0  444.0
2017 192  7 11 0300  -52.9  998.6    0.6  291.0   49.0  444.0
2017 192  7 11 0400  -51.2  998.2    1.1   98.0   50.0  444.0
2017 192  7 11 0500  -49.4  998.5    2.5   69.0   52.0  444.0
2017 192  7 11 0600  -49.6  997.8    1.4  105.0   53.0  444.0
2017 192  7 11 0700  -48.6  997.5    1.6  143.0   55.0  444.0
2017 192  7 11 0800  -45.4  996.7    3.3  128.0   58.0  444.0
2017 192  7 11 0900  -40.1  995.7    4.9  106.0   63.0  444.0
2017 192  7 11 1000  -39.3  994.4    7.4  101.0   63.0  444.0
2017 192  7 11 1100  -40.6  993.0    9.6   93.0   61.0  444.0
2017 192  7 11 1200  -42.8  991.4    9.9  104.0   60.0  444.0
2017 192  7 11 1300  -42.0  989.4   10.6  105.0   60.0  444.0
2017 192  7 11 1400  -41.7  987.4   10.5  103.0   61.0  444.0
2017 192  7 11 1500  -40.3  983.9   12.1  106.0   62.0  444.0
2017 192  7 11 1600  -40.5  981.7   12.0  109.0   62.0  444.0
2017 192  7 11 1700  -39.7  979.1   10.8  109.0   63.0  444.0
2017 192  7 11 1800  -38.1  975.9   11.4  106.0   65.0  444.0
2017 192  7 11 1900  -36.4  973.1   11.9  102.0   66.0  444.0
2017 192  7 11 2000  -34.7  970.7   11.0  102.0   69.0  444.0
2017 192  7 11 2100  -32.5  968.2   10.4   96.0   71.0  444.0
2017 192  7 11 2200  -30.6  966.2    9.7   92.0   72.0  444.0
2017 192  7 11 2300  -28.8  964.2    8.4   85.0   75.0  444.0
2017 193  7 12 0000  -17.6  962.2   10.7    4.0   86.0  444.0
2017 193  7 12 0100  -16.3  960.2   13.9  357.0   89.0  444.0
2017 193  7 12 0200  -15.6  959.1   13.3    7.0   90.0  444.0
2017 193  7 12 0300  -15.6  958.1   12.1  356.0   89.0  444.0
2017 193  7 12 0400  -18.9  958.2   12.6  351.0   85.0  444.0
2017 193  7 12 0500  -20.4  957.3   12.7  350.0   85.0  444.0
2017 193  7 12 0600  -21.6  956.8   12.1  351.0   83.0  444.0
2017 193  7 12 0700  -25.2  956.3   13.0  336.0   79.0  444.0
2017 193  7 12 0800  -28.0  956.1   15.9  346.0   76.0  444.0
2017 193  7 12 0900  -29.1  956.1   16.0  340.0   76.0  444.0
2017 193  7 12 1000  -30.7  956.4   16.3  348.0   74.0  444.0
2017 193  7 12 1100  -30.2  956.9   14.8  346.0   74.0  444.0
2017 193  7 12 1200  -31.9  959.0   14.6  324.0   72.0  444.0
2017 193  7 12 1300  -34.5  960.8   13.4  322.0   70.0  444.0
2017 193  7 12 1400  -35.5  961.6   13.3  322.0   69.0  444.0
2017 193  7 12 1500  -37.9  962.9   10.9  328.0   66.0  444.0
2017 193  7 12 1600  -38.8  963.7   11.1  334.0   65.0  444.0
2017 193  7 12 1700  -39.7  963.9   10.5  334.0   64.0  444.0
2017 193  7 12 1800  -39.7  964.5   10.2  329.0   64.0  444.0
2017 193  7 12 1900  -40.6  964.9    8.9  329.0   63.0  444.0
2017 193  7 12 2000  -41.2  965.2    8.3  332.0   62.0  444.0
2017 193  7 12 2100  -41.8  965.7    7.3  321.0   62.0  444.0
2017 193  7 12 2200  -42.4  965.8    7.6  325.0   60.0  444.0
2017 193  7 12 2300  -43.9  966.2    5.5  335.0   59.0  444.0
2017 194  7 13 0000  -44.7  966.2    4.8  328.0   59.0  444.0
2017 194  7 13 0100  -45.2  966.3    5.5  326.0   58.0  444.0
2017 194  7 13 0200  -45.7  966.0    5.9  324.0   57.0  444.0
2017 194  7 13 0300  -46.4  966.0    6.0  338.0   56.0  444.0
2017 194  7 13 0400  -47.8  966.3    6.0  352.0   55.0  444.0
2017 194  7 13 0500  -48.2  966.0    6.6  348.0   54.0  444.0
2017 194  7 13 0600  -48.1  965.5    5.5  349.0   55.0  444.0
2017 194  7 13 0700  -47.5  965.0    5.2  357.0   55.0  444.0
2017 194  7 13 0800  -47.5  964.8    5.6  356.0   56.0  444.0
2017 194  7 13 0900  -46.9  964.4    5.3  352.0   56.0  444.0
2017 194  7 13 1000  -45.6  963.7    5.4  351.0   57.0  444.0
2017 194  7 13 1100  -45.3  963.4    5.3  354.0   57.0  444.0
2017 194  7 13 1200  -45.7  962.8    4.5    7.0   56.0  444.0
2017 194  7 13 1300  -47.3  962.3  444.0  444.0   55.0  444.0
2017 194  7 13 1400  -46.6  962.2  444.0  444.0   56.0  444.0
2017 194  7 13 1500  -48.3  962.1  444.0  444.0   54.0  444.0
2017 194  7 13 1600  -47.0  961.7  444.0  444.0   55.0  444.0
2017 194  7 13 1700  -45.5  961.7  444.0  444.0   57.0  444.0
2017 194  7 13 1800  -45.3  961.4  444.0  444.0   55.0  444.0
2017 194  7 13 1900  -45.5  961.4  444.0  444.0   56.0  444.0
2017 194  7 13 2000  -45.3  961.4  444.0  444.0   57.0  444.0
2017 194  7 13 2100  -45.6  961.5  444.0  444.0   57.0  444.0
2017 194  7 13 2200  -45.7  961.6  444.0  444.0   57.0  444.0
2017 194  7 13 2300  -44.8  962.0  444.0  444.0   58.0  444.0
2017 195  7 14 0000  -41.9  962.2  444.0  444.0   62.0  444.0
2017 195  7 14 0100  -42.8  963.0    1.9  356.0   59.0  444.0
2017 195  7 14 0200  -42.0  963.2    1.8   14.0   60.0  444.0
2017 195  7 14 0300  -42.9  963.4    3.0   14.0   59.0  444.0
2017 195  7 14 0400  -44.1  963.4    2.2   19.0   56.0  444.0
2017 195  7 14 0500  -48.5  964.4    4.6  323.0   53.0  444.0
2017 195  7 14 0600  -49.8  964.8    3.0  350.0   52.0  444.0
2017 195  7 14 0700  -50.2  965.2    4.1  357.0   52.0  444.0
2017 195  7 14 0800  -50.8  965.5    2.3    1.0   51.0  444.0
2017 195  7 14 0900  -50.2  965.8    4.3    1.0   52.0  444.0
2017 195  7 14 1000  -49.0  966.4    3.7  341.0   54.0  444.0
2017 195  7 14 1100  -48.4  966.6    3.5  338.0   54.0  444.0
2017 195  7 14 1200  -47.5  966.3    2.7  332.0   55.0  444.0
2017 195  7 14 1300  -46.2  966.3    2.3    8.0   57.0  444.0
2017 195  7 14 1400  -45.0  966.6    0.5  359.0   57.0  444.0
2017 195  7 14 1500  -44.6  966.6    2.0   31.0   57.0  444.0
2017 195  7 14 1600  -45.3  966.4    0.7   31.0   56.0  444.0
2017 195  7 14 1700  -48.1  966.7    1.3    7.0   53.0  444.0
2017 195  7 14 1800  -50.5  966.9    2.7  332.0   51.0  444.0
2017 195  7 14 1900  -51.8  966.9    3.3  297.0   51.0  444.0
2017 195  7 14 2000  -53.1  967.4  444.0  444.0   48.0  444.0
2017 195  7 14 2100  -54.8  968.0  444.0  444.0   47.0  444.0
2017 195  7 14 2200  -55.4  968.1  444.0  444.0   46.0  444.0
2017 195  7 14 2300  -55.8  968.9  444.0  444.0   46.0  444.0
2017 196  7 15 0000  -57.3  969.0  444.0  444.0   44.0  444.0
2017 196  7 15 0100  -57.8  969.4  444.0  444.0   43.0  444.0
2017 196  7 15 0200  -58.3  970.0  444.0  444.0   44.0  444.0
2017 196  7 15 0300  -58.6  970.4  444.0  444.0   43.0  444.0
2017 196  7 15 0400  -58.9  971.1  444.0  444.0   43.0  444.0
2017 196  7 15 0500  -59.1  971.7  444.0  444.0   42.0  444.0
2017 196  7 15 0600  -59.6  972.0  444.0  444.0   41.0  444.0
2017 196  7 15 0700  -59.5  972.5  444.0  444.0   41.0  444.0
2017 196  7 15 0800  -59.8  973.5  444.0  444.0   41.0  444.0
2017 196  7 15 0900  -59.4  973.8  444.0  444.0   42.0  444.0
2017 196  7 15 1000  -59.7  974.5  444.0  444.0   41.0  444.0
2017 196  7 15 1100  -60.4  975.1  444.0  444.0   40.0  444.0
2017 196  7 15 1200  -60.3  975.2  444.0  444.0   40.0  444.0
2017 196  7 15 1300  -60.3  975.6  444.0  444.0   41.0  444.0
2017 196  7 15 1400  -60.2  975.4  444.0  444.0   41.0  444.0
2017 196  7 15 1500  -59.1  976.1  444.0  444.0   42.0  444.0
2017 196  7 15 1600  -59.1  976.4  444.0  444.0   41.0  444.0
2017 196  7 15 1700  -59.0  976.7  444.0  444.0   42.0  444.0
2017 196  7 15 1800  -61.0  977.0  444.0  444.0   40.0  444.0
2017 196  7 15 1900  -61.1  977.0  444.0  444.0   39.0  444.0
2017 196  7 15 2000  -61.5  977.8  444.0  444.0   39.0  444.0
2017 196  7 15 2100  -60.9  978.0  444.0  444.0   39.0  444.0
2017 196  7 15 2200  -61.4  978.6  444.0  444.0   39.0  444.0
2017 196  7 15 2300  -60.2  978.7  444.0  444.0   41.0  444.0
2017 197  7 16 0000  -60.1  978.9  444.0  444.0   40.0  444.0
2017 197  7 16 0100  -61.5  979.3  444.0  444.0   39.0  444.0
2017 197  7 16 0200  -61.2  979.0  444.0  444.0   39.0  444.0
2017 197  7 16 0300  -61.3  979.7  444.0  444.0   39.0  444.0
2017 197  7 16 0400  -59.9  979.6  444.0  444.0   43.0  444.0
2017 197  7 16 0500  -55.3  979.7  444.0  444.0   45.0  444.0
2017 197  7 16 0600  -57.3  979.5  444.0  444.0   41.0  444.0
2017 197  7 16 0700  -57.4  979.9  444.0  444.0   43.0  444.0
2017 197  7 16 0800  -59.7  980.0  444.0  444.0   41.0  444.0
2017 197  7 16 0900  -59.8  979.6  444.0  444.0   41.0  444.0
2017 197  7 16 1000  -59.5  979.8  444.0  444.0   43.0  444.0
2017 197  7 16 1100  -57.6  979.7  444.0  444.0   43.0  444.0
2017 197  7 16 1200  -58.8  979.3  444.0  444.0   41.0  444.0
2017 197  7 16 1300  -59.7  979.0  444.0  444.0   41.0  444.0
2017 197  7 16 1400  -60.0  978.8  444.0  444.0   40.0  444.0
2017 197  7 16 1500  -59.9  979.0  444.0  444.0   40.0  444.0
2017 197  7 16 1600  -60.2  978.3  444.0  444.0   40.0  444.0
2017 197  7 16 1700  -60.2  977.7  444.0  444.0   40.0  444.0
2017 197  7 16 1800  -60.6  977.7  444.0  444.0   40.0  444.0
2017 197  7 16 1900  -60.7  977.8  444.0  444.0   39.0  444.0
2017 197  7 16 2000  -61.1  978.1  444.0  444.0   39.0  444.0
2017 197  7 16 2100  -60.0  978.3  444.0  444.0   41.0  444.0
2017 197  7 16 2200  -60.0  978.4  444.0  444.0   40.0  444.0
2017 197  7 16 2300  -60.2  978.3  444.0  444.0   40.0  444.0
2017 198  7 17 0000  -59.9  978.7  444.0  444.0   41.0  444.0
2017 198  7 17 0100  -59.4  978.7  444.0  444.0   40.0  444.0
2017 198  7 17 0200  -60.0  978.6  444.0  444.0   40.0  444.0
2017 198  7 17 0300  -60.4  978.4  444.0  444.0   40.0  444.0
2017 198  7 17 0400  -60.2  977.8  444.0  444.0   40.0  444.0
2017 198  7 17 0500  -60.7  977.6  444.0  444.0   40.0  444.0
2017 198  7 17 0600  -60.8  977.2  444.0  444.0   39.0  444.0
2017 198  7 17 0700  -60.9  977.2  444.0  444.0   39.0  444.0
2017 198  7 17 0800  -61.1  976.2  444.0  444.0   39.0  444.0
2017 198  7 17 0900  -61.2  976.2  444.0  444.0   38.0  444.0
2017 198  7 17 1000  -61.5  975.6  444.0  444.0   38.0  444.0
2017 198  7 17 1100  -61.9  975.1  444.0  444.0   38.0  444.0
2017 198  7 17 1200  -62.0  974.6  444.0  444.0   38.0  444.0
2017 198  7 17 1300  -61.7  974.2  444.0  444.0   38.0  444.0
2017 198  7 17 1400  -61.6  973.3  444.0  444.0   38.0  444.0
2017 198  7 17 1500  -61.9  973.1  444.0  444.0   38.0  444.0
2017 198  7 17 1600  -62.5  973.0  444.0  444.0   37.0  444.0
2017 198  7 17 1700  -63.0  971.9  444.0  444.0   37.0  444.0
2017 198  7 17 1800  -62.8  971.3  444.0  444.0   37.0  444.0
2017 198  7 17 1900  -62.7  971.0  444.0  444.0   37.0  444.0
2017 198  7 17 2000  -62.8  970.4  444.0  444.0   37.0  444.0
2017 198  7 17 2100  -63.4  970.1  444.0  444.0   37.0  444.0
2017 198  7 17 2200  -63.5  969.2  444.0  444.0   36.0  444.0
2017 198  7 17 2300  -63.3  968.4  444.0  444.0   37.0  444.0
2017 199  7 18 0000  -63.3  967.5  444.0  444.0   37.0  444.0
2017 199  7 18 0100  -62.9  966.7  444.0  444.0   37.0  444.0
2017 199  7 18 0200  -62.8  965.7  444.0  444.0   37.0  444.0
2017 199  7 18 0300  -63.0  965.3  444.0  444.0   37.0  444.0
2017 199  7 18 0400  -61.1  963.8    4.8  194.0   39.0  444.0
2017 199  7 18 0500  -61.4  963.3    2.8  201.0   38.0  444.0
2017 199  7 18 0600  -59.2  962.4    3.6  187.0   40.0  444.0
2017 199  7 18 0700  -58.5  961.9    3.7  180.0   41.0  444.0
2017 199  7 18 0800  -59.3  961.1    3.0  176.0   40.0  444.0
2017 199  7 18 0900  -59.3  960.6    3.5  176.0   40.0  444.0
2017 199  7 18 1000  -59.5  959.8    3.5  176.0   40.0  444.0
2017 199  7 18 1100  -59.3  958.9    4.1  176.0   40.0  444.0
2017 199  7 18 1200  -59.7  958.3    3.4  176.0   40.0  444.0
2017 199  7 18 1300  -59.7  958.1  444.0  444.0   39.0  444.0
2017 199  7 18 1400  -60.4  957.5  444.0  444.0   39.0  444.0
2017 199  7 18 1500  -61.1  956.8  444.0  444.0   38.0  444.0
2017 199  7 18 1600  -60.6  956.2  444.0  444.0   39.0  444.0
2017 199  7 18 1700  -60.9  955.3  444.0  444.0   38.0  444.0
2017 199  7 18 1800  -61.0  954.6  444.0  444.0   39.0  444.0
2017 199  7 18 1900  -61.1  954.2  444.0  444.0   39.0  444.0
2017 199  7 18 2000  -61.5  953.4  444.0  444.0   38.0  444.0
2017 199  7 18 2100  -61.7  953.1  444.0  444.0   38.0  444.0
2017 199  7 18 2200  -62.6  952.5  444.0  444.0   36.0  444.0
2017 199  7 18 2300  -63.9  952.6  444.0  444.0  444.0  444.0
2017 200  7 19 0000  -64.7  952.7    2.8  167.0   35.0  444.0
2017 200  7 19 0100  -64.0  952.9    3.5  145.0   35.0  444.0
2017 200  7 19 0200  -63.6  952.7    3.8  146.0   35.0  444.0
2017 200  7 19 0300  -64.1  952.9    4.0  154.0   36.0  444.0
2017 200  7 19 0400  -63.8  952.9    3.6  153.0  444.0  444.0
2017 200  7 19 0500  -63.3  953.1    2.9  141.0   36.0  444.0
2017 200  7 19 0600  -62.9  952.9    3.1  138.0   37.0  444.0
2017 200  7 19 0700  -63.4  953.0    3.0  160.0   36.0  444.0
2017 200  7 19 0800  -62.8  953.0    2.9  144.0   37.0  444.0
2017 200  7 19 0900  -62.5  953.5    2.7  153.0  444.0  444.0
2017 200  7 19 1000  -62.2  953.6    3.3  140.0   37.0  444.0
2017 200  7 19 1100  -60.4  953.5    4.0  142.0   39.0  444.0
2017 200  7 19 1200  -59.6  953.9    3.5  147.0   40.0  444.0
2017 200  7 19 1300  -58.5  953.8    4.5  148.0   41.0  444.0
2017 200  7 19 1400  -58.5  954.4    4.7  144.0   41.0  444.0
2017 200  7 19 1500  -58.5  955.2    4.7  161.0   41.0  444.0
2017 200  7 19 1600  -59.0  955.6    3.8  162.0   40.0  444.0
2017 200  7 19 1700  -58.8  955.7    4.2  160.0   41.0  444.0
2017 200  7 19 1800  -58.6  956.1    3.4  150.0   41.0  444.0
2017 200  7 19 1900  -58.8  956.7    3.3  162.0   41.0  444.0
2017 200  7 19 2000  -59.0  957.1    3.6  164.0   41.0  444.0
2017 200  7 19 2100  -58.7  957.1    4.0  161.0   41.0  444.0
2017 200  7 19 2200  -57.8  957.7    3.8  138.0   42.0  444.0
2017 200  7 19 2300  -57.1  958.0    3.9  143.0   43.0  444.0
2017 201  7 20 0000  -54.6  958.1    3.9  164.0   45.0  444.0
2017 201  7 20 0100  -54.2  958.5    4.3  163.0   45.0  444.0
2017 201  7 20 0200  -54.7  958.8    4.6  152.0  444.0  444.0
2017 201  7 20 0300  -51.6  959.2    5.4  145.0   49.0  444.0
2017 201  7 20 0400  -50.9  959.7    5.0  145.0   49.0  444.0
2017 201  7 20 0500  -50.9  960.2    5.3  136.0   49.0  444.0
2017 201  7 20 0600  -50.6  960.5    6.2  136.0   49.0  444.0
2017 201  7 20 0700  -50.4  961.3    8.0  136.0  444.0  444.0
2017 201  7 20 0800  -46.0  961.8    8.6  135.0   54.0  444.0
2017 201  7 20 0900  -44.0  961.9    6.9  144.0   56.0  444.0
2017 201  7 20 1000  -41.8  961.9    6.8  141.0   60.0  444.0
2017 201  7 20 1100  -40.1  961.3    9.6  153.0   61.0  444.0
2017 201  7 20 1200  -41.1  960.3    7.6  164.0  444.0  444.0
2017 201  7 20 1300  -41.4  959.1    8.6  170.0   60.0  444.0
2017 201  7 20 1400  -42.1  957.9    5.8  179.0   59.0  444.0
2017 201  7 20 1500  -42.1  956.6    7.4  169.0   59.0  444.0
2017 201  7 20 1600  -41.5  955.5    7.8  164.0   60.0  444.0
2017 201  7 20 1700  -41.3  954.9    5.8  151.0  444.0  444.0
2017 201  7 20 1800  -38.1  954.0    8.5  157.0   64.0  444.0
2017 201  7 20 1900  -37.9  953.0    7.5  138.0   65.0  444.0
2017 201  7 20 2000  -37.6  952.0    7.9  158.0   64.0  444.0
2017 201  7 20 2100  -37.0  949.9    9.5  166.0   66.0  444.0
2017 201  7 20 2200  -33.3  949.0   11.5  156.0   69.0  444.0
2017 201  7 20 2300  -32.0  947.2   10.9  162.0   72.0  444.0
2017 202  7 21 0000  -30.9  946.5   10.7  153.0  444.0  444.0
2017 202  7 21 0100  -32.2  946.4   12.7  118.0   70.0  444.0
2017 202  7 21 0200  -39.6  948.0   10.6  116.0   63.0  444.0
2017 202  7 21 0300  -41.3  948.5   10.1  112.0   62.0  444.0
2017 202  7 21 0400  -41.5  949.9    7.4  108.0   62.0  444.0
2017 202  7 21 0500  -41.6  951.2    4.3  110.0  444.0  444.0
2017 202  7 21 0600  -42.7  951.8    3.0  108.0   60.0  444.0
2017 202  7 21 0700  -42.6  951.9    3.4  346.0   61.0  444.0
2017 202  7 21 0800  -40.6  952.5    1.8  288.0   63.0  444.0
2017 202  7 21 0900  -36.9  953.7    3.4  283.0   66.0  444.0
2017 202  7 21 1000  -35.5  954.7    4.8  293.0  444.0  444.0
2017 202  7 21 1100  -35.4  954.1    8.3  328.0   69.0  444.0
2017 202  7 21 1200  -35.0  955.3    6.1  333.0   69.0  444.0
2017 202  7 21 1300  -33.2  956.7    7.0  356.0   70.0  444.0
2017 202  7 21 1400  -33.0  957.8   11.1  354.0   71.0  444.0
2017 202  7 21 1500  -33.4  960.1    8.4  358.0  444.0  444.0
2017 202  7 21 1600  -33.9  962.3    7.0   12.0   70.0  444.0
2017 202  7 21 1700  -34.8  963.7    6.8   16.0   69.0  444.0
2017 202  7 21 1800  -36.6  966.0    5.1   43.0   67.0  444.0
2017 202  7 21 1900  -39.8  967.9    3.7   89.0   62.0  444.0
2017 202  7 21 2000  -41.3  969.2    4.8   99.0   62.0  444.0
2017 202  7 21 2100  -43.0  970.4    4.1  113.0   60.0  444.0
2017 202  7 21 2200  -42.9  971.0    3.9  122.0   59.0  444.0
2017 202  7 21 2300  -42.8  971.6    4.3  134.0   59.0  444.0
2017 203  7 22 0000  -45.8  971.7    4.5  134.0   57.0  444.0
2017 203  7 22 0100  -46.5  972.4    4.4  124.0   56.0  444.0
2017 203  7 22 0200  -48.6  973.2    4.4  137.0   54.0  444.0
2017 203  7 22 0300  -48.8  973.5    3.1  123.0  444.0  444.0
2017 203  7 22 0400  -49.7  973.7    3.8  157.0   52.0  444.0
2017 203  7 22 0500  -50.5  974.0    5.0  153.0   52.0  444.0
2017 203  7 22 0600  -50.6  974.4    4.2  158.0   51.0  444.0
2017 203  7 22 0700  -49.8  974.9    4.9  152.0   53.0  444.0
2017 203  7 22 0800  -49.8  975.3    4.5  166.0  444.0  444.0
2017 203  7 22 0900  -50.5  975.6    4.2  162.0   52.0  444.0
2017 203  7 22 1000  -51.0  975.8    2.4  168.0   50.0  444.0
2017 203  7 22 1100  -51.9  975.9    3.2  182.0   50.0  444.0
2017 203  7 22 1200  -50.6  975.8    2.5  189.0   51.0  444.0
2017 203  7 22 1300  -49.6  976.0    3.6  187.0   52.0  444.0
2017 203  7 22 1400  -47.0  976.9    3.7  162.0   56.0  444.0
2017 203  7 22 1500  -43.6  977.6    4.3  169.0   60.0  444.0
2017 203  7 22 1600  -41.1  977.9    5.2  163.0   62.0  444.0
2017 203  7 22 1700  -40.0  978.8    5.4  153.0   63.0  444.0
2017 203  7 22 1800  -41.2  979.3    4.8  161.0   61.0  444.0
2017 203  7 22 1900  -43.1  979.6    5.9  156.0   59.0  444.0
2017 203  7 22 2000  -43.2  981.2    4.5  159.0   59.0  444.0
2017 203  7 22 2100  -44.3  982.2    4.4  137.0   58.0  444.0
2017 203  7 22 2200  -44.5  983.7    4.1  121.0   57.0  444.0
2017 203  7 22 2300  -44.4  985.0    3.8   96.0   58.0  444.0
2017 204  7 23 0000  -39.7  986.5    2.6   83.0   63.0  444.0
2017 204  7 23 0100  -38.3  988.1    3.1  104.0   66.0  444.0
2017 204  7 23 0200  -35.3  988.9    2.0  126.0   68.0  444.0
2017 204  7 23 0300  -37.6  990.0    1.0  190.0   65.0  444.0
2017 204  7 23 0400  -38.7  991.2    2.9  179.0   64.0  444.0
2017 204  7 23 0500  -37.4  992.1    1.0  138.0   65.0  444.0
2017 204  7 23 0600  -37.0  993.0    2.9  141.0   69.0  444.0
2017 204  7 23 0700  -34.7  994.2    3.9   91.0   70.0  444.0
2017 204  7 23 0800  -32.0  995.5    4.7   89.0   72.0  444.0
2017 204  7 23 0900  -31.8  996.4    4.8  102.0   71.0  444.0
2017 204  7 23 1000  -32.7  997.1    4.5   99.0   70.0  444.0
2017 204  7 23 1100  -34.2  998.1    3.9  100.0   69.0  444.0
2017 204  7 23 1200  -35.3  998.5    4.2  106.0   68.0  444.0
2017 204  7 23 1300  -36.6  999.0    3.9  104.0   67.0  444.0
2017 204  7 23 1400  -35.8  999.4    2.7   96.0   67.0  444.0
2017 204  7 23 1500  -34.4  999.9    3.9  112.0   69.0  444.0
2017 204  7 23 1600  -33.5  999.5    2.8   78.0   69.0  444.0
2017 204  7 23 1700  -33.1  999.5    2.1   76.0   72.0  444.0
2017 204  7 23 1800  -30.9  999.4    2.6   58.0   71.0  444.0
2017 204  7 23 1900  -30.2  999.2    3.1   70.0   72.0  444.0
2017 204  7 23 2000  -31.3  999.3    2.3   73.0   72.0  444.0
2017 204  7 23 2100  -32.2  998.6    1.8   97.0   71.0  444.0
2017 204  7 23 2200  -31.2  998.3    2.8   90.0   75.0  444.0
2017 204  7 23 2300  -27.4  997.7    3.8   95.0   77.0  444.0
2017 205  7 24 0000  -24.5  997.1    3.8   95.0   79.0  444.0
2017 205  7 24 0100  -24.5  996.4    4.0   92.0   80.0  444.0
2017 205  7 24 0200  -23.9  995.6    3.7   94.0   80.0  444.0
2017 205  7 24 0300  -25.1  994.4    4.3   95.0   79.0  444.0
2017 205  7 24 0400  -24.6  993.6    3.9   94.0   80.0  444.0
2017 205  7 24 0500  -25.5  993.2    4.8   90.0   79.0  444.0
2017 205  7 24 0600  -26.3  992.4    3.7   93.0   78.0  444.0
2017 205  7 24 0700  -27.4  991.5    4.0  110.0   76.0  444.0
2017 205  7 24 0800  -28.6  990.5    4.8  109.0   76.0  444.0
2017 205  7 24 0900  -29.0  989.7    4.5  119.0   75.0  444.0
2017 205  7 24 1000  -28.2  989.0    4.4  104.0   77.0  444.0
2017 205  7 24 1100  -27.5  988.3    5.8  111.0   77.0  444.0
2017 205  7 24 1200  -28.1  987.7    5.1  103.0   76.0  444.0
2017 205  7 24 1300  -28.4  986.9    5.5  112.0   76.0  444.0
2017 205  7 24 1400  -28.2  986.6    5.3  123.0   76.0  444.0
2017 205  7 24 1500  -28.6  985.8    6.6  135.0   76.0  444.0
2017 205  7 24 1600  -29.5  985.5    6.4  135.0   75.0  444.0
2017 205  7 24 1700  -30.1  984.8    7.9  141.0   74.0  444.0
2017 205  7 24 1800  -30.2  985.2    4.1  116.0   74.0  444.0
2017 205  7 24 1900  -31.4  984.7    4.6  126.0   73.0  444.0
2017 205  7 24 2000  -32.0  984.6    4.6  123.0   71.0  444.0
2017 205  7 24 2100  -34.1  984.2    4.8  121.0   69.0  444.0
2017 205  7 24 2200  -35.5  984.5    2.5  128.0   69.0  444.0
2017 205  7 24 2300  -36.0  984.5    1.5  177.0   68.0  444.0
2017 206  7 25 0000  -35.7  984.3    3.2  136.0   68.0  444.0
2017 206  7 25 0100  -35.3  984.1    4.1  116.0  444.0  444.0
2017 206  7 25 0200  -35.5  984.2    3.6  129.0   67.0  444.0
2017 206  7 25 0300  -37.2  984.1    2.9   98.0   66.0  444.0
2017 206  7 25 0400  -38.9  984.2    3.5  124.0   64.0  444.0
2017 206  7 25 0500  -38.7  984.1    2.5   69.0   65.0  444.0
2017 206  7 25 0600  -39.7  984.3    2.6  113.0   63.0  444.0
2017 206  7 25 0700  -40.4  984.2    2.9  115.0   63.0  444.0
2017 206  7 25 0800  -39.7  984.2    1.7  109.0   63.0  444.0
2017 206  7 25 0900  -39.5  984.3    3.1  133.0   63.0  444.0
2017 206  7 25 1000  -39.0  983.9    3.1  126.0   64.0  444.0
2017 206  7 25 1100  -37.7  984.0    3.9  123.0   66.0  444.0
2017 206  7 25 1200  -37.9  984.0    3.0  148.0   64.0  444.0
2017 206  7 25 1300  -38.8  983.2    4.5  142.0   64.0  444.0
2017 206  7 25 1400  -39.6  982.1    5.7  140.0   64.0  444.0
2017 206  7 25 1500  -40.2  981.8    5.7  129.0   63.0  444.0
2017 206  7 25 1600  -37.9  981.5    5.2  121.0   65.0  444.0
2017 206  7 25 1700  -38.3  980.2    6.9  134.0   65.0  444.0
2017 206  7 25 1800  -39.8  979.3    3.0  130.0  444.0  444.0
2017 206  7 25 1900  -40.0  978.9    6.7  128.0   63.0  444.0
2017 206  7 25 2000  -37.9  977.3    8.3  135.0   66.0  444.0
2017 206  7 25 2100  -34.0  975.8   10.2  133.0   69.0  444.0
2017 206  7 25 2200  -31.4  973.6   10.7  130.0   74.0  444.0
2017 206  7 25 2300  -30.1  972.6   11.0  132.0   73.0  444.0
2017 207  7 26 0000  -29.3  970.5   12.6  137.0   75.0  444.0
2017 207  7 26 0100  -28.4  968.9   12.2  130.0   76.0  444.0
2017 207  7 26 0200  -27.4  966.9   12.0  135.0   77.0  444.0
2017 207  7 26 0300  -25.5  965.4   11.5  143.0   79.0  444.0
2017 207  7 26 0400  -24.6  964.3   11.2  136.0  444.0  444.0
2017 207  7 26 0500  -24.7  964.4   10.2  139.0   80.0  444.0
2017 207  7 26 0600  -24.6  965.1    6.6  132.0   80.0  444.0
2017 207  7 26 0700  -24.1  965.9    4.5  117.0   81.0  444.0
2017 207  7 26 0800  -22.7  967.3    2.0   82.0   82.0  444.0
2017 207  7 26 0900  -20.4  967.8    6.4  335.0   84.0  444.0
2017 207  7 26 1000  -21.0  968.5    4.1  320.0   84.0  444.0
2017 207  7 26 1100  -21.6  969.0    2.2  346.0   84.0  444.0
2017 207  7 26 1200  -22.2  968.8    0.4  349.0   81.0  444.0
2017 207  7 26 1300  -25.6  968.1    2.9  139.0   78.0  444.0
2017 207  7 26 1400  -28.1  967.8    2.7  139.0   76.0  444.0
2017 207  7 26 1500  -26.1  966.9    3.5  138.0   79.0  444.0
2017 207  7 26 1600  -25.2  965.8    4.8  124.0   80.0  444.0
2017 207  7 26 1700  -23.8  964.4    5.6  131.0   81.0  444.0
2017 207  7 26 1800  -23.0  963.3    5.2  133.0   81.0  444.0
2017 207  7 26 1900  -22.1  962.2    4.8  142.0   82.0  444.0
2017 207  7 26 2000  -21.0  960.9    4.9  123.0   84.0  444.0
2017 207  7 26 2100  -21.4  959.5    3.9  165.0   83.0  444.0
2017 207  7 26 2200  -23.1  957.4    6.3  174.0   82.0  444.0
2017 207  7 26 2300  -24.8  956.1    8.4  169.0   80.0  444.0
2017 208  7 27 0000  -24.8  955.2    9.6  169.0   80.0  444.0
2017 208  7 27 0100  -23.7  955.1    8.8  153.0   81.0  444.0
2017 208  7 27 0200  -23.4  954.3    8.7  157.0  444.0  444.0
2017 208  7 27 0300  -23.6  954.5    6.1  147.0   81.0  444.0
2017 208  7 27 0400  -24.5  954.9    4.6  163.0   79.0  444.0
2017 208  7 27 0500  -26.6  955.2    2.6  190.0   77.0  444.0
2017 208  7 27 0600  -27.2  956.4    0.6   46.0   78.0  444.0
2017 208  7 27 0700  -23.6  957.0    4.5  335.0   81.0  444.0
2017 208  7 27 0800  -22.9  957.2    3.9  336.0   82.0  444.0
2017 208  7 27 0900  -21.8  957.4    1.7  329.0   83.0  444.0
2017 208  7 27 1000  -20.5  957.4    0.5  352.0   84.0  444.0
2017 208  7 27 1100  -21.3  956.8    2.6   81.0   83.0  444.0
2017 208  7 27 1200  -21.9  956.9    4.1  105.0   83.0  444.0
2017 208  7 27 1300  -19.5  957.0    4.9  103.0   85.0  444.0
2017 208  7 27 1400  -16.8  956.9    5.3   84.0   88.0  444.0
2017 208  7 27 1500  -15.9  956.9    5.0   70.0   89.0  444.0
2017 208  7 27 1600  -15.6  957.1    4.5   66.0   90.0  444.0
2017 208  7 27 1700  -15.0  957.1    3.9   61.0   90.0  444.0
2017 208  7 27 1800  -16.4  957.6    4.8   71.0   89.0  444.0
2017 208  7 27 1900  -19.0  957.9    3.7   87.0   86.0  444.0
2017 208  7 27 2000  -17.5  958.4    5.7   92.0   88.0  444.0
2017 208  7 27 2100  -17.7  958.6    4.4   88.0   87.0  444.0
2017 208  7 27 2200  -18.6  958.9    3.7  106.0   87.0  444.0
2017 208  7 27 2300  -18.2  959.3    3.2   97.0   87.0  444.0
2017 209  7 28 0000  -17.9  959.4    3.4  160.0   87.0  444.0
2017 209  7 28 0100  -18.2  959.8    4.8  116.0   87.0  444.0
2017 209  7 28 0200  -17.9  959.5    4.7  159.0   86.0  444.0
2017 209  7 28 0300  -17.1  959.0    6.8  134.0   88.0  444.0
2017 209  7 28 0400  -19.7  959.2    6.6  114.0   85.0  444.0
2017 209  7 28 0500  -20.3  959.7    5.3  128.0   84.0  444.0
2017 209  7 28 0600  -20.4  959.9    5.3  111.0   85.0  444.0
2017 209  7 28 0700  -21.3  960.6    3.9  148.0   83.0  444.0
2017 209  7 28 0800  -21.9  960.6    5.6  158.0   83.0  444.0
2017 209  7 28 0900  -25.6  960.7    3.2  168.0   78.0  444.0
2017 209  7 28 1000  -27.5  960.5    4.7  170.0   77.0  444.0
2017 209  7 28 1100  -28.1  960.9    2.5  187.0   77.0  444.0
2017 209  7 28 1200  -29.8  960.9    1.0  193.0   74.0  444.0
2017 209  7 28 1300  -29.9  960.6    1.8  205.0   75.0  444.0
2017 209  7 28 1400  -29.6  961.0    0.8  205.0   75.0  444.0
2017 209  7 28 1500  -30.6  961.1    2.9  214.0   73.0  444.0
2017 209  7 28 1600  -33.0  960.7  444.0  444.0   71.0  444.0
2017 209  7 28 1700  -34.4  960.6  444.0  444.0   70.0  444.0
2017 209  7 28 1800  -35.1  960.6  444.0  444.0   69.0  444.0
2017 209  7 28 1900  -35.3  960.7  444.0  444.0   68.0  444.0
2017 209  7 28 2000  -36.2  960.8  444.0  444.0   67.0  444.0
2017 209  7 28 2100  -37.0  960.9  444.0  444.0   66.0  444.0
2017 209  7 28 2200  -37.8  960.9  444.0  444.0   65.0  444.0
2017 209  7 28 2300  -38.6  960.8  444.0  444.0   65.0  444.0
2017 210  7 29 0000  -39.7  960.7  444.0  444.0   64.0  444.0
2017 210  7 29 0100  -40.1  960.6  444.0  444.0   64.0  444.0
2017 210  7 29 0200  -40.3  960.7  444.0  444.0   63.0  444.0
2017 210  7 29 0300  -41.0  960.5  444.0  444.0   62.0  444.0
2017 210  7 29 0400  -41.2  960.4  444.0  444.0   62.0  444.0
2017 210  7 29 0500  -41.6  960.2  444.0  444.0   62.0  444.0
2017 210  7 29 0600  -42.3  960.5  444.0  444.0   61.0  444.0
2017 210  7 29 0700  -42.8  960.7  444.0  444.0   60.0  444.0
2017 210  7 29 0800  -42.8  960.7  444.0  444.0   59.0  444.0
2017 210  7 29 0900  -42.9  961.1  444.0  444.0   59.0  444.0
2017 210  7 29 1000  -44.2  961.4  444.0  444.0   58.0  444.0
2017 210  7 29 1100  -44.8  961.6  444.0  444.0   57.0  444.0
2017 210  7 29 1200  -45.2  961.6  444.0  444.0   57.0  444.0
2017 210  7 29 1300  -46.0  962.0  444.0  444.0   56.0  444.0
2017 210  7 29 1400  -46.2  962.2  444.0  444.0   57.0  444.0
2017 210  7 29 1500  -46.2  962.3  444.0  444.0   56.0  444.0
2017 210  7 29 1600  -46.5  963.1  444.0  444.0   56.0  444.0
2017 210  7 29 1700  -46.8  963.6  444.0  444.0   55.0  444.0
2017 210  7 29 1800  -47.6  963.6  444.0  444.0   55.0  444.0
2017 210  7 29 1900  -47.1  963.8  444.0  444.0   55.0  444.0
2017 210  7 29 2000  -47.8  964.0  444.0  444.0   54.0  444.0
2017 210  7 29 2100  -48.1  964.7  444.0  444.0   54.0  444.0
2017 210  7 29 2200  -48.5  965.1  444.0  444.0   53.0  444.0
2017 210  7 29 2300  -48.1  965.7  444.0  444.0   53.0  444.0
2017 211  7 30 0000  -47.4  966.4  444.0  444.0   56.0  444.0
2017 211  7 30 0100  -45.5  966.6  444.0  444.0   57.0  444.0
2017 211  7 30 0200  -45.8  967.1  444.0  444.0   56.0  444.0
2017 211  7 30 0300  -46.9  967.1    2.0  144.0   55.0  444.0
2017 211  7 30 0400  -45.5  967.9    0.8  353.0   56.0  444.0
2017 211  7 30 0500  -46.6  968.5    2.0  142.0   57.0  444.0
2017 211  7 30 0600  -45.5  968.8    2.6  134.0   57.0  444.0
2017 211  7 30 0700  -46.6  968.7    4.1  151.0   55.0  444.0
2017 211  7 30 0800  -45.7  969.3    1.2   99.0   56.0  444.0
2017 211  7 30 0900  -43.8  969.1    3.2  108.0   59.0  444.0
2017 211  7 30 1000  -41.2  969.6    2.5  103.0   62.0  444.0
2017 211  7 30 1100  -39.6  970.0    2.8  131.0   64.0  444.0
2017 211  7 30 1200  -38.4  969.9    5.0  130.0   64.0  444.0
2017 211  7 30 1300  -39.4  970.1    6.0  135.0   63.0  444.0
2017 211  7 30 1400  -39.3  970.1    5.3  126.0   64.0  444.0
2017 211  7 30 1500  -37.3  969.9    4.3  127.0   66.0  444.0
2017 211  7 30 1600  -37.0  969.6    4.4  116.0   66.0  444.0
2017 211  7 30 1700  -36.2  969.5    4.5  122.0   67.0  444.0
2017 211  7 30 1800  -35.9  969.8    3.0  128.0   67.0  444.0
2017 211  7 30 1900  -37.4  969.7    3.1  131.0   66.0  444.0
2017 211  7 30 2000  -37.4  970.0    4.2  132.0   66.0  444.0
2017 211  7 30 2100  -37.5  970.0    4.5  140.0   66.0  444.0
2017 211  7 30 2200  -38.0  970.2    3.2  129.0   65.0  444.0
2017 211  7 30 2300  -38.3  970.1    2.9  135.0   65.0  444.0
2017 212  7 31 0000  -38.9  970.2    4.6  148.0   64.0  444.0
2017 212  7 31 0100  -39.3  969.8    4.0  152.0   63.0  444.0
2017 212  7 31 0200  -40.1  969.9    3.9  159.0   63.0  444.0
2017 212  7 31 0300  -41.8  969.6    5.0  144.0   62.0  444.0
2017 212  7 31 0400  -43.1  969.2    4.1  162.0   60.0  444.0
2017 212  7 31 0500  -46.6  969.1    4.2  172.0   55.0  444.0
2017 212  7 31 0600  -47.6  969.4    3.9  166.0   55.0  444.0
2017 212  7 31 0700  -46.8  969.0    3.8  159.0   57.0  444.0
2017 212  7 31 0800  -46.8  968.7    3.6  170.0   56.0  444.0
2017 212  7 31 0900  -47.5  968.7    4.6  177.0   55.0  444.0
2017 212  7 31 1000  -46.8  968.6    3.9  152.0   56.0  444.0
2017 212  7 31 1100  -47.3  968.4    4.8  174.0   55.0  444.0
2017 212  7 31 1200  -48.0  968.1    3.5  171.0   54.0  444.0
2017 212  7 31 1300  -48.9  968.1    3.6  177.0   53.0  444.0
2017 212  7 31 1400  -49.2  967.6    3.7  196.0   53.0  444.0
2017 212  7 31 1500  -50.1  967.2    4.0  184.0   52.0  444.0
2017 212  7 31 1600  -49.4  967.3    2.9  165.0   53.0  444.0
2017 212  7 31 1700  -48.4  967.3    2.8  172.0   54.0  444.0
2017 212  7 31 1800  -48.1  967.2    3.6  182.0   54.0  444.0
2017 212  7 31 1900  -48.0  967.0    3.0  181.0   55.0  444.0
2017 212  7 31 2000  -48.1  967.2    4.0  186.0   54.0  444.0
2017 212  7 31 2100  -49.0  966.8    2.8  190.0   53.0  444.0
2017 212  7 31 2200  -49.6  966.8    3.4  187.0   53.0  444.0
2017 212  7 31 2300  -49.7  966.7    2.9  187.0   52.0  444.0
