Year: 2022  Month: 01  ID: MGT  ARGOS:  8910  Name: Margaret            
Lat: 80.00S  Lon: 165.01W  Elev:   67m
2022   1  1  1 0000  444.0  974.6    0.6  295.0  444.0  444.0
2022   1  1  1 0100  444.0  974.8    1.1  318.0   31.0  444.0
2022   1  1  1 0200  444.0  974.7    1.1  283.0   32.0  444.0
2022   1  1  1 0300  444.0  974.9    1.2  261.0   48.0  444.0
2022   1  1  1 0400  444.0  975.2    1.3  266.0   38.0  444.0
2022   1  1  1 0500   -8.8  975.5    1.9  254.0   51.0  444.0
2022   1  1  1 0600  444.0  975.8    0.5  254.0   48.0  444.0
2022   1  1  1 0700  444.0  976.2    0.5  244.0   68.0  444.0
2022   1  1  1 0800  444.0  976.5    0.8  284.0   81.0  444.0
2022   1  1  1 0900  444.0  976.9    1.0  262.0   73.0  444.0
2022   1  1  1 1000  444.0  977.3    1.0  310.0   80.0  444.0
2022   1  1  1 1100  444.0  977.7    0.0    0.0   64.0  444.0
2022   1  1  1 1200  444.0  978.4    0.0    0.0   50.0  444.0
2022   1  1  1 1300  444.0  978.9    0.2  338.0   48.0  444.0
2022   1  1  1 1400  444.0  979.0    0.6    3.0   58.0  444.0
2022   1  1  1 1500  444.0  979.2    0.8  249.0   45.0  444.0
2022   1  1  1 1600  444.0  979.5    0.0    0.0   27.0  444.0
2022   1  1  1 1700  444.0  980.1    1.0   57.0   64.0  444.0
2022   1  1  1 1800  444.0  980.5    0.2   48.0   33.0  444.0
2022   1  1  1 1900  444.0  981.0    1.2   44.0   60.0  444.0
2022   1  1  1 2000  444.0  981.5    1.0   29.0   49.0  444.0
2022   1  1  1 2100   -6.5  981.7    1.8   22.0   55.0  444.0
2022   1  1  1 2200  444.0  981.9    0.8   53.0   43.0  444.0
2022   1  1  1 2300  444.0  982.2    1.1   40.0   47.0  444.0
2022   2  1  2 0000  444.0  982.5    1.1   73.0   28.0  444.0
2022   2  1  2 0100  444.0  982.6    1.3   43.0   64.0  444.0
2022   2  1  2 0200  444.0  982.7    1.1   82.0   33.0  444.0
2022   2  1  2 0300   -4.8  982.6    1.7   72.0   62.0  444.0
2022   2  1  2 0400  444.0  982.8    1.3   90.0   46.0  444.0
2022   2  1  2 0500   -3.8  982.8    2.1   83.0   55.0  444.0
2022   2  1  2 0600   -2.7  982.9    2.6   50.0   87.0  444.0
2022   2  1  2 0700   -2.7  983.0    1.8   52.0   77.0  444.0
2022   2  1  2 0800   -3.6  983.1    2.2   66.0   74.0  444.0
2022   2  1  2 0900   -5.0  983.1    2.0   59.0   84.0  444.0
2022   2  1  2 1000  444.0  983.2    1.3   60.0   80.0  444.0
2022   2  1  2 1100  444.0  983.4    1.1   73.0   68.0  444.0
2022   2  1  2 1200   -4.3  983.5    1.6   46.0   84.0  444.0
2022   2  1  2 1300   -2.6  983.2    1.5  353.0   72.0  444.0
2022   2  1  2 1400   -3.0  983.0    1.5   10.0   76.0  444.0
2022   2  1  2 1500   -2.9  982.9    1.3  359.0   71.0  444.0
2022   2  1  2 1600   -2.9  982.9    1.8  339.0   73.0  444.0
2022   2  1  2 1700  444.0  982.9    0.5  350.0   46.0  444.0
2022   2  1  2 1800   -2.7  983.0    1.6  353.0   62.0  444.0
2022   2  1  2 1900  444.0  983.0    0.9  354.0   46.0  444.0
2022   2  1  2 2000  444.0  983.0    1.2   16.0   57.0  444.0
2022   2  1  2 2100   -2.5  983.0    1.6   30.0   64.0  444.0
2022   2  1  2 2200   -2.3  982.9    1.8    2.0   58.0  444.0
2022   2  1  2 2300   -2.7  983.0    2.1   14.0   65.0  444.0
2022   3  1  3 0000   -2.4  983.1    2.5  353.0   68.0  444.0
2022   3  1  3 0100   -2.2  983.2    2.3  357.0   64.0  444.0
2022   3  1  3 0200   -2.3  983.2    2.2  356.0   68.0  444.0
2022   3  1  3 0300   -2.3  983.3    2.6  353.0   72.0  444.0
2022   3  1  3 0400   -2.3  983.3    2.4    9.0   67.0  444.0
2022   3  1  3 0500   -2.4  983.5    1.9   17.0   71.0  444.0
2022   3  1  3 0600   -2.7  983.9    2.1   20.0   75.0  444.0
2022   3  1  3 0700   -3.0  984.2    2.6   47.0   85.0  444.0
2022   3  1  3 0800   -3.7  984.3    2.3   54.0   87.0  444.0
2022   3  1  3 0900   -3.7  984.6    2.0   39.0   85.0  444.0
2022   3  1  3 1000   -3.9  984.9    1.7   63.0   84.0  444.0
2022   3  1  3 1100   -4.6  985.4    1.7  126.0   67.0  444.0
2022   3  1  3 1200   -5.6  985.8    1.8   98.0   72.0  444.0
2022   3  1  3 1300  444.0  986.2    1.2  196.0   82.0  444.0
2022   3  1  3 1400  444.0  986.5    1.5  135.0   69.0  444.0
2022   3  1  3 1500  444.0  986.7    1.3  157.0   64.0  444.0
2022   3  1  3 1600  444.0  987.1    1.4  160.0   62.0  444.0
2022   3  1  3 1700  444.0  987.5    0.5   39.0   57.0  444.0
2022   3  1  3 1800   -3.3  988.0    1.0   66.0   56.0  444.0
2022   3  1  3 1900   -3.7  988.5    2.1   71.0   55.0  444.0
2022   3  1  3 2000  444.0  988.8    0.8   84.0   25.0  444.0
2022   3  1  3 2100   -4.4  989.2    2.8  111.0   40.0  444.0
2022   3  1  3 2200   -4.2  989.5    2.7   89.0   34.0  444.0
2022   3  1  3 2300   -6.6  989.9    3.8   89.0   50.0  444.0
2022   4  1  4 0000   -6.3  990.3    4.1  104.0   44.0  444.0
2022   4  1  4 0100   -6.8  990.4    4.5  115.0   60.0  444.0
2022   4  1  4 0200   -7.1  990.5    4.6  117.0   55.0  444.0
2022   4  1  4 0300   -8.0  990.5    4.0  127.0   66.0  444.0
2022   4  1  4 0400   -8.1  990.5    4.4  121.0   67.0  444.0
2022   4  1  4 0500   -8.0  990.7    3.6  120.0   60.0  444.0
2022   4  1  4 0600   -8.3  990.9    3.9  115.0   71.0  444.0
2022   4  1  4 0700   -7.7  990.9    5.0   99.0   76.0  444.0
2022   4  1  4 0800   -7.3  990.9    4.1  102.0   76.0  444.0
2022   4  1  4 0900   -7.6  990.9    2.8   99.0   72.0  444.0
2022   4  1  4 1000   -7.6  990.8    2.2   90.0   74.0  444.0
2022   4  1  4 1100   -8.3  990.9    1.8   96.0   71.0  444.0
2022   4  1  4 1200   -9.3  990.9    1.8  149.0   83.0  444.0
2022   4  1  4 1300   -8.8  990.8    1.4  108.0   58.0  444.0
2022   4  1  4 1400  444.0  990.6    1.0  161.0   51.0  444.0
2022   4  1  4 1500  444.0  990.5    1.1  127.0   63.0  444.0
2022   4  1  4 1600  444.0  990.2    1.4  128.0   60.0  444.0
2022   4  1  4 1700   -8.1  990.1    1.8  131.0   53.0  444.0
2022   4  1  4 1800   -8.3  990.0    1.8  127.0  444.0  444.0
2022   4  1  4 1900   -7.7  990.2    2.0  146.0   53.0  444.0
2022   4  1  4 2000   -7.2  990.1    3.4  131.0   60.0  444.0
2022   4  1  4 2100   -7.3  989.9    3.0  126.0   54.0  444.0
2022   4  1  4 2200   -6.7  989.7    2.2  131.0   48.0  444.0
2022   4  1  4 2300   -6.8  989.5    2.3  126.0  444.0  444.0
2022   5  1  5 0000   -7.6  989.3    3.8  200.0   67.0  444.0
2022   5  1  5 0100   -7.5  989.2    3.7  207.0   63.0  444.0
2022   5  1  5 0200   -7.9  989.1    2.8  218.0   58.0  444.0
2022   5  1  5 0300   -8.6  988.8    4.0  204.0   63.0  444.0
2022   5  1  5 0400   -7.8  988.6    1.2  162.0  444.0  444.0
2022   5  1  5 0500   -9.1  988.4    2.0  178.0   41.0  444.0
2022   5  1  5 0600  444.0  988.3    1.3  207.0   46.0  444.0
2022   5  1  5 0700  -10.7  988.2    1.3  233.0   72.0  444.0
2022   5  1  5 0800  444.0  987.9    1.3  266.0   76.0  444.0
2022   5  1  5 0900  444.0  987.9    0.6  318.0   64.0  444.0
2022   5  1  5 1000  444.0  987.8    0.6  312.0   71.0  444.0
2022   5  1  5 1100  444.0  987.8    1.1  341.0   72.0  444.0
2022   5  1  5 1200  444.0  987.7    1.5  352.0   73.0  444.0
2022   5  1  5 1300  444.0  987.7    1.3  354.0   74.0  444.0
2022   5  1  5 1400  444.0  987.7    1.2   18.0   75.0  444.0
2022   5  1  5 1500  444.0  987.8    1.2  224.0   65.0  444.0
2022   5  1  5 1600  444.0  987.7    1.0  212.0   55.0  444.0
2022   5  1  5 1700  444.0  987.8    0.1   78.0   34.0  444.0
2022   5  1  5 1800  444.0  988.2    0.6  134.0   32.0  444.0
2022   5  1  5 1900   -8.1  988.3    1.9  112.0   44.0  444.0
2022   5  1  5 2000   -7.6  988.4    1.9  124.0   42.0  444.0
2022   5  1  5 2100   -7.7  988.4    2.2  151.0  444.0  444.0
2022   5  1  5 2200   -7.6  988.7    2.9  147.0   44.0  444.0
2022   5  1  5 2300   -7.7  988.8    3.1  157.0   44.0  444.0
2022   6  1  6 0000   -7.6  989.0    3.6  156.0   43.0  444.0
2022   6  1  6 0100   -7.9  989.1    3.5  157.0   50.0  444.0
2022   6  1  6 0200   -8.0  989.1    2.8  173.0  444.0  444.0
2022   6  1  6 0300   -8.0  989.0    2.8  188.0   60.0  444.0
2022   6  1  6 0400   -8.2  989.0    2.4  210.0   67.0  444.0
2022   6  1  6 0500   -8.1  989.0    2.6  208.0   68.0  444.0
2022   6  1  6 0600   -8.4  989.1    2.6  213.0   71.0  444.0
2022   6  1  6 0700   -8.5  989.1    2.9  219.0   74.0  444.0
2022   6  1  6 0800   -8.5  989.1    3.0  220.0   77.0  444.0
2022   6  1  6 0900   -7.9  989.1    2.9  212.0   80.0  444.0
2022   6  1  6 1000   -8.2  989.2    2.8  212.0   81.0  444.0
2022   6  1  6 1100   -9.8  989.2    2.9  212.0   82.0  444.0
2022   6  1  6 1200  -11.0  989.2    2.9  229.0   71.0  444.0
2022   6  1  6 1300  -11.7  989.1    2.2  225.0   72.0  444.0
2022   6  1  6 1400  -12.1  989.1    2.3  233.0   66.0  444.0
2022   6  1  6 1500   -9.8  989.0    2.8  235.0   72.0  444.0
2022   6  1  6 1600   -9.3  988.8    3.8  222.0   73.0  444.0
2022   6  1  6 1700   -9.4  988.7    5.2  235.0   74.0  444.0
2022   6  1  6 1800   -9.1  988.6    1.7  243.0   47.0  444.0
2022   6  1  6 1900  -11.2  988.6    2.3  296.0   73.0  444.0
2022   6  1  6 2000   -9.4  988.6    3.8  271.0   70.0  444.0
2022   6  1  6 2100   -8.8  988.4    2.9  298.0   70.0  444.0
2022   6  1  6 2200   -8.7  988.2    5.1  311.0   74.0  444.0
2022   6  1  6 2300   -8.6  988.1    5.5  335.0   73.0  444.0
2022   7  1  7 0000   -8.8  987.6    5.2  339.0  444.0  444.0
2022   7  1  7 0100   -8.4  987.5    4.7  332.0   66.0  444.0
2022   7  1  7 0200   -8.4  987.1    4.9  328.0   71.0  444.0
2022   7  1  7 0300   -8.8  986.7    4.6  358.0   81.0  444.0
2022   7  1  7 0400   -8.8  986.0    4.5    7.0   81.0  444.0
2022   7  1  7 0500   -8.8  985.5    4.5  335.0   73.0  444.0
2022   7  1  7 0600   -8.7  985.0    5.3   17.0   85.0  444.0
2022   7  1  7 0700   -8.1  984.6    3.4  332.0   85.0  444.0
2022   7  1  7 0800   -8.3  984.3    2.0  360.0   84.0  444.0
2022   7  1  7 0900   -8.7  983.8    1.7  146.0   78.0  444.0
2022   7  1  7 1000   -9.0  983.5    2.8  223.0   84.0  444.0
2022   7  1  7 1100   -8.6  983.6    3.1  234.0   86.0  444.0
2022   7  1  7 1200   -8.7  983.3    2.2  222.0   83.0  444.0
2022   7  1  7 1300   -8.4  983.2    3.8  251.0   83.0  444.0
2022   7  1  7 1400   -8.6  983.1    5.1  248.0   82.0  444.0
2022   7  1  7 1500   -8.8  983.0    5.2  238.0   79.0  444.0
2022   7  1  7 1600   -8.5  982.9    4.4  247.0   62.0  444.0
2022   7  1  7 1700   -9.3  982.9    3.8  262.0   75.0  444.0
2022   7  1  7 1800   -9.3  982.7    4.1  278.0   80.0  444.0
2022   7  1  7 1900   -9.4  982.6    3.6  272.0   76.0  444.0
2022   7  1  7 2000   -9.1  982.5    2.6  263.0   69.0  444.0
2022   7  1  7 2100   -9.0  982.2    2.6  259.0   55.0  444.0
2022   7  1  7 2200   -9.1  982.1    2.4  278.0   63.0  444.0
2022   7  1  7 2300   -9.0  981.9    2.1  287.0   64.0  444.0
2022   8  1  8 0000   -8.9  981.8    1.5  283.0   50.0  444.0
2022   8  1  8 0100  444.0  981.4    0.9  266.0   46.0  444.0
2022   8  1  8 0200  444.0  981.0    1.1  277.0   39.0  444.0
2022   8  1  8 0300   -9.3  980.5    1.1  223.0   45.0  444.0
2022   8  1  8 0400  444.0  980.0    1.3  187.0   48.0  444.0
2022   8  1  8 0500  444.0  979.5    1.0  321.0   54.0  444.0
2022   8  1  8 0600   -9.8  979.2    2.2  238.0   58.0  444.0
2022   8  1  8 0700  -10.1  978.8    2.8  235.0   66.0  444.0
2022   8  1  8 0800  -10.1  978.3    2.6  240.0   69.0  444.0
2022   8  1  8 0900  -10.3  977.7    2.9  256.0   75.0  444.0
2022   8  1  8 1000  -10.1  977.3    2.9  268.0   80.0  444.0
2022   8  1  8 1100   -9.8  976.8    2.4  249.0   78.0  444.0
2022   8  1  8 1200  -10.0  976.4    3.6  192.0   82.0  444.0
2022   8  1  8 1300  -11.1  975.9    2.9  204.0   80.0  444.0
2022   8  1  8 1400  -11.8  975.6    2.7  222.0   74.0  444.0
2022   8  1  8 1500  -15.0  975.0    3.0  231.0   74.0  444.0
2022   8  1  8 1600  -10.4  974.5    3.9  224.0   75.0  444.0
2022   8  1  8 1700   -9.5  974.0    5.8  218.0   73.0  444.0
2022   8  1  8 1800   -9.7  973.6    6.1  222.0   74.0  444.0
2022   8  1  8 1900   -9.7  973.1    6.9  222.0   76.0  444.0
2022   8  1  8 2000   -9.7  972.7    7.1  220.0   73.0  444.0
2022   8  1  8 2100   -9.6  972.5    7.2  197.0   73.0  444.0
2022   8  1  8 2200   -9.6  972.1    7.8  200.0   76.0  444.0
2022   8  1  8 2300   -9.7  971.8    8.3  197.0   74.0  444.0
2022   9  1  9 0000   -9.4  972.0    7.8  188.0   69.0  444.0
2022   9  1  9 0100   -9.4  972.0    6.9  183.0   66.0  444.0
2022   9  1  9 0200   -9.3  971.9    6.1  195.0   69.0  444.0
2022   9  1  9 0300   -9.1  971.8    5.1  200.0   66.0  444.0
2022   9  1  9 0400   -8.7  971.8    5.6  188.0   58.0  444.0
2022   9  1  9 0500   -9.4  971.9    4.1  203.0   65.0  444.0
2022   9  1  9 0600   -9.2  971.8    4.7  215.0   69.0  444.0
2022   9  1  9 0700   -9.6  971.7    3.9  220.0  444.0  444.0
2022   9  1  9 0800   -9.6  971.8    3.7  203.0   68.0  444.0
2022   9  1  9 0900   -9.5  972.0    2.2  180.0   58.0  444.0
2022   9  1  9 1000  -11.0  972.2    2.4  235.0   67.0  444.0
2022   9  1  9 1100  -12.5  972.3    2.4  241.0   71.0  444.0
2022   9  1  9 1200  -11.2  972.4    1.5  254.0  444.0  444.0
2022   9  1  9 1300  -10.5  972.5    3.8  244.0   77.0  444.0
2022   9  1  9 1400   -9.7  972.5    4.7  224.0   83.0  444.0
2022   9  1  9 1500  -10.7  972.8    5.1  221.0   80.0  444.0
2022   9  1  9 1600  -11.1  973.0    4.6  223.0   74.0  444.0
2022   9  1  9 1700  -12.3  973.3    4.9  232.0   72.0  444.0
2022   9  1  9 1800  -13.9  973.5    3.7  240.0   61.0  444.0
2022   9  1  9 1900  -13.5  973.7    4.2  254.0   62.0  444.0
2022   9  1  9 2000  -12.6  973.9    4.5  247.0   56.0  444.0
2022   9  1  9 2100  -11.8  974.0    4.6  264.0   53.0  444.0
2022   9  1  9 2200  -11.7  974.4    3.9  271.0   62.0  444.0
2022   9  1  9 2300  -11.6  974.5    4.1  273.0   68.0  444.0
2022  10  1 10 0000  -11.2  974.5    4.3  265.0   54.0  444.0
2022  10  1 10 0100  -11.3  974.6    3.8  263.0   46.0  444.0
2022  10  1 10 0200  -11.9  974.5    3.6  267.0   66.0  444.0
2022  10  1 10 0300  -11.4  974.5    3.8  262.0   61.0  444.0
2022  10  1 10 0400  -11.7  974.7    4.1  247.0   65.0  444.0
2022  10  1 10 0500  -10.1  974.7    3.7  252.0   61.0  444.0
2022  10  1 10 0600   -9.6  974.8    2.1  279.0   75.0  444.0
2022  10  1 10 0700   -9.9  974.8    3.4  277.0   78.0  444.0
2022  10  1 10 0800  -10.6  975.0    3.4  287.0   83.0  444.0
2022  10  1 10 0900  -10.6  975.0    4.3  279.0   84.0  444.0
2022  10  1 10 1000  -11.3  975.1    4.3  291.0  444.0  444.0
2022  10  1 10 1100  -11.9  975.1    3.9  285.0   87.0  444.0
2022  10  1 10 1200  -12.1  975.2    3.7  295.0   81.0  444.0
2022  10  1 10 1300  -12.3  975.1    3.4  291.0   80.0  444.0
2022  10  1 10 1400  -13.0  974.9    4.0  317.0   80.0  444.0
2022  10  1 10 1500  -13.4  974.7    4.2  314.0  444.0  444.0
2022  10  1 10 1600  -13.4  974.4    4.4  323.0   78.0  444.0
2022  10  1 10 1700  -12.3  974.3    5.0  316.0   79.0  444.0
2022  10  1 10 1800  -11.2  974.3    5.2  313.0   79.0  444.0
2022  10  1 10 1900  -10.3  974.1    5.4  321.0   76.0  444.0
2022  10  1 10 2000   -9.7  973.8    5.5  321.0  444.0  444.0
2022  10  1 10 2100   -8.8  973.8    6.2  322.0   75.0  444.0
2022  10  1 10 2200   -8.1  973.4    6.6  314.0   75.0  444.0
2022  10  1 10 2300   -7.7  973.4    6.3  308.0   79.0  444.0
2022  11  1 11 0000   -6.9  973.3    7.0  296.0   78.0  444.0
2022  11  1 11 0100   -6.7  973.1    7.2  297.0   77.0  444.0
2022  11  1 11 0200   -6.7  973.1    6.5  285.0   81.0  444.0
2022  11  1 11 0300   -6.5  973.1    5.9  278.0  444.0  444.0
2022  11  1 11 0400   -6.6  973.2    4.8  233.0   77.0  444.0
2022  11  1 11 0500   -8.3  973.6    5.0  236.0   74.0  444.0
2022  11  1 11 0600   -9.9  974.0    4.4  250.0   67.0  444.0
2022  11  1 11 0700  -10.6  974.3    4.1  254.0   72.0  444.0
2022  11  1 11 0800  -10.1  974.6    4.3  261.0   76.0  444.0
2022  11  1 11 0900  -10.0  974.7    4.3  258.0   72.0  444.0
2022  11  1 11 1000  -11.1  975.0    3.3  277.0   85.0  444.0
2022  11  1 11 1100  -11.9  975.2    2.2  300.0   84.0  444.0
2022  11  1 11 1200  -11.7  975.5    1.6  305.0   82.0  444.0
2022  11  1 11 1300  -11.2  975.7    2.6  323.0  444.0  444.0
2022  11  1 11 1400  -11.9  975.8    2.9  291.0   83.0  444.0
2022  11  1 11 1500  -11.9  975.9    2.6  308.0   81.0  444.0
2022  11  1 11 1600  -11.7  976.3    2.7  309.0   80.0  444.0
2022  11  1 11 1700  -11.1  976.6    2.3  303.0   77.0  444.0
2022  11  1 11 1800  -10.9  976.9    1.9  308.0  444.0  444.0
2022  11  1 11 1900  -10.4  977.2    2.4  299.0   71.0  444.0
2022  11  1 11 2000   -9.8  977.5    2.3  312.0   67.0  444.0
2022  11  1 11 2100   -9.6  977.8    2.9  296.0   61.0  444.0
2022  11  1 11 2200   -9.6  978.2    2.4  313.0   56.0  444.0
2022  11  1 11 2300   -9.6  978.4    2.7  326.0  444.0  444.0
2022  12  1 12 0000   -9.4  978.8    2.4  311.0   58.0  444.0
2022  12  1 12 0100   -9.3  979.0    2.4  274.0  444.0  444.0
2022  12  1 12 0200   -9.0  979.2    1.6  252.0   34.0  444.0
2022  12  1 12 0300  444.0  979.4    0.3  202.0   22.0  444.0
2022  12  1 12 0400  444.0  979.6    0.6   52.0   28.0  444.0
2022  12  1 12 0500  444.0  980.0    0.7   34.0   58.0  444.0
2022  12  1 12 0600  444.0  980.3    0.4  338.0  444.0  444.0
2022  12  1 12 0700  444.0  980.7    0.4   86.0   37.0  444.0
2022  12  1 12 0800  444.0  980.8    1.5   86.0   57.0  444.0
2022  12  1 12 0900  444.0  981.1    1.0   90.0   57.0  444.0
2022  12  1 12 1000   -9.5  981.4    1.5   47.0   80.0  444.0
2022  12  1 12 1100   -9.7  981.8    1.7   82.0   67.0  444.0
2022  12  1 12 1200  444.0  982.1    0.7  137.0   63.0  444.0
2022  12  1 12 1300  -10.1  982.5    1.1  131.0   63.0  444.0
2022  12  1 12 1400  -10.4  982.7    1.8  117.0   64.0  444.0
2022  12  1 12 1500  -10.3  982.9    1.5  100.0   55.0  444.0
2022  12  1 12 1600  444.0  983.2    0.5   98.0  444.0  444.0
2022  12  1 12 1700  444.0  983.7    0.5  102.0   33.0  444.0
2022  12  1 12 1800   -9.9  983.8    1.7   98.0   44.0  444.0
2022  12  1 12 1900   -9.8  984.2    2.2   96.0   41.0  444.0
2022  12  1 12 2000   -9.7  984.6    2.8   84.0   46.0  444.0
2022  12  1 12 2100   -9.7  984.8    3.1   89.0   46.0  444.0
2022  12  1 12 2200   -9.3  984.9    2.7   78.0   47.0  444.0
2022  12  1 12 2300   -8.8  985.3    1.8   59.0   53.0  444.0
2022  13  1 13 0000   -8.6  985.7    1.6   62.0   49.0  444.0
2022  13  1 13 0100   -8.6  985.9    1.8   70.0   44.0  444.0
2022  13  1 13 0200   -8.7  986.0    1.9   66.0   48.0  444.0
2022  13  1 13 0300  444.0  986.1    0.8   73.0   49.0  444.0
2022  13  1 13 0400  444.0  986.1    1.4   77.0   47.0  444.0
2022  13  1 13 0500  444.0  986.3    1.1   64.0   53.0  444.0
2022  13  1 13 0600  444.0  986.5    1.1   65.0   54.0  444.0
2022  13  1 13 0700   -9.3  986.8    1.7   39.0   75.0  444.0
2022  13  1 13 0800  -10.1  987.1    1.4   48.0   76.0  444.0
2022  13  1 13 0900  444.0  987.2    1.2   17.0   71.0  444.0
2022  13  1 13 1000  444.0  987.4    0.9  356.0   69.0  444.0
2022  13  1 13 1100  444.0  987.7    1.0  270.0   61.0  444.0
2022  13  1 13 1200  444.0  987.9    0.7  179.0   66.0  444.0
2022  13  1 13 1300  -11.3  987.9    1.5   61.0   79.0  444.0
2022  13  1 13 1400  -11.8  987.9    1.6   54.0   80.0  444.0
2022  13  1 13 1500  444.0  987.9    1.3   58.0   76.0  444.0
2022  13  1 13 1600  -12.0  988.0    1.8   51.0   78.0  444.0
2022  13  1 13 1700  -12.7  988.0    2.3   20.0   77.0  444.0
2022  13  1 13 1800  -11.9  988.2    1.8  360.0   65.0  444.0
2022  13  1 13 1900  444.0  988.2    1.0  327.0   56.0  444.0
2022  13  1 13 2000  444.0  988.2    0.7  299.0   44.0  444.0
2022  13  1 13 2100  444.0  988.1    0.8  268.0   31.0  444.0
2022  13  1 13 2200  444.0  987.9    1.2  205.0   31.0  444.0
2022  13  1 13 2300  444.0  987.9    1.1  191.0   25.0  444.0
2022  14  1 14 0000   -8.3  987.7    1.6  150.0   34.0  444.0
2022  14  1 14 0100   -8.0  987.4    1.7  159.0   32.0  444.0
2022  14  1 14 0200   -8.1  987.1    1.7  141.0   36.0  444.0
2022  14  1 14 0300   -8.4  986.7    1.4  159.0   30.0  444.0
2022  14  1 14 0400   -9.2  986.2    1.8  165.0   35.0  444.0
2022  14  1 14 0500  -10.3  986.0    2.0  171.0   43.0  444.0
2022  14  1 14 0600  -11.6  985.6    2.5  163.0   53.0  444.0
2022  14  1 14 0700  -12.4  985.2    2.9  161.0   63.0  444.0
2022  14  1 14 0800  -12.9  985.0    2.5  158.0   63.0  444.0
2022  14  1 14 0900  -15.0  984.5    2.7  174.0   64.0  444.0
2022  14  1 14 1000  -16.0  983.9    3.3  165.0   68.0  444.0
2022  14  1 14 1100  -16.9  983.3    3.6  166.0   71.0  444.0
2022  14  1 14 1200  -17.0  982.6    3.8  159.0   73.0  444.0
2022  14  1 14 1300  -15.3  982.1    4.1  156.0   81.0  444.0
2022  14  1 14 1400  -13.6  981.5    4.9  134.0   78.0  444.0
2022  14  1 14 1500  -12.1  980.9    5.1  132.0   77.0  444.0
2022  14  1 14 1600  -11.5  980.2    6.5  119.0   65.0  444.0
2022  14  1 14 1700  -11.5  979.7    7.6  116.0   64.0  444.0
2022  14  1 14 1800  -11.0  979.6    7.5  116.0   61.0  444.0
2022  14  1 14 1900  -11.0  979.3    6.9  117.0   60.0  444.0
2022  14  1 14 2000  -11.1  979.1    7.0  122.0   60.0  444.0
2022  14  1 14 2100  -11.0  978.7    6.7  122.0   59.0  444.0
2022  14  1 14 2200  -10.6  978.1    6.7  134.0   61.0  444.0
2022  14  1 14 2300   -9.9  977.7    6.6  138.0   60.0  444.0
2022  15  1 15 0000   -9.6  977.0    7.6  144.0   63.0  444.0
2022  15  1 15 0100   -8.8  976.4    8.2  133.0   63.0  444.0
2022  15  1 15 0200   -9.0  975.7    8.3  143.0   66.0  444.0
2022  15  1 15 0300   -9.2  975.0    8.3  151.0   68.0  444.0
2022  15  1 15 0400   -9.4  974.2    7.3  159.0   64.0  444.0
2022  15  1 15 0500  -10.2  973.6    8.0  154.0   68.0  444.0
2022  15  1 15 0600  -10.4  972.7    7.5  165.0   64.0  444.0
2022  15  1 15 0700  -10.9  972.1    7.4  168.0   69.0  444.0
2022  15  1 15 0800  -11.4  970.7    7.6  173.0   71.0  444.0
2022  15  1 15 0900  -11.9  969.4    8.0  176.0   75.0  444.0
2022  15  1 15 1000  -12.6  968.3    7.3  177.0   77.0  444.0
2022  15  1 15 1100  -13.1  966.9    7.7  182.0   78.0  444.0
2022  15  1 15 1200  -13.4  965.5    7.8  183.0   81.0  444.0
2022  15  1 15 1300  -14.3  964.8    6.7  191.0   82.0  444.0
2022  15  1 15 1400  -14.3  962.8    7.2  195.0   82.0  444.0
2022  15  1 15 1500  -14.5  961.6    7.5  194.0   81.0  444.0
2022  15  1 15 1600  -13.8  960.7    6.9  197.0   74.0  444.0
2022  15  1 15 1700  -14.8  960.3    5.9  202.0   79.0  444.0
2022  15  1 15 1800  -14.0  960.3    5.8  205.0   74.0  444.0
2022  15  1 15 1900  -13.6  960.1    6.7  205.0   76.0  444.0
2022  15  1 15 2000  -12.6  960.5    6.0  202.0   70.0  444.0
2022  15  1 15 2100  -11.7  960.8    4.9  202.0   64.0  444.0
2022  15  1 15 2200  -10.8  961.0    4.2  215.0   58.0  444.0
2022  15  1 15 2300  -10.3  961.3    3.5  229.0   56.0  444.0
2022  16  1 16 0000   -9.4  962.0    2.5  241.0   38.0  444.0
2022  16  1 16 0100   -8.7  962.5    2.7  259.0   43.0  444.0
2022  16  1 16 0200   -8.1  963.1    2.1  292.0   60.0  444.0
2022  16  1 16 0300   -8.2  963.3    1.9  288.0   58.0  444.0
2022  16  1 16 0400  444.0  963.9    1.0  310.0   54.0  444.0
2022  16  1 16 0500  444.0  964.3    0.5  344.0   58.0  444.0
2022  16  1 16 0600   -8.3  965.0    2.9   58.0   74.0  444.0
2022  16  1 16 0700   -8.9  965.6    2.4   74.0   68.0  444.0
2022  16  1 16 0800   -9.9  965.7    2.3   92.0   67.0  444.0
2022  16  1 16 0900   -8.9  965.7    1.8  135.0   76.0  444.0
2022  16  1 16 1000   -8.0  966.1    4.7  108.0   79.0  444.0
2022  16  1 16 1100   -6.2  966.4    3.7   94.0   81.0  444.0
2022  16  1 16 1200   -5.9  966.6    4.6  107.0   81.0  444.0
2022  16  1 16 1300   -5.1  966.5    5.1   85.0   80.0  444.0
2022  16  1 16 1400   -7.3  966.6    3.3  119.0   77.0  444.0
2022  16  1 16 1500   -6.4  965.8    3.5  161.0   73.0  444.0
2022  16  1 16 1600   -5.9  965.4    6.4  150.0   79.0  444.0
2022  16  1 16 1700   -4.9  965.0    7.1  150.0   76.0  444.0
2022  16  1 16 1800   -4.0  964.7    7.7  145.0   75.0  444.0
2022  16  1 16 1900   -3.7  963.8    8.0  167.0   70.0  444.0
2022  16  1 16 2000   -4.9  962.5    7.6  184.0   73.0  444.0
2022  16  1 16 2100   -4.4  961.5    7.8  183.0   71.0  444.0
2022  16  1 16 2200   -4.4  960.3    8.5  176.0   69.0  444.0
2022  16  1 16 2300   -4.7  959.1    7.7  175.0   67.0  444.0
2022  17  1 17 0000   -4.7  958.7    6.7  158.0   71.0  444.0
2022  17  1 17 0100   -4.6  957.5    7.0  163.0   68.0  444.0
2022  17  1 17 0200   -4.8  956.8    6.4  163.0   72.0  444.0
2022  17  1 17 0300   -4.6  956.6    4.2  144.0   69.0  444.0
2022  17  1 17 0400   -4.8  956.2    1.4  149.0   47.0  444.0
2022  17  1 17 0500   -4.8  955.4    1.7  181.0   43.0  444.0
2022  17  1 17 0600  444.0  955.6    1.1  225.0   53.0  444.0
2022  17  1 17 0700  444.0  955.6    0.5   16.0   64.0  444.0
2022  17  1 17 0800   -5.8  955.5    1.7  330.0   83.0  444.0
2022  17  1 17 0900   -6.0  955.6    1.9  283.0   91.0  444.0
2022  17  1 17 1000  444.0  955.8    0.7  308.0   83.0  444.0
2022  17  1 17 1100  444.0  956.3    1.0   10.0   84.0  444.0
2022  17  1 17 1200   -6.5  956.4    1.6    9.0   88.0  444.0
2022  17  1 17 1300   -6.8  956.5    2.0   52.0   94.0  444.0
2022  17  1 17 1400   -6.9  956.3    1.8   59.0   92.0  444.0
2022  17  1 17 1500   -7.1  956.3    3.1   38.0   88.0  444.0
2022  17  1 17 1600   -7.1  956.5    1.6   25.0   80.0  444.0
2022  17  1 17 1700  444.0  957.0    1.2  353.0   67.0  444.0
2022  17  1 17 1800  444.0  957.6    0.0    0.0   65.0  444.0
2022  17  1 17 1900   -4.8  958.0    2.1  146.0   66.0  444.0
2022  17  1 17 2000   -4.0  958.4    2.3   71.0   59.0  444.0
2022  17  1 17 2100   -2.8  959.2    3.3   68.0   60.0  444.0
2022  17  1 17 2200   -2.1  959.9    4.4   61.0  444.0  444.0
2022  17  1 17 2300   -3.3  960.2    3.3   76.0   57.0  444.0
2022  18  1 18 0000   -2.6  960.7    4.5   82.0   57.0  444.0
2022  18  1 18 0100   -3.1  961.1    5.3   95.0   59.0  444.0
2022  18  1 18 0200   -2.9  961.7    7.1   95.0   59.0  444.0
2022  18  1 18 0300   -3.8  962.1    5.3  100.0   54.0  444.0
2022  18  1 18 0400   -3.7  962.5    6.4   92.0   64.0  444.0
2022  18  1 18 0500   -3.4  963.3    6.0   96.0   64.0  444.0
2022  18  1 18 0600   -4.1  963.9    6.0  104.0   68.0  444.0
2022  18  1 18 0700   -4.3  964.8    5.9   94.0   70.0  444.0
2022  18  1 18 0800   -4.9  965.4    5.3   96.0   71.0  444.0
2022  18  1 18 0900   -5.4  966.0    4.6   86.0   74.0  444.0
2022  18  1 18 1000   -7.0  966.6    4.8   80.0   77.0  444.0
2022  18  1 18 1100   -8.2  967.4    4.4   90.0   77.0  444.0
2022  18  1 18 1200   -9.2  968.3    4.0   90.0   77.0  444.0
2022  18  1 18 1300  -10.2  968.4    3.4  111.0   72.0  444.0
2022  18  1 18 1400  -10.2  968.9    3.2  109.0   68.0  444.0
2022  18  1 18 1500  -10.9  969.1    3.0  117.0   66.0  444.0
2022  18  1 18 1600  -10.6  969.3    2.1  134.0   64.0  444.0
2022  18  1 18 1700  -10.2  969.7    3.5  130.0   66.0  444.0
2022  18  1 18 1800   -9.6  969.8    3.2  115.0   56.0  444.0
2022  18  1 18 1900   -8.3  969.8    1.3  109.0   35.0  444.0
2022  18  1 18 2000   -7.2  970.0    2.7  158.0   52.0  444.0
2022  18  1 18 2100   -6.6  970.0    2.3  174.0   39.0  444.0
2022  18  1 18 2200   -6.6  970.2    2.8  175.0   42.0  444.0
2022  18  1 18 2300   -5.4  970.0    2.0  191.0   43.0  444.0
2022  19  1 19 0000   -4.8  970.0    2.1  197.0   50.0  444.0
2022  19  1 19 0100   -5.2  970.1    3.4  172.0   42.0  444.0
2022  19  1 19 0200   -4.5  969.6    1.8  194.0   46.0  444.0
2022  19  1 19 0300   -4.5  969.3    1.8  215.0   47.0  444.0
2022  19  1 19 0400   -4.8  968.8    2.1  254.0   42.0  444.0
2022  19  1 19 0500   -5.2  968.5    1.7  241.0  444.0  444.0
2022  19  1 19 0600   -6.7  968.3    2.5  237.0   55.0  444.0
2022  19  1 19 0700   -8.2  968.4    3.0  255.0   63.0  444.0
2022  19  1 19 0800   -8.4  968.2    3.1  235.0   83.0  444.0
2022  19  1 19 0900   -7.6  968.1    5.0  227.0   93.0  444.0
2022  19  1 19 1000   -6.7  967.9    4.2  221.0   94.0  444.0
2022  19  1 19 1100   -7.1  967.8    2.4  238.0   91.0  444.0
2022  19  1 19 1200   -7.1  967.5    2.9  250.0   90.0  444.0
2022  19  1 19 1300   -7.0  967.1    2.8  250.0   90.0  444.0
2022  19  1 19 1400   -9.6  966.8    1.9  275.0   79.0  444.0
2022  19  1 19 1500  -10.0  966.8    1.8  287.0   76.0  444.0
2022  19  1 19 1600  -10.4  966.7    1.6  310.0   72.0  444.0
2022  19  1 19 1700  -10.1  966.7    1.3  280.0   67.0  444.0
2022  19  1 19 1800  444.0  966.6    1.4  259.0   57.0  444.0
2022  19  1 19 1900  444.0  966.8    0.7   14.0   46.0  444.0
2022  19  1 19 2000  444.0  967.0    0.0    0.0   18.0  444.0
2022  19  1 19 2100  444.0  967.2    0.5   47.0   40.0  444.0
2022  19  1 19 2200   -5.8  967.4    1.6  214.0  444.0  444.0
2022  19  1 19 2300  444.0  967.7    0.8  147.0   21.0  444.0
2022  20  1 20 0000   -6.0  967.8    1.6  182.0   30.0  444.0
2022  20  1 20 0100   -5.9  968.1    1.7  175.0   30.0  444.0
2022  20  1 20 0200   -6.4  968.1    2.5  172.0   39.0  444.0
2022  20  1 20 0300   -6.3  968.2    2.4  142.0  444.0  444.0
2022  20  1 20 0400   -6.4  968.4    2.0  116.0   58.0  444.0
2022  20  1 20 0500   -6.9  968.6    3.0  154.0   74.0  444.0
2022  20  1 20 0600   -6.9  968.7    2.7  156.0   75.0  444.0
2022  20  1 20 0700   -7.1  969.1    2.0  100.0   69.0  444.0
2022  20  1 20 0800   -7.3  969.3    1.4   74.0   77.0  444.0
2022  20  1 20 0900  444.0  969.4    1.1   39.0   86.0  444.0
2022  20  1 20 1000   -7.7  969.4    2.5   36.0   92.0  444.0
2022  20  1 20 1100   -7.9  969.6    2.1   12.0   92.0  444.0
2022  20  1 20 1200   -8.2  969.5    2.9   18.0   95.0  444.0
2022  20  1 20 1300   -8.0  969.6    2.2  330.0   93.0  444.0
2022  20  1 20 1400   -8.2  969.6    2.3    2.0   95.0  444.0
2022  20  1 20 1500   -8.7  969.6    2.8    1.0   93.0  444.0
2022  20  1 20 1600   -8.5  969.4    2.9  331.0   89.0  444.0
2022  20  1 20 1700   -7.9  969.2    1.8   30.0   90.0  444.0
2022  20  1 20 1800   -7.2  969.2    3.1  340.0   84.0  444.0
2022  20  1 20 1900   -7.2  969.4    2.7   48.0   90.0  444.0
2022  20  1 20 2000   -6.6  969.4    3.0   77.0   77.0  444.0
2022  20  1 20 2100   -6.4  969.4    3.9   60.0   83.0  444.0
2022  20  1 20 2200   -6.2  969.3    3.7   70.0   79.0  444.0
2022  20  1 20 2300   -5.7  969.1    4.0   67.0   73.0  444.0
2022  21  1 21 0000   -5.0  968.8    4.4   72.0   71.0  444.0
2022  21  1 21 0100   -4.7  968.7    3.6   76.0  444.0  444.0
2022  21  1 21 0200   -3.5  968.5    2.9   70.0   66.0  444.0
2022  21  1 21 0300   -2.5  968.3    2.9   52.0   77.0  444.0
2022  21  1 21 0400   -2.5  968.2    3.1   41.0   76.0  444.0
2022  21  1 21 0500   -3.0  968.2    3.9   60.0   78.0  444.0
2022  21  1 21 0600   -3.8  968.1    4.5   64.0   82.0  444.0
2022  21  1 21 0700   -4.2  968.0    5.2   70.0   82.0  444.0
2022  21  1 21 0800   -4.7  968.1    5.3   77.0   80.0  444.0
2022  21  1 21 0900   -5.1  968.3    5.2   77.0   82.0  444.0
2022  21  1 21 1000   -5.3  968.5    5.5   77.0   83.0  444.0
2022  21  1 21 1100   -5.2  968.8    5.2   79.0   82.0  444.0
2022  21  1 21 1200   -5.9  969.1    4.6   92.0   82.0  444.0
2022  21  1 21 1300   -6.0  969.3    4.4   88.0   81.0  444.0
2022  21  1 21 1400   -6.6  969.6    5.4   98.0   81.0  444.0
2022  21  1 21 1500   -7.8  969.9    5.5  103.0   76.0  444.0
2022  21  1 21 1600   -8.4  970.2    5.5  107.0   72.0  444.0
2022  21  1 21 1700  -10.3  970.5    5.6  120.0   75.0  444.0
2022  21  1 21 1800  -12.3  970.9    5.6  123.0   77.0  444.0
2022  21  1 21 1900  -12.5  971.1    5.5  123.0   82.0  444.0
2022  21  1 21 2000  -12.4  971.4    5.4  125.0   76.0  444.0
2022  21  1 21 2100  -12.1  971.7    6.1  132.0   75.0  444.0
2022  21  1 21 2200  -11.5  971.9    6.4  123.0   67.0  444.0
2022  21  1 21 2300  -10.6  972.0    6.3  123.0  444.0  444.0
2022  22  1 22 0000   -9.8  971.8    6.1  126.0   64.0  444.0
2022  22  1 22 0100   -9.2  971.7    6.4  132.0   73.0  444.0
2022  22  1 22 0200   -8.9  971.6    6.2  130.0   70.0  444.0
2022  22  1 22 0300   -8.9  971.4    5.5  121.0   71.0  444.0
2022  22  1 22 0400   -9.2  971.3    5.1  136.0  444.0  444.0
2022  22  1 22 0500   -8.1  971.3    5.1  125.0   78.0  444.0
2022  22  1 22 0600   -8.0  971.2    4.9  117.0   76.0  444.0
2022  22  1 22 0700   -7.9  971.2    4.6  120.0   78.0  444.0
2022  22  1 22 0800   -7.9  971.3    4.2  120.0   81.0  444.0
2022  22  1 22 0900   -8.0  971.4    3.9  111.0   82.0  444.0
2022  22  1 22 1000   -8.8  971.6    3.9  113.0   82.0  444.0
2022  22  1 22 1100   -9.7  971.8    3.2  117.0   84.0  444.0
2022  22  1 22 1200   -9.9  972.0    2.9   93.0   83.0  444.0
2022  22  1 22 1300   -9.9  972.2    3.1  129.0   87.0  444.0
2022  22  1 22 1400  -10.0  972.5    2.5  130.0   85.0  444.0
2022  22  1 22 1500  -10.1  972.8    2.4  108.0   78.0  444.0
2022  22  1 22 1600  -10.1  973.0    1.8  128.0   77.0  444.0
2022  22  1 22 1700  444.0  973.4    1.2  129.0   68.0  444.0
2022  22  1 22 1800  -10.0  973.9    1.5  125.0   62.0  444.0
2022  22  1 22 1900  444.0  974.4    1.5  142.0   56.0  444.0
2022  22  1 22 2000   -9.9  974.7    0.8  106.0   52.0  444.0
2022  22  1 22 2100   -9.6  975.1    1.7  154.0   54.0  444.0
2022  22  1 22 2200   -9.4  975.7    1.9  137.0   57.0  444.0
2022  22  1 22 2300   -9.5  976.0    1.9  148.0   55.0  444.0
2022  23  1 23 0000   -9.5  976.4    2.4  159.0   59.0  444.0
2022  23  1 23 0100   -9.2  976.5    2.2  121.0   53.0  444.0
2022  23  1 23 0200   -9.5  976.8    2.0  150.0   59.0  444.0
2022  23  1 23 0300   -9.8  977.0    2.8  138.0   69.0  444.0
2022  23  1 23 0400  -10.0  977.3    1.6   94.0   59.0  444.0
2022  23  1 23 0500  -10.1  977.7    2.3  150.0   74.0  444.0
2022  23  1 23 0600  -10.3  978.0    1.4  117.0   70.0  444.0
2022  23  1 23 0700  444.0  978.2    1.5  148.0   76.0  444.0
2022  23  1 23 0800  -11.6  978.6    1.7  138.0   85.0  444.0
2022  23  1 23 0900  -11.2  978.6    1.7  156.0   87.0  444.0
2022  23  1 23 1000  -11.6  978.9    1.7  153.0   85.0  444.0
2022  23  1 23 1100  -11.8  979.0    1.5  160.0   87.0  444.0
2022  23  1 23 1200  -12.3  979.2    2.3  155.0   90.0  444.0
2022  23  1 23 1300  -12.6  979.1    2.7  165.0   88.0  444.0
2022  23  1 23 1400  -13.1  979.2    1.9  161.0   86.0  444.0
2022  23  1 23 1500  -13.3  979.2    1.7  170.0   83.0  444.0
2022  23  1 23 1600  -12.6  979.2    1.1  161.0   77.0  444.0
2022  23  1 23 1700  -13.1  979.1    2.0  190.0   75.0  444.0
2022  23  1 23 1800  -12.8  979.0    2.1  174.0   58.0  444.0
2022  23  1 23 1900  -12.7  979.0    1.5  214.0   62.0  444.0
2022  23  1 23 2000  -12.4  979.0    1.7  221.0   52.0  444.0
2022  23  1 23 2100  -12.7  978.9    1.9  237.0   43.0  444.0
2022  23  1 23 2200  -12.8  978.8    2.5  248.0   48.0  444.0
2022  23  1 23 2300  -11.7  978.4    2.8  249.0   47.0  444.0
2022  24  1 24 0000  -10.1  978.3    3.1  225.0   49.0  444.0
2022  24  1 24 0100  -10.2  977.8    2.4  235.0   45.0  444.0
2022  24  1 24 0200  -10.2  977.5    2.3  246.0   37.0  444.0
2022  24  1 24 0300   -9.8  977.3    1.5  242.0   30.0  444.0
2022  24  1 24 0400  -10.6  977.1    1.9  247.0   32.0  444.0
2022  24  1 24 0500  -11.2  977.1    1.8  287.0   69.0  444.0
2022  24  1 24 0600  -12.5  977.0    2.2  278.0   72.0  444.0
2022  24  1 24 0700  -12.9  977.0    1.5  261.0   47.0  444.0
2022  24  1 24 0800  444.0  977.2    0.9  274.0   66.0  444.0
2022  24  1 24 0900  444.0  977.1    0.6  259.0  444.0  444.0
2022  24  1 24 1000  444.0  977.1    0.0    0.0   66.0  444.0
2022  24  1 24 1100  444.0  977.0    0.1  312.0   71.0  444.0
2022  24  1 24 1200  444.0  977.3    0.8  110.0   66.0  444.0
2022  24  1 24 1300  444.0  977.3    0.9  110.0   67.0  444.0
2022  24  1 24 1400  -18.3  977.0    1.5  128.0   71.0  444.0
2022  24  1 24 1500  -18.7  977.0    1.4  134.0   72.0  444.0
2022  24  1 24 1600  -17.9  977.1    1.5  115.0  444.0  444.0
2022  24  1 24 1700  444.0  977.0    1.0  103.0   48.0  444.0
2022  24  1 24 1800  444.0  976.7    0.8   99.0   34.0  444.0
2022  24  1 24 1900  -14.9  976.8    1.5  159.0   45.0  444.0
2022  24  1 24 2000  -14.0  976.5    1.6  185.0   37.0  444.0
2022  24  1 24 2100  -13.7  976.4    2.3  171.0   37.0  444.0
2022  24  1 24 2200  -12.2  976.0    1.9  190.0   42.0  444.0
2022  24  1 24 2300  -11.5  975.5    1.7  201.0   43.0  444.0
2022  25  1 25 0000  -11.9  975.1    2.0  224.0   40.0  444.0
2022  25  1 25 0100  -11.9  974.6    1.7  257.0   28.0  444.0
2022  25  1 25 0200  -11.4  974.1    1.7  263.0  444.0  444.0
2022  25  1 25 0300  -10.9  973.5    1.8  290.0   63.0  444.0
2022  25  1 25 0400  -11.0  973.1    1.6  302.0   62.0  444.0
2022  25  1 25 0500  -11.6  972.9    1.6  312.0   62.0  444.0
2022  25  1 25 0600  -11.8  972.7    1.6  282.0   71.0  444.0
2022  25  1 25 0700  -12.9  972.3    1.7  288.0   75.0  444.0
2022  25  1 25 0800  -15.5  972.0    1.5  263.0   68.0  444.0
2022  25  1 25 0900  444.0  971.8    0.4  291.0   71.0  444.0
2022  25  1 25 1000  444.0  971.6    0.6    4.0   75.0  444.0
2022  25  1 25 1100  444.0  971.3    0.6  337.0   81.0  444.0
2022  25  1 25 1200  444.0  971.2    0.9   41.0   84.0  444.0
2022  25  1 25 1300  444.0  971.1    1.2   42.0   84.0  444.0
2022  25  1 25 1400  444.0  970.8    0.4   42.0   74.0  444.0
2022  25  1 25 1500  -18.4  970.7    1.8   23.0   83.0  444.0
2022  25  1 25 1600  -17.0  970.7    2.2   18.0   85.0  444.0
2022  25  1 25 1700  -15.7  970.6    1.5   21.0   79.0  444.0
2022  25  1 25 1800  -15.2  970.5    1.6   13.0   76.0  444.0
2022  25  1 25 1900  444.0  970.5    1.0  332.0  444.0  444.0
2022  25  1 25 2000  -13.8  970.5    2.0   29.0   76.0  444.0
2022  25  1 25 2100  -11.6  970.4    3.4    8.0   74.0  444.0
2022  25  1 25 2200   -9.8  970.4    3.1    5.0   71.0  444.0
2022  25  1 25 2300  -10.2  970.3    2.9   34.0   75.0  444.0
2022  26  1 26 0000   -9.3  970.2    3.5   35.0  444.0  444.0
2022  26  1 26 0100   -9.4  970.4    2.9   25.0   72.0  444.0
2022  26  1 26 0200   -9.3  970.5    3.2   40.0   78.0  444.0
2022  26  1 26 0300  -10.1  970.5    3.5   51.0   81.0  444.0
2022  26  1 26 0400  -10.8  970.8    3.4   57.0   83.0  444.0
2022  26  1 26 0500  -11.6  970.7    3.8   76.0   78.0  444.0
2022  26  1 26 0600  -11.2  971.2    3.5   79.0   69.0  444.0
2022  26  1 26 0700  -11.2  971.1    4.1   96.0  444.0  444.0
2022  26  1 26 0800  -10.7  971.3    4.2   96.0   75.0  444.0
2022  26  1 26 0900  -12.2  971.5    3.6  113.0   73.0  444.0
2022  26  1 26 1000  -14.3  971.6    2.8  120.0   68.0  444.0
2022  26  1 26 1100  -11.6  971.8    4.4  100.0   74.0  444.0
2022  26  1 26 1200  -11.8  972.0    4.9   96.0  444.0  444.0
2022  26  1 26 1300  -11.7  972.4    5.3  111.0   81.0  444.0
2022  26  1 26 1400  -11.8  972.7    4.4  119.0   82.0  444.0
2022  26  1 26 1500  -12.3  973.0    5.4  121.0   81.0  444.0
2022  26  1 26 1600  -12.8  972.9    6.6  121.0   81.0  444.0
2022  26  1 26 1700  -13.3  973.4    6.1  129.0  444.0  444.0
2022  26  1 26 1800  -13.4  973.6    6.0  132.0   81.0  444.0
2022  26  1 26 1900  -13.0  973.9    5.1  131.0   75.0  444.0
2022  26  1 26 2000  -12.8  973.8    5.9  130.0   78.0  444.0
2022  26  1 26 2100  -11.8  974.2    4.3  136.0   73.0  444.0
2022  26  1 26 2200  -11.6  974.5    4.6  145.0  444.0  444.0
2022  26  1 26 2300  -11.5  974.6    4.5  146.0   78.0  444.0
2022  27  1 27 0000  -10.9  974.6    3.2  161.0   63.0  444.0
2022  27  1 27 0100  -10.8  974.7    2.8  164.0   64.0  444.0
2022  27  1 27 0200   -9.9  974.5    1.9  201.0   61.0  444.0
2022  27  1 27 0300   -9.8  974.2    1.5  249.0   54.0  444.0
2022  27  1 27 0400   -9.2  974.0    2.7  259.0   64.0  444.0
2022  27  1 27 0500   -8.8  973.9    3.3  244.0   75.0  444.0
2022  27  1 27 0600   -9.7  974.0    5.1  221.0   81.0  444.0
2022  27  1 27 0700  -11.2  973.8    4.7  270.0   86.0  444.0
2022  27  1 27 0800  -12.3  973.8    4.6  254.0  444.0  444.0
2022  27  1 27 0900  -13.9  973.6    3.4  242.0   86.0  444.0
2022  27  1 27 1000  -14.4  973.9    2.7  243.0  444.0  444.0
2022  27  1 27 1100  -16.4  974.0    2.0  233.0   77.0  444.0
2022  27  1 27 1200  -16.9  973.9    2.6  247.0   86.0  444.0
2022  27  1 27 1300  -17.1  973.9    3.0  255.0   85.0  444.0
2022  27  1 27 1400  -17.1  973.8    2.6  265.0   84.0  444.0
2022  27  1 27 1500  -16.9  974.0    2.2  264.0  444.0  444.0
2022  27  1 27 1600  -16.1  974.1    2.4  253.0   81.0  444.0
2022  27  1 27 1700  -15.3  974.2    2.0  263.0   78.0  444.0
2022  27  1 27 1800  -15.1  974.3    1.7  289.0   81.0  444.0
2022  27  1 27 1900  -14.7  974.5    1.6  269.0   76.0  444.0
2022  27  1 27 2000  -14.6  974.6    1.6  289.0  444.0  444.0
2022  27  1 27 2100  -13.2  974.7    1.5  290.0   68.0  444.0
2022  27  1 27 2200  -13.1  974.8    1.2  307.0   72.0  444.0
2022  27  1 27 2300  -13.7  975.1    1.4  323.0   68.0  444.0
2022  28  1 28 0000  -13.4  975.2    1.9  317.0   62.0  444.0
2022  28  1 28 0100  444.0  975.2    0.9  344.0  444.0  444.0
2022  28  1 28 0200  444.0  975.4    1.1   16.0   54.0  444.0
2022  28  1 28 0300  -11.3  975.5    0.7   62.0  444.0  444.0
2022  28  1 28 0400  444.0  975.6    1.5   93.0   48.0  444.0
2022  28  1 28 0500  -14.4  975.8    1.2   52.0   66.0  444.0
2022  28  1 28 0600  444.0  976.1    1.2   70.0  444.0  444.0
2022  28  1 28 0700  444.0  976.4    1.3  106.0   59.0  444.0
2022  28  1 28 0800  -15.1  976.6    1.7  106.0  444.0  444.0
2022  28  1 28 0900  -16.0  977.0    2.3  104.0   83.0  444.0
2022  28  1 28 1000  -16.0  977.3    2.5  119.0   86.0  444.0
2022  28  1 28 1100  -16.1  977.5    2.6  101.0   88.0  444.0
2022  28  1 28 1200  -15.9  977.7    3.1  108.0   86.0  444.0
2022  28  1 28 1300  -15.8  977.9    3.0  141.0  444.0  444.0
2022  28  1 28 1400  -15.2  978.0    2.5  149.0   86.0  444.0
2022  28  1 28 1500  -14.4  978.1    3.0  149.0   82.0  444.0
2022  28  1 28 1600  -14.0  978.4    3.1  154.0   82.0  444.0
2022  28  1 28 1700  -13.4  978.4    2.7  182.0   71.0  444.0
2022  28  1 28 1800  -13.2  978.7    3.8  159.0  444.0  444.0
2022  28  1 28 1900  -12.7  978.6    4.0  158.0   68.0  444.0
2022  28  1 28 2000  -11.9  978.5    4.6  168.0   66.0  444.0
2022  28  1 28 2100  -10.9  978.6    4.2  164.0   64.0  444.0
2022  28  1 28 2200   -9.9  978.5    4.9  141.0   73.0  444.0
2022  28  1 28 2300   -9.7  978.5    5.2  120.0  444.0  444.0
2022  29  1 29 0000   -9.7  978.4    4.8  122.0   65.0  444.0
2022  29  1 29 0100   -9.8  978.3    5.2  120.0   66.0  444.0
2022  29  1 29 0200  -10.2  978.2    5.9  126.0   72.0  444.0
2022  29  1 29 0300  -10.6  978.2    6.1  125.0   73.0  444.0
2022  29  1 29 0400  -10.9  978.0    5.8  135.0   76.0  444.0
2022  29  1 29 0500  -11.0  977.7    6.4  143.0   79.0  444.0
2022  29  1 29 0600  -11.3  977.6    6.7  145.0   81.0  444.0
2022  29  1 29 0700  -11.7  977.5    6.5  152.0   83.0  444.0
2022  29  1 29 0800  -11.8  977.2    7.2  152.0   84.0  444.0
2022  29  1 29 0900  -11.8  977.2    7.1  152.0   85.0  444.0
2022  29  1 29 1000  -11.6  976.8    6.2  149.0   90.0  444.0
2022  29  1 29 1100  -11.2  976.5    6.0  149.0   88.0  444.0
2022  29  1 29 1200  -11.1  976.1    6.2  152.0   86.0  444.0
2022  29  1 29 1300  -11.1  975.9    4.8  162.0   81.0  444.0
2022  29  1 29 1400  -11.0  975.4    5.6  154.0   84.0  444.0
2022  29  1 29 1500  -11.2  975.0    5.6  164.0   81.0  444.0
2022  29  1 29 1600  -11.0  974.4    5.6  160.0   77.0  444.0
2022  29  1 29 1700  -10.9  973.9    5.6  159.0   79.0  444.0
2022  29  1 29 1800  -10.8  973.3    5.2  171.0   74.0  444.0
2022  29  1 29 1900  -10.7  973.0    5.0  180.0   70.0  444.0
2022  29  1 29 2000  -10.5  972.6    4.7  188.0   71.0  444.0
2022  29  1 29 2100  -10.5  971.8    4.9  179.0   65.0  444.0
2022  29  1 29 2200  -10.2  971.3    4.9  186.0   66.0  444.0
2022  29  1 29 2300  -10.6  970.7    5.1  202.0   70.0  444.0
2022  30  1 30 0000  -10.6  969.8    5.2  202.0   69.0  444.0
2022  30  1 30 0100  -10.6  969.1    5.7  205.0   69.0  444.0
2022  30  1 30 0200  -10.9  968.5    5.4  225.0   71.0  444.0
2022  30  1 30 0300  -11.0  967.6    5.4  233.0   70.0  444.0
2022  30  1 30 0400  -11.1  966.9    6.4  243.0   72.0  444.0
2022  30  1 30 0500  -10.8  966.4    6.2  243.0   75.0  444.0
2022  30  1 30 0600  -10.5  965.9    5.1  245.0   77.0  444.0
2022  30  1 30 0700  -10.1  965.4    5.8  231.0   78.0  444.0
2022  30  1 30 0800  -11.0  965.1    5.3  247.0   71.0  444.0
2022  30  1 30 0900  -14.0  964.6    5.6  266.0   81.0  444.0
2022  30  1 30 1000  -16.1  964.4    5.4  266.0   81.0  444.0
2022  30  1 30 1100  -17.6  964.1    4.7  266.0   83.0  444.0
2022  30  1 30 1200  -17.9  964.0    4.9  270.0   82.0  444.0
2022  30  1 30 1300  -17.9  964.0    5.0  275.0   81.0  444.0
2022  30  1 30 1400  -18.4  963.7    4.5  278.0   81.0  444.0
2022  30  1 30 1500  -18.3  963.7    4.6  282.0   83.0  444.0
2022  30  1 30 1600  -16.4  963.8    5.9  272.0   79.0  444.0
2022  30  1 30 1700  -15.6  963.9    5.9  277.0   79.0  444.0
2022  30  1 30 1800  -14.6  964.1    6.2  277.0   74.0  444.0
2022  30  1 30 1900  -13.7  964.3    7.1  276.0   69.0  444.0
2022  30  1 30 2000  -13.6  964.8    6.5  280.0   70.0  444.0
2022  30  1 30 2100  -12.0  965.2    6.5  288.0   70.0  444.0
2022  30  1 30 2200  -10.8  965.5    6.5  295.0   73.0  444.0
2022  30  1 30 2300  -10.1  966.0    7.0  299.0   72.0  444.0
2022  31  1 31 0000   -9.9  966.4    7.5  308.0   76.0  444.0
2022  31  1 31 0100   -9.5  966.6    7.5  307.0   78.0  444.0
2022  31  1 31 0200   -9.4  967.0    8.3  307.0   75.0  444.0
2022  31  1 31 0300   -9.4  967.2    8.1  310.0   78.0  444.0
2022  31  1 31 0400  -10.3  967.8    8.4  316.0   78.0  444.0
2022  31  1 31 0500  -10.7  968.2    8.0  322.0   80.0  444.0
2022  31  1 31 0600  -10.7  968.6    7.8  327.0   82.0  444.0
2022  31  1 31 0700  -11.0  969.3    7.2  329.0   86.0  444.0
2022  31  1 31 0800  -12.0  970.0    6.8  337.0   86.0  444.0
2022  31  1 31 0900  -12.3  970.6    7.0  333.0   86.0  444.0
2022  31  1 31 1000  -12.9  971.3    7.1  337.0   85.0  444.0
2022  31  1 31 1100  -14.4  972.1    6.2  341.0   85.0  444.0
2022  31  1 31 1200  -15.4  972.9    6.0  344.0   84.0  444.0
2022  31  1 31 1300  -15.8  973.5    5.5  348.0   84.0  444.0
2022  31  1 31 1400  -13.6  974.4    4.1  355.0   83.0  444.0
2022  31  1 31 1500  -12.6  974.8    4.1   10.0   84.0  444.0
2022  31  1 31 1600  -10.5  975.2    3.2   27.0   83.0  444.0
2022  31  1 31 1700   -9.9  975.9    3.6   32.0   83.0  444.0
2022  31  1 31 1800   -9.7  976.3    3.5   54.0   82.0  444.0
2022  31  1 31 1900   -9.5  977.1    3.5   51.0   81.0  444.0
2022  31  1 31 2000   -8.7  977.6    4.1   58.0   80.0  444.0
2022  31  1 31 2100   -7.5  978.0    3.9   33.0   78.0  444.0
2022  31  1 31 2200   -6.8  978.6    4.7   21.0   76.0  444.0
2022  31  1 31 2300   -6.6  979.1    4.3   17.0   73.0  444.0
