Year: 2020  Month: 06  ID: MGT  ARGOS:  8910  Name: Margaret            
Lat: 80.00S  Lon: 165.01W  Elev:   67m
2020 153  6  1 0000  -20.3  956.9    4.2   24.0   84.0  444.0
2020 153  6  1 0100  -20.2  957.6    3.9  360.0   83.0  444.0
2020 153  6  1 0200  -19.8  957.9    4.6    8.0   84.0  444.0
2020 153  6  1 0300  -19.2  958.5    5.9  360.0   85.0  444.0
2020 153  6  1 0400  -18.9  959.3    5.5   24.0   84.0  444.0
2020 153  6  1 0500  -18.7  960.4    5.4   23.0   84.0  444.0
2020 153  6  1 0600  -18.9  961.5    3.8   15.0  444.0  444.0
2020 153  6  1 0700  -18.4  962.4    5.4   30.0   85.0  444.0
2020 153  6  1 0800  -17.6  963.4    7.0    8.0   86.0  444.0
2020 153  6  1 0900  -17.9  964.8    8.9    7.0   86.0  444.0
2020 153  6  1 1000  -18.9  966.1    6.4   11.0   85.0  444.0
2020 153  6  1 1100  -19.4  967.2    6.1   26.0   84.0  444.0
2020 153  6  1 1200  -20.9  967.9    4.2   43.0   82.0  444.0
2020 153  6  1 1300  -21.1  968.4    3.4   61.0   82.0  444.0
2020 153  6  1 1400  -21.0  968.8    4.2   81.0   83.0  444.0
2020 153  6  1 1500  -20.7  969.5    4.9   71.0   83.0  444.0
2020 153  6  1 1600  -21.0  969.9    3.7   79.0   83.0  444.0
2020 153  6  1 1700  -20.7  970.1    4.4   84.0   83.0  444.0
2020 153  6  1 1800  -20.9  970.4    4.9   94.0   82.0  444.0
2020 153  6  1 1900  -20.8  970.8    4.9   92.0   83.0  444.0
2020 153  6  1 2000  -20.9  970.8    4.5   94.0   83.0  444.0
2020 153  6  1 2100  -21.3  970.7    3.8  109.0   82.0  444.0
2020 153  6  1 2200  -21.7  971.4    4.2  112.0   82.0  444.0
2020 153  6  1 2300  -21.8  971.8    3.6  119.0   82.0  444.0
2020 154  6  2 0000  -22.0  971.9    1.4  133.0   80.0  444.0
2020 154  6  2 0100  -23.1  971.9    3.8  113.0   81.0  444.0
2020 154  6  2 0200  -23.2  972.1    5.4  114.0   81.0  444.0
2020 154  6  2 0300  -23.9  971.9    5.3  114.0   80.0  444.0
2020 154  6  2 0400  -24.5  972.2    5.3  113.0  444.0  444.0
2020 154  6  2 0500  -24.5  972.4    4.0  124.0   79.0  444.0
2020 154  6  2 0600  -24.4  972.7    2.7  122.0   80.0  444.0
2020 154  6  2 0700  -24.3  972.8    2.7  146.0   80.0  444.0
2020 154  6  2 0800  -23.9  972.8    3.4  161.0   80.0  444.0
2020 154  6  2 0900  -23.6  972.6    4.7  164.0   78.0  444.0
2020 154  6  2 1000  -23.5  972.6    3.5  154.0   80.0  444.0
2020 154  6  2 1100  -23.4  972.7    1.9  182.0   80.0  444.0
2020 154  6  2 1200  -23.8  972.9    2.2  162.0   80.0  444.0
2020 154  6  2 1300  -24.9  972.9    1.3   98.0   78.0  444.0
2020 154  6  2 1400  -25.4  972.8    2.5  130.0   80.0  444.0
2020 154  6  2 1500  -25.5  972.7    1.9  174.0   78.0  444.0
2020 154  6  2 1600  -25.1  973.1    2.3  162.0   78.0  444.0
2020 154  6  2 1700  -25.4  972.9    0.2  168.0   78.0  444.0
2020 154  6  2 1800  -25.6  973.0    1.6  150.0   78.0  444.0
2020 154  6  2 1900  -25.8  973.0    0.3  192.0   78.0  444.0
2020 154  6  2 2000  -25.6  973.3    1.0  192.0   78.0  444.0
2020 154  6  2 2100  -25.7  973.5    0.4  192.0   78.0  444.0
2020 154  6  2 2200  -25.8  973.7    1.8  192.0   78.0  444.0
2020 154  6  2 2300  -25.6  973.8    1.9  192.0   79.0  444.0
2020 155  6  3 0000  -25.4  973.8    2.6  192.0   78.0  444.0
2020 155  6  3 0100  -25.1  974.0    2.6  192.0   79.0  444.0
2020 155  6  3 0200  -24.3  974.2    2.6  192.0  444.0  444.0
2020 155  6  3 0300  -23.4  974.5    3.5  344.0   80.0  444.0
2020 155  6  3 0400  -23.3  975.0    2.5  333.0   81.0  444.0
2020 155  6  3 0500  -23.4  975.2    2.5    3.0   80.0  444.0
2020 155  6  3 0600  -23.8  975.8    2.0  331.0   79.0  444.0
2020 155  6  3 0700  -24.3  976.5    1.4  322.0  444.0  444.0
2020 155  6  3 0800  -24.5  976.8    2.3   13.0   78.0  444.0
2020 155  6  3 0900  -25.6  977.3    2.9   16.0   79.0  444.0
2020 155  6  3 1000  -25.3  977.8    2.0   39.0   79.0  444.0
2020 155  6  3 1100  -24.8  978.2    1.3   39.0   79.0  444.0
2020 155  6  3 1200  -25.2  978.7    2.0   49.0   78.0  444.0
2020 155  6  3 1300  -24.8  979.2    0.2  305.0   79.0  444.0
2020 155  6  3 1400  -24.3  979.6    1.0  286.0   80.0  444.0
2020 155  6  3 1500  -25.1  979.6    2.4   85.0   79.0  444.0
2020 155  6  3 1600  -24.4  979.8    3.1   87.0   79.0  444.0
2020 155  6  3 1700  -24.4  980.2    0.9   37.0  444.0  444.0
2020 155  6  3 1800  -25.0  980.4    0.0    0.0   77.0  444.0
2020 155  6  3 1900  -26.3  980.6    1.7  170.0   77.0  444.0
2020 155  6  3 2000  -26.8  980.5    2.4  170.0   76.0  444.0
2020 155  6  3 2100  -29.4  980.7    1.1  169.0   72.0  444.0
2020 155  6  3 2200  -30.3  980.9    0.1  169.0   74.0  444.0
2020 155  6  3 2300  -31.0  980.8    0.3  169.0   72.0  444.0
2020 156  6  4 0000  -32.0  980.9    1.9   48.0   72.0  444.0
2020 156  6  4 0100  -31.8  980.8    1.9   73.0   71.0  444.0
2020 156  6  4 0200  -32.9  980.6    1.3   97.0   70.0  444.0
2020 156  6  4 0300  -31.1  980.4    1.7   77.0   72.0  444.0
2020 156  6  4 0400  -31.1  980.1    2.6   87.0   72.0  444.0
2020 156  6  4 0500  -32.3  979.7    2.3   88.0   72.0  444.0
2020 156  6  4 0600  -31.1  979.6    3.0   86.0   72.0  444.0
2020 156  6  4 0700  -32.5  979.4    2.7   91.0   71.0  444.0
2020 156  6  4 0800  -30.4  979.0    3.3   88.0   74.0  444.0
2020 156  6  4 0900  -29.5  978.7    1.3   93.0   74.0  444.0
2020 156  6  4 1000  -29.9  978.3    2.3   93.0  444.0  444.0
2020 156  6  4 1100  -31.9  977.8    1.9  153.0   71.0  444.0
2020 156  6  4 1200  -32.5  977.4    2.1  153.0   70.0  444.0
2020 156  6  4 1300  -35.2  976.9    2.0  153.0   68.0  444.0
2020 156  6  4 1400  -35.0  976.1    2.0  153.0   68.0  444.0
2020 156  6  4 1500  -35.5  975.4    0.7  153.0   67.0  444.0
2020 156  6  4 1600  -34.9  974.7    2.1  153.0   69.0  444.0
2020 156  6  4 1700  -33.7  973.8    3.3  180.0   70.0  444.0
2020 156  6  4 1800  -34.5  973.0    2.2  202.0   68.0  444.0
2020 156  6  4 1900  -35.9  972.2    2.8  202.0   68.0  444.0
2020 156  6  4 2000  -35.9  971.7    2.8  181.0   67.0  444.0
2020 156  6  4 2100  -36.8  971.1    2.5  195.0   66.0  444.0
2020 156  6  4 2200  -37.3  970.8    1.7  195.0   66.0  444.0
2020 156  6  4 2300  -38.0  970.5    1.6  208.0   64.0  444.0
2020 157  6  5 0000  -38.4  970.1    1.4  210.0   64.0  444.0
2020 157  6  5 0100  -38.8  969.5    2.1  134.0   64.0  444.0
2020 157  6  5 0200  -37.9  968.9    0.7  214.0   66.0  444.0
2020 157  6  5 0300  -36.9  968.0    1.6  248.0   66.0  444.0
2020 157  6  5 0400  -36.3  968.0    2.0  207.0   67.0  444.0
2020 157  6  5 0500  -35.6  967.3    2.4  250.0   67.0  444.0
2020 157  6  5 0600  -35.7  966.9    2.5  244.0   67.0  444.0
2020 157  6  5 0700  -36.8  966.7    3.1  245.0   66.0  444.0
2020 157  6  5 0800  -36.8  966.4    2.7  247.0   67.0  444.0
2020 157  6  5 0900  -37.7  966.1    1.5  257.0   65.0  444.0
2020 157  6  5 1000  -38.6  965.7    2.3  263.0   64.0  444.0
2020 157  6  5 1100  -41.1  965.6    2.2  272.0   61.0  444.0
2020 157  6  5 1200  -43.3  965.5    2.1  280.0   59.0  444.0
2020 157  6  5 1300  -44.3  964.9    2.5  285.0   59.0  444.0
2020 157  6  5 1400  -44.8  965.1    1.3  276.0   58.0  444.0
2020 157  6  5 1500  -45.7  964.7    1.5  284.0   57.0  444.0
2020 157  6  5 1600  -46.0  964.6    0.8  295.0   56.0  444.0
2020 157  6  5 1700  -46.4  964.8    1.0  295.0   57.0  444.0
2020 157  6  5 1800  -43.8  964.7    1.6  289.0   59.0  444.0
2020 157  6  5 1900  -42.6  964.3    2.5  302.0   59.0  444.0
2020 157  6  5 2000  -43.5  964.2    2.2  304.0   59.0  444.0
2020 157  6  5 2100  -44.5  964.3    1.2  310.0   58.0  444.0
2020 157  6  5 2200  -45.0  964.3    1.1  311.0   57.0  444.0
2020 157  6  5 2300  -45.0  964.1    0.7  311.0   57.0  444.0
2020 158  6  6 0000  -45.1  963.7    1.9  310.0   57.0  444.0
2020 158  6  6 0100  -45.3  963.6    1.2  311.0   57.0  444.0
2020 158  6  6 0200  -45.3  963.0    0.7  311.0   58.0  444.0
2020 158  6  6 0300  -43.1  962.4    0.5  311.0   60.0  444.0
2020 158  6  6 0400  -41.4  962.3    0.5  340.0   62.0  444.0
2020 158  6  6 0500  -39.9  962.3    0.2  341.0   63.0  444.0
2020 158  6  6 0600  -38.1  961.0    2.8   22.0   65.0  444.0
2020 158  6  6 0700  -37.0  961.1    2.0   18.0   66.0  444.0
2020 158  6  6 0800  -35.7  960.9    3.1   30.0   67.0  444.0
2020 158  6  6 0900  -33.1  961.0    4.3    8.0   69.0  444.0
2020 158  6  6 1000  -32.1  961.4    4.0    2.0   71.0  444.0
2020 158  6  6 1100  -29.7  962.3    3.9  348.0   74.0  444.0
2020 158  6  6 1200  -28.6  962.5    4.3   13.0   75.0  444.0
2020 158  6  6 1300  -28.2  963.2    3.5   28.0   75.0  444.0
2020 158  6  6 1400  -28.6  963.5    2.0   40.0   75.0  444.0
2020 158  6  6 1500  -26.6  963.8    1.9   34.0   77.0  444.0
2020 158  6  6 1600  -25.8  964.3    6.0  358.0   78.0  444.0
2020 158  6  6 1700  -26.0  965.1    6.3    2.0   77.0  444.0
2020 158  6  6 1800  -28.6  965.8    5.8    9.0   74.0  444.0
2020 158  6  6 1900  -31.4  966.4    4.5   10.0   73.0  444.0
2020 158  6  6 2000  -30.9  967.0    3.4   13.0   71.0  444.0
2020 158  6  6 2100  -34.6  967.9    2.4   42.0   68.0  444.0
2020 158  6  6 2200  -36.6  968.6    3.4   58.0   67.0  444.0
2020 158  6  6 2300  -36.6  969.3    3.5   61.0   66.0  444.0
2020 159  6  7 0000  -37.9  969.8    2.8   70.0   65.0  444.0
2020 159  6  7 0100  -38.5  970.1    3.0   75.0   64.0  444.0
2020 159  6  7 0200  -39.5  970.6    3.1   79.0   63.0  444.0
2020 159  6  7 0300  -40.3  971.2    3.3   77.0   63.0  444.0
2020 159  6  7 0400  -39.8  971.6    2.9   80.0   63.0  444.0
2020 159  6  7 0500  -40.8  971.9    3.8   92.0   61.0  444.0
2020 159  6  7 0600  -42.3  972.4    2.7   84.0   60.0  444.0
2020 159  6  7 0700  -42.9  972.6    2.9   93.0   59.0  444.0
2020 159  6  7 0800  -43.8  972.8    2.0  115.0   59.0  444.0
2020 159  6  7 0900  -44.0  972.8    2.6  112.0   58.0  444.0
2020 159  6  7 1000  -44.0  973.0    3.5  112.0   58.0  444.0
2020 159  6  7 1100  -45.1  973.1    3.8  119.0   58.0  444.0
2020 159  6  7 1200  -45.1  973.2    3.7  128.0   57.0  444.0
2020 159  6  7 1300  -44.8  973.2    3.1  131.0   57.0  444.0
2020 159  6  7 1400  -45.3  972.9    3.0  138.0   57.0  444.0
2020 159  6  7 1500  -44.1  972.7    2.9  149.0   58.0  444.0
2020 159  6  7 1600  -44.5  972.6    3.8  164.0   58.0  444.0
2020 159  6  7 1700  -43.6  972.4    3.9  154.0   59.0  444.0
2020 159  6  7 1800  -42.0  972.0    4.2  160.0   61.0  444.0
2020 159  6  7 1900  -40.5  971.8    4.2  158.0   62.0  444.0
2020 159  6  7 2000  -39.1  971.7    3.9  162.0   64.0  444.0
2020 159  6  7 2100  -39.5  971.6    4.8  154.0   62.0  444.0
2020 159  6  7 2200  -41.1  971.4    4.1  143.0   61.0  444.0
2020 159  6  7 2300  -42.8  971.2    2.8  172.0   59.0  444.0
2020 160  6  8 0000  -43.5  970.9    4.1  166.0   59.0  444.0
2020 160  6  8 0100  -43.2  970.8    3.7  163.0   59.0  444.0
2020 160  6  8 0200  -43.5  970.1    4.5  162.0   59.0  444.0
2020 160  6  8 0300  -43.5  969.6    3.6  170.0   58.0  444.0
2020 160  6  8 0400  -44.0  969.4    3.6  180.0  444.0  444.0
2020 160  6  8 0500  -44.0  969.2    3.5  168.0   58.0  444.0
2020 160  6  8 0600  -43.6  969.0    3.8  164.0   59.0  444.0
2020 160  6  8 0700  -42.9  968.6    3.8  172.0   59.0  444.0
2020 160  6  8 0800  -42.2  968.3    4.6  168.0   61.0  444.0
2020 160  6  8 0900  -41.3  968.1    4.3  162.0   61.0  444.0
2020 160  6  8 1000  -40.5  968.1    4.1  155.0   62.0  444.0
2020 160  6  8 1100  -39.7  968.1    4.8  150.0   62.0  444.0
2020 160  6  8 1200  -39.4  967.8    4.7  150.0   63.0  444.0
2020 160  6  8 1300  -39.3  967.5    5.2  145.0   64.0  444.0
2020 160  6  8 1400  -38.9  967.3    5.1  144.0   64.0  444.0
2020 160  6  8 1500  -37.5  967.0    5.3  135.0   65.0  444.0
2020 160  6  8 1600  -36.4  966.7    5.7  135.0   66.0  444.0
2020 160  6  8 1700  -35.9  966.7    5.8  136.0   66.0  444.0
2020 160  6  8 1800  -35.7  966.8    5.8  124.0   67.0  444.0
2020 160  6  8 1900  -35.6  966.6    6.9  135.0   67.0  444.0
2020 160  6  8 2000  -36.2  966.5    6.7  136.0   67.0  444.0
2020 160  6  8 2100  -35.9  966.7    6.1  135.0   68.0  444.0
2020 160  6  8 2200  -35.2  966.7    6.8  137.0   67.0  444.0
2020 160  6  8 2300  -35.5  966.7    5.8  139.0   67.0  444.0
2020 161  6  9 0000  -35.3  966.4    6.5  137.0   67.0  444.0
2020 161  6  9 0100  -35.6  966.1    5.2  137.0   67.0  444.0
2020 161  6  9 0200  -37.0  965.9    6.0  154.0   65.0  444.0
2020 161  6  9 0300  -39.0  965.4    5.8  145.0   63.0  444.0
2020 161  6  9 0400  -39.8  965.1    7.0  156.0   64.0  444.0
2020 161  6  9 0500  -39.7  964.9    5.5  130.0   63.0  444.0
2020 161  6  9 0600  -39.7  964.1    4.8  150.0   63.0  444.0
2020 161  6  9 0700  -40.0  963.7    4.9  168.0   62.0  444.0
2020 161  6  9 0800  -40.9  962.9    4.5  168.0   61.0  444.0
2020 161  6  9 0900  -41.7  963.0    5.6  165.0   61.0  444.0
2020 161  6  9 1000  -42.0  962.2    5.6  167.0   61.0  444.0
2020 161  6  9 1100  -42.1  961.6    5.1  157.0   60.0  444.0
2020 161  6  9 1200  -42.2  960.8    6.1  150.0   61.0  444.0
2020 161  6  9 1300  -42.2  960.5    4.7  160.0   60.0  444.0
2020 161  6  9 1400  -42.0  959.8    5.6  159.0   61.0  444.0
2020 161  6  9 1500  -41.5  960.1    5.8  148.0   65.0  444.0
2020 161  6  9 1600  -40.7  959.6    5.3  158.0   61.0  444.0
2020 161  6  9 1700  -40.6  959.0    5.3  141.0   62.0  444.0
2020 161  6  9 1800  -38.7  959.3    4.7  129.0   64.0  444.0
2020 161  6  9 1900  -37.3  959.1    5.0  128.0   65.0  444.0
2020 161  6  9 2000  -36.9  959.5    2.7  104.0   66.0  444.0
2020 161  6  9 2100  -38.0  959.3    3.2  140.0   64.0  444.0
2020 161  6  9 2200  -39.1  959.4    3.0  126.0   63.0  444.0
2020 161  6  9 2300  -39.6  959.6    3.2  155.0   63.0  444.0
2020 162  6 10 0000  -39.4  959.7    2.6  125.0   64.0  444.0
2020 162  6 10 0100  -38.7  959.4    2.5  145.0   65.0  444.0
2020 162  6 10 0200  -37.7  959.0    2.2  165.0   65.0  444.0
2020 162  6 10 0300  -36.6  959.6    2.0  114.0   67.0  444.0
2020 162  6 10 0400  -35.5  959.6    1.5  136.0   68.0  444.0
2020 162  6 10 0500  -34.8  959.7    0.1  188.0   68.0  444.0
2020 162  6 10 0600  -34.9  959.9    1.3  202.0   67.0  444.0
2020 162  6 10 0700  -35.2  960.2    0.4   51.0   68.0  444.0
2020 162  6 10 0800  -34.9  960.3    0.2   51.0   68.0  444.0
2020 162  6 10 0900  -34.0  959.9    2.0  176.0   69.0  444.0
2020 162  6 10 1000  -33.3  960.3    0.5  242.0   70.0  444.0
2020 162  6 10 1100  -32.7  960.4    0.1  230.0   71.0  444.0
2020 162  6 10 1200  -32.0  960.3    0.1  224.0   72.0  444.0
2020 162  6 10 1300  -31.4  960.4    0.1  224.0   73.0  444.0
2020 162  6 10 1400  -30.8  960.0    0.9  235.0   72.0  444.0
2020 162  6 10 1500  -31.0  959.7    1.1  224.0   72.0  444.0
2020 162  6 10 1600  -31.6  959.0    1.1  224.0   71.0  444.0
2020 162  6 10 1700  -32.3  958.8    1.5  226.0   71.0  444.0
2020 162  6 10 1800  -33.6  958.9    1.4  201.0   69.0  444.0
2020 162  6 10 1900  -34.5  958.5    0.2  230.0   68.0  444.0
2020 162  6 10 2000  -37.2  958.1    0.2  248.0   65.0  444.0
2020 162  6 10 2100  -40.3  957.9    1.5  237.0   62.0  444.0
2020 162  6 10 2200  -42.0  957.5    1.3  217.0   61.0  444.0
2020 162  6 10 2300  -42.7  957.0    1.2  203.0   60.0  444.0
2020 163  6 11 0000  -42.9  956.5    1.1  207.0   60.0  444.0
2020 163  6 11 0100  -43.0  956.5    1.4  161.0   60.0  444.0
2020 163  6 11 0200  -42.4  956.1    0.8  149.0   61.0  444.0
2020 163  6 11 0300  -42.5  955.8    1.1  243.0   60.0  444.0
2020 163  6 11 0400  -43.4  955.1    1.2  260.0   59.0  444.0
2020 163  6 11 0500  -44.7  955.3    2.1  198.0   58.0  444.0
2020 163  6 11 0600  -45.0  955.1    1.1  223.0   57.0  444.0
2020 163  6 11 0700  -45.1  954.8    0.7  258.0   57.0  444.0
2020 163  6 11 0800  -45.8  954.8    1.2  243.0   57.0  444.0
2020 163  6 11 0900  -45.7  955.0    0.8  239.0   57.0  444.0
2020 163  6 11 1000  -44.6  954.7    0.8  274.0   59.0  444.0
2020 163  6 11 1100  -42.4  954.8    1.2  276.0   60.0  444.0
2020 163  6 11 1200  -41.0  955.0    1.9  277.0   61.0  444.0
2020 163  6 11 1300  -39.8  955.0    1.9  274.0   63.0  444.0
2020 163  6 11 1400  -38.7  954.6    2.2  287.0   63.0  444.0
2020 163  6 11 1500  -40.5  954.7    2.5  294.0   62.0  444.0
2020 163  6 11 1600  -41.3  954.8    2.3  312.0   61.0  444.0
2020 163  6 11 1700  -42.4  954.5    2.5  308.0   61.0  444.0
2020 163  6 11 1800  -42.3  954.3    3.8  323.0   60.0  444.0
2020 163  6 11 1900  -42.3  953.8    4.4  324.0   60.0  444.0
2020 163  6 11 2000  -41.7  953.7    4.8  324.0   61.0  444.0
2020 163  6 11 2100  -40.5  953.2    6.3  323.0   62.0  444.0
2020 163  6 11 2200  -38.7  952.6    6.8  331.0   64.0  444.0
2020 163  6 11 2300  -37.1  952.6    7.0  333.0   65.0  444.0
2020 164  6 12 0000  -36.9  952.3    7.5  343.0   65.0  444.0
2020 164  6 12 0100  -36.4  952.3    6.3  336.0   66.0  444.0
2020 164  6 12 0200  -36.5  952.4    6.1  339.0   65.0  444.0
2020 164  6 12 0300  -36.7  952.4    5.9  344.0   66.0  444.0
2020 164  6 12 0400  -35.8  952.5    5.9  345.0   67.0  444.0
2020 164  6 12 0500  -36.3  953.0    2.8  264.0   62.0  444.0
2020 164  6 12 0600  -42.6  954.0    2.8  253.0   60.0  444.0
2020 164  6 12 0700  -40.6  954.7    1.9  283.0   63.0  444.0
2020 164  6 12 0800  -39.3  955.5    2.5  322.0   64.0  444.0
2020 164  6 12 0900  -38.7  956.7    1.9  229.0   64.0  444.0
2020 164  6 12 1000  -39.1  957.3    2.4  291.0   63.0  444.0
2020 164  6 12 1100  -40.0  958.3    1.2  233.0   63.0  444.0
2020 164  6 12 1200  -39.5  959.1    1.3  303.0   63.0  444.0
2020 164  6 12 1300  -39.4  960.4    2.4  277.0   63.0  444.0
2020 164  6 12 1400  -38.4  961.1    3.0  302.0   64.0  444.0
2020 164  6 12 1500  -37.2  961.9    2.5  297.0   66.0  444.0
2020 164  6 12 1600  -35.5  962.7    3.4  267.0   67.0  444.0
2020 164  6 12 1700  -35.9  963.7    4.0  269.0   67.0  444.0
2020 164  6 12 1800  -36.2  964.8    3.2  283.0   66.0  444.0
2020 164  6 12 1900  -37.3  966.1    2.7  284.0   65.0  444.0
2020 164  6 12 2000  -38.7  967.0    2.7  290.0   63.0  444.0
2020 164  6 12 2100  -38.4  967.6    4.5  296.0   65.0  444.0
2020 164  6 12 2200  -36.7  968.3    4.2  277.0   66.0  444.0
2020 164  6 12 2300  -35.5  968.9    3.8  294.0   68.0  444.0
2020 165  6 13 0000  -35.3  969.5    3.6  310.0   67.0  444.0
2020 165  6 13 0100  -35.8  970.0    4.0  304.0   66.0  444.0
2020 165  6 13 0200  -37.3  971.0    3.3  283.0   65.0  444.0
2020 165  6 13 0300  -40.7  971.7    2.3  246.0   61.0  444.0
2020 165  6 13 0400  -43.1  972.4    3.1  252.0   60.0  444.0
2020 165  6 13 0500  -44.1  973.4    2.6  249.0   58.0  444.0
2020 165  6 13 0600  -44.3  973.7    2.4  262.0   58.0  444.0
2020 165  6 13 0700  -43.0  974.4    3.4  241.0   60.0  444.0
2020 165  6 13 0800  -42.1  975.0    2.3  243.0   60.0  444.0
2020 165  6 13 0900  -43.9  976.1    2.0  254.0   58.0  444.0
2020 165  6 13 1000  -45.1  976.2    1.9  264.0   57.0  444.0
2020 165  6 13 1100  -42.1  976.4    2.4  271.0   61.0  444.0
2020 165  6 13 1200  -39.9  976.7    2.0  274.0   62.0  444.0
2020 165  6 13 1300  -40.2  977.1    1.7  287.0   61.0  444.0
2020 165  6 13 1400  -42.0  977.1    1.0  282.0   60.0  444.0
2020 165  6 13 1500  -43.3  977.3    2.4  294.0   58.0  444.0
2020 165  6 13 1600  -43.5  977.1    2.7  268.0   59.0  444.0
2020 165  6 13 1700  -44.4  977.3    1.9  277.0  444.0  444.0
2020 165  6 13 1800  -45.5  977.9    1.7  279.0   56.0  444.0
2020 165  6 13 1900  -46.2  978.1    1.5  284.0   55.0  444.0
2020 165  6 13 2000  -46.5  978.1    1.7  286.0   55.0  444.0
2020 165  6 13 2100  -47.2  978.6    1.5  291.0   55.0  444.0
2020 165  6 13 2200  -47.6  978.7    1.5  264.0  444.0  444.0
2020 165  6 13 2300  -48.2  979.1    0.9  263.0   53.0  444.0
2020 166  6 14 0000  -48.7  979.6    0.9  281.0   54.0  444.0
2020 166  6 14 0100  -49.0  979.8    1.3  291.0   53.0  444.0
2020 166  6 14 0200  -49.1  980.4    0.9  274.0   52.0  444.0
2020 166  6 14 0300  -49.3  980.5    1.5  331.0   52.0  444.0
2020 166  6 14 0400  -49.5  980.4    1.4  331.0   53.0  444.0
2020 166  6 14 0500  -48.8  981.2    1.5  289.0   54.0  444.0
2020 166  6 14 0600  -48.1  981.4    0.9  282.0   53.0  444.0
2020 166  6 14 0700  -48.0  981.6    1.1  303.0   54.0  444.0
2020 166  6 14 0800  -48.1  982.0    1.3  303.0   53.0  444.0
2020 166  6 14 0900  -48.1  982.3    1.1  303.0   54.0  444.0
2020 166  6 14 1000  -45.7  982.1    1.3  278.0   58.0  444.0
2020 166  6 14 1100  -42.5  982.5    1.1  261.0   59.0  444.0
2020 166  6 14 1200  -42.1  983.3    0.1  281.0   59.0  444.0
2020 166  6 14 1300  -42.5  982.8    0.9  297.0   59.0  444.0
2020 166  6 14 1400  -43.1  982.8    0.9  280.0   58.0  444.0
2020 166  6 14 1500  -44.0  983.1    1.4  296.0   56.0  444.0
2020 166  6 14 1600  -45.2  983.1    1.3  286.0   56.0  444.0
2020 166  6 14 1700  -46.0  983.0    1.2  287.0   55.0  444.0
2020 166  6 14 1800  -45.9  983.3    1.6  293.0   56.0  444.0
2020 166  6 14 1900  -45.3  983.5    1.1  290.0   57.0  444.0
2020 166  6 14 2000  -44.9  983.1    1.0  274.0  444.0  444.0
2020 166  6 14 2100  -45.4  983.5    1.3  286.0   56.0  444.0
2020 166  6 14 2200  -45.1  983.3    0.5  257.0   57.0  444.0
2020 166  6 14 2300  -44.0  983.1    0.6  262.0   58.0  444.0
2020 167  6 15 0000  -42.9  983.1    1.2  250.0   58.0  444.0
2020 167  6 15 0100  -43.2  982.9    1.0  260.0  444.0  444.0
2020 167  6 15 0200  -44.1  982.9    0.9  261.0   57.0  444.0
2020 167  6 15 0300  -44.7  982.5    0.7  269.0   57.0  444.0
2020 167  6 15 0400  -44.4  982.3    1.4  266.0   57.0  444.0
2020 167  6 15 0500  -46.4  982.0    1.0  255.0   55.0  444.0
2020 167  6 15 0600  -45.4  981.9    1.5  259.0   56.0  444.0
2020 167  6 15 0700  -44.2  981.3    1.2  255.0   58.0  444.0
2020 167  6 15 0800  -44.7  981.1    1.5  265.0   56.0  444.0
2020 167  6 15 0900  -46.9  980.8    1.1  283.0   55.0  444.0
2020 167  6 15 1000  -47.6  980.6    1.3  276.0   54.0  444.0
2020 167  6 15 1100  -48.1  980.2    1.6  219.0   53.0  444.0
2020 167  6 15 1200  -47.5  979.9    1.2  259.0   54.0  444.0
2020 167  6 15 1300  -48.8  979.6    1.4  237.0   53.0  444.0
2020 167  6 15 1400  -48.8  979.3    1.1  248.0   53.0  444.0
2020 167  6 15 1500  -49.3  979.0    1.4  229.0   52.0  444.0
2020 167  6 15 1600  -49.4  978.7    1.5  218.0   51.0  444.0
2020 167  6 15 1700  -48.8  978.5    1.7  211.0   53.0  444.0
2020 167  6 15 1800  -48.7  978.4    1.7  200.0   53.0  444.0
2020 167  6 15 1900  -48.4  978.2    1.4  193.0   53.0  444.0
2020 167  6 15 2000  -48.5  978.2    0.9  223.0   52.0  444.0
2020 167  6 15 2100  -49.1  977.8    1.8  205.0   51.0  444.0
2020 167  6 15 2200  -49.9  977.5    1.3  213.0   51.0  444.0
2020 167  6 15 2300  -50.3  977.1    1.0  234.0   51.0  444.0
2020 168  6 16 0000  -50.6  977.1    0.5  246.0   50.0  444.0
2020 168  6 16 0100  -51.2  976.8    0.8  240.0   49.0  444.0
2020 168  6 16 0200  -51.5  976.6    0.9  251.0   50.0  444.0
2020 168  6 16 0300  -51.3  976.1    1.1  235.0   50.0  444.0
2020 168  6 16 0400  -51.9  975.7    0.6  235.0   49.0  444.0
2020 168  6 16 0500  -51.9  975.4    1.1  232.0   49.0  444.0
2020 168  6 16 0600  -52.1  975.4    0.8  240.0   48.0  444.0
2020 168  6 16 0700  -52.0  975.2    0.3  224.0   49.0  444.0
2020 168  6 16 0800  -52.1  974.9    0.3  239.0   48.0  444.0
2020 168  6 16 0900  -52.7  974.7    0.7  257.0   48.0  444.0
2020 168  6 16 1000  -53.4  974.8    0.9  258.0   48.0  444.0
2020 168  6 16 1100  -53.0  974.7    0.7  257.0   49.0  444.0
2020 168  6 16 1200  -52.7  974.6    0.2  258.0   48.0  444.0
2020 168  6 16 1300  -52.9  974.2    1.2  324.0   48.0  444.0
2020 168  6 16 1400  -52.7  974.3    1.1  318.0   50.0  444.0
2020 168  6 16 1500  -49.6  974.2    1.3  292.0   52.0  444.0
2020 168  6 16 1600  -50.2  974.1    1.7  307.0   50.0  444.0
2020 168  6 16 1700  -51.5  974.0    1.2  302.0   49.0  444.0
2020 168  6 16 1800  -52.3  974.1    1.2  317.0   48.0  444.0
2020 168  6 16 1900  -52.1  973.8    1.7  308.0   49.0  444.0
2020 168  6 16 2000  -50.7  974.0    1.8  324.0   50.0  444.0
2020 168  6 16 2100  -50.5  973.5    2.2  299.0   51.0  444.0
2020 168  6 16 2200  -50.6  973.7    2.2  302.0   50.0  444.0
2020 168  6 16 2300  -51.0  974.0    2.5  301.0   49.0  444.0
2020 169  6 17 0000  -50.9  974.1    2.0  310.0   50.0  444.0
2020 169  6 17 0100  -51.2  974.4    1.9  302.0   50.0  444.0
2020 169  6 17 0200  -51.2  974.3    0.6  302.0   49.0  444.0
2020 169  6 17 0300  -52.2  974.1    2.5  315.0   49.0  444.0
2020 169  6 17 0400  -51.1  974.3    2.1  293.0   50.0  444.0
2020 169  6 17 0500  -51.2  974.2    1.7  320.0   49.0  444.0
2020 169  6 17 0600  -51.6  974.1    1.9  307.0   49.0  444.0
2020 169  6 17 0700  -52.2  974.0    1.0  310.0   48.0  444.0
2020 169  6 17 0800  -52.4  974.2    1.1  305.0   48.0  444.0
2020 169  6 17 0900  -52.8  973.9    1.6  310.0   48.0  444.0
2020 169  6 17 1000  -53.3  973.9    1.4  305.0   47.0  444.0
2020 169  6 17 1100  -53.8  973.7    1.4  293.0   47.0  444.0
2020 169  6 17 1200  -53.7  973.5    0.8  291.0   46.0  444.0
2020 169  6 17 1300  -54.4  973.5    0.9  302.0   46.0  444.0
2020 169  6 17 1400  -54.7  973.5    1.0  308.0   46.0  444.0
2020 169  6 17 1500  -54.9  972.6    0.8  265.0   45.0  444.0
2020 169  6 17 1600  -53.9  971.7    1.4  287.0   47.0  444.0
2020 169  6 17 1700  -52.6  971.3    1.3  225.0   48.0  444.0
2020 169  6 17 1800  -53.0  971.4    0.3  353.0   47.0  444.0
2020 169  6 17 1900  -53.8  970.2    0.8  209.0   46.0  444.0
2020 169  6 17 2000  -54.8  970.2    0.6  215.0   45.0  444.0
2020 169  6 17 2100  -55.5  969.7    1.1  204.0   44.0  444.0
2020 169  6 17 2200  -56.2  968.9    1.1  188.0   44.0  444.0
2020 169  6 17 2300  -56.5  968.8    0.2  187.0   43.0  444.0
2020 170  6 18 0000  -57.5  968.1    1.2  222.0   43.0  444.0
2020 170  6 18 0100  -57.7  967.8    1.5  194.0   43.0  444.0
2020 170  6 18 0200  -57.7  966.8    1.6  191.0   43.0  444.0
2020 170  6 18 0300  -57.5  966.5    1.2  182.0   43.0  444.0
2020 170  6 18 0400  -57.5  966.9    0.1  179.0   43.0  444.0
2020 170  6 18 0500  -57.9  966.1    1.3  186.0   42.0  444.0
2020 170  6 18 0600  -58.1  965.5    1.5  174.0   42.0  444.0
2020 170  6 18 0700  -58.2  965.3    1.2  189.0   42.0  444.0
2020 170  6 18 0800  -58.2  965.5    1.3  190.0   42.0  444.0
2020 170  6 18 0900  -58.1  965.3    1.4  177.0   42.0  444.0
2020 170  6 18 1000  -58.0  965.5    0.9  190.0   42.0  444.0
2020 170  6 18 1100  -58.3  965.3    1.2  198.0   42.0  444.0
2020 170  6 18 1200  -57.8  965.4    1.3  197.0   43.0  444.0
2020 170  6 18 1300  -57.8  965.2    1.3  208.0   42.0  444.0
2020 170  6 18 1400  -58.7  965.1    1.2  206.0   42.0  444.0
2020 170  6 18 1500  -59.1  965.0    0.8  196.0   41.0  444.0
2020 170  6 18 1600  -59.4  964.5    1.0  212.0   41.0  444.0
2020 170  6 18 1700  -59.3  965.0    0.8  213.0   40.0  444.0
2020 170  6 18 1800  -58.9  964.4    0.6  220.0   41.0  444.0
2020 170  6 18 1900  -58.6  964.2    0.7  240.0   41.0  444.0
2020 170  6 18 2000  -58.8  963.8    0.7  238.0   41.0  444.0
2020 170  6 18 2100  -58.8  964.1    0.7  249.0   41.0  444.0
2020 170  6 18 2200  -58.7  963.7    0.6  253.0   41.0  444.0
2020 170  6 18 2300  -58.0  963.7    0.5  254.0   42.0  444.0
2020 171  6 19 0000  -57.3  963.5    0.6  254.0   42.0  444.0
2020 171  6 19 0100  -56.4  963.4    0.5  241.0   43.0  444.0
2020 171  6 19 0200  -55.7  962.8    0.7  237.0   45.0  444.0
2020 171  6 19 0300  -55.2  962.8    0.5  247.0   44.0  444.0
2020 171  6 19 0400  -55.6  962.9    0.6  259.0   44.0  444.0
2020 171  6 19 0500  -55.6  962.2    0.7  233.0   44.0  444.0
2020 171  6 19 0600  -55.1  961.5    0.1  256.0   45.0  444.0
2020 171  6 19 0700  -55.1  961.4    0.2  278.0   45.0  444.0
2020 171  6 19 0800  -55.6  961.3    0.5  292.0   43.0  444.0
2020 171  6 19 0900  -56.2  960.7    0.5  302.0   44.0  444.0
2020 171  6 19 1000  -56.5  960.3    0.2  298.0   43.0  444.0
2020 171  6 19 1100  -56.8  959.7    0.0    0.0   43.0  444.0
2020 171  6 19 1200  -57.4  959.5    0.3  298.0   42.0  444.0
2020 171  6 19 1300  -58.1  959.1    0.1  298.0   42.0  444.0
2020 171  6 19 1400  -58.4  959.0    0.0    0.0   41.0  444.0
2020 171  6 19 1500  -58.9  959.0    0.0    0.0   41.0  444.0
2020 171  6 19 1600  -58.2  958.7  444.0  444.0   41.0  444.0
2020 171  6 19 1700  -58.6  958.8  444.0  444.0   41.0  444.0
2020 171  6 19 1800  -58.4  959.0  444.0  444.0   41.0  444.0
2020 171  6 19 1900  -58.3  958.9  444.0  444.0   42.0  444.0
2020 171  6 19 2000  -58.5  958.7  444.0  444.0   41.0  444.0
2020 171  6 19 2100  -58.5  958.8  444.0  444.0   41.0  444.0
2020 171  6 19 2200  -57.0  958.8  444.0  444.0   42.0  444.0
2020 171  6 19 2300  -56.2  959.0  444.0  444.0   43.0  444.0
2020 172  6 20 0000  -56.2  958.8  444.0  444.0   43.0  444.0
2020 172  6 20 0100  -56.3  958.0  444.0  444.0   43.0  444.0
2020 172  6 20 0200  -55.7  958.1  444.0  444.0   44.0  444.0
2020 172  6 20 0300  -54.6  957.5  444.0  444.0   45.0  444.0
2020 172  6 20 0400  -54.4  956.8  444.0  444.0   46.0  444.0
2020 172  6 20 0500  -53.5  956.8  444.0  444.0   46.0  444.0
2020 172  6 20 0600  -53.4  956.5  444.0  444.0   47.0  444.0
2020 172  6 20 0700  -52.8  956.3  444.0  444.0   47.0  444.0
2020 172  6 20 0800  -51.8  955.8  444.0  444.0   49.0  444.0
2020 172  6 20 0900  -49.7  955.8  444.0  444.0   50.0  444.0
2020 172  6 20 1000  -48.3  955.0  444.0  444.0   52.0  444.0
2020 172  6 20 1100  -46.0  954.7  444.0  444.0   54.0  444.0
2020 172  6 20 1200  -44.4  954.3  444.0  444.0   56.0  444.0
2020 172  6 20 1300  -44.3  953.8  444.0  444.0   55.0  444.0
2020 172  6 20 1400  -45.5  953.3  444.0  444.0   54.0  444.0
2020 172  6 20 1500  -46.1  952.6  444.0  444.0   54.0  444.0
2020 172  6 20 1600  -45.4  952.2  444.0  444.0   55.0  444.0
2020 172  6 20 1700  -45.9  951.8  444.0  444.0   54.0  444.0
2020 172  6 20 1800  -46.1  951.4  444.0  444.0   55.0  444.0
2020 172  6 20 1900  -45.3  950.9  444.0  444.0   56.0  444.0
2020 172  6 20 2000  -45.3  950.2  444.0  444.0   55.0  444.0
2020 172  6 20 2100  -45.5  949.8  444.0  444.0   55.0  444.0
2020 172  6 20 2200  -46.6  949.4  444.0  444.0   54.0  444.0
2020 172  6 20 2300  -46.3  949.1  444.0  444.0   53.0  444.0
2020 173  6 21 0000  -47.9  949.1  444.0  444.0   53.0  444.0
2020 173  6 21 0100  -48.2  948.4  444.0  444.0   52.0  444.0
2020 173  6 21 0200  -48.1  948.5  444.0  444.0   53.0  444.0
2020 173  6 21 0300  -49.0  948.6  444.0  444.0   51.0  444.0
2020 173  6 21 0400  -49.4  948.4  444.0  444.0   52.0  444.0
2020 173  6 21 0500  -48.8  947.4  444.0  444.0   52.0  444.0
2020 173  6 21 0600  -48.5  947.5  444.0  444.0   52.0  444.0
2020 173  6 21 0700  -49.5  948.7  444.0  444.0   51.0  444.0
2020 173  6 21 0800  -49.9  948.1  444.0  444.0   51.0  444.0
2020 173  6 21 0900  -49.6  947.9  444.0  444.0   51.0  444.0
2020 173  6 21 1000  -50.1  947.7  444.0  444.0   50.0  444.0
2020 173  6 21 1100  -49.1  947.5  444.0  444.0   52.0  444.0
2020 173  6 21 1200  -48.5  947.3  444.0  444.0   52.0  444.0
2020 173  6 21 1300  -48.0  947.4  444.0  444.0   52.0  444.0
2020 173  6 21 1400  -47.6  947.3  444.0  444.0   53.0  444.0
2020 173  6 21 1500  -47.7  947.5  444.0  444.0   52.0  444.0
2020 173  6 21 1600  -47.6  947.6  444.0  444.0   53.0  444.0
2020 173  6 21 1700  -46.3  947.3  444.0  444.0   55.0  444.0
2020 173  6 21 1800  -43.2  947.1  444.0  444.0   57.0  444.0
2020 173  6 21 1900  -44.0  946.7  444.0  444.0   57.0  444.0
2020 173  6 21 2000  -44.2  947.6  444.0  444.0   58.0  444.0
2020 173  6 21 2100  -42.2  948.1  444.0  444.0   60.0  444.0
2020 173  6 21 2200  -40.6  948.4  444.0  444.0   61.0  444.0
2020 173  6 21 2300  -40.0  948.4  444.0  444.0   62.0  444.0
2020 174  6 22 0000  -39.2  948.6  444.0  444.0   62.0  444.0
2020 174  6 22 0100  -38.9  949.4  444.0  444.0   63.0  444.0
2020 174  6 22 0200  -39.1  950.2  444.0  444.0  444.0  444.0
2020 174  6 22 0300  -39.2  951.0  444.0  444.0   62.0  444.0
2020 174  6 22 0400  -39.8  951.2  444.0  444.0   61.0  444.0
2020 174  6 22 0500  -41.1  951.8  444.0  444.0   60.0  444.0
2020 174  6 22 0600  -42.9  952.0  444.0  444.0   58.0  444.0
2020 174  6 22 0700  -45.0  952.9  444.0  444.0   56.0  444.0
2020 174  6 22 0800  -43.0  953.4  444.0  444.0   59.0  444.0
2020 174  6 22 0900  -42.0  953.2  444.0  444.0   59.0  444.0
2020 174  6 22 1000  -41.0  953.7  444.0  444.0   61.0  444.0
2020 174  6 22 1100  -40.6  954.2  444.0  444.0   61.0  444.0
2020 174  6 22 1200  -39.0  954.8  444.0  444.0   63.0  444.0
2020 174  6 22 1300  -39.0  953.5  444.0  444.0   61.0  444.0
2020 174  6 22 1400  -38.3  952.3  444.0  444.0   65.0  444.0
2020 174  6 22 1500  -37.2  952.0  444.0  444.0   65.0  444.0
2020 174  6 22 1600  -36.1  950.6  444.0  444.0   66.0  444.0
2020 174  6 22 1700  -35.6  949.8  444.0  444.0   66.0  444.0
2020 174  6 22 1800  -35.3  950.2  444.0  444.0   67.0  444.0
2020 174  6 22 1900  -35.8  950.3  444.0  444.0   66.0  444.0
2020 174  6 22 2000  -38.9  951.0  444.0  444.0   62.0  444.0
2020 174  6 22 2100  -40.8  951.0  444.0  444.0   62.0  444.0
2020 174  6 22 2200  -40.1  951.6  444.0  444.0   61.0  444.0
2020 174  6 22 2300  -40.0  953.0  444.0  444.0   62.0  444.0
2020 175  6 23 0000  -41.2  954.9  444.0  444.0  444.0  444.0
2020 175  6 23 0100  -41.0  955.0  444.0  444.0   61.0  444.0
2020 175  6 23 0200  -36.3  956.8  444.0  444.0   66.0  444.0
2020 175  6 23 0300  -34.0  957.7  444.0  444.0   69.0  444.0
2020 175  6 23 0400  -29.8  957.9  444.0  444.0   72.0  444.0
2020 175  6 23 0500  -28.6  958.7  444.0  444.0  444.0  444.0
2020 175  6 23 0600  -27.1  959.2  444.0  444.0   75.0  444.0
2020 175  6 23 0700  -29.0  961.0  444.0  444.0   73.0  444.0
2020 175  6 23 0800  -30.6  962.9  444.0  444.0   72.0  444.0
2020 175  6 23 0900  -31.6  963.9  444.0  444.0   72.0  444.0
2020 175  6 23 1000  -31.2  964.4  444.0  444.0   72.0  444.0
2020 175  6 23 1100  -33.0  965.0  444.0  444.0   70.0  444.0
2020 175  6 23 1200  -35.6  965.5  444.0  444.0   67.0  444.0
2020 175  6 23 1300  -37.3  966.0  444.0  444.0   66.0  444.0
2020 175  6 23 1400  -38.3  966.5  444.0  444.0   65.0  444.0
2020 175  6 23 1500  -38.7  967.4  444.0  444.0   64.0  444.0
2020 175  6 23 1600  -38.0  968.0  444.0  444.0   64.0  444.0
2020 175  6 23 1700  -39.2  968.8  444.0  444.0   63.0  444.0
2020 175  6 23 1800  -39.8  969.1  444.0  444.0   63.0  444.0
2020 175  6 23 1900  -39.6  970.0  444.0  444.0   62.0  444.0
2020 175  6 23 2000  -41.0  970.2  444.0  444.0   62.0  444.0
2020 175  6 23 2100  -41.1  970.3  444.0  444.0   61.0  444.0
2020 175  6 23 2200  -40.8  970.7  444.0  444.0   61.0  444.0
2020 175  6 23 2300  -41.8  971.4  444.0  444.0   61.0  444.0
2020 176  6 24 0000  -42.8  971.7  444.0  444.0   60.0  444.0
2020 176  6 24 0100  -43.5  972.6  444.0  444.0   58.0  444.0
2020 176  6 24 0200  -43.0  972.7  444.0  444.0   59.0  444.0
2020 176  6 24 0300  -42.1  972.8  444.0  444.0  444.0  444.0
2020 176  6 24 0400  -42.1  973.3  444.0  444.0   60.0  444.0
2020 176  6 24 0500  -40.9  973.3  444.0  444.0   61.0  444.0
2020 176  6 24 0600  -41.2  973.5  444.0  444.0   61.0  444.0
2020 176  6 24 0700  -40.4  974.1  444.0  444.0   62.0  444.0
2020 176  6 24 0800  -40.6  974.8  444.0  444.0   62.0  444.0
2020 176  6 24 0900  -41.0  975.3  444.0  444.0   61.0  444.0
2020 176  6 24 1000  -41.8  976.0  444.0  444.0   60.0  444.0
2020 176  6 24 1100  -42.4  976.4  444.0  444.0   60.0  444.0
2020 176  6 24 1200  -42.7  976.8  444.0  444.0   59.0  444.0
2020 176  6 24 1300  -43.4  977.1  444.0  444.0   59.0  444.0
2020 176  6 24 1400  -44.8  977.4  444.0  444.0   57.0  444.0
2020 176  6 24 1500  -44.7  977.3  444.0  444.0   57.0  444.0
2020 176  6 24 1600  -45.4  977.0  444.0  444.0   57.0  444.0
2020 176  6 24 1700  -45.8  977.5  444.0  444.0   56.0  444.0
2020 176  6 24 1800  -45.5  977.4  444.0  444.0   57.0  444.0
2020 176  6 24 1900  -45.3  976.9  444.0  444.0   57.0  444.0
2020 176  6 24 2000  -43.1  976.2  444.0  444.0   61.0  444.0
2020 176  6 24 2100  -40.2  975.4  444.0  444.0   62.0  444.0
2020 176  6 24 2200  -39.0  975.0  444.0  444.0   63.0  444.0
2020 176  6 24 2300  -38.1  974.8  444.0  444.0   64.0  444.0
2020 177  6 25 0000  -38.0  973.7  444.0  444.0   65.0  444.0
2020 177  6 25 0100  -37.4  972.8  444.0  444.0   65.0  444.0
2020 177  6 25 0200  -37.6  972.6  444.0  444.0   64.0  444.0
2020 177  6 25 0300  -38.9  972.0  444.0  444.0   63.0  444.0
2020 177  6 25 0400  -39.8  972.0  444.0  444.0   63.0  444.0
2020 177  6 25 0500  -39.7  971.8  444.0  444.0   62.0  444.0
2020 177  6 25 0600  -38.9  971.6  444.0  444.0   65.0  444.0
2020 177  6 25 0700  -36.6  971.3  444.0  444.0   66.0  444.0
2020 177  6 25 0800  -35.1  971.1  444.0  444.0   68.0  444.0
2020 177  6 25 0900  -33.8  970.6  444.0  444.0   69.0  444.0
2020 177  6 25 1000  -32.7  969.8  444.0  444.0   70.0  444.0
2020 177  6 25 1100  -30.4  969.3  444.0  444.0   73.0  444.0
2020 177  6 25 1200  -29.9  969.0  444.0  444.0   73.0  444.0
2020 177  6 25 1300  -28.6  968.0  444.0  444.0   75.0  444.0
2020 177  6 25 1400  -27.8  968.4  444.0  444.0   76.0  444.0
2020 177  6 25 1500  -26.6  967.8  444.0  444.0   76.0  444.0
2020 177  6 25 1600  -28.6  968.5  444.0  444.0   75.0  444.0
2020 177  6 25 1700  -31.8  969.4  444.0  444.0   72.0  444.0
2020 177  6 25 1800  -31.4  970.5  444.0  444.0   71.0  444.0
2020 177  6 25 1900  -33.6  971.6  444.0  444.0   70.0  444.0
2020 177  6 25 2000  -34.2  972.2  444.0  444.0   69.0  444.0
2020 177  6 25 2100  -33.9  973.6  444.0  444.0   69.0  444.0
2020 177  6 25 2200  -33.8  973.5  444.0  444.0   70.0  444.0
2020 177  6 25 2300  -33.3  972.7  444.0  444.0   71.0  444.0
2020 178  6 26 0000  -30.8  971.5  444.0  444.0   73.0  444.0
2020 178  6 26 0100  -28.5  971.7  444.0  444.0   76.0  444.0
2020 178  6 26 0200  -24.2  970.6  444.0  444.0   79.0  444.0
2020 178  6 26 0300  -24.7  968.5  444.0  444.0   79.0  444.0
2020 178  6 26 0400  -23.1  967.5  444.0  444.0   81.0  444.0
2020 178  6 26 0500  -23.1  966.9  444.0  444.0   81.0  444.0
2020 178  6 26 0600  -22.2  966.0  444.0  444.0   81.0  444.0
2020 178  6 26 0700  -23.3  966.0  444.0  444.0   79.0  444.0
2020 178  6 26 0800  -25.3  965.0  444.0  444.0   78.0  444.0
2020 178  6 26 0900  -26.8  964.9  444.0  444.0   76.0  444.0
2020 178  6 26 1000  -28.1  964.0  444.0  444.0   76.0  444.0
2020 178  6 26 1100  -28.2  963.7  444.0  444.0   75.0  444.0
2020 178  6 26 1200  -27.9  963.3  444.0  444.0   76.0  444.0
2020 178  6 26 1300  -26.4  962.5  444.0  444.0   78.0  444.0
2020 178  6 26 1400  -23.2  962.4  444.0  444.0   81.0  444.0
2020 178  6 26 1500  -22.3  961.9  444.0  444.0   81.0  444.0
2020 178  6 26 1600  -20.9  961.6  444.0  444.0   83.0  444.0
2020 178  6 26 1700  -20.8  961.4  444.0  444.0   82.0  444.0
2020 178  6 26 1800  -21.3  961.9  444.0  444.0   81.0  444.0
2020 178  6 26 1900  -23.3  962.2  444.0  444.0   80.0  444.0
2020 178  6 26 2000  -20.7  962.9  444.0  444.0   85.0  444.0
2020 178  6 26 2100  -18.2  963.6  444.0  444.0   85.0  444.0
2020 178  6 26 2200  -18.4  965.8  444.0  444.0   86.0  444.0
2020 178  6 26 2300  -18.0  966.7  444.0  444.0   86.0  444.0
2020 179  6 27 0000  -17.3  968.5  444.0  444.0   86.0  444.0
2020 179  6 27 0100  -18.1  970.4  444.0  444.0   85.0  444.0
2020 179  6 27 0200  -18.1  972.4    3.9  360.0   85.0  444.0
2020 179  6 27 0300  -18.5  974.5    3.3    6.0   85.0  444.0
2020 179  6 27 0400  -19.8  976.8    3.3   22.0   84.0  444.0
2020 179  6 27 0500  -21.0  978.7    1.7   22.0   83.0  444.0
2020 179  6 27 0600  -24.5  980.3    0.8   56.0   78.0  444.0
2020 179  6 27 0700  -27.0  982.2    1.4   92.0   76.0  444.0
2020 179  6 27 0800  -29.9  982.9    1.4  101.0   74.0  444.0
2020 179  6 27 0900  -30.6  983.6    1.8  110.0   73.0  444.0
2020 179  6 27 1000  -31.2  983.5    1.6  154.0   72.0  444.0
2020 179  6 27 1100  -32.4  983.4    2.1  159.0   71.0  444.0
2020 179  6 27 1200  -32.5  980.8    2.4  180.0   72.0  444.0
2020 179  6 27 1300  -29.3  979.9    2.7  176.0   75.0  444.0
2020 179  6 27 1400  -28.4  979.8    3.2  186.0   76.0  444.0
2020 179  6 27 1500  -26.5  978.1    3.7  190.0   77.0  444.0
2020 179  6 27 1600  -25.6  976.5    3.7  187.0   78.0  444.0
2020 179  6 27 1700  -25.0  975.2    4.0  194.0   79.0  444.0
2020 179  6 27 1800  -25.0  973.7    4.6  191.0   79.0  444.0
2020 179  6 27 1900  -23.7  971.5    8.6  193.0   80.0  444.0
2020 179  6 27 2000  -22.8  970.1   12.0  192.0   81.0  444.0
2020 179  6 27 2100  -22.6  968.5   12.0  192.0   81.0  444.0
2020 179  6 27 2200  -22.8  966.8   11.9  194.0   81.0  444.0
2020 179  6 27 2300  -21.7  965.2   12.6  196.0   82.0  444.0
2020 180  6 28 0000  -21.1  963.9   11.7  193.0   83.0  444.0
2020 180  6 28 0100  -20.6  963.3   10.7  175.0   83.0  444.0
2020 180  6 28 0200  -20.6  961.9    9.5  195.0   83.0  444.0
2020 180  6 28 0300  -20.1  961.1    8.8  198.0   83.0  444.0
2020 180  6 28 0400  -19.5  960.1    8.6  211.0   84.0  444.0
2020 180  6 28 0500  -19.6  960.1    5.2  204.0   84.0  444.0
2020 180  6 28 0600  -19.9  959.9    4.8  210.0   84.0  444.0
2020 180  6 28 0700  -20.7  960.3    2.2  259.0   83.0  444.0
2020 180  6 28 0800  -21.7  960.4    2.7  296.0   82.0  444.0
2020 180  6 28 0900  -21.9  961.6    2.5  299.0   82.0  444.0
2020 180  6 28 1000  -21.8  962.1    5.6  359.0   82.0  444.0
2020 180  6 28 1100  -21.4  963.0    4.7    7.0   82.0  444.0
2020 180  6 28 1200  -21.3  964.2    7.5  353.0   83.0  444.0
2020 180  6 28 1300  -20.7  965.2   10.0  356.0   83.0  444.0
2020 180  6 28 1400  -20.2  967.9    8.6    5.0   83.0  444.0
2020 180  6 28 1500  -19.1  969.6   12.0    2.0   85.0  444.0
2020 180  6 28 1600  -18.6  971.5   17.5   14.0   85.0  444.0
2020 180  6 28 1700  -19.1  973.8   17.9   14.0   85.0  444.0
2020 180  6 28 1800  -19.3  977.7   13.7   25.0   85.0  444.0
2020 180  6 28 1900  -19.7  980.5   12.9   32.0   84.0  444.0
2020 180  6 28 2000  -20.3  983.2   10.3   42.0   83.0  444.0
2020 180  6 28 2100  -23.2  985.9    8.0   86.0   80.0  444.0
2020 180  6 28 2200  -24.7  988.0   10.3   81.0   79.0  444.0
2020 180  6 28 2300  -25.6  990.0    9.3   84.0   78.0  444.0
2020 181  6 29 0000  -27.4  991.6    7.4   90.0   76.0  444.0
2020 181  6 29 0100  -29.8  992.3    5.8   97.0   74.0  444.0
2020 181  6 29 0200  -32.2  993.4    5.3  103.0   72.0  444.0
2020 181  6 29 0300  -34.0  994.1    5.8  110.0   69.0  444.0
2020 181  6 29 0400  -35.6  994.6    5.9  124.0   68.0  444.0
2020 181  6 29 0500  -36.1  995.1    6.2  117.0   68.0  444.0
2020 181  6 29 0600  -36.3  996.0    5.9  116.0   67.0  444.0
2020 181  6 29 0700  -36.7  995.7    6.2  117.0   67.0  444.0
2020 181  6 29 0800  -37.1  995.6    6.0  120.0   66.0  444.0
2020 181  6 29 0900  -37.5  995.6    6.5  121.0   65.0  444.0
2020 181  6 29 1000  -38.2  995.5    6.8  117.0   65.0  444.0
2020 181  6 29 1100  -39.1  995.8    6.9  118.0   64.0  444.0
2020 181  6 29 1200  -39.2  995.9    5.6  117.0   64.0  444.0
2020 181  6 29 1300  -39.2  995.7    7.0  126.0   64.0  444.0
2020 181  6 29 1400  -38.8  995.7    8.4  129.0   64.0  444.0
2020 181  6 29 1500  -35.5  995.2    7.6  123.0   67.0  444.0
2020 181  6 29 1600  -34.9  995.0    8.0  125.0   68.0  444.0
2020 181  6 29 1700  -32.9  994.8    8.4  129.0   71.0  444.0
2020 181  6 29 1800  -33.2  994.5    8.1  128.0   70.0  444.0
2020 181  6 29 1900  -29.2  994.2    9.2  130.0   74.0  444.0
2020 181  6 29 2000  -31.1  994.0    8.2  139.0   72.0  444.0
2020 181  6 29 2100  -32.1  993.5    6.3  151.0   72.0  444.0
2020 181  6 29 2200  -35.3  993.3    7.4  158.0   67.0  444.0
2020 181  6 29 2300  -35.9  992.9    6.9  159.0   68.0  444.0
2020 182  6 30 0000  -35.4  992.4    6.7  164.0   68.0  444.0
2020 182  6 30 0100  -34.5  991.8    7.3  161.0   69.0  444.0
2020 182  6 30 0200  -33.3  991.6    7.5  159.0   70.0  444.0
2020 182  6 30 0300  -33.9  990.6    7.8  177.0   69.0  444.0
2020 182  6 30 0400  -35.9  990.4    6.7  178.0   67.0  444.0
2020 182  6 30 0500  -38.6  990.1    6.3  188.0   64.0  444.0
2020 182  6 30 0600  -39.5  989.4    5.9  171.0   63.0  444.0
2020 182  6 30 0700  -39.5  988.7    6.3  181.0   63.0  444.0
2020 182  6 30 0800  -39.5  988.2    5.3  184.0   63.0  444.0
2020 182  6 30 0900  -39.9  986.9    4.6  201.0   63.0  444.0
2020 182  6 30 1000  -40.6  986.4    4.0  201.0   62.0  444.0
2020 182  6 30 1100  -41.1  985.5    3.3  195.0   61.0  444.0
2020 182  6 30 1200  -42.3  984.4    2.9  201.0   60.0  444.0
2020 182  6 30 1300  -43.0  983.5    2.5  206.0   59.0  444.0
2020 182  6 30 1400  -43.5  982.1    3.2  204.0   60.0  444.0
2020 182  6 30 1500  -43.2  981.7    2.8  195.0   60.0  444.0
2020 182  6 30 1600  -42.4  980.8    3.0  192.0   61.0  444.0
2020 182  6 30 1700  -40.9  979.7    2.8  202.0   62.0  444.0
2020 182  6 30 1800  -39.0  978.4    2.8  202.0   63.0  444.0
2020 182  6 30 1900  -36.7  978.8    1.8  158.0   67.0  444.0
2020 182  6 30 2000  -35.6  978.3    2.6  217.0   67.0  444.0
2020 182  6 30 2100  -34.2  977.7    4.5  208.0   69.0  444.0
2020 182  6 30 2200  -33.1  976.9    5.9  194.0   70.0  444.0
2020 182  6 30 2300  -33.0  976.9    4.6  171.0   70.0  444.0
