Year: 2018  Month: 07  ID: MGT  ARGOS:  8910  Name: Margaret            
Lat: 80.00S  Lon: 165.01W  Elev:   67m
2018 182  7  1 0000  -32.2  982.7  444.0  444.0   72.0  444.0
2018 182  7  1 0100  -32.5  982.4  444.0  444.0   71.0  444.0
2018 182  7  1 0200  -33.6  981.5  444.0  444.0   70.0  444.0
2018 182  7  1 0300  -33.5  981.2  444.0  444.0   69.0  444.0
2018 182  7  1 0400  -34.4  981.0  444.0  444.0   69.0  444.0
2018 182  7  1 0500  -34.8  980.6  444.0  444.0   69.0  444.0
2018 182  7  1 0600  -33.9  980.4  444.0  444.0   70.0  444.0
2018 182  7  1 0700  -33.0  979.9  444.0  444.0   70.0  444.0
2018 182  7  1 0800  -32.5  979.8  444.0  444.0   71.0  444.0
2018 182  7  1 0900  -31.3  979.5  444.0  444.0   73.0  444.0
2018 182  7  1 1000  -30.9  979.1  444.0  444.0   72.0  444.0
2018 182  7  1 1100  -30.4  978.8  444.0  444.0   73.0  444.0
2018 182  7  1 1200  -29.5  978.5  444.0  444.0   74.0  444.0
2018 182  7  1 1300  -28.2  978.5  444.0  444.0   76.0  444.0
2018 182  7  1 1400  -27.7  978.6  444.0  444.0   76.0  444.0
2018 182  7  1 1500  -27.7  978.6  444.0  444.0   76.0  444.0
2018 182  7  1 1600  -27.6  978.2  444.0  444.0   77.0  444.0
2018 182  7  1 1700  -26.7  978.0  444.0  444.0   77.0  444.0
2018 182  7  1 1800  -26.5  978.2  444.0  444.0   77.0  444.0
2018 182  7  1 1900  -26.5  978.5  444.0  444.0   77.0  444.0
2018 182  7  1 2000  -26.9  978.6  444.0  444.0   77.0  444.0
2018 182  7  1 2100  -27.2  978.8  444.0  444.0   76.0  444.0
2018 182  7  1 2200  -27.6  979.1  444.0  444.0   76.0  444.0
2018 182  7  1 2300  -28.6  979.2  444.0  444.0   76.0  444.0
2018 183  7  2 0000  -28.6  979.5  444.0  444.0   75.0  444.0
2018 183  7  2 0100  -28.0  979.5  444.0  444.0   76.0  444.0
2018 183  7  2 0200  -27.6  979.4  444.0  444.0  444.0  444.0
2018 183  7  2 0300  -28.1  979.5  444.0  444.0   76.0  444.0
2018 183  7  2 0400  -28.2  979.5  444.0  444.0   76.0  444.0
2018 183  7  2 0500  -28.1  979.5  444.0  444.0   76.0  444.0
2018 183  7  2 0600  -27.8  979.4  444.0  444.0   76.0  444.0
2018 183  7  2 0700  -29.2  979.3  444.0  444.0   75.0  444.0
2018 183  7  2 0800  -31.5  979.1  444.0  444.0   73.0  444.0
2018 183  7  2 0900  -32.7  979.1  444.0  444.0   71.0  444.0
2018 183  7  2 1000  -35.2  978.7  444.0  444.0   69.0  444.0
2018 183  7  2 1100  -37.9  978.6  444.0  444.0   66.0  444.0
2018 183  7  2 1200  -39.6  978.7  444.0  444.0   64.0  444.0
2018 183  7  2 1300  -40.5  979.0  444.0  444.0   63.0  444.0
2018 183  7  2 1400  -41.1  978.9  444.0  444.0   62.0  444.0
2018 183  7  2 1500  -41.9  978.9  444.0  444.0   61.0  444.0
2018 183  7  2 1600  -42.5  979.1  444.0  444.0   61.0  444.0
2018 183  7  2 1700  -43.1  979.6  444.0  444.0   60.0  444.0
2018 183  7  2 1800  -43.9  979.7  444.0  444.0   59.0  444.0
2018 183  7  2 1900  -44.6  980.1  444.0  444.0  444.0  444.0
2018 183  7  2 2000  -44.6  980.4  444.0  444.0   59.0  444.0
2018 183  7  2 2100  -44.5  981.0  444.0  444.0   58.0  444.0
2018 183  7  2 2200  -44.9  981.5  444.0  444.0   58.0  444.0
2018 183  7  2 2300  -45.3  982.0  444.0  444.0   57.0  444.0
2018 184  7  3 0000  -44.8  982.7  444.0  444.0   58.0  444.0
2018 184  7  3 0100  -44.8  983.9  444.0  444.0   58.0  444.0
2018 184  7  3 0200  -45.0  985.1  444.0  444.0   57.0  444.0
2018 184  7  3 0300  -44.5  986.0  444.0  444.0   59.0  444.0
2018 184  7  3 0400  -41.1  987.2  444.0  444.0   61.0  444.0
2018 184  7  3 0500  -38.4  987.8  444.0  444.0   64.0  444.0
2018 184  7  3 0600  -37.4  989.3  444.0  444.0   65.0  444.0
2018 184  7  3 0700  -40.4  990.4  444.0  444.0   61.0  444.0
2018 184  7  3 0800  -44.2  991.5  444.0  444.0   58.0  444.0
2018 184  7  3 0900  -45.0  992.4  444.0  444.0   57.0  444.0
2018 184  7  3 1000  -44.7  993.6  444.0  444.0   58.0  444.0
2018 184  7  3 1100  -43.8  994.2  444.0  444.0   59.0  444.0
2018 184  7  3 1200  -42.5  995.0  444.0  444.0  444.0  444.0
2018 184  7  3 1300  -41.7  995.6  444.0  444.0   60.0  444.0
2018 184  7  3 1400  -43.2  996.3  444.0  444.0   59.0  444.0
2018 184  7  3 1500  -42.7  996.9  444.0  444.0   60.0  444.0
2018 184  7  3 1600  -41.3  997.4  444.0  444.0   61.0  444.0
2018 184  7  3 1700  -41.8  997.5  444.0  444.0   59.0  444.0
2018 184  7  3 1800  -43.9  998.0  444.0  444.0   57.0  444.0
2018 184  7  3 1900  -44.1  998.0  444.0  444.0   59.0  444.0
2018 184  7  3 2000  -43.5  998.6  444.0  444.0   58.0  444.0
2018 184  7  3 2100  -43.7  998.9  444.0  444.0   60.0  444.0
2018 184  7  3 2200  -42.9  999.0  444.0  444.0   61.0  444.0
2018 184  7  3 2300  -41.4  999.5  444.0  444.0   62.0  444.0
2018 185  7  4 0000  -41.0  999.1  444.0  444.0   61.0  444.0
2018 185  7  4 0100  -41.2  998.9  444.0  444.0   61.0  444.0
2018 185  7  4 0200  -41.1  998.8  444.0  444.0   61.0  444.0
2018 185  7  4 0300  -40.2  998.8  444.0  444.0   62.0  444.0
2018 185  7  4 0400  -39.8  998.5  444.0  444.0   62.0  444.0
2018 185  7  4 0500  -39.3  998.4  444.0  444.0   64.0  444.0
2018 185  7  4 0600  -38.4  998.4  444.0  444.0   64.0  444.0
2018 185  7  4 0700  -38.0  998.0  444.0  444.0   65.0  444.0
2018 185  7  4 0800  -34.3  997.9  444.0  444.0   68.0  444.0
2018 185  7  4 0900  -32.1  997.7  444.0  444.0   70.0  444.0
2018 185  7  4 1000  -33.0  996.9  444.0  444.0   70.0  444.0
2018 185  7  4 1100  -34.5  996.8  444.0  444.0   69.0  444.0
2018 185  7  4 1200  -36.0  996.6  444.0  444.0   67.0  444.0
2018 185  7  4 1300  -36.7  995.6  444.0  444.0   67.0  444.0
2018 185  7  4 1400  -37.8  994.8  444.0  444.0   65.0  444.0
2018 185  7  4 1500  -38.3  994.7  444.0  444.0   65.0  444.0
2018 185  7  4 1600  -38.2  993.8  444.0  444.0   64.0  444.0
2018 185  7  4 1700  -37.3  993.7  444.0  444.0   63.0  444.0
2018 185  7  4 1800  -36.1  993.2  444.0  444.0   67.0  444.0
2018 185  7  4 1900  -36.3  993.1  444.0  444.0   67.0  444.0
2018 185  7  4 2000  -35.5  992.6  444.0  444.0   67.0  444.0
2018 185  7  4 2100  -34.2  992.3  444.0  444.0   69.0  444.0
2018 185  7  4 2200  -33.6  991.5  444.0  444.0   69.0  444.0
2018 185  7  4 2300  -33.0  991.2  444.0  444.0   70.0  444.0
2018 186  7  5 0000  -33.3  990.9  444.0  444.0   70.0  444.0
2018 186  7  5 0100  -33.0  990.5  444.0  444.0   71.0  444.0
2018 186  7  5 0200  -33.5  990.0  444.0  444.0   70.0  444.0
2018 186  7  5 0300  -34.1  989.6  444.0  444.0   70.0  444.0
2018 186  7  5 0400  -34.0  989.6  444.0  444.0   70.0  444.0
2018 186  7  5 0500  -34.7  988.8  444.0  444.0   68.0  444.0
2018 186  7  5 0600  -34.2  988.4  444.0  444.0   69.0  444.0
2018 186  7  5 0700  -32.9  988.1  444.0  444.0   70.0  444.0
2018 186  7  5 0800  -33.5  987.7  444.0  444.0   70.0  444.0
2018 186  7  5 0900  -34.2  987.7  444.0  444.0   70.0  444.0
2018 186  7  5 1000  -34.2  987.1  444.0  444.0   70.0  444.0
2018 186  7  5 1100  -34.5  987.0  444.0  444.0   69.0  444.0
2018 186  7  5 1200  -36.2  986.4  444.0  444.0   68.0  444.0
2018 186  7  5 1300  -35.9  985.5  444.0  444.0   67.0  444.0
2018 186  7  5 1400  -35.8  985.2  444.0  444.0   68.0  444.0
2018 186  7  5 1500  -35.6  984.8  444.0  444.0   68.0  444.0
2018 186  7  5 1600  -35.4  984.8  444.0  444.0   68.0  444.0
2018 186  7  5 1700  -36.4  984.3  444.0  444.0   67.0  444.0
2018 186  7  5 1800  -36.8  983.8  444.0  444.0   67.0  444.0
2018 186  7  5 1900  -36.5  983.6  444.0  444.0   67.0  444.0
2018 186  7  5 2000  -35.3  983.4  444.0  444.0   69.0  444.0
2018 186  7  5 2100  -34.2  983.0  444.0  444.0   69.0  444.0
2018 186  7  5 2200  -33.2  982.7  444.0  444.0   70.0  444.0
2018 186  7  5 2300  -32.3  982.1  444.0  444.0   72.0  444.0
2018 187  7  6 0000  -31.1  981.6  444.0  444.0   74.0  444.0
2018 187  7  6 0100  -29.3  980.7  444.0  444.0   75.0  444.0
2018 187  7  6 0200  -28.1  980.6  444.0  444.0   77.0  444.0
2018 187  7  6 0300  -26.3  980.2  444.0  444.0   79.0  444.0
2018 187  7  6 0400  -24.5  979.7  444.0  444.0   80.0  444.0
2018 187  7  6 0500  -23.7  979.4  444.0  444.0   80.0  444.0
2018 187  7  6 0600  -25.2  979.7  444.0  444.0   79.0  444.0
2018 187  7  6 0700  -28.4  979.8  444.0  444.0   76.0  444.0
2018 187  7  6 0800  -30.9  980.1  444.0  444.0   73.0  444.0
2018 187  7  6 0900  -35.1  980.5  444.0  444.0   69.0  444.0
2018 187  7  6 1000  -37.7  981.0  444.0  444.0   66.0  444.0
2018 187  7  6 1100  -39.4  981.3  444.0  444.0   64.0  444.0
2018 187  7  6 1200  -41.6  981.3  444.0  444.0   62.0  444.0
2018 187  7  6 1300  -42.5  981.6  444.0  444.0   60.0  444.0
2018 187  7  6 1400  -43.0  981.5  444.0  444.0   60.0  444.0
2018 187  7  6 1500  -43.5  981.1  444.0  444.0   59.0  444.0
2018 187  7  6 1600  -45.1  981.5  444.0  444.0   58.0  444.0
2018 187  7  6 1700  -45.7  981.8  444.0  444.0   57.0  444.0
2018 187  7  6 1800  -46.4  982.1  444.0  444.0   57.0  444.0
2018 187  7  6 1900  -45.5  982.3  444.0  444.0   58.0  444.0
2018 187  7  6 2000  -45.2  982.9  444.0  444.0   58.0  444.0
2018 187  7  6 2100  -42.6  983.2  444.0  444.0   60.0  444.0
2018 187  7  6 2200  -42.6  983.9  444.0  444.0   61.0  444.0
2018 187  7  6 2300  -39.9  984.1  444.0  444.0   64.0  444.0
2018 188  7  7 0000  -39.2  984.1  444.0  444.0   66.0  444.0
2018 188  7  7 0100  -33.3  984.2  444.0  444.0   71.0  444.0
2018 188  7  7 0200  -31.4  984.0  444.0  444.0   74.0  444.0
2018 188  7  7 0300  -30.1  983.9  444.0  444.0   76.0  444.0
2018 188  7  7 0400  -25.6  984.0  444.0  444.0   79.0  444.0
2018 188  7  7 0500  -24.5  984.1  444.0  444.0   79.0  444.0
2018 188  7  7 0600  -25.2  984.1  444.0  444.0   78.0  444.0
2018 188  7  7 0700  -25.1  984.0  444.0  444.0   79.0  444.0
2018 188  7  7 0800  -25.0  983.5  444.0  444.0   78.0  444.0
2018 188  7  7 0900  -25.4  983.3  444.0  444.0   77.0  444.0
2018 188  7  7 1000  -27.0  982.8  444.0  444.0   72.0  444.0
2018 188  7  7 1100  -30.2  982.2  444.0  444.0   71.0  444.0
2018 188  7  7 1200  -32.3  981.4  444.0  444.0   71.0  444.0
2018 188  7  7 1300  -32.3  980.4  444.0  444.0   72.0  444.0
2018 188  7  7 1400  -32.6  979.8  444.0  444.0   71.0  444.0
2018 188  7  7 1500  -31.7  979.4  444.0  444.0   74.0  444.0
2018 188  7  7 1600  -27.9  979.2  444.0  444.0   76.0  444.0
2018 188  7  7 1700  -30.0  978.5  444.0  444.0   74.0  444.0
2018 188  7  7 1800  -29.8  978.1  444.0  444.0   74.0  444.0
2018 188  7  7 1900  -29.1  977.9  444.0  444.0   74.0  444.0
2018 188  7  7 2000  -29.9  977.9  444.0  444.0   74.0  444.0
2018 188  7  7 2100  -30.9  977.7  444.0  444.0   73.0  444.0
2018 188  7  7 2200  -31.5  977.3  444.0  444.0   72.0  444.0
2018 188  7  7 2300  -33.9  977.7  444.0  444.0   70.0  444.0
2018 189  7  8 0000  -38.4  977.8  444.0  444.0   65.0  444.0
2018 189  7  8 0100  -41.9  977.7  444.0  444.0   62.0  444.0
2018 189  7  8 0200  -43.0  978.4  444.0  444.0   61.0  444.0
2018 189  7  8 0300  -44.4  978.7  444.0  444.0   59.0  444.0
2018 189  7  8 0400  -47.3  978.6  444.0  444.0   56.0  444.0
2018 189  7  8 0500  -47.1  979.3  444.0  444.0   56.0  444.0
2018 189  7  8 0600  -45.9  980.1  444.0  444.0   58.0  444.0
2018 189  7  8 0700  -42.1  980.6  444.0  444.0   60.0  444.0
2018 189  7  8 0800  -40.3  981.0  444.0  444.0   62.0  444.0
2018 189  7  8 0900  -40.4  981.5  444.0  444.0   62.0  444.0
2018 189  7  8 1000  -40.4  981.7  444.0  444.0   62.0  444.0
2018 189  7  8 1100  -41.8  982.2  444.0  444.0   62.0  444.0
2018 189  7  8 1200  -44.6  982.5  444.0  444.0   60.0  444.0
2018 189  7  8 1300  -45.3  982.6  444.0  444.0   58.0  444.0
2018 189  7  8 1400  -45.8  982.8  444.0  444.0   58.0  444.0
2018 189  7  8 1500  -47.3  982.8  444.0  444.0   55.0  444.0
2018 189  7  8 1600  -48.9  982.9  444.0  444.0   54.0  444.0
2018 189  7  8 1700  -49.7  982.6  444.0  444.0   53.0  444.0
2018 189  7  8 1800  -49.5  982.7  444.0  444.0   53.0  444.0
2018 189  7  8 1900  -49.3  982.7  444.0  444.0   53.0  444.0
2018 189  7  8 2000  -50.1  982.3  444.0  444.0   52.0  444.0
2018 189  7  8 2100  -51.2  982.6  444.0  444.0   51.0  444.0
2018 189  7  8 2200  -52.0  982.3  444.0  444.0   51.0  444.0
2018 189  7  8 2300  -52.1  982.5  444.0  444.0   50.0  444.0
2018 190  7  9 0000  -52.9  982.3  444.0  444.0   49.0  444.0
2018 190  7  9 0100  -53.0  981.6  444.0  444.0   49.0  444.0
2018 190  7  9 0200  -53.4  981.4  444.0  444.0   48.0  444.0
2018 190  7  9 0300  -54.1  980.7  444.0  444.0   48.0  444.0
2018 190  7  9 0400  -54.5  980.3  444.0  444.0   48.0  444.0
2018 190  7  9 0500  -54.8  979.6  444.0  444.0   47.0  444.0
2018 190  7  9 0600  -54.9  979.4  444.0  444.0   47.0  444.0
2018 190  7  9 0700  -55.5  978.7  444.0  444.0   47.0  444.0
2018 190  7  9 0800  -55.4  978.0  444.0  444.0   47.0  444.0
2018 190  7  9 0900  -55.6  977.7  444.0  444.0   46.0  444.0
2018 190  7  9 1000  -55.6  977.6  444.0  444.0   46.0  444.0
2018 190  7  9 1100  -55.6  977.2  444.0  444.0   46.0  444.0
2018 190  7  9 1200  -55.7  976.8  444.0  444.0   46.0  444.0
2018 190  7  9 1300  -56.4  976.3  444.0  444.0   46.0  444.0
2018 190  7  9 1400  -55.7  975.8  444.0  444.0   47.0  444.0
2018 190  7  9 1500  -55.5  975.7  444.0  444.0   46.0  444.0
2018 190  7  9 1600  -56.0  975.9  444.0  444.0   45.0  444.0
2018 190  7  9 1700  -56.1  975.7  444.0  444.0   45.0  444.0
2018 190  7  9 1800  -57.0  976.1  444.0  444.0   45.0  444.0
2018 190  7  9 1900  -57.4  976.2  444.0  444.0   44.0  444.0
2018 190  7  9 2000  -57.2  976.2  444.0  444.0   44.0  444.0
2018 190  7  9 2100  -56.4  976.5  444.0  444.0   45.0  444.0
2018 190  7  9 2200  -54.0  976.5  444.0  444.0   47.0  444.0
2018 190  7  9 2300  -53.3  977.1  444.0  444.0   48.0  444.0
2018 191  7 10 0000  -53.8  977.5  444.0  444.0   46.0  444.0
2018 191  7 10 0100  -54.5  977.6  444.0  444.0   46.0  444.0
2018 191  7 10 0200  -55.2  977.4  444.0  444.0   48.0  444.0
2018 191  7 10 0300  -55.7  977.2  444.0  444.0   46.0  444.0
2018 191  7 10 0400  -55.8  976.6  444.0  444.0   45.0  444.0
2018 191  7 10 0500  -56.2  976.0  444.0  444.0   45.0  444.0
2018 191  7 10 0600  -55.8  976.6  444.0  444.0   46.0  444.0
2018 191  7 10 0700  -56.1  975.7  444.0  444.0   44.0  444.0
2018 191  7 10 0800  -57.1  976.1  444.0  444.0   44.0  444.0
2018 191  7 10 0900  -57.1  975.4  444.0  444.0   44.0  444.0
2018 191  7 10 1000  -56.2  974.7  444.0  444.0   45.0  444.0
2018 191  7 10 1100  -55.3  974.1  444.0  444.0   46.0  444.0
2018 191  7 10 1200  -54.5  972.6  444.0  444.0   46.0  444.0
2018 191  7 10 1300  -53.9  972.0  444.0  444.0   47.0  444.0
2018 191  7 10 1400  -52.9  971.7  444.0  444.0   48.0  444.0
2018 191  7 10 1500  -51.8  970.8  444.0  444.0   49.0  444.0
2018 191  7 10 1600  -50.4  970.0  444.0  444.0   50.0  444.0
2018 191  7 10 1700  -48.4  969.0  444.0  444.0   53.0  444.0
2018 191  7 10 1800  -48.0  968.1  444.0  444.0   53.0  444.0
2018 191  7 10 1900  -49.2  967.0  444.0  444.0   52.0  444.0
2018 191  7 10 2000  -49.5  965.9  444.0  444.0   52.0  444.0
2018 191  7 10 2100  -49.7  965.1  444.0  444.0   52.0  444.0
2018 191  7 10 2200  -49.5  964.0  444.0  444.0   52.0  444.0
2018 191  7 10 2300  -48.5  963.1  444.0  444.0   53.0  444.0
2018 192  7 11 0000  -47.6  961.4  444.0  444.0   53.0  444.0
2018 192  7 11 0100  -46.3  960.5  444.0  444.0   56.0  444.0
2018 192  7 11 0200  -44.1  959.8  444.0  444.0   57.0  444.0
2018 192  7 11 0300  -41.3  958.5  444.0  444.0   60.0  444.0
2018 192  7 11 0400  -40.0  957.0  444.0  444.0   62.0  444.0
2018 192  7 11 0500  -39.5  956.1  444.0  444.0   63.0  444.0
2018 192  7 11 0600  -40.0  954.8  444.0  444.0   62.0  444.0
2018 192  7 11 0700  -40.2  953.8  444.0  444.0   62.0  444.0
2018 192  7 11 0800  -40.7  953.1  444.0  444.0   61.0  444.0
2018 192  7 11 0900  -40.6  952.5  444.0  444.0   62.0  444.0
2018 192  7 11 1000  -40.4  952.1  444.0  444.0   62.0  444.0
2018 192  7 11 1100  -39.8  951.2  444.0  444.0   62.0  444.0
2018 192  7 11 1200  -39.4  950.1  444.0  444.0   63.0  444.0
2018 192  7 11 1300  -39.8  950.7  444.0  444.0   63.0  444.0
2018 192  7 11 1400  -39.5  950.0  444.0  444.0   63.0  444.0
2018 192  7 11 1500  -39.0  950.0  444.0  444.0   64.0  444.0
2018 192  7 11 1600  -38.6  949.9  444.0  444.0   64.0  444.0
2018 192  7 11 1700  -38.0  949.0  444.0  444.0   65.0  444.0
2018 192  7 11 1800  -37.7  948.1  444.0  444.0   65.0  444.0
2018 192  7 11 1900  -37.6  948.0  444.0  444.0   66.0  444.0
2018 192  7 11 2000  -36.8  948.0  444.0  444.0   66.0  444.0
2018 192  7 11 2100  -36.1  947.5  444.0  444.0   66.0  444.0
2018 192  7 11 2200  -35.6  946.9  444.0  444.0   67.0  444.0
2018 192  7 11 2300  -35.2  945.8  444.0  444.0   67.0  444.0
2018 193  7 12 0000  -34.9  945.1  444.0  444.0   69.0  444.0
2018 193  7 12 0100  -34.7  944.2  444.0  444.0   68.0  444.0
2018 193  7 12 0200  -34.2  943.6  444.0  444.0   69.0  444.0
2018 193  7 12 0300  -34.2  942.5  444.0  444.0   69.0  444.0
2018 193  7 12 0400  -33.9  942.0  444.0  444.0   69.0  444.0
2018 193  7 12 0500  -33.5  941.8  444.0  444.0   69.0  444.0
2018 193  7 12 0600  -33.3  941.0  444.0  444.0   70.0  444.0
2018 193  7 12 0700  -33.0  940.9  444.0  444.0   71.0  444.0
2018 193  7 12 0800  -32.5  941.1  444.0  444.0   71.0  444.0
2018 193  7 12 0900  -32.3  940.9  444.0  444.0   71.0  444.0
2018 193  7 12 1000  -32.0  941.4  444.0  444.0   72.0  444.0
2018 193  7 12 1100  -31.6  942.1  444.0  444.0   72.0  444.0
2018 193  7 12 1200  -31.0  942.9  444.0  444.0   73.0  444.0
2018 193  7 12 1300  -30.6  944.1  444.0  444.0   73.0  444.0
2018 193  7 12 1400  -31.4  945.3  444.0  444.0   73.0  444.0
2018 193  7 12 1500  -32.6  946.6  444.0  444.0   71.0  444.0
2018 193  7 12 1600  -34.0  947.7  444.0  444.0   70.0  444.0
2018 193  7 12 1700  -33.3  949.4  444.0  444.0   70.0  444.0
2018 193  7 12 1800  -32.7  951.0  444.0  444.0   71.0  444.0
2018 193  7 12 1900  -32.0  952.5  444.0  444.0   71.0  444.0
2018 193  7 12 2000  -32.1  954.4  444.0  444.0   72.0  444.0
2018 193  7 12 2100  -31.8  955.9  444.0  444.0   71.0  444.0
2018 193  7 12 2200  -33.5  957.3  444.0  444.0   69.0  444.0
2018 193  7 12 2300  -34.9  958.5  444.0  444.0   68.0  444.0
2018 194  7 13 0000  -37.3  959.9  444.0  444.0   64.0  444.0
2018 194  7 13 0100  -40.0  960.8  444.0  444.0   63.0  444.0
2018 194  7 13 0200  -41.2  961.9  444.0  444.0   62.0  444.0
2018 194  7 13 0300  -42.7  962.2  444.0  444.0   60.0  444.0
2018 194  7 13 0400  -42.1  963.0  444.0  444.0   60.0  444.0
2018 194  7 13 0500  -42.1  963.4  444.0  444.0   61.0  444.0
2018 194  7 13 0600  -42.7  964.3  444.0  444.0   60.0  444.0
2018 194  7 13 0700  -42.5  964.6  444.0  444.0   60.0  444.0
2018 194  7 13 0800  -40.4  964.3  444.0  444.0   63.0  444.0
2018 194  7 13 0900  -39.5  963.9  444.0  444.0   63.0  444.0
2018 194  7 13 1000  -39.8  963.6  444.0  444.0   63.0  444.0
2018 194  7 13 1100  -39.3  962.5  444.0  444.0   64.0  444.0
2018 194  7 13 1200  -36.7  962.3  444.0  444.0   67.0  444.0
2018 194  7 13 1300  -34.3  961.5  444.0  444.0   69.0  444.0
2018 194  7 13 1400  -34.1  960.5  444.0  444.0   69.0  444.0
2018 194  7 13 1500  -32.3  959.7  444.0  444.0   71.0  444.0
2018 194  7 13 1600  -30.8  959.3  444.0  444.0  444.0  444.0
2018 194  7 13 1700  -30.5  958.6  444.0  444.0   73.0  444.0
2018 194  7 13 1800  -29.6  958.4  444.0  444.0   74.0  444.0
2018 194  7 13 1900  -29.5  958.2  444.0  444.0   74.0  444.0
2018 194  7 13 2000  -29.2  958.2  444.0  444.0   75.0  444.0
2018 194  7 13 2100  -28.6  957.7  444.0  444.0   75.0  444.0
2018 194  7 13 2200  -28.7  957.8  444.0  444.0   75.0  444.0
2018 194  7 13 2300  -29.2  958.4  444.0  444.0   75.0  444.0
2018 195  7 14 0000  -28.7  958.4  444.0  444.0   75.0  444.0
2018 195  7 14 0100  -29.1  958.5  444.0  444.0   75.0  444.0
2018 195  7 14 0200  -29.0  959.3  444.0  444.0   75.0  444.0
2018 195  7 14 0300  -28.6  959.7  444.0  444.0   75.0  444.0
2018 195  7 14 0400  -28.3  960.0  444.0  444.0   76.0  444.0
2018 195  7 14 0500  -28.2  961.1  444.0  444.0   76.0  444.0
2018 195  7 14 0600  -28.4  962.3  444.0  444.0   76.0  444.0
2018 195  7 14 0700  -28.9  963.4  444.0  444.0   75.0  444.0
2018 195  7 14 0800  -29.8  964.1  444.0  444.0   74.0  444.0
2018 195  7 14 0900  -29.8  965.6  444.0  444.0   74.0  444.0
2018 195  7 14 1000  -29.1  967.1  444.0  444.0   74.0  444.0
2018 195  7 14 1100  -29.5  968.5  444.0  444.0   74.0  444.0
2018 195  7 14 1200  -29.8  969.2  444.0  444.0   74.0  444.0
2018 195  7 14 1300  -29.3  970.0  444.0  444.0   75.0  444.0
2018 195  7 14 1400  -30.1  971.3  444.0  444.0   72.0  444.0
2018 195  7 14 1500  -31.1  971.5  444.0  444.0   73.0  444.0
2018 195  7 14 1600  -31.3  972.1  444.0  444.0   73.0  444.0
2018 195  7 14 1700  -31.0  973.4  444.0  444.0   73.0  444.0
2018 195  7 14 1800  -30.7  973.7  444.0  444.0   73.0  444.0
2018 195  7 14 1900  -30.2  974.1  444.0  444.0   74.0  444.0
2018 195  7 14 2000  -29.5  974.2  444.0  444.0   75.0  444.0
2018 195  7 14 2100  -28.8  974.2  444.0  444.0   75.0  444.0
2018 195  7 14 2200  -27.5  974.6  444.0  444.0   77.0  444.0
2018 195  7 14 2300  -26.5  974.6  444.0  444.0   78.0  444.0
2018 196  7 15 0000  -25.7  974.3  444.0  444.0   78.0  444.0
2018 196  7 15 0100  -25.9  974.0  444.0  444.0   78.0  444.0
2018 196  7 15 0200  -26.0  973.7  444.0  444.0   78.0  444.0
2018 196  7 15 0300  -26.1  973.3  444.0  444.0   78.0  444.0
2018 196  7 15 0400  -25.6  972.8  444.0  444.0   78.0  444.0
2018 196  7 15 0500  -24.9  972.6  444.0  444.0   79.0  444.0
2018 196  7 15 0600  -25.5  971.6  444.0  444.0   78.0  444.0
2018 196  7 15 0700  -25.3  970.9  444.0  444.0   79.0  444.0
2018 196  7 15 0800  -24.2  970.0  444.0  444.0   79.0  444.0
2018 196  7 15 0900  -25.5  969.4  444.0  444.0   79.0  444.0
2018 196  7 15 1000  -26.0  968.8  444.0  444.0   78.0  444.0
2018 196  7 15 1100  -26.1  968.3  444.0  444.0   78.0  444.0
2018 196  7 15 1200  -26.1  968.0  444.0  444.0   77.0  444.0
2018 196  7 15 1300  -27.0  967.7  444.0  444.0   76.0  444.0
2018 196  7 15 1400  -28.2  967.7  444.0  444.0   76.0  444.0
2018 196  7 15 1500  -28.9  967.7  444.0  444.0   75.0  444.0
2018 196  7 15 1600  -30.1  967.9  444.0  444.0   74.0  444.0
2018 196  7 15 1700  -31.8  967.8  444.0  444.0   72.0  444.0
2018 196  7 15 1800  -32.8  968.1  444.0  444.0  444.0  444.0
2018 196  7 15 1900  -33.5  967.9  444.0  444.0   71.0  444.0
2018 196  7 15 2000  -33.4  967.8  444.0  444.0   70.0  444.0
2018 196  7 15 2100  -33.8  968.0  444.0  444.0   69.0  444.0
2018 196  7 15 2200  -34.8  967.9  444.0  444.0   69.0  444.0
2018 196  7 15 2300  -35.4  968.0  444.0  444.0   68.0  444.0
2018 197  7 16 0000  -36.3  967.5  444.0  444.0   67.0  444.0
2018 197  7 16 0100  -36.8  967.3  444.0  444.0   66.0  444.0
2018 197  7 16 0200  -37.0  967.2  444.0  444.0   66.0  444.0
2018 197  7 16 0300  -36.4  966.8  444.0  444.0   66.0  444.0
2018 197  7 16 0400  -35.1  966.7  444.0  444.0   68.0  444.0
2018 197  7 16 0500  -35.8  966.6  444.0  444.0   67.0  444.0
2018 197  7 16 0600  -36.6  966.8  444.0  444.0   66.0  444.0
2018 197  7 16 0700  -37.1  966.7  444.0  444.0   66.0  444.0
2018 197  7 16 0800  -37.2  966.8  444.0  444.0   66.0  444.0
2018 197  7 16 0900  -37.9  966.7  444.0  444.0   66.0  444.0
2018 197  7 16 1000  -36.6  967.1  444.0  444.0   66.0  444.0
2018 197  7 16 1100  -37.6  966.8  444.0  444.0   65.0  444.0
2018 197  7 16 1200  -37.3  966.7  444.0  444.0   66.0  444.0
2018 197  7 16 1300  -36.0  966.3  444.0  444.0   67.0  444.0
2018 197  7 16 1400  -35.9  965.9  444.0  444.0   66.0  444.0
2018 197  7 16 1500  -37.8  966.1  444.0  444.0   66.0  444.0
2018 197  7 16 1600  -37.6  965.8  444.0  444.0   66.0  444.0
2018 197  7 16 1700  -37.2  965.4  444.0  444.0   66.0  444.0
2018 197  7 16 1800  -37.8  965.4  444.0  444.0   65.0  444.0
2018 197  7 16 1900  -38.4  965.3  444.0  444.0   65.0  444.0
2018 197  7 16 2000  -38.1  964.9  444.0  444.0   65.0  444.0
2018 197  7 16 2100  -38.0  964.9  444.0  444.0   65.0  444.0
2018 197  7 16 2200  -37.0  964.8  444.0  444.0   66.0  444.0
2018 197  7 16 2300  -36.2  964.4  444.0  444.0   67.0  444.0
2018 198  7 17 0000  -35.6  964.3  444.0  444.0   67.0  444.0
2018 198  7 17 0100  -35.1  964.2  444.0  444.0   68.0  444.0
2018 198  7 17 0200  -35.0  964.4  444.0  444.0   69.0  444.0
2018 198  7 17 0300  -35.1  964.7  444.0  444.0   68.0  444.0
2018 198  7 17 0400  -34.6  964.9  444.0  444.0   68.0  444.0
2018 198  7 17 0500  -34.1  965.2  444.0  444.0   69.0  444.0
2018 198  7 17 0600  -34.3  965.7  444.0  444.0   69.0  444.0
2018 198  7 17 0700  -35.0  966.6  444.0  444.0   68.0  444.0
2018 198  7 17 0800  -36.5  967.5  444.0  444.0   67.0  444.0
2018 198  7 17 0900  -37.4  968.1  444.0  444.0   66.0  444.0
2018 198  7 17 1000  -38.3  968.7  444.0  444.0   65.0  444.0
2018 198  7 17 1100  -39.0  969.3  444.0  444.0   64.0  444.0
2018 198  7 17 1200  -39.7  969.5  444.0  444.0   63.0  444.0
2018 198  7 17 1300  -39.8  969.9  444.0  444.0   63.0  444.0
2018 198  7 17 1400  -39.8  970.7  444.0  444.0   62.0  444.0
2018 198  7 17 1500  -41.2  971.2  444.0  444.0   61.0  444.0
2018 198  7 17 1600  -42.6  971.5  444.0  444.0   59.0  444.0
2018 198  7 17 1700  -43.8  972.0  444.0  444.0   59.0  444.0
2018 198  7 17 1800  -44.3  971.7  444.0  444.0   57.0  444.0
2018 198  7 17 1900  -45.6  971.8  444.0  444.0   57.0  444.0
2018 198  7 17 2000  -45.1  971.0  444.0  444.0   58.0  444.0
2018 198  7 17 2100  -43.2  970.6  444.0  444.0   57.0  444.0
2018 198  7 17 2200  -45.7  970.5  444.0  444.0   56.0  444.0
2018 198  7 17 2300  -45.6  970.6  444.0  444.0  444.0  444.0
2018 199  7 18 0000  -45.9  970.0  444.0  444.0   56.0  444.0
2018 199  7 18 0100  -44.9  969.9  444.0  444.0   57.0  444.0
2018 199  7 18 0200  -42.6  969.3  444.0  444.0   59.0  444.0
2018 199  7 18 0300  -39.1  968.3  444.0  444.0   64.0  444.0
2018 199  7 18 0400  -34.5  968.3  444.0  444.0   68.0  444.0
2018 199  7 18 0500  -32.5  967.8  444.0  444.0   70.0  444.0
2018 199  7 18 0600  -31.7  967.3  444.0  444.0   71.0  444.0
2018 199  7 18 0700  -31.4  966.9  444.0  444.0   72.0  444.0
2018 199  7 18 0800  -31.2  966.1  444.0  444.0   72.0  444.0
2018 199  7 18 0900  -30.3  965.5  444.0  444.0   73.0  444.0
2018 199  7 18 1000  -29.7  964.9  444.0  444.0   73.0  444.0
2018 199  7 18 1100  -29.9  964.3  444.0  444.0   73.0  444.0
2018 199  7 18 1200  -29.8  963.3  444.0  444.0   74.0  444.0
2018 199  7 18 1300  -29.5  963.1  444.0  444.0   74.0  444.0
2018 199  7 18 1400  -28.6  962.4  444.0  444.0   75.0  444.0
2018 199  7 18 1500  -27.8  961.8  444.0  444.0  444.0  444.0
2018 199  7 18 1600  -28.2  961.0  444.0  444.0   76.0  444.0
2018 199  7 18 1700  -28.8  960.5  444.0  444.0   75.0  444.0
2018 199  7 18 1800  -29.1  960.0  444.0  444.0   75.0  444.0
2018 199  7 18 1900  -29.2  959.6  444.0  444.0   74.0  444.0
2018 199  7 18 2000  -29.1  959.0  444.0  444.0   74.0  444.0
2018 199  7 18 2100  -29.6  958.2  444.0  444.0   74.0  444.0
2018 199  7 18 2200  -30.7  957.8  444.0  444.0   73.0  444.0
2018 199  7 18 2300  -31.1  957.2  444.0  444.0   72.0  444.0
2018 200  7 19 0000  -32.3  956.7  444.0  444.0   72.0  444.0
2018 200  7 19 0100  -32.2  956.4  444.0  444.0   71.0  444.0
2018 200  7 19 0200  -32.1  955.7  444.0  444.0   72.0  444.0
2018 200  7 19 0300  -32.0  955.1  444.0  444.0  444.0  444.0
2018 200  7 19 0400  -32.2  954.8  444.0  444.0   74.0  444.0
2018 200  7 19 0500  -33.0  954.2  444.0  444.0   71.0  444.0
2018 200  7 19 0600  -34.3  953.6  444.0  444.0   69.0  444.0
2018 200  7 19 0700  -36.2  953.0  444.0  444.0   67.0  444.0
2018 200  7 19 0800  -37.5  952.5  444.0  444.0   66.0  444.0
2018 200  7 19 0900  -37.2  952.5  444.0  444.0   66.0  444.0
2018 200  7 19 1000  -34.7  952.2  444.0  444.0   68.0  444.0
2018 200  7 19 1100  -34.8  952.1  444.0  444.0   69.0  444.0
2018 200  7 19 1200  -34.5  952.5  444.0  444.0   69.0  444.0
2018 200  7 19 1300  -34.0  952.5  444.0  444.0   69.0  444.0
2018 200  7 19 1400  -32.4  952.7  444.0  444.0   71.0  444.0
2018 200  7 19 1500  -32.3  953.0  444.0  444.0   71.0  444.0
2018 200  7 19 1600  -31.0  953.6  444.0  444.0   73.0  444.0
2018 200  7 19 1700  -29.9  954.2  444.0  444.0   74.0  444.0
2018 200  7 19 1800  -29.2  954.4  444.0  444.0   75.0  444.0
2018 200  7 19 1900  -28.7  955.7  444.0  444.0   76.0  444.0
2018 200  7 19 2000  -28.1  956.5  444.0  444.0   75.0  444.0
2018 200  7 19 2100  -28.2  957.2  444.0  444.0   75.0  444.0
2018 200  7 19 2200  -29.0  958.2  444.0  444.0   75.0  444.0
2018 200  7 19 2300  -29.5  959.0  444.0  444.0   74.0  444.0
2018 201  7 20 0000  -29.5  959.7  444.0  444.0   74.0  444.0
2018 201  7 20 0100  -29.6  960.5  444.0  444.0  444.0  444.0
2018 201  7 20 0200  -29.8  961.2  444.0  444.0   74.0  444.0
2018 201  7 20 0300  -30.9  962.1  444.0  444.0   72.0  444.0
2018 201  7 20 0400  -32.2  962.3  444.0  444.0   71.0  444.0
2018 201  7 20 0500  -33.4  962.5  444.0  444.0   70.0  444.0
2018 201  7 20 0600  -32.9  963.1  444.0  444.0   71.0  444.0
2018 201  7 20 0700  -32.2  963.7  444.0  444.0   72.0  444.0
2018 201  7 20 0800  -31.5  963.5  444.0  444.0   72.0  444.0
2018 201  7 20 0900  -31.2  963.7  444.0  444.0   72.0  444.0
2018 201  7 20 1000  -30.9  963.9  444.0  444.0   73.0  444.0
2018 201  7 20 1100  -30.3  964.1  444.0  444.0   73.0  444.0
2018 201  7 20 1200  -30.0  964.4  444.0  444.0   74.0  444.0
2018 201  7 20 1300  -29.9  963.9  444.0  444.0   74.0  444.0
2018 201  7 20 1400  -30.1  963.7  444.0  444.0   73.0  444.0
2018 201  7 20 1500  -31.1  963.7  444.0  444.0   72.0  444.0
2018 201  7 20 1600  -34.5  963.6  444.0  444.0   69.0  444.0
2018 201  7 20 1700  -37.0  963.2  444.0  444.0   67.0  444.0
2018 201  7 20 1800  -38.8  962.7  444.0  444.0   64.0  444.0
2018 201  7 20 1900  -39.3  962.1  444.0  444.0   64.0  444.0
2018 201  7 20 2000  -39.6  962.0  444.0  444.0   63.0  444.0
2018 201  7 20 2100  -41.2  961.7  444.0  444.0   62.0  444.0
2018 201  7 20 2200  -41.7  961.0  444.0  444.0   61.0  444.0
2018 201  7 20 2300  -41.9  960.8  444.0  444.0   61.0  444.0
2018 202  7 21 0000  -42.6  960.3  444.0  444.0   61.0  444.0
2018 202  7 21 0100  -42.1  960.5  444.0  444.0   61.0  444.0
2018 202  7 21 0200  -41.0  960.4  444.0  444.0   61.0  444.0
2018 202  7 21 0300  -41.8  960.4  444.0  444.0   61.0  444.0
2018 202  7 21 0400  -40.6  960.2  444.0  444.0   63.0  444.0
2018 202  7 21 0500  -36.8  959.9  444.0  444.0   65.0  444.0
2018 202  7 21 0600  -38.1  960.5  444.0  444.0   64.0  444.0
2018 202  7 21 0700  -40.4  960.4  444.0  444.0   63.0  444.0
2018 202  7 21 0800  -41.3  960.0  444.0  444.0   61.0  444.0
2018 202  7 21 0900  -42.7  960.3  444.0  444.0   61.0  444.0
2018 202  7 21 1000  -42.9  959.8  444.0  444.0   60.0  444.0
2018 202  7 21 1100  -42.3  959.2  444.0  444.0   61.0  444.0
2018 202  7 21 1200  -41.1  958.5  444.0  444.0   62.0  444.0
2018 202  7 21 1300  -38.1  958.1  444.0  444.0   64.0  444.0
2018 202  7 21 1400  -34.9  957.3  444.0  444.0   68.0  444.0
2018 202  7 21 1500  -33.8  957.1  444.0  444.0   69.0  444.0
2018 202  7 21 1600  -33.6  956.3  444.0  444.0   70.0  444.0
2018 202  7 21 1700  -35.3  956.4  444.0  444.0   67.0  444.0
2018 202  7 21 1800  -36.2  956.4  444.0  444.0   66.0  444.0
2018 202  7 21 1900  -37.2  956.0  444.0  444.0   66.0  444.0
2018 202  7 21 2000  -37.0  955.2  444.0  444.0   66.0  444.0
2018 202  7 21 2100  -36.7  955.0  444.0  444.0   67.0  444.0
2018 202  7 21 2200  -37.4  955.0  444.0  444.0   66.0  444.0
2018 202  7 21 2300  -38.1  955.1  444.0  444.0   64.0  444.0
2018 203  7 22 0000  -40.0  954.8  444.0  444.0   63.0  444.0
2018 203  7 22 0100  -41.1  954.7  444.0  444.0   62.0  444.0
2018 203  7 22 0200  -42.2  954.6  444.0  444.0   60.0  444.0
2018 203  7 22 0300  -42.4  954.4  444.0  444.0   60.0  444.0
2018 203  7 22 0400  -42.4  954.5  444.0  444.0   60.0  444.0
2018 203  7 22 0500  -42.5  954.4  444.0  444.0   60.0  444.0
2018 203  7 22 0600  -42.5  954.2  444.0  444.0   60.0  444.0
2018 203  7 22 0700  -40.0  954.5  444.0  444.0   63.0  444.0
2018 203  7 22 0800  -38.2  954.5  444.0  444.0   64.0  444.0
2018 203  7 22 0900  -36.5  954.3  444.0  444.0   66.0  444.0
2018 203  7 22 1000  -35.6  954.3  444.0  444.0   67.0  444.0
2018 203  7 22 1100  -35.4  954.3  444.0  444.0   67.0  444.0
2018 203  7 22 1200  -34.5  954.2  444.0  444.0   69.0  444.0
2018 203  7 22 1300  -33.6  954.1  444.0  444.0   69.0  444.0
2018 203  7 22 1400  -33.3  954.4  444.0  444.0   70.0  444.0
2018 203  7 22 1500  -33.0  954.6  444.0  444.0   70.0  444.0
2018 203  7 22 1600  -33.2  955.2  444.0  444.0   70.0  444.0
2018 203  7 22 1700  -33.6  955.4  444.0  444.0   70.0  444.0
2018 203  7 22 1800  -34.3  956.3  444.0  444.0   69.0  444.0
2018 203  7 22 1900  -30.9  957.3  444.0  444.0   72.0  444.0
2018 203  7 22 2000  -32.0  958.3  444.0  444.0   71.0  444.0
2018 203  7 22 2100  -33.6  959.7  444.0  444.0   70.0  444.0
2018 203  7 22 2200  -34.3  961.2  444.0  444.0  444.0  444.0
2018 203  7 22 2300  -34.4  962.6  444.0  444.0   68.0  444.0
2018 204  7 23 0000  -38.8  963.7  444.0  444.0   65.0  444.0
2018 204  7 23 0100  -38.4  964.7  444.0  444.0   65.0  444.0
2018 204  7 23 0200  -39.7  966.1  444.0  444.0   63.0  444.0
2018 204  7 23 0300  -40.3  967.3  444.0  444.0   63.0  444.0
2018 204  7 23 0400  -40.8  968.4  444.0  444.0   62.0  444.0
2018 204  7 23 0500  -41.4  969.2  444.0  444.0   61.0  444.0
2018 204  7 23 0600  -42.8  970.4  444.0  444.0   60.0  444.0
2018 204  7 23 0700  -43.8  971.1  444.0  444.0   59.0  444.0
2018 204  7 23 0800  -43.7  971.5  444.0  444.0   59.0  444.0
2018 204  7 23 0900  -44.0  972.0  444.0  444.0   59.0  444.0
2018 204  7 23 1000  -43.4  972.4  444.0  444.0   59.0  444.0
2018 204  7 23 1100  -43.4  972.6  444.0  444.0   59.0  444.0
2018 204  7 23 1200  -43.1  972.7  444.0  444.0   59.0  444.0
2018 204  7 23 1300  -41.6  972.6  444.0  444.0   61.0  444.0
2018 204  7 23 1400  -39.1  972.6  444.0  444.0   63.0  444.0
2018 204  7 23 1500  -38.9  972.3  444.0  444.0   64.0  444.0
2018 204  7 23 1600  -40.5  972.0  444.0  444.0   63.0  444.0
2018 204  7 23 1700  -40.7  971.8  444.0  444.0   62.0  444.0
2018 204  7 23 1800  -41.9  971.5  444.0  444.0   60.0  444.0
2018 204  7 23 1900  -43.1  971.0  444.0  444.0   59.0  444.0
2018 204  7 23 2000  -44.1  971.2  444.0  444.0   62.0  444.0
2018 204  7 23 2100  -44.6  970.9  444.0  444.0   58.0  444.0
2018 204  7 23 2200  -45.2  970.7  444.0  444.0   57.0  444.0
2018 204  7 23 2300  -45.1  970.1  444.0  444.0   58.0  444.0
2018 205  7 24 0000  -44.8  970.0  444.0  444.0   57.0  444.0
2018 205  7 24 0100  -45.0  969.3  444.0  444.0   57.0  444.0
2018 205  7 24 0200  -45.0  969.6  444.0  444.0   58.0  444.0
2018 205  7 24 0300  -45.5  969.4  444.0  444.0   57.0  444.0
2018 205  7 24 0400  -45.5  969.4  444.0  444.0   57.0  444.0
2018 205  7 24 0500  -45.8  969.0  444.0  444.0   57.0  444.0
2018 205  7 24 0600  -46.2  968.9  444.0  444.0   56.0  444.0
2018 205  7 24 0700  -46.8  968.7  444.0  444.0   55.0  444.0
2018 205  7 24 0800  -46.8  968.8  444.0  444.0   55.0  444.0
2018 205  7 24 0900  -47.0  968.6  444.0  444.0   55.0  444.0
2018 205  7 24 1000  -47.7  968.5  444.0  444.0   54.0  444.0
2018 205  7 24 1100  -47.9  968.5  444.0  444.0   54.0  444.0
2018 205  7 24 1200  -48.3  968.6  444.0  444.0   53.0  444.0
2018 205  7 24 1300  -48.4  968.5  444.0  444.0   54.0  444.0
2018 205  7 24 1400  -49.0  968.8  444.0  444.0   53.0  444.0
2018 205  7 24 1500  -49.4  968.8  444.0  444.0   53.0  444.0
2018 205  7 24 1600  -50.0  969.2  444.0  444.0   51.0  444.0
2018 205  7 24 1700  -50.5  969.6  444.0  444.0   51.0  444.0
2018 205  7 24 1800  -50.9  969.9  444.0  444.0   51.0  444.0
2018 205  7 24 1900  -51.9  970.5  444.0  444.0   50.0  444.0
2018 205  7 24 2000  -51.9  971.3  444.0  444.0   49.0  444.0
2018 205  7 24 2100  -52.3  972.0  444.0  444.0   50.0  444.0
2018 205  7 24 2200  -52.0  972.1  444.0  444.0   49.0  444.0
2018 205  7 24 2300  -51.4  973.0  444.0  444.0   50.0  444.0
2018 206  7 25 0000  -50.8  973.1  444.0  444.0   51.0  444.0
2018 206  7 25 0100  -46.8  973.5  444.0  444.0   53.0  444.0
2018 206  7 25 0200  -47.0  973.5  444.0  444.0   54.0  444.0
2018 206  7 25 0300  -48.1  973.2  444.0  444.0   54.0  444.0
2018 206  7 25 0400  -48.2  973.2  444.0  444.0   54.0  444.0
2018 206  7 25 0500  -47.9  973.3  444.0  444.0   53.0  444.0
2018 206  7 25 0600  -48.1  973.6  444.0  444.0   53.0  444.0
2018 206  7 25 0700  -48.4  972.7  444.0  444.0   53.0  444.0
2018 206  7 25 0800  -48.7  972.8  444.0  444.0   52.0  444.0
2018 206  7 25 0900  -49.5  972.5  444.0  444.0   52.0  444.0
2018 206  7 25 1000  -50.3  971.9  444.0  444.0   52.0  444.0
2018 206  7 25 1100  -50.0  971.4  444.0  444.0   52.0  444.0
2018 206  7 25 1200  -50.4  970.9  444.0  444.0   51.0  444.0
2018 206  7 25 1300  -50.6  971.0  444.0  444.0   51.0  444.0
2018 206  7 25 1400  -49.8  970.7  444.0  444.0   51.0  444.0
2018 206  7 25 1500  -48.5  970.2  444.0  444.0   52.0  444.0
2018 206  7 25 1600  -46.3  970.1  444.0  444.0   54.0  444.0
2018 206  7 25 1700  -43.7  969.6  444.0  444.0   58.0  444.0
2018 206  7 25 1800  -42.0  969.4  444.0  444.0   60.0  444.0
2018 206  7 25 1900  -39.7  968.3  444.0  444.0   61.0  444.0
2018 206  7 25 2000  -39.7  967.6  444.0  444.0   62.0  444.0
2018 206  7 25 2100  -38.4  966.6  444.0  444.0   63.0  444.0
2018 206  7 25 2200  -38.6  966.7  444.0  444.0   63.0  444.0
2018 206  7 25 2300  -41.9  965.8  444.0  444.0   60.0  444.0
2018 207  7 26 0000  -43.5  965.7  444.0  444.0   59.0  444.0
2018 207  7 26 0100  -44.3  964.8  444.0  444.0   58.0  444.0
2018 207  7 26 0200  -44.9  964.0  444.0  444.0   57.0  444.0
2018 207  7 26 0300  -45.1  963.3  444.0  444.0   57.0  444.0
2018 207  7 26 0400  -46.0  962.5  444.0  444.0   56.0  444.0
2018 207  7 26 0500  -46.8  962.9  444.0  444.0   55.0  444.0
2018 207  7 26 0600  -50.4  964.2  444.0  444.0   51.0  444.0
2018 207  7 26 0700  -51.7  965.4  444.0  444.0   50.0  444.0
2018 207  7 26 0800  -51.5  966.9  444.0  444.0   50.0  444.0
2018 207  7 26 0900  -52.2  967.8  444.0  444.0   50.0  444.0
2018 207  7 26 1000  -52.3  969.5  444.0  444.0   49.0  444.0
2018 207  7 26 1100  -51.1  970.9  444.0  444.0   51.0  444.0
2018 207  7 26 1200  -49.5  972.0  444.0  444.0   52.0  444.0
2018 207  7 26 1300  -48.9  972.7  444.0  444.0   52.0  444.0
2018 207  7 26 1400  -47.6  974.2  444.0  444.0   54.0  444.0
2018 207  7 26 1500  -46.5  974.6  444.0  444.0   55.0  444.0
2018 207  7 26 1600  -47.0  975.5  444.0  444.0   54.0  444.0
2018 207  7 26 1700  -48.0  976.3  444.0  444.0   53.0  444.0
2018 207  7 26 1800  -48.1  975.7  444.0  444.0   53.0  444.0
2018 207  7 26 1900  -49.1  975.3  444.0  444.0   52.0  444.0
2018 207  7 26 2000  -48.5  974.8  444.0  444.0   53.0  444.0
2018 207  7 26 2100  -48.1  974.8  444.0  444.0   53.0  444.0
2018 207  7 26 2200  -48.5  974.1  444.0  444.0   53.0  444.0
2018 207  7 26 2300  -48.4  974.0  444.0  444.0   53.0  444.0
2018 208  7 27 0000  -48.0  973.5  444.0  444.0   53.0  444.0
2018 208  7 27 0100  -46.5  973.1  444.0  444.0   54.0  444.0
2018 208  7 27 0200  -45.6  973.1  444.0  444.0   55.0  444.0
2018 208  7 27 0300  -45.6  971.9  444.0  444.0   56.0  444.0
2018 208  7 27 0400  -43.6  971.3  444.0  444.0   58.0  444.0
2018 208  7 27 0500  -42.0  971.1  444.0  444.0   59.0  444.0
2018 208  7 27 0600  -40.5  970.7  444.0  444.0   60.0  444.0
2018 208  7 27 0700  -40.4  971.0  444.0  444.0   61.0  444.0
2018 208  7 27 0800  -40.6  970.8  444.0  444.0   61.0  444.0
2018 208  7 27 0900  -40.6  970.4  444.0  444.0   61.0  444.0
2018 208  7 27 1000  -40.9  970.4  444.0  444.0   61.0  444.0
2018 208  7 27 1100  -41.5  970.1  444.0  444.0   60.0  444.0
2018 208  7 27 1200  -42.0  969.7  444.0  444.0   60.0  444.0
2018 208  7 27 1300  -41.9  969.5  444.0  444.0   60.0  444.0
2018 208  7 27 1400  -42.1  969.5  444.0  444.0   60.0  444.0
2018 208  7 27 1500  -42.8  969.8  444.0  444.0   58.0  444.0
2018 208  7 27 1600  -43.7  969.6  444.0  444.0   58.0  444.0
2018 208  7 27 1700  -44.1  969.9  444.0  444.0   57.0  444.0
2018 208  7 27 1800  -44.6  969.1  444.0  444.0   57.0  444.0
2018 208  7 27 1900  -45.6  969.2  444.0  444.0   56.0  444.0
2018 208  7 27 2000  -45.8  969.4  444.0  444.0   56.0  444.0
2018 208  7 27 2100  -45.8  970.0  444.0  444.0   55.0  444.0
2018 208  7 27 2200  -45.6  969.7  444.0  444.0   56.0  444.0
2018 208  7 27 2300  -46.0  970.1  444.0  444.0   56.0  444.0
2018 209  7 28 0000  -46.3  970.7  444.0  444.0   55.0  444.0
2018 209  7 28 0100  -46.4  970.7  444.0  444.0   55.0  444.0
2018 209  7 28 0200  -46.2  970.7  444.0  444.0   55.0  444.0
2018 209  7 28 0300  -46.4  971.0  444.0  444.0   55.0  444.0
2018 209  7 28 0400  -46.7  971.5  444.0  444.0   54.0  444.0
2018 209  7 28 0500  -46.8  971.2  444.0  444.0   55.0  444.0
2018 209  7 28 0600  -47.0  972.0  444.0  444.0   54.0  444.0
2018 209  7 28 0700  -47.1  972.9  444.0  444.0   54.0  444.0
2018 209  7 28 0800  -47.0  973.4  444.0  444.0   55.0  444.0
2018 209  7 28 0900  -47.3  973.3  444.0  444.0   54.0  444.0
2018 209  7 28 1000  -47.6  974.4  444.0  444.0   54.0  444.0
2018 209  7 28 1100  -48.0  975.2  444.0  444.0   53.0  444.0
2018 209  7 28 1200  -48.4  975.8  444.0  444.0   54.0  444.0
2018 209  7 28 1300  -48.1  976.3  444.0  444.0   53.0  444.0
2018 209  7 28 1400  -49.0  976.7  444.0  444.0   52.0  444.0
2018 209  7 28 1500  -48.8  977.6  444.0  444.0   52.0  444.0
2018 209  7 28 1600  -48.9  978.1  444.0  444.0   53.0  444.0
2018 209  7 28 1700  -48.7  978.5  444.0  444.0   52.0  444.0
2018 209  7 28 1800  -49.3  978.9  444.0  444.0   52.0  444.0
2018 209  7 28 1900  -49.5  980.1  444.0  444.0   52.0  444.0
2018 209  7 28 2000  -49.4  980.7  444.0  444.0  444.0  444.0
2018 209  7 28 2100  -49.5  981.7  444.0  444.0   52.0  444.0
2018 209  7 28 2200  -49.3  982.3  444.0  444.0   52.0  444.0
2018 209  7 28 2300  -49.1  983.0  444.0  444.0   52.0  444.0
2018 210  7 29 0000  -48.8  983.7  444.0  444.0   53.0  444.0
2018 210  7 29 0100  -47.6  984.2  444.0  444.0  444.0  444.0
2018 210  7 29 0200  -46.7  984.5  444.0  444.0   55.0  444.0
2018 210  7 29 0300  -46.0  984.7  444.0  444.0   55.0  444.0
2018 210  7 29 0400  -45.4  985.1  444.0  444.0   55.0  444.0
2018 210  7 29 0500  -45.8  985.6  444.0  444.0   55.0  444.0
2018 210  7 29 0600  -47.0  985.6  444.0  444.0   54.0  444.0
2018 210  7 29 0700  -47.5  986.1  444.0  444.0   54.0  444.0
2018 210  7 29 0800  -48.0  986.3  444.0  444.0   53.0  444.0
2018 210  7 29 0900  -48.5  986.6  444.0  444.0   52.0  444.0
2018 210  7 29 1000  -49.0  986.7  444.0  444.0   52.0  444.0
2018 210  7 29 1100  -49.1  987.0  444.0  444.0   52.0  444.0
2018 210  7 29 1200  -49.2  987.2  444.0  444.0   52.0  444.0
2018 210  7 29 1300  -49.5  987.2  444.0  444.0   52.0  444.0
2018 210  7 29 1400  -50.0  987.2  444.0  444.0   51.0  444.0
2018 210  7 29 1500  -50.5  987.2  444.0  444.0   50.0  444.0
2018 210  7 29 1600  -51.4  987.0  444.0  444.0   49.0  444.0
2018 210  7 29 1700  -51.9  987.2  444.0  444.0   49.0  444.0
2018 210  7 29 1800  -52.5  987.4  444.0  444.0   49.0  444.0
2018 210  7 29 1900  -53.0  987.9  444.0  444.0   48.0  444.0
2018 210  7 29 2000  -53.2  987.9  444.0  444.0   48.0  444.0
2018 210  7 29 2100  -53.3  987.8  444.0  444.0   48.0  444.0
2018 210  7 29 2200  -53.5  988.5  444.0  444.0   47.0  444.0
2018 210  7 29 2300  -53.8  988.6  444.0  444.0  444.0  444.0
2018 211  7 30 0000  -53.9  988.9  444.0  444.0   47.0  444.0
2018 211  7 30 0100  -53.9  988.9  444.0  444.0   47.0  444.0
2018 211  7 30 0200  -54.4  989.2  444.0  444.0   47.0  444.0
2018 211  7 30 0300  -54.7  989.2  444.0  444.0   46.0  444.0
2018 211  7 30 0400  -55.0  989.5  444.0  444.0   46.0  444.0
2018 211  7 30 0500  -55.2  989.5  444.0  444.0   45.0  444.0
2018 211  7 30 0600  -55.3  990.0  444.0  444.0   45.0  444.0
2018 211  7 30 0700  -55.5  990.2  444.0  444.0   45.0  444.0
2018 211  7 30 0800  -55.8  990.6  444.0  444.0   45.0  444.0
2018 211  7 30 0900  -55.9  990.7  444.0  444.0   45.0  444.0
2018 211  7 30 1000  -56.0  991.0  444.0  444.0   44.0  444.0
2018 211  7 30 1100  -56.0  991.2  444.0  444.0   44.0  444.0
2018 211  7 30 1200  -56.1  991.6  444.0  444.0   44.0  444.0
2018 211  7 30 1300  -55.9  991.5  444.0  444.0   44.0  444.0
2018 211  7 30 1400  -55.9  991.6  444.0  444.0   44.0  444.0
2018 211  7 30 1500  -55.9  992.0  444.0  444.0   44.0  444.0
2018 211  7 30 1600  -55.8  992.0  444.0  444.0   45.0  444.0
2018 211  7 30 1700  -55.8  992.4  444.0  444.0   44.0  444.0
2018 211  7 30 1800  -55.8  992.6  444.0  444.0   44.0  444.0
2018 211  7 30 1900  -55.5  992.7  444.0  444.0   45.0  444.0
2018 211  7 30 2000  -55.4  993.3  444.0  444.0   45.0  444.0
2018 211  7 30 2100  -55.4  993.5  444.0  444.0   45.0  444.0
2018 211  7 30 2200  -55.5  993.7  444.0  444.0   45.0  444.0
2018 211  7 30 2300  -55.6  994.1  444.0  444.0   45.0  444.0
2018 212  7 31 0000  -55.7  994.6  444.0  444.0   44.0  444.0
2018 212  7 31 0100  -55.8  994.6  444.0  444.0   44.0  444.0
2018 212  7 31 0200  -55.6  994.9  444.0  444.0   44.0  444.0
2018 212  7 31 0300  -55.5  995.3  444.0  444.0   45.0  444.0
2018 212  7 31 0400  -55.3  996.2  444.0  444.0   45.0  444.0
2018 212  7 31 0500  -54.8  996.2  444.0  444.0   45.0  444.0
2018 212  7 31 0600  -54.7  996.3  444.0  444.0   46.0  444.0
2018 212  7 31 0700  -54.5  996.5  444.0  444.0   46.0  444.0
2018 212  7 31 0800  -54.4  996.9  444.0  444.0   45.0  444.0
2018 212  7 31 0900  -54.2  997.6  444.0  444.0   46.0  444.0
2018 212  7 31 1000  -54.3  997.6  444.0  444.0   46.0  444.0
2018 212  7 31 1100  -54.2  998.0  444.0  444.0   46.0  444.0
2018 212  7 31 1200  -53.5  998.0  444.0  444.0   47.0  444.0
2018 212  7 31 1300  -53.6  998.0  444.0  444.0   46.0  444.0
2018 212  7 31 1400  -54.2  997.8  444.0  444.0   46.0  444.0
2018 212  7 31 1500  -54.4  998.1  444.0  444.0   46.0  444.0
2018 212  7 31 1600  -54.0  998.3  444.0  444.0   47.0  444.0
2018 212  7 31 1700  -53.7  998.0  444.0  444.0   47.0  444.0
2018 212  7 31 1800  -53.9  997.8  444.0  444.0   46.0  444.0
2018 212  7 31 1900  -54.2  997.9  444.0  444.0   46.0  444.0
2018 212  7 31 2000  -54.8  997.9  444.0  444.0   45.0  444.0
2018 212  7 31 2100  -55.4  997.9  444.0  444.0   45.0  444.0
2018 212  7 31 2200  -55.9  997.6  444.0  444.0   44.0  444.0
2018 212  7 31 2300  -56.0  997.3  444.0  444.0   44.0  444.0
