Year: 2024  Month: 02  ID: CBD  ARGOS: 99609  Name: Cape Bird           
Lat: 77.22S  Lon: 166.44E  Elev:   38m
2024  32  2  1 0000   -2.1  982.3    9.8  211.3   45.6  444.0
2024  32  2  1 0100   -3.2  982.0    9.1  221.6   70.4  444.0
2024  32  2  1 0200   -1.6  980.7   13.4  218.0   49.6  444.0
2024  32  2  1 0300   -1.7  980.3   11.2  217.0   53.1  444.0
2024  32  2  1 0400   -1.0  979.6   10.8  222.7   50.9  444.0
2024  32  2  1 0500   -1.2  980.1   10.7  220.2   50.1  444.0
2024  32  2  1 0600   -1.3  980.1    8.1  219.9   48.7  444.0
2024  32  2  1 0700    0.4  979.4    8.2  208.3   29.3  444.0
2024  32  2  1 0800   -1.2  979.1   10.3  219.0   49.3  444.0
2024  32  2  1 0900   -1.7  978.6   10.4  210.7   43.5  444.0
2024  32  2  1 1000   -2.7  978.8    6.4  182.3   51.2  444.0
2024  32  2  1 1100   -1.8  978.5    8.0  219.6   50.6  444.0
2024  32  2  1 1200   -2.0  978.6    5.8  190.5   43.2  444.0
2024  32  2  1 1300   -2.7  978.7    4.3  164.2   43.2  444.0
2024  32  2  1 1400   -3.6  978.5    6.2  142.0   42.0  444.0
2024  32  2  1 1500   -3.4  978.5    5.4  152.1   41.4  444.0
2024  32  2  1 1600   -3.4  978.1    5.1  172.7   45.3  444.0
2024  32  2  1 1700   -3.6  978.2    4.4  183.3   48.8  444.0
2024  32  2  1 1800   -3.5  978.3    4.2  192.1   46.5  444.0
2024  32  2  1 1900   -3.4  978.4    5.4  200.7   57.4  444.0
2024  32  2  1 2000   -2.9  978.9    4.8  142.9   45.4  444.0
2024  32  2  1 2100   -3.0  979.1    3.6  133.5   47.2  444.0
2024  32  2  1 2200   -2.0  979.6    2.7  224.9   49.5  444.0
2024  32  2  1 2300   -2.0  980.0    2.2  248.6   52.0  444.0
2024  33  2  2 0000   -1.0  980.1    1.7   10.2   51.3  444.0
2024  33  2  2 0100   -1.4  980.4    1.6  351.3   52.4  444.0
2024  33  2  2 0200   -1.1  980.8    2.0  350.8   53.6  444.0
2024  33  2  2 0300   -1.1  981.2    1.9  296.4   53.3  444.0
2024  33  2  2 0400   -0.9  981.5    1.5  302.1   56.1  444.0
2024  33  2  2 0500   -0.8  982.0    1.7  336.1   54.0  444.0
2024  33  2  2 0600   -1.2  982.0    5.6   41.3   57.6  444.0
2024  33  2  2 0700   -1.0  982.3    4.2   34.9   45.5  444.0
2024  33  2  2 0800   -1.3  982.5    4.6   53.5   41.4  444.0
2024  33  2  2 0900   -2.1  982.8    6.2   47.8   55.6  444.0
2024  33  2  2 1000   -2.4  983.2    4.7   60.8   57.8  444.0
2024  33  2  2 1100   -3.0  983.4    5.2   35.7   49.4  444.0
2024  33  2  2 1200   -3.4  983.5    8.0   36.7   58.8  444.0
2024  33  2  2 1300   -3.9  984.1    6.8   40.0   53.0  444.0
2024  33  2  2 1400   -4.0  984.3    1.1   51.9   36.8  444.0
2024  33  2  2 1500   -3.6  984.5    1.2   88.9   42.3  444.0
2024  33  2  2 1600   -3.7  984.5    2.4  157.5   39.8  444.0
2024  33  2  2 1700   -4.1  984.9    2.4  139.1   44.2  444.0
2024  33  2  2 1800   -4.0  985.1    2.4  114.1   38.6  444.0
2024  33  2  2 1900   -3.6  985.7    2.8   86.5   45.8  444.0
2024  33  2  2 2000   -3.1  986.2    1.9  126.1   47.9  444.0
2024  33  2  2 2100   -2.8  986.7    2.3   99.7   52.8  444.0
2024  33  2  2 2200   -2.1  987.1    1.5   77.8   53.5  444.0
2024  33  2  2 2300   -1.8  987.8    2.3   67.3   46.4  444.0
2024  34  2  3 0000   -1.6  988.4    2.1   23.6   49.0  444.0
2024  34  2  3 0100   -1.5  988.8    2.7   30.0   48.6  444.0
2024  34  2  3 0200   -1.1  989.3    1.8  347.8   48.3  444.0
2024  34  2  3 0300   -1.4  989.6    4.9   25.8   47.2  444.0
2024  34  2  3 0400   -1.3  989.9    5.6   35.7   55.1  444.0
2024  34  2  3 0500   -1.5  990.0    6.4   35.4   56.6  444.0
2024  34  2  3 0600   -1.8  990.6    7.3   30.4   68.4  444.0
2024  34  2  3 0700   -1.9  990.8    6.9   28.4   67.3  444.0
2024  34  2  3 0800   -2.5  991.2    8.2   47.4   64.9  444.0
2024  34  2  3 0900   -2.3  991.4    7.6   48.7   52.5  444.0
2024  34  2  3 1000   -2.6  991.7    7.6   53.2   59.4  444.0
2024  34  2  3 1100   -2.9  992.2    6.8   59.6   62.1  444.0
2024  34  2  3 1200   -2.8  992.6    6.9   50.9   60.5  444.0
2024  34  2  3 1300   -2.9  992.5    6.2   48.2   57.5  444.0
2024  34  2  3 1400   -2.9  992.8    3.7   48.1   49.4  444.0
2024  34  2  3 1500   -3.2  992.9    4.1   61.5   57.1  444.0
2024  34  2  3 1600   -3.2  993.2    5.5   54.0   67.1  444.0
2024  34  2  3 1700   -3.1  993.4    5.1   58.2   67.2  444.0
2024  34  2  3 1800   -2.8  993.5    6.6   47.0   64.8  444.0
2024  34  2  3 1900   -2.6  993.4    5.1   46.2   55.4  444.0
2024  34  2  3 2000   -1.9  993.5    4.3   39.7   33.2  444.0
2024  34  2  3 2100   -1.9  993.9    6.1   40.9   47.2  444.0
2024  34  2  3 2200   -1.8  993.9    6.8   40.2   61.5  444.0
2024  34  2  3 2300   -1.5  994.0    6.6   42.1   62.8  444.0
2024  35  2  4 0000   -1.2  994.0    6.6   28.0   57.0  444.0
2024  35  2  4 0100   -1.1  993.9    7.8   20.2   62.7  444.0
2024  35  2  4 0200   -1.1  993.6    7.5   16.2   56.2  444.0
2024  35  2  4 0300   -0.9  993.6    7.6   21.7   60.4  444.0
2024  35  2  4 0400   -0.9  993.4    8.1   21.6   62.2  444.0
2024  35  2  4 0500   -1.2  993.2    8.3   25.8   63.5  444.0
2024  35  2  4 0600   -1.3  993.1    7.7   29.3   62.5  444.0
2024  35  2  4 0700   -1.5  993.2    7.3   32.6   60.0  444.0
2024  35  2  4 0800   -1.6  993.0    6.0   30.1   51.0  444.0
2024  35  2  4 0900   -1.5  993.4    2.2  350.2   51.3  444.0
2024  35  2  4 1000   -1.6  993.4    3.2  254.9   62.0  444.0
2024  35  2  4 1100   -2.0  993.2    3.9  277.6   71.6  444.0
2024  35  2  4 1200   -2.9  993.5    2.0   82.4   71.9  444.0
2024  35  2  4 1300   -3.4  993.4    2.4  131.6   69.3  444.0
2024  35  2  4 1400   -3.9  993.0    2.0   78.7   71.8  444.0
2024  35  2  4 1500   -4.1  992.6    2.9  111.9   67.3  444.0
2024  35  2  4 1600   -4.3  992.3    3.4  120.0   66.5  444.0
2024  35  2  4 1700   -4.4  992.2    4.2  119.3   52.2  444.0
2024  35  2  4 1800   -4.6  992.2    3.6  120.7   55.1  444.0
2024  35  2  4 1900   -3.7  991.9    2.6  103.3   59.7  444.0
2024  35  2  4 2000   -3.4  991.5    4.6   59.5   61.1  444.0
2024  35  2  4 2100   -2.2  990.7    3.7   17.7   56.7  444.0
2024  35  2  4 2200   -1.8  990.6    4.7    8.0   43.2  444.0
2024  35  2  4 2300   -1.4  990.6    6.1  149.3   40.9  444.0
2024  36  2  5 0000   -1.1  990.7    2.8  210.1   40.5  444.0
2024  36  2  5 0100   -2.4  990.8    5.1   32.9   61.9  444.0
2024  36  2  5 0200   -3.0  990.5    2.2   14.1   62.7  444.0
2024  36  2  5 0300   -2.7  990.0    1.3  283.9   61.4  444.0
2024  36  2  5 0400   -2.8  989.5    1.8  277.4   60.2  444.0
2024  36  2  5 0500   -2.5  989.0    1.6  283.5   59.5  444.0
2024  36  2  5 0600   -2.7  988.4    3.1  236.2   63.5  444.0
2024  36  2  5 0700   -3.1  987.2    8.8  222.8   68.0  444.0
2024  36  2  5 0800   -3.2  986.9    6.5  217.0   69.7  444.0
2024  36  2  5 0900   -3.0  986.6    4.9   24.9   62.7  444.0
2024  36  2  5 1000   -3.2  986.3    6.0   36.9   55.8  444.0
2024  36  2  5 1100   -2.5  985.7    5.1   49.3   38.9  444.0
2024  36  2  5 1200   -2.3  985.8    0.8  208.8   50.8  444.0
2024  36  2  5 1300   -3.6  985.7    2.2  250.9   64.7  444.0
2024  36  2  5 1400   -4.4  985.1    2.6  116.8   68.2  444.0
2024  36  2  5 1500   -4.1  984.7    1.4  113.1   70.6  444.0
2024  36  2  5 1600   -3.9  984.3    2.1   76.2   72.5  444.0
2024  36  2  5 1700   -3.7  983.8    2.7   44.6   74.6  444.0
2024  36  2  5 1800   -3.9  983.5    0.8  214.9   75.7  444.0
2024  36  2  5 1900   -4.5  983.0    5.0  207.1   72.7  444.0
2024  36  2  5 2000   -4.0  982.6    2.1   34.7   71.1  444.0
2024  36  2  5 2100   -3.9  982.3    5.5   29.7   77.5  444.0
2024  36  2  5 2200   -4.3  982.3    5.7   40.4   81.5  444.0
2024  36  2  5 2300   -4.9  982.3    4.3   47.6   84.0  444.0
2024  37  2  6 0000   -4.8  982.0    3.7   48.0   84.5  444.0
2024  37  2  6 0100   -4.5  981.7    4.3   37.6   83.4  444.0
2024  37  2  6 0200   -4.9  981.2    5.7   48.8   85.7  444.0
2024  37  2  6 0300   -5.1  980.8    6.2   48.3   85.7  444.0
2024  37  2  6 0400   -4.6  980.7    5.6   40.6   83.2  444.0
2024  37  2  6 0500   -4.7  980.4    5.7   31.8   81.3  444.0
2024  37  2  6 0600   -5.2  980.2    5.0   50.4   81.4  444.0
2024  37  2  6 0700   -5.1  980.0    3.9   44.2   82.0  444.0
2024  37  2  6 0800   -5.2  979.8    4.9   52.3   82.1  444.0
2024  37  2  6 0900   -5.3  979.4    3.6   51.9   81.7  444.0
2024  37  2  6 1000   -5.6  979.2    5.2   48.2   81.5  444.0
2024  37  2  6 1100   -6.0  978.9    6.3   47.5   82.2  444.0
2024  37  2  6 1200   -6.1  978.6    6.7   44.4   81.8  444.0
2024  37  2  6 1300   -6.2  978.4    7.2   31.7   81.3  444.0
2024  37  2  6 1400   -6.4  978.4    6.7   50.0   79.2  444.0
2024  37  2  6 1500   -6.0  978.1    4.1   57.9   74.9  444.0
2024  37  2  6 1600   -6.2  978.0    5.1   24.8   72.5  444.0
2024  37  2  6 1700   -5.8  978.2    3.2   74.1   68.8  444.0
2024  37  2  6 1800   -5.5  978.2    1.4  192.1   71.1  444.0
2024  37  2  6 1900   -5.6  978.2    2.6  217.2   76.7  444.0
2024  37  2  6 2000   -5.8  978.3    3.8  216.7   77.2  444.0
2024  37  2  6 2100   -5.9  978.3    4.1  226.0   78.9  444.0
2024  37  2  6 2200   -5.9  978.5    1.5  272.4   78.7  444.0
2024  37  2  6 2300   -6.0  978.6    2.8  211.3   78.2  444.0
2024  38  2  7 0000   -5.8  978.8    2.7  234.4   75.2  444.0
2024  38  2  7 0100   -5.8  978.8    1.0  267.0   72.5  444.0
2024  38  2  7 0200   -5.9  978.6    1.5  221.5   74.2  444.0
2024  38  2  7 0300   -5.5  978.6    1.9   32.9   65.4  444.0
2024  38  2  7 0400   -5.3  978.6    2.9  227.9   72.1  444.0
2024  38  2  7 0500   -5.3  978.6    3.0   10.6   59.7  444.0
2024  38  2  7 0600   -5.2  978.8    1.6    3.2   58.2  444.0
2024  38  2  7 0700   -5.2  978.7    1.4  250.6   68.0  444.0
2024  38  2  7 0800   -5.4  978.7    2.1  215.5   68.4  444.0
2024  38  2  7 0900   -5.5  978.7    3.7  216.6   72.3  444.0
2024  38  2  7 1000   -5.3  978.9    2.2  138.4   61.1  444.0
2024  38  2  7 1100   -6.1  979.3    4.0   23.7   76.3  444.0
2024  38  2  7 1200   -6.1  979.5    1.3   66.7   80.4  444.0
2024  38  2  7 1300   -6.2  979.5    1.6   40.4   82.4  444.0
2024  38  2  7 1400   -5.9  979.7    1.1  215.0   82.6  444.0
2024  38  2  7 1500   -5.6  979.8    1.7  204.3   82.4  444.0
2024  38  2  7 1600   -5.6  979.9    0.8  131.3   77.4  444.0
2024  38  2  7 1700   -5.7  980.1    1.1  190.3   75.6  444.0
2024  38  2  7 1800   -5.7  980.4    1.3  167.7   74.0  444.0
2024  38  2  7 1900   -5.4  980.4    3.6  202.1   69.6  444.0
2024  38  2  7 2000   -5.3  980.8    0.9  160.8   66.0  444.0
2024  38  2  7 2100   -6.0  981.2    2.1  143.8   69.5  444.0
2024  38  2  7 2200   -5.7  981.6    3.0  129.9   64.1  444.0
2024  38  2  7 2300   -4.7  981.8    1.5  234.9   61.3  444.0
2024  39  2  8 0000   -4.0  981.9    0.5  110.4   56.1  444.0
2024  39  2  8 0100   -4.2  981.8    1.6  329.3   58.5  444.0
2024  39  2  8 0200   -3.6  981.9    1.4  310.8   58.0  444.0
2024  39  2  8 0300   -3.4  982.0    1.9  342.7   59.4  444.0
2024  39  2  8 0400   -3.4  981.9    3.8    4.1   53.9  444.0
2024  39  2  8 0500   -3.6  981.9    6.8   31.3   54.8  444.0
2024  39  2  8 0600   -3.6  982.0    5.1   35.8   57.0  444.0
2024  39  2  8 0700   -3.9  982.2    5.4   46.6   53.9  444.0
2024  39  2  8 0800  444.0  982.5    0.8   38.2   43.7  444.0
2024  39  2  8 0900   -4.3  982.7    4.0  123.0   46.7  444.0
2024  39  2  8 1000   -4.5  982.9    2.9  109.5   41.7  444.0
2024  39  2  8 1100   -4.9  983.2    3.8  119.5   40.8  444.0
2024  39  2  8 1200   -5.4  983.6    4.1  125.0   47.9  444.0
2024  39  2  8 1300   -5.7  983.7    4.5  122.4   45.3  444.0
2024  39  2  8 1400   -5.1  983.9    3.4  118.1   47.1  444.0
2024  39  2  8 1500   -4.8  984.1    2.5  137.6   48.6  444.0
2024  39  2  8 1600   -4.8  984.2    2.7  132.2   49.2  444.0
2024  39  2  8 1700   -4.5  984.6    2.2   79.7   48.9  444.0
2024  39  2  8 1800   -4.4  984.9    2.0   99.4   51.9  444.0
2024  39  2  8 1900   -4.1  985.1    1.8  139.9   52.6  444.0
2024  39  2  8 2000   -3.6  985.4    2.9  207.5   49.1  444.0
2024  39  2  8 2100   -3.4  985.6    2.5  225.0   50.6  444.0
2024  39  2  8 2200   -3.5  985.9    1.9  244.3   51.4  444.0
2024  39  2  8 2300   -4.0  986.4    0.8  270.7   61.9  444.0
2024  40  2  9 0000   -4.6  986.6    1.5  303.2   72.3  444.0
2024  40  2  9 0100   -4.6  986.8    1.9  267.5   80.5  444.0
2024  40  2  9 0200   -3.8  986.7    2.6  245.3   82.1  444.0
2024  40  2  9 0300   -4.1  986.8    3.1  254.9   81.5  444.0
2024  40  2  9 0400   -3.9  986.9    2.3  275.1   82.6  444.0
2024  40  2  9 0500   -4.0  986.7    2.6  294.1   85.9  444.0
2024  40  2  9 0600   -3.8  986.6    1.5  321.9   84.1  444.0
2024  40  2  9 0700   -4.3  986.5    1.5  283.1   85.7  444.0
2024  40  2  9 0800   -4.2  986.6    1.1  313.6   84.9  444.0
2024  40  2  9 0900   -4.4  986.6    0.6  315.1   85.8  444.0
2024  40  2  9 1000   -4.4  986.4    2.1  261.5   84.4  444.0
2024  40  2  9 1100   -4.9  986.2    0.8  257.9   88.7  444.0
2024  40  2  9 1200   -4.6  985.7    1.7  251.6   88.1  444.0
2024  40  2  9 1300   -4.5  985.0    3.4  194.3   89.3  444.0
2024  40  2  9 1400   -4.5  984.2    5.7  224.1   90.3  444.0
2024  40  2  9 1500   -3.9  983.8    1.8  226.1   87.6  444.0
2024  40  2  9 1600   -3.8  983.5    4.9  214.2   84.5  444.0
2024  40  2  9 1700   -3.6  983.3    0.2  118.4   81.4  444.0
2024  40  2  9 1800   -4.0  983.2    2.5  160.7   82.1  444.0
2024  40  2  9 1900   -3.8  983.1    3.4  195.1   80.9  444.0
2024  40  2  9 2000   -2.6  982.4    7.9   48.9   78.8  444.0
2024  40  2  9 2100   -2.5  982.3    7.6   59.5   74.1  444.0
2024  40  2  9 2200   -3.7  982.9    3.1  250.1   78.5  444.0
2024  40  2  9 2300   -2.6  982.4    8.0   78.3   74.9  444.0
2024  41  2 10 0000   -2.3  983.0    2.4  186.4   76.1  444.0
2024  41  2 10 0100   -3.4  982.6    2.9  206.0   82.0  444.0
2024  41  2 10 0200   -1.8  982.3    1.1  180.2   74.8  444.0
2024  41  2 10 0300   -1.5  982.6    3.1  219.2   68.2  444.0
2024  41  2 10 0400   -1.4  982.8    1.2  272.4   67.1  444.0
2024  41  2 10 0500   -1.2  983.5    3.1  276.9   64.6  444.0
2024  41  2 10 0600   -1.5  984.1    2.9  249.0   69.3  444.0
2024  41  2 10 0700   -2.4  984.8    3.2  227.7   75.7  444.0
2024  41  2 10 0800   -1.6  985.4    2.4  230.2   68.2  444.0
2024  41  2 10 0900   -2.6  986.0    4.3  220.7   75.3  444.0
2024  41  2 10 1000   -2.9  986.8    3.2  219.0   77.5  444.0
2024  41  2 10 1100   -3.4  987.4    2.7  220.2   80.3  444.0
2024  41  2 10 1200   -3.3  988.0    2.7  211.9   80.4  444.0
2024  41  2 10 1300   -3.1  988.5    2.6  218.6   80.9  444.0
2024  41  2 10 1400   -3.7  988.8    5.5  211.9   81.7  444.0
2024  41  2 10 1500   -3.6  989.5    4.3  208.3   82.1  444.0
2024  41  2 10 1600   -3.6  990.3    0.8  219.9   82.9  444.0
2024  41  2 10 1700   -3.2  990.8    1.0  330.9   82.2  444.0
2024  41  2 10 1800   -3.5  991.4    1.9   44.8   86.4  444.0
2024  41  2 10 1900   -3.1  991.9    1.4   54.8   87.3  444.0
2024  41  2 10 2000   -3.3  992.4    3.1  220.2   86.6  444.0
2024  41  2 10 2100   -2.9  993.1    3.9  221.1   86.4  444.0
2024  41  2 10 2200   -2.5  993.6    3.3  235.4   84.3  444.0
2024  41  2 10 2300   -2.5  993.7    3.4  217.8   84.3  444.0
2024  42  2 11 0000   -1.8  994.1    1.8  236.8   83.2  444.0
2024  42  2 11 0100   -2.1  994.4    2.9   28.8   81.6  444.0
2024  42  2 11 0200   -1.9  994.6    4.3   17.1   79.5  444.0
2024  42  2 11 0300   -2.0  994.8    6.2   29.7   79.7  444.0
2024  42  2 11 0400   -2.4  995.3    5.7   21.8   79.9  444.0
2024  42  2 11 0500   -2.3  995.9    4.5    6.7   79.6  444.0
2024  42  2 11 0600   -2.4  996.8    3.5  330.7   80.0  444.0
2024  42  2 11 0700   -2.8  997.5    2.8  278.0   80.4  444.0
2024  42  2 11 0800   -2.8  997.8    1.6  275.2   80.6  444.0
2024  42  2 11 0900   -2.9  998.0    3.7  219.4   80.8  444.0
2024  42  2 11 1000   -2.6  998.2    2.7  203.8   80.2  444.0
2024  42  2 11 1100   -2.5  998.6    0.6  168.7   77.4  444.0
2024  42  2 11 1200   -2.8  998.9    0.9  101.3   73.5  444.0
2024  42  2 11 1300   -3.3  999.1    2.0   70.3   76.3  444.0
2024  42  2 11 1400   -3.4  999.3    1.2  123.0   77.3  444.0
2024  42  2 11 1500   -3.7  999.3    2.2   82.1   78.9  444.0
2024  42  2 11 1600   -3.4  999.4    4.8   51.9   79.9  444.0
2024  42  2 11 1700   -3.3  999.7    5.9   49.0   83.6  444.0
2024  42  2 11 1800   -3.4  999.9    3.5   36.0   87.9  444.0
2024  42  2 11 1900   -3.4 1000.0    2.5   36.4   91.9  444.0
2024  42  2 11 2000   -3.5 1000.1    2.4   28.7   90.6  444.0
2024  42  2 11 2100   -3.5 1000.0    2.7   11.2   87.1  444.0
2024  42  2 11 2200   -4.0 1000.1    3.0   23.1   88.4  444.0
2024  42  2 11 2300   -4.1  999.8    2.6   16.5   90.4  444.0
2024  43  2 12 0000   -4.2  999.7    3.5   25.4   89.4  444.0
2024  43  2 12 0100   -4.4  999.3    3.6   14.0   88.6  444.0
2024  43  2 12 0200   -4.5  999.0    3.7   16.1   87.3  444.0
2024  43  2 12 0300   -4.6  998.5    4.6   19.8   85.8  444.0
2024  43  2 12 0400   -4.5  997.8    4.1   19.8   83.6  444.0
2024  43  2 12 0500   -4.4  997.4    4.2   21.4   83.1  444.0
2024  43  2 12 0600   -3.9  997.1    4.8   19.2   80.6  444.0
2024  43  2 12 0700   -4.0  996.4    3.2   31.1   80.3  444.0
2024  43  2 12 0800   -4.0  995.9    2.0   71.8   78.4  444.0
2024  43  2 12 0900   -4.3  995.4    2.9   36.6   77.6  444.0
2024  43  2 12 1000   -4.5  994.7    4.2   73.0   79.7  444.0
2024  43  2 12 1100   -3.8  994.0    3.3   50.2   75.5  444.0
2024  43  2 12 1200   -3.5  992.8    4.0   63.0   74.7  444.0
2024  43  2 12 1300   -3.6  992.3    3.2   33.7   78.4  444.0
2024  43  2 12 1400   -3.7  991.2    3.2   53.6   82.1  444.0
2024  43  2 12 1500   -3.8  990.4    3.3   46.7   83.3  444.0
2024  43  2 12 1600   -3.7  989.5    3.6   59.0   83.0  444.0
2024  43  2 12 1700   -3.7  988.8    3.3   41.4   83.6  444.0
2024  43  2 12 1800   -3.4  988.0    3.7   44.2   83.8  444.0
2024  43  2 12 1900   -3.6  987.4    4.0   39.6   85.8  444.0
2024  43  2 12 2000   -3.5  986.6    5.0   51.8   83.6  444.0
2024  43  2 12 2100   -3.5  985.9    7.1   49.2   82.0  444.0
2024  43  2 12 2200   -3.5  985.4    7.5   48.4   80.4  444.0
2024  43  2 12 2300   -3.3  984.6    6.8   38.5   76.5  444.0
2024  44  2 13 0000   -3.1  984.0    6.4   53.0   62.8  444.0
2024  44  2 13 0100   -3.0  983.4    7.0   19.9   58.5  444.0
2024  44  2 13 0200   -3.4  982.8    6.7   38.2   61.5  444.0
2024  44  2 13 0300   -3.7  982.0    7.4   39.7   68.0  444.0
2024  44  2 13 0400   -4.0  981.7    8.7   30.7   75.1  444.0
2024  44  2 13 0500   -3.9  981.3    8.8   41.6   75.3  444.0
2024  44  2 13 0600   -4.1  980.1    9.8   47.2   66.1  444.0
2024  44  2 13 0700   -4.7  980.2   11.1   47.9   72.0  444.0
2024  44  2 13 0800   -4.7  979.6    9.7   52.4   69.9  444.0
2024  44  2 13 0900   -4.5  980.1   10.3   60.8   64.2  444.0
2024  44  2 13 1000   -4.6  979.2   11.4   34.3   68.5  444.0
2024  44  2 13 1100   -4.9  979.3    8.8   48.6   66.7  444.0
2024  44  2 13 1200   -4.7  979.2    6.6   60.9   57.7  444.0
2024  44  2 13 1300   -6.5  979.5   11.2   65.5   63.1  444.0
2024  44  2 13 1400   -5.0  978.9    7.5   50.4   53.6  444.0
2024  44  2 13 1500   -5.2  979.1    6.7   40.5   56.1  444.0
2024  44  2 13 1600   -5.6  979.0    6.5   16.7   57.6  444.0
2024  44  2 13 1700   -5.5  978.7    8.4   49.3   51.8  444.0
2024  44  2 13 1800   -7.4  979.5    6.9  204.1   74.1  444.0
2024  44  2 13 1900   -8.3  980.2    5.4  222.2   82.2  444.0
2024  44  2 13 2000   -8.8  980.9    2.5  196.5   87.8  444.0
2024  44  2 13 2100   -8.8  981.4    3.5  260.3   90.9  444.0
2024  44  2 13 2200   -8.9  981.9    4.7  255.2   90.9  444.0
2024  44  2 13 2300   -9.0  982.5    1.0  241.0   89.4  444.0
2024  45  2 14 0000   -9.5  982.6    4.4  222.6   91.2  444.0
2024  45  2 14 0100   -9.4  982.7    5.3  223.7   92.6  444.0
2024  45  2 14 0200   -9.6  983.3    4.6  215.4   90.8  444.0
2024  45  2 14 0300   -9.7  983.6    2.0  179.8   88.2  444.0
2024  45  2 14 0400   -9.9  983.9    4.3  271.2   90.3  444.0
2024  45  2 14 0500   -9.6  984.0    4.3  202.7   92.8  444.0
2024  45  2 14 0600  -10.3  984.8    3.0  206.3   93.8  444.0
2024  45  2 14 0700  -10.1  985.0    3.4  277.3   94.5  444.0
2024  45  2 14 0800  -10.1  985.3    1.9  290.9   94.6  444.0
2024  45  2 14 0900  -10.2  985.4    1.3  229.4   93.8  444.0
2024  45  2 14 1000  -10.7  985.7    0.5   88.1   93.2  444.0
2024  45  2 14 1100  -10.4  985.9    1.7  187.6   92.0  444.0
2024  45  2 14 1200  -10.1  985.9    3.9  214.4   92.2  444.0
2024  45  2 14 1300  -10.3  986.0    2.3  169.5   90.6  444.0
2024  45  2 14 1400  -10.4  985.8    1.8  189.6   89.2  444.0
2024  45  2 14 1500  -10.1  985.8    2.0  313.5   89.3  444.0
2024  45  2 14 1600  -10.0  985.7    1.3  189.8   89.9  444.0
2024  45  2 14 1700   -9.6  985.6    3.7  214.1   85.9  444.0
2024  45  2 14 1800   -9.7  985.6    2.1  178.4   82.1  444.0
2024  45  2 14 1900   -9.6  985.7    2.1  159.6   80.9  444.0
2024  45  2 14 2000   -9.6  985.6    2.7  186.7   82.6  444.0
2024  45  2 14 2100   -9.4  985.2    3.7  196.9   81.9  444.0
2024  45  2 14 2200   -9.2  985.2    3.7  202.7   79.4  444.0
2024  45  2 14 2300   -9.3  985.1    3.3  192.1   80.8  444.0
2024  46  2 15 0000   -9.4  984.8    5.0  204.9   83.1  444.0
2024  46  2 15 0100   -9.1  984.6    5.3  197.8   81.5  444.0
2024  46  2 15 0200   -9.1  984.6    4.8  191.9   79.8  444.0
2024  46  2 15 0300   -9.0  984.4    4.6  197.4   78.1  444.0
2024  46  2 15 0400   -9.0  984.1    4.4  195.7   78.1  444.0
2024  46  2 15 0500   -9.1  984.1    3.4  192.3   78.1  444.0
2024  46  2 15 0600   -8.8  984.0    2.7  201.0   76.6  444.0
2024  46  2 15 0700   -8.9  984.1    2.7  163.3   77.1  444.0
2024  46  2 15 0800   -8.7  984.0    1.3  174.9   79.0  444.0
2024  46  2 15 0900   -8.9  983.7    2.1  182.7   79.5  444.0
2024  46  2 15 1000   -9.1  983.8    1.9  156.6   82.2  444.0
2024  46  2 15 1100   -9.3  983.6    3.9  197.4   86.2  444.0
2024  46  2 15 1200   -9.3  983.5    3.4  185.8   89.6  444.0
2024  46  2 15 1300   -9.4  983.2    5.8  202.8   90.7  444.0
2024  46  2 15 1400   -9.5  983.2    4.6  201.2   92.2  444.0
2024  46  2 15 1500   -9.5  982.9    4.4  202.2   92.7  444.0
2024  46  2 15 1600   -9.2  982.8    3.0  193.1   92.4  444.0
2024  46  2 15 1700   -9.0  982.7    3.3  199.7   90.8  444.0
2024  46  2 15 1800   -9.3  982.6    5.1  201.9   90.5  444.0
2024  46  2 15 1900   -9.5  982.4    4.9  204.1   89.6  444.0
2024  46  2 15 2000  -10.0  982.1    8.1  204.9   89.0  444.0
2024  46  2 15 2100  -10.7  981.9    8.2  204.0   89.9  444.0
2024  46  2 15 2200  -10.8  981.6    8.4  204.0   89.7  444.0
2024  46  2 15 2300  -11.0  981.7    8.2  203.1   87.1  444.0
2024  47  2 16 0000  -10.6  981.5    6.9  201.4   82.1  444.0
2024  47  2 16 0100  -10.2  981.2    6.3  204.9   79.9  444.0
2024  47  2 16 0200   -9.9  980.7    6.9  198.2   78.7  444.0
2024  47  2 16 0300   -9.7  980.3    6.0  195.9   71.2  444.0
2024  47  2 16 0400   -9.7  979.8    7.2  190.1   63.3  444.0
2024  47  2 16 0500   -8.8  979.9    7.6  199.6   63.3  444.0
2024  47  2 16 0600   -8.7  979.5    9.4  213.3   68.8  444.0
2024  47  2 16 0700   -9.3  979.6    7.4  198.4   65.9  444.0
2024  47  2 16 0800   -9.2  979.5    6.5  196.4   61.9  444.0
2024  47  2 16 0900   -9.4  979.6    6.4  186.6   57.1  444.0
2024  47  2 16 1000  -10.0  979.6    5.3  169.3   49.3  444.0
2024  47  2 16 1100  -10.0  979.4    3.5  146.0   44.1  444.0
2024  47  2 16 1200   -9.9  979.1    3.2  158.7   38.6  444.0
2024  47  2 16 1300  -11.3  979.1    4.2  128.2   38.6  444.0
2024  47  2 16 1400  -11.0  979.2    3.8  120.0   38.5  444.0
2024  47  2 16 1500  -10.4  979.1    3.0  118.2   53.4  444.0
2024  47  2 16 1600  -10.7  979.0    2.8  132.6   58.4  444.0
2024  47  2 16 1700  -10.6  978.8    3.2  142.2   59.6  444.0
2024  47  2 16 1800   -9.9  978.8    3.0  172.5   67.5  444.0
2024  47  2 16 1900  -10.0  978.6    3.1  169.5   74.8  444.0
2024  47  2 16 2000   -9.7  978.6    1.8  177.7   77.9  444.0
2024  47  2 16 2100   -9.2  978.6    0.4  130.1   81.1  444.0
2024  47  2 16 2200   -9.0  978.5    2.1  353.5   83.4  444.0
2024  47  2 16 2300   -8.7  978.5    3.0  331.8   84.7  444.0
2024  48  2 17 0000   -8.6  978.5    3.2    8.6   82.2  444.0
2024  48  2 17 0100   -8.4  978.3    4.0   42.5   81.3  444.0
2024  48  2 17 0200   -8.8  978.3    4.5   51.5   81.8  444.0
2024  48  2 17 0300   -9.0  978.3    4.1   79.4   75.3  444.0
2024  48  2 17 0400   -8.7  978.1    4.7   28.8   70.7  444.0
2024  48  2 17 0500   -8.4  978.1    8.3   31.1   67.5  444.0
2024  48  2 17 0600   -8.8  978.1    4.1   49.1   62.1  444.0
2024  48  2 17 0700   -8.9  978.1    5.2   43.3   61.9  444.0
2024  48  2 17 0800   -9.5  978.2    5.2   63.3   63.8  444.0
2024  48  2 17 0900   -9.0  978.3    2.9   74.6   59.2  444.0
2024  48  2 17 1000   -9.0  978.2    3.8   44.0   65.7  444.0
2024  48  2 17 1100   -9.0  978.3    1.6  151.8   69.2  444.0
2024  48  2 17 1200   -9.9  978.5    2.4  171.8   81.1  444.0
2024  48  2 17 1300   -9.5  978.6    2.9  156.3   79.6  444.0
2024  48  2 17 1400   -9.7  978.8    0.4   60.9   80.4  444.0
2024  48  2 17 1500  -10.0  978.8    1.9  337.6   84.0  444.0
2024  48  2 17 1600  -10.2  978.9    2.9  211.8   88.6  444.0
2024  48  2 17 1700  -10.6  978.9    4.0  189.9   91.8  444.0
2024  48  2 17 1800   -9.9  978.9    3.7  164.9   82.8  444.0
2024  48  2 17 1900   -9.3  979.0    4.0  155.9   74.4  444.0
2024  48  2 17 2000   -9.4  979.1    3.7  169.9   58.3  444.0
2024  48  2 17 2100   -8.7  979.1    3.9  167.0   53.1  444.0
2024  48  2 17 2200   -9.0  979.5    3.7  179.0   57.1  444.0
2024  48  2 17 2300   -9.2  979.5    4.6  176.6   67.3  444.0
2024  49  2 18 0000   -8.8  979.7    4.8  198.4   69.4  444.0
2024  49  2 18 0100   -9.4  979.8    6.1  200.5   66.2  444.0
2024  49  2 18 0200   -8.6  979.8    4.4  192.7   52.1  444.0
2024  49  2 18 0300   -7.9  979.9    4.3  186.6   50.9  444.0
2024  49  2 18 0400   -7.7  979.9    4.5  185.0   60.8  444.0
2024  49  2 18 0500   -7.4  980.0    4.7  207.0   53.1  444.0
2024  49  2 18 0600   -7.0  980.3    4.9  223.8   49.7  444.0
2024  49  2 18 0700   -7.7  980.6    3.8  199.5   53.5  444.0
2024  49  2 18 0800   -9.3  980.9    4.6  187.7   58.5  444.0
2024  49  2 18 0900   -9.8  981.2    4.4  186.3   57.1  444.0
2024  49  2 18 1000   -9.6  981.6    2.7  165.6   52.5  444.0
2024  49  2 18 1100  -10.8  982.1    3.2  134.9   54.9  444.0
2024  49  2 18 1200  -10.7  982.3    2.8  122.4   58.0  444.0
2024  49  2 18 1300  -10.4  982.4    2.1  151.2   59.4  444.0
2024  49  2 18 1400  -10.8  982.4    2.0  121.4   62.1  444.0
2024  49  2 18 1500  -11.0  982.3    2.3  138.3   64.0  444.0
2024  49  2 18 1600  -10.8  982.4    2.4  134.1   65.8  444.0
2024  49  2 18 1700  -10.4  982.2    1.7   88.8   73.1  444.0
2024  49  2 18 1800  -10.0  981.7    7.9   43.5   80.9  444.0
2024  49  2 18 1900  -10.5  981.3   11.8   48.9   85.8  444.0
2024  49  2 18 2000  -10.6  981.2   11.0   63.5   85.0  444.0
2024  49  2 18 2100   -9.9  980.7    9.8   60.6   80.6  444.0
2024  49  2 18 2200   -9.7  980.5   11.6   56.8   73.6  444.0
2024  49  2 18 2300   -8.8  980.5    8.6   63.7   61.3  444.0
2024  50  2 19 0000   -8.9  980.2    9.7   52.4   68.3  444.0
2024  50  2 19 0100   -9.4  978.9   14.1   62.9   74.7  444.0
2024  50  2 19 0200   -8.6  978.2   12.4   60.1   69.8  444.0
2024  50  2 19 0300   -8.3  978.3   12.7   52.9   65.7  444.0
2024  50  2 19 0400   -8.1  977.8   12.1   60.2   64.4  444.0
2024  50  2 19 0500   -7.8  977.9   11.9   49.4   60.8  444.0
2024  50  2 19 0600   -8.2  978.0    8.9   48.0   64.4  444.0
2024  50  2 19 0700   -8.3  977.9    8.4   52.1   59.7  444.0
2024  50  2 19 0800   -7.8  977.6    6.9   14.6   64.4  444.0
2024  50  2 19 0900   -8.0  977.6    5.6    5.4   73.4  444.0
2024  50  2 19 1000   -8.1  977.6    4.3  351.2   71.8  444.0
2024  50  2 19 1100   -7.8  977.5    4.7   32.0   58.3  444.0
2024  50  2 19 1200   -8.2  977.4    5.7   55.7   54.2  444.0
2024  50  2 19 1300   -9.1  977.3    3.4  197.8   77.2  444.0
2024  50  2 19 1400   -9.1  977.2    5.1  202.4   79.4  444.0
2024  50  2 19 1500   -9.7  977.2    5.3  205.0   83.3  444.0
2024  50  2 19 1600   -9.9  977.3    3.5  199.4   86.9  444.0
2024  50  2 19 1700  -10.0  977.4    2.6  195.3   87.4  444.0
2024  50  2 19 1800  -10.1  977.5    1.5  159.4   88.8  444.0
2024  50  2 19 1900   -9.3  977.6    0.7  176.2   86.1  444.0
2024  50  2 19 2000   -9.3  977.9    2.0  121.2   84.1  444.0
2024  50  2 19 2100  444.0  978.1    1.6   47.1   81.5  444.0
2024  50  2 19 2200  444.0  978.3    0.8  185.5   81.4  444.0
2024  50  2 19 2300   -8.2  978.6    0.2   62.2   79.9  444.0
2024  51  2 20 0000   -8.6  978.6    1.2  121.9   82.8  444.0
2024  51  2 20 0100  444.0  978.6    0.3  216.6   81.9  444.0
2024  51  2 20 0200   -7.8  978.7    1.6   78.3   69.5  444.0
2024  51  2 20 0300   -8.0  978.8    4.8   67.4   66.0  444.0
2024  51  2 20 0400   -8.4  978.5    8.3   46.8   73.4  444.0
2024  51  2 20 0500   -8.1  979.0    7.0   51.1   73.6  444.0
2024  51  2 20 0600   -8.4  979.7    2.7  245.0   78.0  444.0
2024  51  2 20 0700   -8.8  979.9    5.3   69.2   78.2  444.0
2024  51  2 20 0800   -8.7  980.4    2.1    9.3   74.6  444.0
2024  51  2 20 0900   -8.6  980.8    2.3  251.2   75.3  444.0
2024  51  2 20 1000   -9.3  981.5    2.5  286.0   78.4  444.0
2024  51  2 20 1100  -10.2  982.0    2.9   20.1   81.9  444.0
2024  51  2 20 1200  -10.3  982.4    1.0  123.8   83.6  444.0
2024  51  2 20 1300  -10.3  982.6    6.5  195.0   86.8  444.0
2024  51  2 20 1400  -10.5  983.2    2.1  193.5   90.5  444.0
2024  51  2 20 1500  -10.9  983.6    3.1  185.3   91.9  444.0
2024  51  2 20 1600  -11.0  983.8    2.5  173.8   90.1  444.0
2024  51  2 20 1700  -10.7  984.3    2.6  168.4   86.6  444.0
2024  51  2 20 1800  -10.6  984.6    2.5  158.1   84.6  444.0
2024  51  2 20 1900  -10.0  984.8    2.4  208.2   83.9  444.0
2024  51  2 20 2000  -10.2  985.2    3.4  230.9   85.7  444.0
2024  51  2 20 2100  -10.0  985.5    2.2  279.1   84.8  444.0
2024  51  2 20 2200   -9.9  985.9    0.3   76.9   85.6  444.0
2024  51  2 20 2300  444.0  986.1    0.4  120.4   85.4  444.0
2024  52  2 21 0000   -9.9  986.4    3.1   48.9   81.9  444.0
2024  52  2 21 0100  -10.0  986.4    3.4   33.6   81.7  444.0
2024  52  2 21 0200   -9.6  986.6    1.4   38.7   80.6  444.0
2024  52  2 21 0300  -10.1  986.8    2.8   41.5   79.6  444.0
2024  52  2 21 0400   -9.5  987.0    1.4   29.1   78.5  444.0
2024  52  2 21 0500  -10.1  987.1    3.1   27.2   78.0  444.0
2024  52  2 21 0600  -10.3  987.3    2.6   27.1   76.4  444.0
2024  52  2 21 0700  -10.3  987.6    1.1  104.6   76.3  444.0
2024  52  2 21 0800  -10.3  987.9    1.6   91.0   76.6  444.0
2024  52  2 21 0900  -10.6  988.1    1.3  166.0   78.4  444.0
2024  52  2 21 1000  -10.7  988.1    3.5  169.0   81.1  444.0
2024  52  2 21 1100  -10.2  988.2    3.2  162.6   75.8  444.0
2024  52  2 21 1200  -10.1  988.3    2.7  172.8   73.5  444.0
2024  52  2 21 1300   -9.9  988.4    0.4  129.3   75.8  444.0
2024  52  2 21 1400  -10.7  988.2    3.4   56.2   74.0  444.0
2024  52  2 21 1500  -11.1  988.1    2.8  148.1   75.8  444.0
2024  52  2 21 1600  -10.7  988.5    1.4  184.5   76.6  444.0
2024  52  2 21 1700  -10.7  988.7    1.7   71.3   74.6  444.0
2024  52  2 21 1800  -10.7  988.9    2.1   96.3   73.6  444.0
2024  52  2 21 1900  -11.0  988.8    3.7  112.9   72.9  444.0
2024  52  2 21 2000   -9.8  988.7    1.5  185.7   67.0  444.0
2024  52  2 21 2100   -9.7  988.8    1.8  166.9   64.7  444.0
2024  52  2 21 2200   -8.5  988.8    2.8  187.0   67.5  444.0
2024  52  2 21 2300  444.0  989.1    0.5  129.1   64.8  444.0
2024  53  2 22 0000   -9.4  989.1    1.8   56.0   72.3  444.0
2024  53  2 22 0100   -9.4  988.9    2.8   11.6   71.9  444.0
2024  53  2 22 0200   -9.3  988.9    2.0   14.1   71.0  444.0
2024  53  2 22 0300   -9.4  988.9    2.3  356.5   70.4  444.0
2024  53  2 22 0400   -9.4  988.7    2.1   18.8   69.5  444.0
2024  53  2 22 0500   -9.6  988.6    2.8   40.3   68.7  444.0
2024  53  2 22 0600   -9.3  988.7    1.4  191.1   71.5  444.0
2024  53  2 22 0700  -10.0  988.6    5.5   24.5   67.2  444.0
2024  53  2 22 0800  -10.1  988.7    4.4   34.6   64.8  444.0
2024  53  2 22 0900  -10.3  988.7    4.3   33.0   65.1  444.0
2024  53  2 22 1000  -10.5  988.7    5.6   24.5   66.4  444.0
2024  53  2 22 1100  -10.7  988.6    5.5   23.3   68.7  444.0
2024  53  2 22 1200  -11.0  988.7    4.9   31.2   65.6  444.0
2024  53  2 22 1300  -11.3  989.0    4.9   56.5   64.5  444.0
2024  53  2 22 1400  -11.4  988.7    4.2   66.9   64.7  444.0
2024  53  2 22 1500  -11.1  988.4    2.1   34.8   66.4  444.0
2024  53  2 22 1600  -11.0  988.2    4.8   30.9   69.3  444.0
2024  53  2 22 1700  -11.2  988.3    1.5   97.3   73.8  444.0
2024  53  2 22 1800  -11.1  988.2    1.6   88.8   78.1  444.0
2024  53  2 22 1900  -10.8  988.1    1.1  147.3   79.9  444.0
2024  53  2 22 2000  -10.6  987.9    0.3   54.5   79.7  444.0
2024  53  2 22 2100  -10.3  987.8    0.6  132.8   80.2  444.0
2024  53  2 22 2200  -10.2  987.6    3.7   26.0   80.0  444.0
2024  53  2 22 2300   -9.8  987.5    1.3   17.2   78.3  444.0
2024  54  2 23 0000  -10.1  987.2    3.7   13.8   78.6  444.0
2024  54  2 23 0100   -9.8  986.8    0.8   37.5   80.2  444.0
2024  54  2 23 0200   -9.6  986.5    3.2    8.5   78.6  444.0
2024  54  2 23 0300  444.0  986.1    1.0  231.4   78.7  444.0
2024  54  2 23 0400   -9.3  985.7    1.1   51.9   69.4  444.0
2024  54  2 23 0500   -9.9  985.6    2.5  161.2   80.2  444.0
2024  54  2 23 0600   -9.9  985.3    2.2  166.8   81.0  444.0
2024  54  2 23 0700   -9.6  984.9    2.5  196.1   82.1  444.0
2024  54  2 23 0800   -9.0  984.6    2.3   39.4   79.5  444.0
2024  54  2 23 0900   -9.0  984.0    7.5   48.8   58.8  444.0
2024  54  2 23 1000   -9.0  983.9    7.9   49.9   55.6  444.0
2024  54  2 23 1100   -9.1  983.7    8.6   54.1   56.5  444.0
2024  54  2 23 1200  -10.0  984.5    3.1  162.0   72.3  444.0
2024  54  2 23 1300  -10.4  984.4    4.6  199.7   82.3  444.0
2024  54  2 23 1400  -10.5  984.4    2.3  217.9   86.5  444.0
2024  54  2 23 1500  -10.6  984.4    4.2  219.0   89.9  444.0
2024  54  2 23 1600  -11.1  984.7    2.4  229.1   92.2  444.0
2024  54  2 23 1700  -11.2  984.6    4.4  255.5   92.4  444.0
2024  54  2 23 1800  -11.0  984.7    4.6  251.4   92.8  444.0
2024  54  2 23 1900  -11.3  984.8    4.7  233.6   93.5  444.0
2024  54  2 23 2000  -11.4  984.9    2.7  245.1   94.2  444.0
2024  54  2 23 2100  -11.0  985.0    0.2  102.7   94.2  444.0
2024  54  2 23 2200  -11.1  985.0    3.2  256.9   94.5  444.0
2024  54  2 23 2300  -11.2  985.1    3.9  247.1   94.2  444.0
2024  55  2 24 0000  -10.7  984.8    6.0  222.4   93.7  444.0
2024  55  2 24 0100  -10.6  984.8    5.3  189.1   91.3  444.0
2024  55  2 24 0200  -10.5  985.0    4.9  223.0   90.1  444.0
2024  55  2 24 0300  -10.0  984.7    3.6  220.8   87.8  444.0
2024  55  2 24 0400  -10.3  984.3    4.0  257.3   83.1  444.0
2024  55  2 24 0500   -9.9  984.2    2.9  254.8   78.9  444.0
2024  55  2 24 0600  -10.2  984.1    2.7  272.0   76.6  444.0
2024  55  2 24 0700  -10.7  983.9    2.2   80.7   79.4  444.0
2024  55  2 24 0800  -10.7  983.5    1.4   78.8   79.5  444.0
2024  55  2 24 0900  -11.0  983.4    2.3   98.4   79.2  444.0
2024  55  2 24 1000  -10.7  983.4    2.1  104.3   77.8  444.0
2024  55  2 24 1100  -10.8  983.1    3.0  107.2   76.8  444.0
2024  55  2 24 1200  -11.0  982.8    3.9  130.2   74.7  444.0
2024  55  2 24 1300  -10.7  982.6    3.0  133.3   74.2  444.0
2024  55  2 24 1400  -11.2  982.5    4.2  130.3   72.7  444.0
2024  55  2 24 1500  -11.6  982.3    5.3  133.6   71.6  444.0
2024  55  2 24 1600  -12.0  981.9    4.7  123.8   64.1  444.0
2024  55  2 24 1700  -11.8  981.6    5.6  116.6   55.7  444.0
2024  55  2 24 1800  -12.3  981.3    5.9  118.9   47.7  444.0
2024  55  2 24 1900  -10.7  981.2    2.9  142.8   40.0  444.0
2024  55  2 24 2000  -11.2  981.2    5.2  116.2   49.0  444.0
2024  55  2 24 2100  -10.3  980.7    3.6  107.1   38.6  444.0
2024  55  2 24 2200   -9.9  980.8    3.3   98.4   34.6  444.0
2024  55  2 24 2300   -9.2  980.7    4.3   98.1   48.2  444.0
2024  56  2 25 0000   -8.7  980.9    3.3  113.3   41.1  444.0
2024  56  2 25 0100   -8.2  981.1    2.5  157.5   45.8  444.0
2024  56  2 25 0200   -7.9  981.3    2.2   89.5   47.8  444.0
2024  56  2 25 0300   -7.9  981.5    3.5   64.8   53.7  444.0
2024  56  2 25 0400   -9.3  981.5    4.2   85.9   67.7  444.0
2024  56  2 25 0500   -9.4  981.6    5.0   89.0   61.7  444.0
2024  56  2 25 0600   -8.8  981.4    5.4   57.9   72.5  444.0
2024  56  2 25 0700   -8.5  981.6    6.4   59.4   76.6  444.0
2024  56  2 25 0800   -8.2  981.7    2.6  281.5   70.2  444.0
2024  56  2 25 0900   -8.7  981.7    0.6   10.4   63.8  444.0
2024  56  2 25 1000   -9.3  981.7    3.3   57.9   61.3  444.0
2024  56  2 25 1100   -9.7  981.7    5.9   73.0   57.9  444.0
2024  56  2 25 1200   -8.3  981.3    5.9   65.1   57.0  444.0
2024  56  2 25 1300   -8.0  981.0    8.1   54.1   60.2  444.0
2024  56  2 25 1400   -8.1  981.1    7.1   48.5   63.8  444.0
2024  56  2 25 1500   -7.7  981.1    5.7    0.2   58.3  444.0
2024  56  2 25 1600   -7.9  981.2    5.4    4.9   56.5  444.0
2024  56  2 25 1700   -7.8  980.8    4.6  358.3   61.3  444.0
2024  56  2 25 1800   -7.5  980.3    6.7    3.3   58.6  444.0
2024  56  2 25 1900   -7.6  980.3    8.6    8.9   67.9  444.0
2024  56  2 25 2000   -7.9  980.0    9.0   24.0   66.2  444.0
2024  56  2 25 2100   -8.9  980.0    8.4   51.3   62.2  444.0
2024  56  2 25 2200   -8.6  980.0    9.4   52.0   58.9  444.0
2024  56  2 25 2300   -8.4  979.6    9.1   52.0   62.2  444.0
2024  57  2 26 0000   -7.8  979.7    8.0   39.9   62.2  444.0
2024  57  2 26 0100   -7.9  978.9    8.8   45.8   65.0  444.0
2024  57  2 26 0200   -8.1  978.0   11.9   23.1   72.9  444.0
2024  57  2 26 0300   -8.2  977.9    9.5   32.9   69.8  444.0
2024  57  2 26 0400   -9.0  978.5   10.7   49.6   61.6  444.0
2024  57  2 26 0500   -8.1  978.2    7.0   27.4   64.6  444.0
2024  57  2 26 0600   -8.2  977.8    7.2   55.6   32.1  444.0
2024  57  2 26 0700   -8.2  977.7    7.0   71.0   32.2  444.0
2024  57  2 26 0800   -9.3  977.7    7.5   87.7   47.7  444.0
2024  57  2 26 0900   -9.1  977.6    7.2   48.6   67.0  444.0
2024  57  2 26 1000   -9.6  977.2   10.1   49.1   73.9  444.0
2024  57  2 26 1100   -9.9  977.4    4.1   67.9   75.1  444.0
2024  57  2 26 1200   -9.6  977.1    3.8  188.0   78.0  444.0
2024  57  2 26 1300  -10.0  977.1    2.9  189.1   83.1  444.0
2024  57  2 26 1400  -10.3  976.8    3.2  194.0   87.6  444.0
2024  57  2 26 1500  -11.1  976.5    6.2   35.1   91.4  444.0
2024  57  2 26 1600  -11.6  976.8    7.3   47.2   89.0  444.0
2024  57  2 26 1700  -11.6  976.8    5.7   57.9   82.9  444.0
2024  57  2 26 1800  -11.3  976.9    5.8   59.6   81.5  444.0
2024  57  2 26 1900  -10.9  976.6    4.2   61.1   81.3  444.0
2024  57  2 26 2000  -11.0  976.5    2.1    9.1   85.0  444.0
2024  57  2 26 2100  -11.4  976.3    2.4  179.2   90.4  444.0
2024  57  2 26 2200  -11.5  975.9    8.4  210.5   92.3  444.0
2024  57  2 26 2300  -12.3  976.1    8.6  201.9   89.8  444.0
2024  58  2 27 0000  -12.3  976.4    7.1  192.6   84.3  444.0
2024  58  2 27 0100  -11.6  976.6    5.7  190.0   78.0  444.0
2024  58  2 27 0200  -10.8  976.6    4.8  195.9   55.0  444.0
2024  58  2 27 0300  -11.2  976.7    5.8  221.4   58.3  444.0
2024  58  2 27 0400  -11.1  976.7    3.1  216.4   52.9  444.0
2024  58  2 27 0500  -11.8  976.6    2.2  131.6   56.9  444.0
2024  58  2 27 0600  -11.9  976.5    2.9  117.3   56.1  444.0
2024  58  2 27 0700  -11.3  976.1    2.9  164.8   50.7  444.0
2024  58  2 27 0800  444.0  976.1    0.9  200.6   43.8  444.0
2024  58  2 27 0900  -11.6  976.1    2.7   81.7   50.8  444.0
2024  58  2 27 1000  -12.4  975.7    6.8   52.6   76.5  444.0
2024  58  2 27 1100  -12.5  975.5    7.5   38.7   82.4  444.0
2024  58  2 27 1200  -12.8  975.1    8.7   50.5   85.1  444.0
2024  58  2 27 1300  -12.0  975.2    4.0   54.0   69.3  444.0
2024  58  2 27 1400  -12.5  975.2    5.8   54.3   66.0  444.0
2024  58  2 27 1500  -12.9  974.7    1.5  122.5   77.4  444.0
2024  58  2 27 1600  -12.5  974.1    1.8   90.1   77.2  444.0
2024  58  2 27 1700  -12.4  974.0    1.9  119.0   76.6  444.0
2024  58  2 27 1800  -12.3  973.6    1.4  159.6   78.5  444.0
2024  58  2 27 1900  -12.2  973.4    1.1   45.5   80.1  444.0
2024  58  2 27 2000  -12.0  973.3    2.3  237.8   81.5  444.0
2024  58  2 27 2100  -12.3  973.1    2.4  159.1   81.5  444.0
2024  58  2 27 2200  -12.0  972.8    3.1  156.5   79.3  444.0
2024  58  2 27 2300  -11.8  972.7    2.6  154.1   69.4  444.0
2024  59  2 28 0000  -12.0  972.5    4.2  151.6   57.7  444.0
2024  59  2 28 0100  -11.4  972.2    4.6  151.2   57.9  444.0
2024  59  2 28 0200  -11.0  971.9    3.5  187.5   60.1  444.0
2024  59  2 28 0300  444.0  971.6    1.2  276.4   68.2  444.0
2024  59  2 28 0400  444.0  971.3    0.7    4.2   62.3  444.0
2024  59  2 28 0500  -10.3  970.9    1.9   18.9   61.3  444.0
2024  59  2 28 0600  -11.3  970.9    2.4   93.0   61.2  444.0
2024  59  2 28 0700  -12.6  970.8    2.6  120.3   66.2  444.0
2024  59  2 28 0800  -12.1  970.3    3.9  157.5   61.0  444.0
2024  59  2 28 0900  -11.9  970.2    3.2  153.7   62.2  444.0
2024  59  2 28 1000  -12.7  970.2    2.9  144.7   62.9  444.0
2024  59  2 28 1100  -11.9  970.2    0.8  153.3   66.8  444.0
2024  59  2 28 1200  -11.9  970.3    2.4  164.5   75.8  444.0
2024  59  2 28 1300  -12.0  970.2    4.1  158.7   57.6  444.0
2024  59  2 28 1400  -12.0  970.2    3.2  170.8   57.2  444.0
2024  59  2 28 1500  -12.2  970.2    2.3  168.5   61.0  444.0
2024  59  2 28 1600  -12.2  970.1    4.7  192.1   62.3  444.0
2024  59  2 28 1700  -12.6  970.5    2.3   55.2   66.6  444.0
2024  59  2 28 1800  -12.7  971.0    1.7  103.0   64.9  444.0
2024  59  2 28 1900  -12.5  971.4    1.8  112.6   66.9  444.0
2024  59  2 28 2000  -12.3  971.7    3.3   12.1   65.9  444.0
2024  59  2 28 2100  -12.5  972.0    4.0   27.2   62.6  444.0
2024  59  2 28 2200  -12.3  972.3    3.4   25.7   68.1  444.0
2024  59  2 28 2300  444.0  972.7    0.1  133.8   70.5  444.0
2024  60  2 29 0000  -12.9  973.0    3.9   31.5   75.6  444.0
2024  60  2 29 0100  -12.4  973.4    1.0   69.6   74.9  444.0
2024  60  2 29 0200  -12.2  973.7    2.4   82.6   75.2  444.0
2024  60  2 29 0300  -11.5  973.8    2.4   66.0   71.4  444.0
2024  60  2 29 0400  -11.5  973.9    2.2   77.2   65.0  444.0
2024  60  2 29 0500  -11.7  974.0    3.2   51.2   69.8  444.0
2024  60  2 29 0600  -11.9  974.6    3.2   51.2   73.5  444.0
2024  60  2 29 0700  -12.0  974.9    3.5   61.7   75.7  444.0
2024  60  2 29 0800  -11.9  975.3    3.6   71.2   75.9  444.0
2024  60  2 29 0900  -12.2  975.6    4.0   65.8   76.5  444.0
2024  60  2 29 1000  -12.4  976.1    2.2   37.8   74.8  444.0
2024  60  2 29 1100  -12.7  976.4    1.9  100.7   73.6  444.0
2024  60  2 29 1200  -12.9  976.9    1.7   70.5   76.5  444.0
2024  60  2 29 1300  -13.0  977.2    1.9   48.9   78.7  444.0
2024  60  2 29 1400  -13.0  977.4    4.7   38.6   79.3  444.0
2024  60  2 29 1500  -13.0  977.7    1.0   70.7   78.2  444.0
2024  60  2 29 1600  -13.0  977.9    1.0   65.5   78.9  444.0
2024  60  2 29 1700  -13.3  978.3    1.6   70.7   78.0  444.0
2024  60  2 29 1800  -13.8  978.7    1.8  108.1   77.6  444.0
2024  60  2 29 1900  -14.1  979.2    2.2   59.8   77.5  444.0
2024  60  2 29 2000  -14.3  979.6    2.0   86.6   76.8  444.0
2024  60  2 29 2100  -13.7  979.9    1.9   60.8   74.7  444.0
2024  60  2 29 2200  -13.5  980.0    2.6   44.6   74.3  444.0
2024  60  2 29 2300  -13.2  979.9    1.8   63.5   73.5  444.0
