Year: 2022  Month: 01  ID: CBD  ARGOS: 99609  Name: Cape Bird           
Lat: 77.22S  Lon: 166.44E  Elev:   38m
2022   1  1  1 0000   -0.8  980.0    4.6   12.9   54.3  444.0
2022   1  1  1 0100  444.0  444.0  444.0  444.0  444.0  444.0
2022   1  1  1 0200   -0.4  980.2    2.8  256.5   50.5  444.0
2022   1  1  1 0300   -0.3  980.2    4.1  239.3   55.5  444.0
2022   1  1  1 0400   -0.5  980.1    5.7  249.9   60.1  444.0
2022   1  1  1 0500   -0.6  980.3    1.9  111.8   67.7  444.0
2022   1  1  1 0600   -0.8  980.6    1.9  234.7   62.0  444.0
2022   1  1  1 0700   -1.4  981.0    1.6  187.0   67.8  444.0
2022   1  1  1 0800   -0.4  981.2    4.8  216.7   60.6  444.0
2022   1  1  1 0900   -1.5  981.7    1.9   11.8   70.2  444.0
2022   1  1  1 1000   -1.9  982.0    1.7  358.6   71.9  444.0
2022   1  1  1 1100  444.0  982.3    1.2   68.8   66.9  444.0
2022   1  1  1 1200  444.0  982.7    0.5  275.4   67.0  444.0
2022   1  1  1 1300  444.0  983.1    0.9   63.5   62.7  444.0
2022   1  1  1 1400  444.0  983.2    1.4   71.1   58.8  444.0
2022   1  1  1 1500  444.0  444.0  444.0  444.0  444.0  444.0
2022   1  1  1 1600   -3.9  983.6    3.4  211.3   78.9  444.0
2022   1  1  1 1700  444.0  444.0  444.0  444.0  444.0  444.0
2022   1  1  1 1800   -3.7  984.6    3.4  214.9   84.8  444.0
2022   1  1  1 1900   -2.6  985.1    1.8  223.3   82.1  444.0
2022   1  1  1 2000   -2.6  985.5    2.2  227.6   78.7  444.0
2022   1  1  1 2100   -2.2  985.7    2.1  231.7   78.5  444.0
2022   1  1  1 2200   -2.2  986.1    1.5  250.9   78.2  444.0
2022   1  1  1 2300   -1.8  986.4    1.5  309.4   76.9  444.0
2022   2  1  2 0000   -1.8  986.6    1.5  273.6   74.7  444.0
2022   2  1  2 0100  444.0  986.8    1.4  311.6   66.9  444.0
2022   2  1  2 0200   -1.3  987.0    2.3    2.4   62.0  444.0
2022   2  1  2 0300   -1.1  987.2    2.1  356.6   58.7  444.0
2022   2  1  2 0400   -1.4  987.3    2.7   10.1   54.8  444.0
2022   2  1  2 0500   -1.1  987.3    2.8   24.6   53.7  444.0
2022   2  1  2 0600   -1.1  987.7    2.9   24.6   55.3  444.0
2022   2  1  2 0700   -1.4  987.9    2.9   14.2   60.3  444.0
2022   2  1  2 0800   -1.8  988.1    2.5   24.5   63.5  444.0
2022   2  1  2 0900   -1.7  988.1    2.5   22.0   53.1  444.0
2022   2  1  2 1000   -1.6  988.2    1.6   24.2   58.3  444.0
2022   2  1  2 1100   -1.5  988.5    1.6    7.4   60.0  444.0
2022   2  1  2 1200  444.0  988.5    0.9  302.4   63.8  444.0
2022   2  1  2 1300   -2.5  988.1    3.9  224.3   76.0  444.0
2022   2  1  2 1400   -1.1  987.7    5.1  208.4   52.7  444.0
2022   2  1  2 1500   -1.3  987.5    5.4  222.2   58.2  444.0
2022   2  1  2 1600   -2.2  987.4    5.5  226.3   73.8  444.0
2022   2  1  2 1700  444.0  987.6    0.7  340.5   74.2  444.0
2022   2  1  2 1800   -3.2  987.5    2.5   34.7   74.5  444.0
2022   2  1  2 1900   -3.3  987.4    2.4   48.6   72.8  444.0
2022   2  1  2 2000  444.0  987.1    1.4  301.5   77.0  444.0
2022   2  1  2 2100  444.0  987.0    1.1  302.4   79.2  444.0
2022   2  1  2 2200   -1.6  986.7    1.3  254.8   77.0  444.0
2022   2  1  2 2300   -0.8  986.4    1.8  247.3   64.5  444.0
2022   3  1  3 0000  444.0  444.0  444.0  444.0  444.0  444.0
2022   3  1  3 0100   -0.4  986.1    1.6   22.2   65.9  444.0
2022   3  1  3 0200   -0.1  985.9    3.1   44.1   51.1  444.0
2022   3  1  3 0300    0.1  985.7    3.3   35.1   48.8  444.0
2022   3  1  3 0400  444.0  444.0  444.0  444.0  444.0  444.0
2022   3  1  3 0500    0.3  985.6    3.4   35.3   50.9  444.0
2022   3  1  3 0600   -0.0  985.8    4.5   43.5   53.0  444.0
2022   3  1  3 0700   -0.2  986.1    4.1   39.0   55.3  444.0
2022   3  1  3 0800   -0.3  986.2    4.8   21.7   55.3  444.0
2022   3  1  3 0900   -1.2  986.3    4.4   36.9   61.6  444.0
2022   3  1  3 1000   -1.0  986.6    2.5   61.7   46.6  444.0
2022   3  1  3 1100   -1.3  986.9    3.8   82.3   41.4  444.0
2022   3  1  3 1200   -1.6  987.1    3.6   81.8   38.6  444.0
2022   3  1  3 1300   -1.7  987.4    3.6   83.3   38.5  444.0
2022   3  1  3 1400  444.0  444.0  444.0  444.0  444.0  444.0
2022   3  1  3 1500   -2.5  988.0    2.7  211.0   72.9  444.0
2022   3  1  3 1600  444.0  444.0  444.0  444.0  444.0  444.0
2022   3  1  3 1700   -1.8  988.9    1.1  194.7   60.9  444.0
2022   3  1  3 1800   -1.5  989.3    2.6  220.4   68.8  444.0
2022   3  1  3 1900   -1.6  990.0    2.0  234.5   76.3  444.0
2022   3  1  3 2000   -0.9  990.4    1.6  224.1   70.3  444.0
2022   3  1  3 2100   -1.3  990.9    1.5  244.2   69.8  444.0
2022   3  1  3 2200   -0.6  991.2    1.4  245.2   58.1  444.0
2022   3  1  3 2300   -0.3  991.9    1.8  241.5   60.1  444.0
2022   4  1  4 0000   -0.6  992.6    3.1  289.0   65.9  444.0
2022   4  1  4 0100  444.0  444.0  444.0  444.0  444.0  444.0
2022   4  1  4 0200   -0.3  993.4    1.9  300.2   62.8  444.0
2022   4  1  4 0300   -0.3  993.7    1.7  355.6   59.2  444.0
2022   4  1  4 0400   -0.4  994.2    1.8  341.3   61.8  444.0
2022   4  1  4 0500   -1.2  994.4    2.4  360.0   71.1  444.0
2022   4  1  4 0600   -1.4  995.0    2.8   12.1   74.8  444.0
2022   4  1  4 0700   -1.6  995.7    3.3  228.7   70.8  444.0
2022   4  1  4 0800   -2.8  996.0    1.5    7.3   75.7  444.0
2022   4  1  4 0900   -3.6  996.4    3.2   10.0   80.0  444.0
2022   4  1  4 1000   -4.0  996.6    4.1   15.3   83.5  444.0
2022   4  1  4 1100   -4.4  997.3    3.0   18.9   87.7  444.0
2022   4  1  4 1200   -4.4  997.6    3.5   22.8   88.3  444.0
2022   4  1  4 1300   -4.7  997.8    3.8   19.8   89.4  444.0
2022   4  1  4 1400   -4.7  997.8    3.6   16.2   87.2  444.0
2022   4  1  4 1500  444.0  444.0  444.0  444.0  444.0  444.0
2022   4  1  4 1600   -4.7  997.7    3.9   10.9   91.1  444.0
2022   4  1  4 1700   -4.7  997.8    3.8   22.2   91.0  444.0
2022   4  1  4 1800   -4.6  997.9    2.3   25.8   89.5  444.0
2022   4  1  4 1900   -4.5  998.0    1.3   39.2   88.3  444.0
2022   4  1  4 2000  444.0  998.0    1.2  318.0   85.9  444.0
2022   4  1  4 2100   -4.2  997.9    1.8  270.0   84.8  444.0
2022   4  1  4 2200   -3.8  997.8    2.8  264.0   81.4  444.0
2022   4  1  4 2300   -3.0  997.3    4.2  237.5   80.3  444.0
2022   5  1  5 0000  444.0  444.0  444.0  444.0  444.0  444.0
2022   5  1  5 0100   -1.5  996.7    6.7  230.1   71.7  444.0
2022   5  1  5 0200   -1.9  996.5    6.6  233.9   71.1  444.0
2022   5  1  5 0300   -1.7  996.3    5.7  228.0   71.3  444.0
2022   5  1  5 0400   -1.4  996.0    5.2  237.2   71.2  444.0
2022   5  1  5 0500   -1.6  995.8    5.0  225.9   71.9  444.0
2022   5  1  5 0600   -1.3  995.7    4.1  242.0   70.5  444.0
2022   5  1  5 0700   -1.9  995.6    3.3  249.9   69.7  444.0
2022   5  1  5 0800   -2.4  995.3    3.5    5.5   74.5  444.0
2022   5  1  5 0900   -2.5  995.1    3.2   11.0   72.9  444.0
2022   5  1  5 1000   -3.0  994.9    4.6   16.5   76.0  444.0
2022   5  1  5 1100   -3.1  994.7    4.2   16.8   77.6  444.0
2022   5  1  5 1200   -3.4  994.8    4.1   28.9   79.2  444.0
2022   5  1  5 1300   -4.0  994.8    3.1   24.3   80.4  444.0
2022   5  1  5 1400   -3.9  994.6    2.7   19.3   80.8  444.0
2022   5  1  5 1500   -3.6  994.5    1.9   11.4   81.4  444.0
2022   5  1  5 1600  444.0  444.0  444.0  444.0  444.0  444.0
2022   5  1  5 1700   -3.7  994.7    1.2   30.1   81.8  444.0
2022   5  1  5 1800   -2.9  994.7    1.2   17.0   81.4  444.0
2022   5  1  5 1900   -2.6  994.9    1.8    6.8   79.5  444.0
2022   5  1  5 2000   -2.7  995.1    2.2   28.8   79.0  444.0
2022   5  1  5 2100   -2.3  995.4    2.3   20.8   77.9  444.0
2022   5  1  5 2200   -1.7  995.6    1.8   21.6   75.8  444.0
2022   5  1  5 2300   -1.9  995.9    2.0   15.4   74.8  444.0
2022   6  1  6 0000  444.0  444.0  444.0  444.0  444.0  444.0
2022   6  1  6 0100   -1.7  996.5    2.1    2.6   72.0  444.0
2022   6  1  6 0200   -1.6  996.7    2.1   18.7   70.9  444.0
2022   6  1  6 0300  444.0  444.0  444.0  444.0  444.0  444.0
2022   6  1  6 0400  444.0  444.0  444.0  444.0  444.0  444.0
2022   6  1  6 0500   -0.9  997.0    2.5   19.5   73.3  444.0
2022   6  1  6 0600   -0.9  997.4    2.8   25.5   73.9  444.0
2022   6  1  6 0700   -0.7  997.6    2.8   27.9   68.8  444.0
2022   6  1  6 0800   -0.7  997.7    3.9   19.5   69.3  444.0
2022   6  1  6 0900   -0.8  997.7    3.8   28.5   69.4  444.0
2022   6  1  6 1000   -1.2  997.7    4.5   30.8   71.1  444.0
2022   6  1  6 1100   -1.2  997.4    5.6   51.0   70.4  444.0
2022   6  1  6 1200   -1.2  997.4    5.0   64.1   69.4  444.0
2022   6  1  6 1300   -1.6  997.2    5.7   50.0   72.7  444.0
2022   6  1  6 1400  444.0  444.0  444.0  444.0  444.0  444.0
2022   6  1  6 1500   -2.3  996.7    5.7   63.2   65.2  444.0
2022   6  1  6 1600  444.0  444.0  444.0  444.0  444.0  444.0
2022   6  1  6 1700   -2.5  995.8    6.9   66.5   51.5  444.0
2022   6  1  6 1800   -2.2  995.5    6.2   70.7   45.2  444.0
2022   6  1  6 1900   -1.5  994.8    6.6   71.9   38.9  444.0
2022   6  1  6 2000   -1.8  995.1    2.1  201.8   58.8  444.0
2022   6  1  6 2100   -1.2  995.0    0.9  269.0   49.6  444.0
2022   6  1  6 2200   -1.4  994.8    4.5  230.7   70.1  444.0
2022   6  1  6 2300   -1.2  994.6    5.1  227.5   72.9  444.0
2022   7  1  7 0000   -1.0  994.2    2.5  233.6   71.3  444.0
2022   7  1  7 0100   -0.8  993.7    1.6  273.2   68.1  444.0
2022   7  1  7 0200   -0.5  993.3    2.1  356.4   68.2  444.0
2022   7  1  7 0300   -1.2  992.9    4.3   18.7   70.4  444.0
2022   7  1  7 0400   -0.7  992.1    2.7   24.7   61.0  444.0
2022   7  1  7 0500   -1.5  991.7    3.5  346.7   64.8  444.0
2022   7  1  7 0600   -1.3  991.6    2.3  343.8   62.5  444.0
2022   7  1  7 0700   -1.1  991.4    1.9  250.7   59.5  444.0
2022   7  1  7 0800   -1.8  991.1    2.6  238.3   68.9  444.0
2022   7  1  7 0900   -1.9  990.4    3.6  231.6   69.8  444.0
2022   7  1  7 1000   -2.5  990.0    3.3  231.6   74.8  444.0
2022   7  1  7 1100   -3.1  989.9    0.7  217.9   78.5  444.0
2022   7  1  7 1200  444.0  989.4    1.1  334.2   80.1  444.0
2022   7  1  7 1300  444.0  444.0  444.0  444.0  444.0  444.0
2022   7  1  7 1400  444.0  988.1    1.2   22.5   81.5  444.0
2022   7  1  7 1500  444.0  444.0  444.0  444.0  444.0  444.0
2022   7  1  7 1600  444.0  987.0    1.3  254.3   86.6  444.0
2022   7  1  7 1700  444.0  444.0  444.0  444.0  444.0  444.0
2022   7  1  7 1800  444.0  986.2    1.1  281.4   87.5  444.0
2022   7  1  7 1900   -5.8  985.9    1.4  218.4   89.6  444.0
2022   7  1  7 2000  444.0  985.6    1.2  272.2   88.5  444.0
2022   7  1  7 2100   -4.4  985.1    1.5  358.5   83.4  444.0
2022   7  1  7 2200   -4.4  984.7    2.4  248.7   80.9  444.0
2022   7  1  7 2300  444.0  444.0  444.0  444.0  444.0  444.0
2022   8  1  8 0000  444.0  444.0  444.0  444.0  444.0  444.0
2022   8  1  8 0100   -3.0  983.9    3.2  240.1   75.2  444.0
2022   8  1  8 0200   -3.1  983.8    2.1  235.8   73.4  444.0
2022   8  1  8 0300   -3.0  983.5    1.6  239.4   74.0  444.0
2022   8  1  8 0400   -3.2  983.0    1.6  292.9   72.3  444.0
2022   8  1  8 0500   -3.2  982.7    1.9    5.6   73.4  444.0
2022   8  1  8 0600   -3.5  982.6    2.8   17.4   78.3  444.0
2022   8  1  8 0700  444.0  982.5    0.9  334.3   80.4  444.0
2022   8  1  8 0800   -4.0  982.4    1.8  266.0   82.4  444.0
2022   8  1  8 0900   -4.2  982.2    1.1  288.3   85.9  444.0
2022   8  1  8 1000  444.0  982.2    0.8  291.5   85.3  444.0
2022   8  1  8 1100  444.0  982.1    0.9  277.1   84.0  444.0
2022   8  1  8 1200   -3.9  981.8    1.8  227.2   85.7  444.0
2022   8  1  8 1300   -4.1  981.3    3.1  218.8   86.5  444.0
2022   8  1  8 1400   -3.8  981.0    1.5  219.8   81.2  444.0
2022   8  1  8 1500  444.0  980.8    1.0  260.2   79.5  444.0
2022   8  1  8 1600   -4.2  980.7    2.0    4.3   84.5  444.0
2022   8  1  8 1700   -4.7  980.4    2.0    0.8   89.3  444.0
2022   8  1  8 1800  444.0  980.2    1.2  334.0   90.7  444.0
2022   8  1  8 1900   -4.6  980.0    2.0  258.3   90.2  444.0
2022   8  1  8 2000   -4.4  979.9    1.4  292.4   86.5  444.0
2022   8  1  8 2100   -4.3  979.7    1.3  306.5   81.4  444.0
2022   8  1  8 2200   -4.1  979.1    2.1  357.6   80.6  444.0
2022   8  1  8 2300   -4.4  978.7    2.0  270.4   86.3  444.0
2022   9  1  9 0000  444.0  444.0  444.0  444.0  444.0  444.0
2022   9  1  9 0100   -4.3  977.8    2.7  251.5   90.1  444.0
2022   9  1  9 0200   -3.9  977.2    1.9  277.7   87.5  444.0
2022   9  1  9 0300   -3.5  976.5    1.7  255.0   85.5  444.0
2022   9  1  9 0400   -2.8  975.9    3.5  236.7   82.6  444.0
2022   9  1  9 0500   -3.3  975.4    5.8  221.3   84.0  444.0
2022   9  1  9 0600   -2.3  974.8    4.9  227.4   79.6  444.0
2022   9  1  9 0700   -2.2  974.2    3.8  223.8   78.5  444.0
2022   9  1  9 0800   -2.8  973.7    4.3  222.3   81.0  444.0
2022   9  1  9 0900   -3.5  973.0    5.2  219.8   83.3  444.0
2022   9  1  9 1000   -3.4  972.6    5.6  222.7   83.5  444.0
2022   9  1  9 1100   -3.3  972.5    4.7  222.8   80.5  444.0
2022   9  1  9 1200   -2.8  972.2    3.7  224.4   78.9  444.0
2022   9  1  9 1300   -3.1  971.9    3.8  219.6   80.7  444.0
2022   9  1  9 1400  444.0  444.0  444.0  444.0  444.0  444.0
2022   9  1  9 1500  444.0  971.3    0.8   10.2   80.0  444.0
2022   9  1  9 1600   -2.8  971.0    2.5   46.2   78.4  444.0
2022   9  1  9 1700   -2.9  971.2    3.6  221.9   82.1  444.0
2022   9  1  9 1800   -2.2  971.0    2.8  223.0   77.9  444.0
2022   9  1  9 1900   -2.4  971.1    3.4  220.5   76.7  444.0
2022   9  1  9 2000   -2.0  971.1    4.6  220.1   71.3  444.0
2022   9  1  9 2100   -1.5  971.3    3.4  222.4   69.7  444.0
2022   9  1  9 2200   -2.2  971.6    2.1  245.6   75.0  444.0
2022   9  1  9 2300   -2.4  971.8    1.3  267.8   77.3  444.0
2022  10  1 10 0000   -2.3  972.1    1.5  286.3   78.4  444.0
2022  10  1 10 0100   -2.3  972.0    3.6  209.6   82.4  444.0
2022  10  1 10 0200   -2.0  972.3    3.3  234.2   84.1  444.0
2022  10  1 10 0300   -3.4  972.0    9.3   46.4   92.2  444.0
2022  10  1 10 0400   -1.9  972.8    6.0   63.1   95.2  444.0
2022  10  1 10 0500   -0.5  973.0    4.6   41.3   79.1  444.0
2022  10  1 10 0600   -2.3  973.6    5.1  224.7   91.7  444.0
2022  10  1 10 0700   -3.0  974.1    4.1  211.7   94.0  444.0
2022  10  1 10 0800   -2.5  974.6    3.5  223.4   94.3  444.0
2022  10  1 10 0900   -3.0  975.1    2.7  218.4   94.4  444.0
2022  10  1 10 1000   -3.6  975.7    1.4  271.2   94.9  444.0
2022  10  1 10 1100   -3.9  976.2    1.6  221.7   96.5  444.0
2022  10  1 10 1200  444.0  976.6    0.8   54.8   97.0  444.0
2022  10  1 10 1300  444.0  444.0  444.0  444.0  444.0  444.0
2022  10  1 10 1400  444.0  977.1    1.2    9.6   97.0  444.0
2022  10  1 10 1500  444.0  977.2    0.8   92.7   95.1  444.0
2022  10  1 10 1600   -4.1  977.3    1.9  119.7   90.6  444.0
2022  10  1 10 1700  444.0  444.0  444.0  444.0  444.0  444.0
2022  10  1 10 1800   -4.2  977.9    1.4  207.1   93.7  444.0
2022  10  1 10 1900   -3.8  978.1    2.7  221.9   94.6  444.0
2022  10  1 10 2000   -3.5  978.4    2.2  223.3   95.9  444.0
2022  10  1 10 2100   -3.6  978.8    2.1  221.1   97.1  444.0
2022  10  1 10 2200   -3.4  979.0    2.0  238.4   97.1  444.0
2022  10  1 10 2300   -3.1  979.3    2.4  254.0   95.9  444.0
2022  11  1 11 0000   -2.7  979.3    2.7  252.5   91.9  444.0
2022  11  1 11 0100  444.0  444.0  444.0  444.0  444.0  444.0
2022  11  1 11 0200   -2.3  979.4    2.0  267.6   86.5  444.0
2022  11  1 11 0300   -2.2  979.3    1.7  277.2   84.3  444.0
2022  11  1 11 0400   -2.0  979.5    1.8  263.3   83.7  444.0
2022  11  1 11 0500   -1.4  979.4    2.3  240.0   82.1  444.0
2022  11  1 11 0600   -1.2  979.6    2.4  236.8   81.5  444.0
2022  11  1 11 0700   -1.3  979.8    2.2  239.0   78.8  444.0
2022  11  1 11 0800   -1.9  979.9    1.7  257.2   80.2  444.0
2022  11  1 11 0900   -2.2  980.0    1.8  252.8   81.8  444.0
2022  11  1 11 1000   -2.0  980.1    1.5  254.1   81.5  444.0
2022  11  1 11 1100   -2.6  980.4    2.3  216.0   83.9  444.0
2022  11  1 11 1200  444.0  980.6    1.0  253.2   83.8  444.0
2022  11  1 11 1300   -1.7  980.5    1.9   71.8   81.1  444.0
2022  11  1 11 1400  444.0  444.0  444.0  444.0  444.0  444.0
2022  11  1 11 1500   -1.3  980.3    4.2   45.3   68.3  444.0
2022  11  1 11 1600  444.0  980.9  444.0  444.0   71.9  444.0
2022  11  1 11 1700   -2.9  981.2    3.7  218.9   88.1  444.0
2022  11  1 11 1800   -2.9  981.6    3.1  212.9   94.8  444.0
2022  11  1 11 1900   -2.0  981.7    3.0  217.9   96.4  444.0
2022  11  1 11 2000   -2.8  982.0    2.9  179.3   96.5  444.0
2022  11  1 11 2100   -2.5  982.3    2.3  206.1   97.5  444.0
2022  11  1 11 2200   -2.4  982.6    2.7  224.2   98.6  444.0
2022  11  1 11 2300   -1.5  983.0    1.4    6.7   98.4  444.0
2022  12  1 12 0000  444.0  444.0  444.0  444.0  444.0  444.0
2022  12  1 12 0100   -0.7  983.4    2.6   21.2   85.5  444.0
2022  12  1 12 0200  444.0  444.0  444.0  444.0  444.0  444.0
2022  12  1 12 0300  444.0  444.0  444.0  444.0  444.0  444.0
2022  12  1 12 0400  444.0  444.0  444.0  444.0  444.0  444.0
2022  12  1 12 0500  444.0  444.0  444.0  444.0  444.0  444.0
2022  12  1 12 0600   -0.1  984.7    2.5  238.8   79.7  444.0
2022  12  1 12 0700   -0.3  985.2    2.4  225.5   81.3  444.0
2022  12  1 12 0800   -1.2  985.5    2.5  217.1   84.0  444.0
2022  12  1 12 0900   -0.7  985.7    2.6  241.3   81.7  444.0
2022  12  1 12 1000   -1.6  986.0    1.4  227.2   82.8  444.0
2022  12  1 12 1100  444.0  986.0    1.2    5.4   82.9  444.0
2022  12  1 12 1200   -1.7  986.2    2.7   10.6   83.6  444.0
2022  12  1 12 1300  444.0  444.0  444.0  444.0  444.0  444.0
2022  12  1 12 1400  444.0  444.0  444.0  444.0  444.0  444.0
2022  12  1 12 1500  444.0  444.0  444.0  444.0  444.0  444.0
2022  12  1 12 1600   -3.3  987.2    4.6  222.3   94.2  444.0
2022  12  1 12 1700  444.0  444.0  444.0  444.0  444.0  444.0
2022  12  1 12 1800   -3.4  987.9    4.5  217.0   91.3  444.0
2022  12  1 12 1900   -3.2  988.3    1.4  234.3   90.5  444.0
2022  12  1 12 2000   -3.6  988.7    1.2  226.6   91.8  444.0
2022  12  1 12 2100  444.0  444.0  444.0  444.0  444.0  444.0
2022  12  1 12 2200  444.0  444.0  444.0  444.0  444.0  444.0
2022  12  1 12 2300  444.0  444.0  444.0  444.0  444.0  444.0
2022  13  1 13 0000  444.0  444.0  444.0  444.0  444.0  444.0
2022  13  1 13 0100  444.0  444.0  444.0  444.0  444.0  444.0
2022  13  1 13 0200  444.0  444.0  444.0  444.0  444.0  444.0
2022  13  1 13 0300   -3.4  990.3    2.4   21.5   87.1  444.0
2022  13  1 13 0400  444.0  444.0  444.0  444.0  444.0  444.0
2022  13  1 13 0500  444.0  444.0  444.0  444.0  444.0  444.0
2022  13  1 13 0600  444.0  444.0  444.0  444.0  444.0  444.0
2022  13  1 13 0700  444.0  444.0  444.0  444.0  444.0  444.0
2022  13  1 13 0800   -2.9  991.2    2.7   20.4   78.6  444.0
2022  13  1 13 0900  444.0  444.0  444.0  444.0  444.0  444.0
2022  13  1 13 1000  444.0  991.6    0.6  341.6   79.6  444.0
2022  13  1 13 1100  444.0  444.0  444.0  444.0  444.0  444.0
2022  13  1 13 1200   -3.1  991.6    2.2  242.3   81.3  444.0
2022  13  1 13 1300  444.0  444.0  444.0  444.0  444.0  444.0
2022  13  1 13 1400   -1.5  990.9    6.2  165.7   60.3  444.0
2022  13  1 13 1500  444.0  444.0  444.0  444.0  444.0  444.0
2022  13  1 13 1600  444.0  444.0  444.0  444.0  444.0  444.0
2022  13  1 13 1700  444.0  444.0  444.0  444.0  444.0  444.0
2022  13  1 13 1800  444.0  444.0  444.0  444.0  444.0  444.0
2022  13  1 13 1900  444.0  444.0  444.0  444.0  444.0  444.0
2022  13  1 13 2000  444.0  444.0  444.0  444.0  444.0  444.0
2022  13  1 13 2100  444.0  444.0  444.0  444.0  444.0  444.0
2022  13  1 13 2200  444.0  444.0  444.0  444.0  444.0  444.0
2022  13  1 13 2300  444.0  444.0  444.0  444.0  444.0  444.0
2022  14  1 14 0000   -3.5  991.0    4.7   25.1   82.2  444.0
2022  14  1 14 0100  444.0  444.0  444.0  444.0  444.0  444.0
2022  14  1 14 0200  444.0  444.0  444.0  444.0  444.0  444.0
2022  14  1 14 0300  444.0  444.0  444.0  444.0  444.0  444.0
2022  14  1 14 0400  444.0  444.0  444.0  444.0  444.0  444.0
2022  14  1 14 0500  444.0  444.0  444.0  444.0  444.0  444.0
2022  14  1 14 0600  444.0  444.0  444.0  444.0  444.0  444.0
2022  14  1 14 0700   -2.5  988.5   12.7  223.6   59.2  444.0
2022  14  1 14 0800   -2.7  988.5   10.5  219.3   61.1  444.0
2022  14  1 14 0900   -3.2  988.9    7.5  218.2   64.7  444.0
2022  14  1 14 1000   -4.3  988.8    6.1   56.4   75.7  444.0
2022  14  1 14 1100   -5.0  988.5    5.5   47.5   79.4  444.0
2022  14  1 14 1200  444.0  444.0  444.0  444.0  444.0  444.0
2022  14  1 14 1300  444.0  444.0  444.0  444.0  444.0  444.0
2022  14  1 14 1400  444.0  444.0  444.0  444.0  444.0  444.0
2022  14  1 14 1500   -4.6  986.8    4.8   54.0   69.2  444.0
2022  14  1 14 1600  444.0  444.0  444.0  444.0  444.0  444.0
2022  14  1 14 1700   -4.1  986.0    5.6   81.8   58.6  444.0
2022  14  1 14 1800  444.0  444.0  444.0  444.0  444.0  444.0
2022  14  1 14 1900   -3.5  985.9    2.4  101.2   58.2  444.0
2022  14  1 14 2000  444.0  444.0  444.0  444.0  444.0  444.0
2022  14  1 14 2100  444.0  444.0  444.0  444.0  444.0  444.0
2022  14  1 14 2200  444.0  444.0  444.0  444.0  444.0  444.0
2022  14  1 14 2300  444.0  444.0  444.0  444.0  444.0  444.0
2022  15  1 15 0000  444.0  444.0  444.0  444.0  444.0  444.0
2022  15  1 15 0100   -1.6  984.2    2.1  244.8   55.5  444.0
2022  15  1 15 0200  444.0  444.0  444.0  444.0  444.0  444.0
2022  15  1 15 0300   -2.4  983.4    6.5   27.3   76.1  444.0
2022  15  1 15 0400  444.0  444.0  444.0  444.0  444.0  444.0
2022  15  1 15 0500  444.0  444.0  444.0  444.0  444.0  444.0
2022  15  1 15 0600  444.0  444.0  444.0  444.0  444.0  444.0
2022  15  1 15 0700  444.0  444.0  444.0  444.0  444.0  444.0
2022  15  1 15 0800   -3.8  982.3    5.2   31.3   80.1  444.0
2022  15  1 15 0900   -4.1  982.0    3.2   31.7   82.3  444.0
2022  15  1 15 1000  444.0  444.0  444.0  444.0  444.0  444.0
2022  15  1 15 1100  444.0  444.0  444.0  444.0  444.0  444.0
2022  15  1 15 1200  444.0  444.0  444.0  444.0  444.0  444.0
2022  15  1 15 1300  444.0  444.0  444.0  444.0  444.0  444.0
2022  15  1 15 1400  444.0  444.0  444.0  444.0  444.0  444.0
2022  15  1 15 1500  444.0  444.0  444.0  444.0  444.0  444.0
2022  15  1 15 1600   -4.8  977.0    3.3   80.8   79.2  444.0
2022  15  1 15 1700  444.0  444.0  444.0  444.0  444.0  444.0
2022  15  1 15 1800   -4.5  976.1    4.6   84.8   69.5  444.0
2022  15  1 15 1900   -3.7  975.3    3.1   61.2   61.8  444.0
2022  15  1 15 2000   -3.4  974.8    2.5   90.4   53.4  444.0
2022  15  1 15 2100  444.0  444.0  444.0  444.0  444.0  444.0
2022  15  1 15 2200  444.0  444.0  444.0  444.0  444.0  444.0
2022  15  1 15 2300  444.0  444.0  444.0  444.0  444.0  444.0
2022  16  1 16 0000  444.0  444.0  444.0  444.0  444.0  444.0
2022  16  1 16 0100  444.0  444.0  444.0  444.0  444.0  444.0
2022  16  1 16 0200  444.0  444.0  444.0  444.0  444.0  444.0
2022  16  1 16 0300  444.0  444.0  444.0  444.0  444.0  444.0
2022  16  1 16 0400  444.0  444.0  444.0  444.0  444.0  444.0
2022  16  1 16 0500  444.0  444.0  444.0  444.0  444.0  444.0
2022  16  1 16 0600  444.0  444.0  444.0  444.0  444.0  444.0
2022  16  1 16 0700  444.0  444.0  444.0  444.0  444.0  444.0
2022  16  1 16 0800  444.0  444.0  444.0  444.0  444.0  444.0
2022  16  1 16 0900   -2.2  972.3    5.0  222.0   73.4  444.0
2022  16  1 16 1000   -2.2  972.7    4.3  228.1   69.7  444.0
2022  16  1 16 1100  444.0  444.0  444.0  444.0  444.0  444.0
2022  16  1 16 1200  444.0  444.0  444.0  444.0  444.0  444.0
2022  16  1 16 1300  444.0  444.0  444.0  444.0  444.0  444.0
2022  16  1 16 1400  444.0  444.0  444.0  444.0  444.0  444.0
2022  16  1 16 1500  444.0  444.0  444.0  444.0  444.0  444.0
2022  16  1 16 1600   -3.8  974.9    4.5  150.4   50.9  444.0
2022  16  1 16 1700  444.0  444.0  444.0  444.0  444.0  444.0
2022  16  1 16 1800   -3.1  975.7    2.5  116.1   47.6  444.0
2022  16  1 16 1900  444.0  444.0  444.0  444.0  444.0  444.0
2022  16  1 16 2000  444.0  444.0  444.0  444.0  444.0  444.0
2022  16  1 16 2100  444.0  444.0  444.0  444.0  444.0  444.0
2022  16  1 16 2200  444.0  444.0  444.0  444.0  444.0  444.0
2022  16  1 16 2300  444.0  444.0  444.0  444.0  444.0  444.0
2022  17  1 17 0000    0.1  976.1    3.6   13.1   36.9  444.0
2022  17  1 17 0100  444.0  444.0  444.0  444.0  444.0  444.0
2022  17  1 17 0200  444.0  444.0  444.0  444.0  444.0  444.0
2022  17  1 17 0300  444.0  444.0  444.0  444.0  444.0  444.0
2022  17  1 17 0400  444.0  444.0  444.0  444.0  444.0  444.0
2022  17  1 17 0500  444.0  444.0  444.0  444.0  444.0  444.0
2022  17  1 17 0600  444.0  444.0  444.0  444.0  444.0  444.0
2022  17  1 17 0700   -1.8  973.9    5.6  222.3   55.3  444.0
2022  17  1 17 0800  444.0  444.0  444.0  444.0  444.0  444.0
2022  17  1 17 0900  444.0  444.0  444.0  444.0  444.0  444.0
2022  17  1 17 1000   -1.5  972.4    6.3  245.9   67.8  444.0
2022  17  1 17 1100  444.0  444.0  444.0  444.0  444.0  444.0
2022  17  1 17 1200  444.0  444.0  444.0  444.0  444.0  444.0
2022  17  1 17 1300   -0.9  971.0    7.0  217.4   72.6  444.0
2022  17  1 17 1400  444.0  444.0  444.0  444.0  444.0  444.0
2022  17  1 17 1500   -0.6  970.8    3.0  191.4  444.0  444.0
2022  17  1 17 1600  444.0  444.0  444.0  444.0  444.0  444.0
2022  17  1 17 1700   -0.6  968.3    5.3  227.3   74.3  444.0
2022  17  1 17 1800  444.0  444.0  444.0  444.0  444.0  444.0
2022  17  1 17 1900    0.0  966.8   16.2  216.9   78.7  444.0
2022  17  1 17 2000  444.0  444.0  444.0  444.0  444.0  444.0
2022  17  1 17 2100  444.0  444.0  444.0  444.0  444.0  444.0
2022  17  1 17 2200  444.0  444.0  444.0  444.0  444.0  444.0
2022  17  1 17 2300  444.0  444.0  444.0  444.0  444.0  444.0
2022  18  1 18 0000  444.0  444.0  444.0  444.0  444.0  444.0
2022  18  1 18 0100  444.0  444.0  444.0  444.0  444.0  444.0
2022  18  1 18 0200  444.0  444.0  444.0  444.0  444.0  444.0
2022  18  1 18 0300  444.0  444.0  444.0  444.0  444.0  444.0
2022  18  1 18 0400  444.0  444.0  444.0  444.0  444.0  444.0
2022  18  1 18 0500  444.0  444.0  444.0  444.0  444.0  444.0
2022  18  1 18 0600  444.0  444.0  444.0  444.0  444.0  444.0
2022  18  1 18 0700    3.0  967.4   15.6  194.4   64.0  444.0
2022  18  1 18 0800  444.0  444.0  444.0  444.0  444.0  444.0
2022  18  1 18 0900    2.4  967.3   14.4  204.7   65.5  444.0
2022  18  1 18 1000  444.0  444.0  444.0  444.0  444.0  444.0
2022  18  1 18 1100  444.0  444.0  444.0  444.0  444.0  444.0
2022  18  1 18 1200  444.0  444.0  444.0  444.0  444.0  444.0
2022  18  1 18 1300  444.0  444.0  444.0  444.0  444.0  444.0
2022  18  1 18 1400  444.0  444.0  444.0  444.0  444.0  444.0
2022  18  1 18 1500  444.0  444.0  444.0  444.0  444.0  444.0
2022  18  1 18 1600    0.3  974.2    7.6   41.5   80.8  444.0
2022  18  1 18 1700  444.0  444.0  444.0  444.0  444.0  444.0
2022  18  1 18 1800   -0.3  976.6  444.0  444.0   89.0  444.0
2022  18  1 18 1900  444.0  444.0  444.0  444.0  444.0  444.0
2022  18  1 18 2000   -0.5  977.0    2.9   53.0   86.2  444.0
2022  18  1 18 2100  444.0  444.0  444.0  444.0  444.0  444.0
2022  18  1 18 2200  444.0  444.0  444.0  444.0  444.0  444.0
2022  18  1 18 2300  444.0  444.0  444.0  444.0  444.0  444.0
2022  19  1 19 0000  444.0  444.0  444.0  444.0  444.0  444.0
2022  19  1 19 0100  444.0  444.0  444.0  444.0  444.0  444.0
2022  19  1 19 0200  444.0  444.0  444.0  444.0  444.0  444.0
2022  19  1 19 0300  444.0  444.0  444.0  444.0  444.0  444.0
2022  19  1 19 0400  444.0  444.0  444.0  444.0  444.0  444.0
2022  19  1 19 0500  444.0  444.0  444.0  444.0  444.0  444.0
2022  19  1 19 0600   -0.0  975.5    7.5   28.1   79.8  444.0
2022  19  1 19 0700  444.0  444.0  444.0  444.0  444.0  444.0
2022  19  1 19 0800  444.0  444.0  444.0  444.0  444.0  444.0
2022  19  1 19 0900   -0.7  974.9    5.9   36.6   84.3  444.0
2022  19  1 19 1000  444.0  444.0  444.0  444.0  444.0  444.0
2022  19  1 19 1100  444.0  444.0  444.0  444.0  444.0  444.0
2022  19  1 19 1200  444.0  444.0  444.0  444.0  444.0  444.0
2022  19  1 19 1300  444.0  444.0  444.0  444.0  444.0  444.0
2022  19  1 19 1400   -1.6  974.0    6.7   70.5   83.9  444.0
2022  19  1 19 1500  444.0  444.0  444.0  444.0  444.0  444.0
2022  19  1 19 1600   -1.1  973.9    5.1   80.1   81.9  444.0
2022  19  1 19 1700   -1.0  974.0    2.8   79.6   79.2  444.0
2022  19  1 19 1800   -0.5  974.1    2.5   63.2   77.6  444.0
2022  19  1 19 1900  444.0  444.0  444.0  444.0  444.0  444.0
2022  19  1 19 2000  444.0  444.0  444.0  444.0  444.0  444.0
2022  19  1 19 2100  444.0  444.0  444.0  444.0  444.0  444.0
2022  19  1 19 2200  444.0  444.0  444.0  444.0  444.0  444.0
2022  19  1 19 2300  444.0  444.0  444.0  444.0  444.0  444.0
2022  20  1 20 0000  444.0  444.0  444.0  444.0  444.0  444.0
2022  20  1 20 0100  444.0  444.0  444.0  444.0  444.0  444.0
2022  20  1 20 0200  444.0  444.0  444.0  444.0  444.0  444.0
2022  20  1 20 0300  444.0  444.0  444.0  444.0  444.0  444.0
2022  20  1 20 0400  444.0  444.0  444.0  444.0  444.0  444.0
2022  20  1 20 0500  444.0  444.0  444.0  444.0  444.0  444.0
2022  20  1 20 0600  444.0  444.0  444.0  444.0  444.0  444.0
2022  20  1 20 0700  444.0  976.6    1.1  259.5   91.6  444.0
2022  20  1 20 0800    0.1  976.9    4.6  227.0   91.8  444.0
2022  20  1 20 0900   -0.1  977.1    4.7  228.4   91.7  444.0
2022  20  1 20 1000  444.0  444.0  444.0  444.0  444.0  444.0
2022  20  1 20 1100   -0.2  977.1    3.0   57.9   92.3  444.0
2022  20  1 20 1200  444.0  444.0  444.0  444.0  444.0  444.0
2022  20  1 20 1300  444.0  444.0  444.0  444.0  444.0  444.0
2022  20  1 20 1400  444.0  444.0  444.0  444.0  444.0  444.0
2022  20  1 20 1500   -1.2  978.0    5.8   41.5   92.4  444.0
2022  20  1 20 1600  444.0  444.0  444.0  444.0  444.0  444.0
2022  20  1 20 1700   -1.4  978.6    3.9   34.7   92.4  444.0
2022  20  1 20 1800  444.0  444.0  444.0  444.0  444.0  444.0
2022  20  1 20 1900  444.0  978.9    1.4  324.3   90.8  444.0
2022  20  1 20 2000  444.0  444.0  444.0  444.0  444.0  444.0
2022  20  1 20 2100  444.0  444.0  444.0  444.0  444.0  444.0
2022  20  1 20 2200  444.0  444.0  444.0  444.0  444.0  444.0
2022  20  1 20 2300  444.0  444.0  444.0  444.0  444.0  444.0
2022  21  1 21 0000  444.0  444.0  444.0  444.0  444.0  444.0
2022  21  1 21 0100  444.0  444.0  444.0  444.0  444.0  444.0
2022  21  1 21 0200    0.1  977.3    1.9   15.8   73.3  444.0
2022  21  1 21 0300  444.0  444.0  444.0  444.0  444.0  444.0
2022  21  1 21 0400  444.0  444.0  444.0  444.0  444.0  444.0
2022  21  1 21 0500  444.0  444.0  444.0  444.0  444.0  444.0
2022  21  1 21 0600    0.4  975.1    2.9   40.6   51.1  444.0
2022  21  1 21 0700   -0.7  974.5    3.8   39.3   74.8  444.0
2022  21  1 21 0800   -1.1  974.1    5.3   26.1   75.1  444.0
2022  21  1 21 0900   -1.5  973.5    6.1   43.8   75.8  444.0
2022  21  1 21 1000   -1.2  973.4    6.0   52.7   65.3  444.0
2022  21  1 21 1100  444.0  444.0  444.0  444.0  444.0  444.0
2022  21  1 21 1200   -1.5  973.4    4.1   42.2   68.0  444.0
2022  21  1 21 1300  444.0  444.0  444.0  444.0  444.0  444.0
2022  21  1 21 1400  444.0  444.0  444.0  444.0  444.0  444.0
2022  21  1 21 1500  444.0  444.0  444.0  444.0  444.0  444.0
2022  21  1 21 1600   -3.5  974.1    5.2   30.3   91.1  444.0
2022  21  1 21 1700   -3.8  975.1    2.8   44.6   94.1  444.0
2022  21  1 21 1800  444.0  975.5    0.9  132.1   94.6  444.0
2022  21  1 21 1900  444.0  444.0  444.0  444.0  444.0  444.0
2022  21  1 21 2000  444.0  444.0  444.0  444.0  444.0  444.0
2022  21  1 21 2100  444.0  444.0  444.0  444.0  444.0  444.0
2022  21  1 21 2200  444.0  444.0  444.0  444.0  444.0  444.0
2022  21  1 21 2300  444.0  444.0  444.0  444.0  444.0  444.0
2022  22  1 22 0000  444.0  444.0  444.0  444.0  444.0  444.0
2022  22  1 22 0100  444.0  444.0  444.0  444.0  444.0  444.0
2022  22  1 22 0200  444.0  444.0  444.0  444.0  444.0  444.0
2022  22  1 22 0300  444.0  444.0  444.0  444.0  444.0  444.0
2022  22  1 22 0400  444.0  444.0  444.0  444.0  444.0  444.0
2022  22  1 22 0500  444.0  444.0  444.0  444.0  444.0  444.0
2022  22  1 22 0600   -1.0  979.6    2.0  232.5   64.3  444.0
2022  22  1 22 0700   -0.7  980.2    2.4  227.8   59.3  444.0
2022  22  1 22 0800  444.0  444.0  444.0  444.0  444.0  444.0
2022  22  1 22 0900   -0.4  980.9    3.3  135.4   55.9  444.0
2022  22  1 22 1000  444.0  980.0    1.2  247.3   56.1  444.0
2022  22  1 22 1100  444.0  444.0  444.0  444.0  444.0  444.0
2022  22  1 22 1200  444.0  444.0  444.0  444.0  444.0  444.0
2022  22  1 22 1300  444.0  444.0  444.0  444.0  444.0  444.0
2022  22  1 22 1400  444.0  444.0  444.0  444.0  444.0  444.0
2022  22  1 22 1500  444.0  444.0  444.0  444.0  444.0  444.0
2022  22  1 22 1600    0.5  977.9    4.3  121.7   53.1  444.0
2022  22  1 22 1700   -0.3  978.1    7.4   73.9   61.1  444.0
2022  22  1 22 1800   -0.3  978.9    5.8   65.1   63.8  444.0
2022  22  1 22 1900   -0.1  978.3    4.5   74.0   60.8  444.0
2022  22  1 22 2000  444.0  444.0  444.0  444.0  444.0  444.0
2022  22  1 22 2100  444.0  444.0  444.0  444.0  444.0  444.0
2022  22  1 22 2200  444.0  444.0  444.0  444.0  444.0  444.0
2022  22  1 22 2300  444.0  444.0  444.0  444.0  444.0  444.0
2022  23  1 23 0000    2.3  979.7    3.7   68.2   35.0  444.0
2022  23  1 23 0100  444.0  444.0  444.0  444.0  444.0  444.0
2022  23  1 23 0200  444.0  444.0  444.0  444.0  444.0  444.0
2022  23  1 23 0300  444.0  444.0  444.0  444.0  444.0  444.0
2022  23  1 23 0400  444.0  444.0  444.0  444.0  444.0  444.0
2022  23  1 23 0500    4.0  444.0    2.3   76.6   35.5  444.0
2022  23  1 23 0600  444.0  444.0  444.0  444.0  444.0  444.0
2022  23  1 23 0700    2.7  980.3    5.2  168.8   53.6  444.0
2022  23  1 23 0800    0.0  981.8    6.4  348.2   67.6  444.0
2022  23  1 23 0900   -0.7  982.3    7.2   48.4   72.6  444.0
2022  23  1 23 1000  444.0  444.0  444.0  444.0  444.0  444.0
2022  23  1 23 1100   -0.8  983.7    6.0   76.0   77.0  444.0
2022  23  1 23 1200  444.0  444.0  444.0  444.0  444.0  444.0
2022  23  1 23 1300   -1.0  984.0    5.6   55.0   75.8  444.0
2022  23  1 23 1400  444.0  444.0  444.0  444.0  444.0  444.0
2022  23  1 23 1500   -1.5  983.9    4.6   75.7   74.7  444.0
2022  23  1 23 1600  444.0  444.0  444.0  444.0  444.0  444.0
2022  23  1 23 1700   -0.7  984.5    5.7    7.2   73.5  444.0
2022  23  1 23 1800  444.0  444.0  444.0  444.0  444.0  444.0
2022  23  1 23 1900   -1.1  984.8    5.4   57.6   75.6  444.0
2022  23  1 23 2000   -0.9  984.5    8.0   54.1   76.6  444.0
2022  23  1 23 2100  444.0  444.0  444.0  444.0  444.0  444.0
2022  23  1 23 2200  444.0  444.0  444.0  444.0  444.0  444.0
2022  23  1 23 2300    1.3  444.0   15.2  210.0   33.9  444.0
2022  24  1 24 0000  444.0  444.0  444.0  444.0  444.0  444.0
2022  24  1 24 0100  444.0  444.0  444.0  444.0  444.0  444.0
2022  24  1 24 0200  444.0  444.0  444.0  444.0  444.0  444.0
2022  24  1 24 0300   -0.2  984.2    5.4   38.9   68.5  444.0
2022  24  1 24 0400  444.0  444.0  444.0  444.0  444.0  444.0
2022  24  1 24 0500  444.0  444.0  444.0  444.0  444.0  444.0
2022  24  1 24 0600   -1.9  984.8    5.4   43.5   78.9  444.0
2022  24  1 24 0700   -2.1  984.8    5.4   46.1   80.1  444.0
2022  24  1 24 0800   -2.2  984.5    5.8   40.4   81.3  444.0
2022  24  1 24 0900   -2.2  984.2    5.4   65.8   82.8  444.0
2022  24  1 24 1000   -2.2  984.1    5.5   46.4   83.8  444.0
2022  24  1 24 1100  444.0  444.0  444.0  444.0  444.0  444.0
2022  24  1 24 1200   -2.0  984.2    5.5   64.8   80.8  444.0
2022  24  1 24 1300  444.0  444.0  444.0  444.0  444.0  444.0
2022  24  1 24 1400   -2.5  984.2    4.6   67.8   81.5  444.0
2022  24  1 24 1500   -2.1  983.9    5.1   61.3   81.8  444.0
2022  24  1 24 1600   -2.5  984.0    6.1   75.0   82.7  444.0
2022  24  1 24 1700  444.0  444.0  444.0  444.0  444.0  444.0
2022  24  1 24 1800   -2.5  984.6    5.9   65.7   78.2  444.0
2022  24  1 24 1900  444.0  444.0  444.0  444.0  444.0  444.0
2022  24  1 24 2000   -1.8  984.6    4.2   44.8   78.6  444.0
2022  24  1 24 2100  444.0  444.0  444.0  444.0  444.0  444.0
2022  24  1 24 2200  444.0  444.0  444.0  444.0  444.0  444.0
2022  24  1 24 2300  444.0  444.0  444.0  444.0  444.0  444.0
2022  25  1 25 0000   -0.6  983.0    5.7   28.7   81.1  444.0
2022  25  1 25 0100  444.0  444.0  444.0  444.0  444.0  444.0
2022  25  1 25 0200  444.0  444.0  444.0  444.0  444.0  444.0
2022  25  1 25 0300  444.0  444.0  444.0  444.0  444.0  444.0
2022  25  1 25 0400  444.0  444.0  444.0  444.0  444.0  444.0
2022  25  1 25 0500    1.2  982.4    5.5   30.6   55.1  444.0
2022  25  1 25 0600    1.0  982.5    3.9   27.2   54.1  444.0
2022  25  1 25 0700    1.5  982.1    4.1   24.0   48.3  444.0
2022  25  1 25 0800    1.1  982.2    2.9   23.0   52.8  444.0
2022  25  1 25 0900    0.9  981.3    4.7   58.8   49.5  444.0
2022  25  1 25 1000    0.7  980.4    5.3   66.8   44.1  444.0
2022  25  1 25 1100  444.0  444.0  444.0  444.0  444.0  444.0
2022  25  1 25 1200  444.0  444.0  444.0  444.0  444.0  444.0
2022  25  1 25 1300  444.0  444.0  444.0  444.0  444.0  444.0
2022  25  1 25 1400    0.8  979.1    3.9   50.1   40.5  444.0
2022  25  1 25 1500  444.0  444.0  444.0  444.0  444.0  444.0
2022  25  1 25 1600  444.0  978.5    1.2  228.7   73.0  444.0
2022  25  1 25 1700    0.4  978.1    1.7  194.2   60.5  444.0
2022  25  1 25 1800    0.2  977.3    2.4  219.1   68.4  444.0
2022  25  1 25 1900   -0.1  976.8    3.0  217.4   75.0  444.0
2022  25  1 25 2000    0.9  975.7    4.5  193.0   64.8  444.0
2022  25  1 25 2100  444.0  444.0  444.0  444.0  444.0  444.0
2022  25  1 25 2200  444.0  444.0  444.0  444.0  444.0  444.0
2022  25  1 25 2300  444.0  444.0  444.0  444.0  444.0  444.0
2022  26  1 26 0000    3.4  974.7    1.9    6.4  444.0  444.0
2022  26  1 26 0100  444.0  444.0  444.0  444.0  444.0  444.0
2022  26  1 26 0200    2.8  974.0    4.1   19.9   44.1  444.0
2022  26  1 26 0300  444.0  444.0  444.0  444.0  444.0  444.0
2022  26  1 26 0400    4.2  973.6    3.6  236.9   45.7  444.0
2022  26  1 26 0500    3.4  973.8    5.6  231.0   46.1  444.0
2022  26  1 26 0600  444.0  444.0  444.0  444.0  444.0  444.0
2022  26  1 26 0700  444.0  444.0  444.0  444.0  444.0  444.0
2022  26  1 26 0800    0.6  975.3    3.3   14.3   52.0  444.0
2022  26  1 26 0900    1.0  975.2    3.7   40.1   52.0  444.0
2022  26  1 26 1000  444.0  444.0  444.0  444.0  444.0  444.0
2022  26  1 26 1100    0.4  975.7    5.2   51.7   41.7  444.0
2022  26  1 26 1200  444.0  444.0  444.0  444.0  444.0  444.0
2022  26  1 26 1300    0.1  976.6    2.6   66.9   50.6  444.0
2022  26  1 26 1400  444.0  444.0  444.0  444.0  444.0  444.0
2022  26  1 26 1500  444.0  977.3    0.9  218.3   73.2  444.0
2022  26  1 26 1600  444.0  444.0  444.0  444.0  444.0  444.0
2022  26  1 26 1700   -0.5  977.6    2.6  255.4   80.4  444.0
2022  26  1 26 1800  444.0  444.0  444.0  444.0  444.0  444.0
2022  26  1 26 1900   -0.4  977.8    4.5  224.6   81.8  444.0
2022  26  1 26 2000  444.0  444.0  444.0  444.0  444.0  444.0
2022  26  1 26 2100  444.0  444.0  444.0  444.0  444.0  444.0
2022  26  1 26 2200  444.0  444.0  444.0  444.0  444.0  444.0
2022  26  1 26 2300   -0.1  978.5    5.5   36.8   78.3  444.0
2022  27  1 27 0000  444.0  444.0  444.0  444.0  444.0  444.0
2022  27  1 27 0100  444.0  444.0  444.0  444.0  444.0  444.0
2022  27  1 27 0200    0.5  979.6    6.0   33.2   73.9  444.0
2022  27  1 27 0300    0.7  979.9    4.8   28.9   74.7  444.0
2022  27  1 27 0400  444.0  444.0  444.0  444.0  444.0  444.0
2022  27  1 27 0500  444.0  444.0  444.0  444.0  444.0  444.0
2022  27  1 27 0600    0.3  981.2    5.7   21.6   76.1  444.0
2022  27  1 27 0700    0.3  981.7    5.0   32.4   75.6  444.0
2022  27  1 27 0800   -0.3  981.9    5.4   33.0   77.6  444.0
2022  27  1 27 0900   -0.8  981.9    5.6   18.1   80.8  444.0
2022  27  1 27 1000   -0.8  982.2    5.1   17.2   84.4  444.0
2022  27  1 27 1100  444.0  444.0  444.0  444.0  444.0  444.0
2022  27  1 27 1200   -0.8  982.2    3.0   53.5   88.9  444.0
2022  27  1 27 1300  444.0  444.0  444.0  444.0  444.0  444.0
2022  27  1 27 1400  444.0  981.8    0.2   36.2   84.4  444.0
2022  27  1 27 1500  444.0  444.0  444.0  444.0  444.0  444.0
2022  27  1 27 1600  444.0  981.8    1.2   66.9   88.4  444.0
2022  27  1 27 1700   -1.3  981.7    3.0   63.2   86.2  444.0
2022  27  1 27 1800   -0.5  982.0    2.9   57.5   80.9  444.0
2022  27  1 27 1900   -0.7  982.0    3.3   57.9   77.4  444.0
2022  27  1 27 2000   -1.0  982.0    2.5   97.7   75.3  444.0
2022  27  1 27 2100  444.0  444.0  444.0  444.0  444.0  444.0
2022  27  1 27 2200    0.7  982.3    2.1   15.2   69.6  444.0
2022  27  1 27 2300  444.0  444.0  444.0  444.0  444.0  444.0
2022  28  1 28 0000    0.7  982.3    4.0   14.6   74.1  444.0
2022  28  1 28 0100  444.0  444.0  444.0  444.0  444.0  444.0
2022  28  1 28 0200  444.0  444.0  444.0  444.0  444.0  444.0
2022  28  1 28 0300    1.2  982.4    3.5   10.6   66.1  444.0
2022  28  1 28 0400    0.8  982.3    4.3   11.0   69.3  444.0
2022  28  1 28 0500    1.3  982.4    2.7  359.5   61.6  444.0
2022  28  1 28 0600    0.4  982.6    3.1   10.0   68.6  444.0
2022  28  1 28 0700    0.5  982.7    4.7   19.2   67.7  444.0
2022  28  1 28 0800    0.5  982.8    1.2  356.4   69.5  444.0
2022  28  1 28 0900   -0.2  983.1    3.1  250.3   74.4  444.0
2022  28  1 28 1000  444.0  444.0  444.0  444.0  444.0  444.0
2022  28  1 28 1100  444.0  444.0  444.0  444.0  444.0  444.0
2022  28  1 28 1200  444.0  444.0  444.0  444.0  444.0  444.0
2022  28  1 28 1300  444.0  444.0  444.0  444.0  444.0  444.0
2022  28  1 28 1400   -1.4  983.5    2.0  144.9   68.6  444.0
2022  28  1 28 1500   -1.7  983.5    2.1   95.7   64.9  444.0
2022  28  1 28 1600   -2.2  983.5    2.2  128.9   68.9  444.0
2022  28  1 28 1700   -2.2  983.5    2.9  125.5   61.2  444.0
2022  28  1 28 1800   -1.6  983.2    2.8  184.5   58.9  444.0
2022  28  1 28 1900  444.0  983.2    1.1   89.7   60.7  444.0
2022  28  1 28 2000   -0.9  983.0    2.7   29.7   60.6  444.0
2022  28  1 28 2100  444.0  444.0  444.0  444.0  444.0  444.0
2022  28  1 28 2200  444.0  444.0  444.0  444.0  444.0  444.0
2022  28  1 28 2300  444.0  444.0  444.0  444.0  444.0  444.0
2022  29  1 29 0000   -1.5  983.0    2.1  230.5   73.4  444.0
2022  29  1 29 0100  444.0  444.0  444.0  444.0  444.0  444.0
2022  29  1 29 0200  444.0  444.0  444.0  444.0  444.0  444.0
2022  29  1 29 0300  444.0  444.0  444.0  444.0  444.0  444.0
2022  29  1 29 0400   -0.4  982.9    2.7  248.2   62.3  444.0
2022  29  1 29 0500   -0.9  983.0    1.9  280.5   65.1  444.0
2022  29  1 29 0600   -1.6  983.1    1.6   18.1   74.6  444.0
2022  29  1 29 0700  444.0  983.2    1.2  345.7   77.3  444.0
2022  29  1 29 0800  444.0  983.3    0.7  279.1   80.2  444.0
2022  29  1 29 0900  444.0  983.3    1.0  339.9   80.4  444.0
2022  29  1 29 1000  444.0  444.0  444.0  444.0  444.0  444.0
2022  29  1 29 1100  444.0  983.3    0.5  208.9   78.2  444.0
2022  29  1 29 1200  444.0  444.0  444.0  444.0  444.0  444.0
2022  29  1 29 1300   -1.4  983.2    2.8  267.6   74.1  444.0
2022  29  1 29 1400  444.0  444.0  444.0  444.0  444.0  444.0
2022  29  1 29 1500  444.0  982.8    0.6  243.9   78.3  444.0
2022  29  1 29 1600  444.0  444.0  444.0  444.0  444.0  444.0
2022  29  1 29 1700   -2.1  982.7    1.5  264.5   77.0  444.0
2022  29  1 29 1800   -4.3  982.4    5.1   35.7   81.4  444.0
2022  29  1 29 1900   -4.4  982.3    2.5   38.8   85.5  444.0
2022  29  1 29 2000  444.0  444.0  444.0  444.0  444.0  444.0
2022  29  1 29 2100  444.0  444.0  444.0  444.0  444.0  444.0
2022  29  1 29 2200  444.0  444.0  444.0  444.0  444.0  444.0
2022  29  1 29 2300   -3.6  981.0    3.8   33.9   88.6  444.0
2022  30  1 30 0000  444.0  444.0  444.0  444.0  444.0  444.0
2022  30  1 30 0100   -4.1  979.8    5.7   49.9   89.8  444.0
2022  30  1 30 0200   -4.1  979.2    6.5   47.6   89.9  444.0
2022  30  1 30 0300   -4.0  978.2    7.4   50.5   89.5  444.0
2022  30  1 30 0400   -3.6  977.2    7.3   57.8   88.1  444.0
2022  30  1 30 0500   -3.1  976.4    6.8   65.4   86.9  444.0
2022  30  1 30 0600   -2.5  976.1    4.8   57.0   82.8  444.0
2022  30  1 30 0700   -2.6  975.4    3.8  359.2   77.8  444.0
2022  30  1 30 0800   -2.4  974.4    5.2   13.6   75.9  444.0
2022  30  1 30 0900   -2.3  973.7    5.8   22.6   66.7  444.0
2022  30  1 30 1000   -2.6  972.8    6.2   49.1   68.6  444.0
2022  30  1 30 1100  444.0  444.0  444.0  444.0  444.0  444.0
2022  30  1 30 1200   -2.6  971.3    7.7   26.5   79.1  444.0
2022  30  1 30 1300  444.0  444.0  444.0  444.0  444.0  444.0
2022  30  1 30 1400   -2.5  970.0    8.3   17.0   75.8  444.0
2022  30  1 30 1500  444.0  444.0  444.0  444.0  444.0  444.0
2022  30  1 30 1600   -2.4  969.5    8.2   22.3   74.7  444.0
2022  30  1 30 1700  444.0  444.0  444.0  444.0  444.0  444.0
2022  30  1 30 1800   -2.3  969.0    8.5   29.0   68.9  444.0
2022  30  1 30 1900   -2.5  969.2    8.4   35.0   66.0  444.0
2022  30  1 30 2000   -2.6  969.2    8.3   13.7   63.8  444.0
2022  30  1 30 2100  444.0  444.0  444.0  444.0  444.0  444.0
2022  30  1 30 2200   -2.8  969.5    6.9   41.5   74.1  444.0
2022  30  1 30 2300  444.0  444.0  444.0  444.0  444.0  444.0
2022  31  1 31 0000   -1.8  970.3    7.3   32.2   66.7  444.0
2022  31  1 31 0100   -1.8  970.8    5.1   30.0   64.7  444.0
2022  31  1 31 0200   -2.1  971.1    4.1   56.6   65.7  444.0
2022  31  1 31 0300   -2.0  970.9    4.3   26.1   64.3  444.0
2022  31  1 31 0400   -1.9  971.7    2.8  197.3   75.5  444.0
2022  31  1 31 0500   -3.3  972.0    1.1  123.8   80.1  444.0
2022  31  1 31 0600   -2.1  972.1    4.3  188.1   80.8  444.0
2022  31  1 31 0700   -2.5  972.8    2.3   67.5   76.9  444.0
2022  31  1 31 0800  444.0  973.2    0.8  232.2   74.3  444.0
2022  31  1 31 0900  444.0  973.6    0.6  320.3   72.4  444.0
2022  31  1 31 1000   -2.7  974.3    1.6  128.1   74.8  444.0
2022  31  1 31 1100   -2.4  974.8    1.5  131.3   75.7  444.0
2022  31  1 31 1200  444.0  444.0  444.0  444.0  444.0  444.0
2022  31  1 31 1300  444.0  444.0  444.0  444.0  444.0  444.0
2022  31  1 31 1400   -2.9  975.9    2.9  166.7   76.2  444.0
2022  31  1 31 1500   -2.5  976.0    4.0  199.4   78.4  444.0
2022  31  1 31 1600  444.0  444.0  444.0  444.0  444.0  444.0
2022  31  1 31 1700   -2.0  976.6    6.3  198.6   63.1  444.0
2022  31  1 31 1800   -1.9  977.0    7.3  209.3   62.7  444.0
2022  31  1 31 1900   -1.9  977.0    2.2  243.5   72.4  444.0
2022  31  1 31 2000  444.0  444.0  444.0  444.0  444.0  444.0
2022  31  1 31 2100  444.0  977.7  444.0  444.0   60.8  444.0
2022  31  1 31 2200  444.0  444.0  444.0  444.0  444.0  444.0
2022  31  1 31 2300  444.0  444.0  444.0  444.0  444.0  444.0
