Year: 2018  Month: 08  ID: CBD  ARGOS: 99504  Name: Cape Bird           
Lat: 77.22S  Lon: 166.44E  Elev:   38m
2018 213  8  1 0000  -28.2 1006.4    2.4  123.1   71.2  444.0
2018 213  8  1 0100  -27.9 1005.9    2.2  100.8   67.5  444.0
2018 213  8  1 0200  -27.8 1005.4    3.4   61.9   65.1  444.0
2018 213  8  1 0300  -28.0 1005.1    1.8   96.2   67.1  444.0
2018 213  8  1 0400  -27.8 1004.2    1.3   88.9   64.6  444.0
2018 213  8  1 0500  -27.9 1003.9    0.8   67.6   69.1  444.0
2018 213  8  1 0600  -28.2 1003.4    4.1   24.2   72.2  444.0
2018 213  8  1 0700  -28.8 1002.8    1.2  154.8   74.0  444.0
2018 213  8  1 0800  -29.1 1002.5    5.0   46.8   74.0  444.0
2018 213  8  1 0900  -29.1 1002.3    3.4   31.3   74.4  444.0
2018 213  8  1 1000  -29.3 1001.9    3.0   60.7   74.2  444.0
2018 213  8  1 1100  -29.6 1001.5    3.3   56.9   74.1  444.0
2018 213  8  1 1200  -29.2 1001.0    2.8   69.3   74.2  444.0
2018 213  8  1 1300  -29.2 1000.6    1.7   80.1   74.1  444.0
2018 213  8  1 1400  -29.4 1000.4    2.7   85.8   74.8  444.0
2018 213  8  1 1500  -29.3  999.9    3.2   73.1   74.6  444.0
2018 213  8  1 1600  -29.4  999.8    2.1   86.0   74.6  444.0
2018 213  8  1 1700  -29.0  999.5    1.2  180.5   74.2  444.0
2018 213  8  1 1800  -29.0  999.5    0.3  153.9   74.3  444.0
2018 213  8  1 1900  -28.7  999.4    1.0  157.2   73.9  444.0
2018 213  8  1 2000  -28.8  999.5    2.1  133.6   76.1  444.0
2018 213  8  1 2100  -28.3  999.7    1.4  159.4   76.3  444.0
2018 213  8  1 2200  -28.4  999.7    2.6  172.7   76.1  444.0
2018 213  8  1 2300  -28.5  999.8    3.7  177.7   75.8  444.0
2018 214  8  2 0000  -28.6  999.8    4.4  171.6   75.5  444.0
2018 214  8  2 0100  -28.4  999.7    3.9  194.0   73.0  444.0
2018 214  8  2 0200  -29.0 1000.0    1.6  153.9   70.7  444.0
2018 214  8  2 0300  -30.1 1000.4    2.4  195.6   73.3  444.0
2018 214  8  2 0400  -29.6 1000.4    0.7  119.7   74.6  444.0
2018 214  8  2 0500  -29.1 1000.6    1.1  185.4   74.8  444.0
2018 214  8  2 0600  -28.5 1000.7    4.0   56.8   76.1  444.0
2018 214  8  2 0700  -28.5 1001.1    3.4   51.5   76.0  444.0
2018 214  8  2 0800  -29.0 1001.2    2.9   93.9   75.6  444.0
2018 214  8  2 0900  -28.7 1001.6    3.2  117.8   75.5  444.0
2018 214  8  2 1000  -29.0 1001.6    3.7  122.8   75.1  444.0
2018 214  8  2 1100  -29.0 1001.4    3.5  124.5   74.0  444.0
2018 214  8  2 1200  -28.6 1001.7    3.0  145.2   72.3  444.0
2018 214  8  2 1300  -28.4 1001.6    3.1  160.1   74.0  444.0
2018 214  8  2 1400  -28.3 1001.6    3.5  160.1   73.3  444.0
2018 214  8  2 1500  -28.5 1001.5    2.8  152.0   72.5  444.0
2018 214  8  2 1600  -28.7 1001.3    2.9  144.8   71.6  444.0
2018 214  8  2 1700  -28.4 1001.4    1.8  163.9   72.0  444.0
2018 214  8  2 1800  -29.3 1001.0    2.7  126.0   68.9  444.0
2018 214  8  2 1900  -29.4 1000.9    3.0  130.4   67.6  444.0
2018 214  8  2 2000  -29.1 1001.2    1.6  106.8   69.5  444.0
2018 214  8  2 2100  -29.5 1001.4    2.6   95.6   69.4  444.0
2018 214  8  2 2200  -29.7 1001.5    2.8   75.5   71.0  444.0
2018 214  8  2 2300  -29.9 1001.8    2.9   67.5   72.7  444.0
2018 215  8  3 0000  -29.7 1001.7    2.5   70.3   70.6  444.0
2018 215  8  3 0100  -29.4 1002.0    2.5   49.5   68.0  444.0
2018 215  8  3 0200  -29.5 1002.4    2.6   61.1   64.3  444.0
2018 215  8  3 0300  -30.0 1002.5    2.2   86.7   63.9  444.0
2018 215  8  3 0400  -30.6 1003.6    2.5   92.5   71.5  444.0
2018 215  8  3 0500  -29.7 1003.5    1.6   46.7   68.2  444.0
2018 215  8  3 0600  -29.5 1004.0    2.6   64.1   60.8  444.0
2018 215  8  3 0700  -29.5 1004.5    1.9   88.0   60.5  444.0
2018 215  8  3 0800  -29.6 1005.2    2.8   95.3   59.7  444.0
2018 215  8  3 0900  -29.4 1005.5    2.5  126.1   55.1  444.0
2018 215  8  3 1000  -29.1 1005.9    2.9  123.4   52.8  444.0
2018 215  8  3 1100  -29.4 1006.3    3.6  127.1   55.1  444.0
2018 215  8  3 1200  -29.4 1006.4    3.3  133.2   57.5  444.0
2018 215  8  3 1300  -28.8 1006.7    2.3  108.8   56.7  444.0
2018 215  8  3 1400  -29.3 1006.7    3.2  131.4   58.3  444.0
2018 215  8  3 1500  -29.0 1007.2    2.6  108.5   58.1  444.0
2018 215  8  3 1600  -29.0 1007.3    2.9  112.9   55.1  444.0
2018 215  8  3 1700  -29.4 1006.7    3.3  134.9   56.4  444.0
2018 215  8  3 1800  -29.2 1006.9    3.5  116.2   57.0  444.0
2018 215  8  3 1900  -29.3 1007.1    3.8  118.8   58.1  444.0
2018 215  8  3 2000  -29.1 1007.1    2.6  118.2   61.6  444.0
2018 215  8  3 2100  -29.3 1007.2    2.3  125.5   65.5  444.0
2018 215  8  3 2200  -29.3 1006.8    1.7  133.5   66.3  444.0
2018 215  8  3 2300  -29.3 1006.7    0.2  136.2   67.6  444.0
2018 216  8  4 0000  -29.9 1006.3    1.5   74.3   67.3  444.0
2018 216  8  4 0100  -29.9 1005.8    0.9  106.9   67.9  444.0
2018 216  8  4 0200  -29.8 1005.2    2.0  177.3   68.2  444.0
2018 216  8  4 0300  -29.3 1004.2    3.8  201.7   69.5  444.0
2018 216  8  4 0400  -29.5 1003.6    4.7  187.4   69.7  444.0
2018 216  8  4 0500  -29.3 1003.0    5.4  193.8   70.1  444.0
2018 216  8  4 0600  -29.3 1002.8    4.5  198.0   71.2  444.0
2018 216  8  4 0700  -29.4 1002.4    4.9  190.5   71.3  444.0
2018 216  8  4 0800  -29.3 1001.6    4.6  211.4   71.8  444.0
2018 216  8  4 0900  -29.7 1001.1    3.7  201.9   72.9  444.0
2018 216  8  4 1000  -29.5 1000.8    4.9  227.2   73.8  444.0
2018 216  8  4 1100  -30.0 1000.6    2.2  195.5   71.7  444.0
2018 216  8  4 1200  -29.9 1000.5    2.4  173.1   71.8  444.0
2018 216  8  4 1300  -29.9 1000.2    1.9  145.4   72.6  444.0
2018 216  8  4 1400  -29.8 1000.1    2.5  164.7   72.6  444.0
2018 216  8  4 1500  -30.2 1000.1    1.0   47.5   72.1  444.0
2018 216  8  4 1600  -30.3  999.8    1.0  101.6   73.3  444.0
2018 216  8  4 1700  -30.6  999.7    0.5  102.0   73.3  444.0
2018 216  8  4 1800  -30.8  999.7    2.1   82.3   73.3  444.0
2018 216  8  4 1900  -30.8  999.6    1.8   86.9   73.4  444.0
2018 216  8  4 2000  -30.5  999.6    1.0  126.0   73.3  444.0
2018 216  8  4 2100  -30.0  999.3    1.3  166.9   73.6  444.0
2018 216  8  4 2200  -30.2  999.6    3.1   68.3   73.5  444.0
2018 216  8  4 2300  -30.1  998.9    2.1  110.2   73.2  444.0
2018 217  8  5 0000  -30.2  998.5    2.9  107.6   73.3  444.0
2018 217  8  5 0100  -29.8  998.3    1.7  105.2   73.1  444.0
2018 217  8  5 0200  -29.5  997.2    0.4  132.6   69.8  444.0
2018 217  8  5 0300  -29.6  996.4    1.1  127.3   63.0  444.0
2018 217  8  5 0400  -28.4  995.5    0.8  123.5   49.8  444.0
2018 217  8  5 0500  -27.3  994.6    2.4   37.0   39.2  444.0
2018 217  8  5 0600  -29.0  994.1    3.5   44.4   65.3  444.0
2018 217  8  5 0700  -26.1  993.0    2.0   69.8   44.7  444.0
2018 217  8  5 0800  -28.0  992.3    3.1   43.5   61.2  444.0
2018 217  8  5 0900  -27.8  991.4    2.0   46.6   56.4  444.0
2018 217  8  5 1000  -28.1  990.6    1.5   71.8   50.5  444.0
2018 217  8  5 1100  -29.0  989.4    2.1   54.6   62.0  444.0
2018 217  8  5 1200  -29.0  988.5    3.8   45.2   69.7  444.0
2018 217  8  5 1300  -29.0  987.5    4.1   43.8   72.4  444.0
2018 217  8  5 1400  -27.8  986.5    4.2   37.0   54.2  444.0
2018 217  8  5 1500  -28.5  985.7    4.1   36.4   56.2  444.0
2018 217  8  5 1600  -27.6  984.6    5.8   35.9   49.4  444.0
2018 217  8  5 1700  -27.3  983.4    5.9   54.8   43.7  444.0
2018 217  8  5 1800  -27.8  982.8    6.4   40.8   55.3  444.0
2018 217  8  5 1900  -28.8  982.0    5.8   31.4   54.8  444.0
2018 217  8  5 2000  -29.0  982.0    5.7   55.2   61.9  444.0
2018 217  8  5 2100  -28.7  982.2    2.6   50.9   55.1  444.0
2018 217  8  5 2200  -28.8  982.4    0.2  132.8   57.5  444.0
2018 217  8  5 2300  -28.9  983.1    2.6   62.5   58.7  444.0
2018 218  8  6 0000  -29.6  983.1    1.9   43.3   63.1  444.0
2018 218  8  6 0100  -28.6  983.2    2.1  152.5   57.9  444.0
2018 218  8  6 0200  -27.9  983.7    4.3  186.9   50.2  444.0
2018 218  8  6 0300  -28.4  984.5    1.3  144.0   55.7  444.0
2018 218  8  6 0400  -27.8  984.6    1.9  148.7   51.1  444.0
2018 218  8  6 0500  -28.4  985.4    2.8  117.0   49.5  444.0
2018 218  8  6 0600  -28.0  985.3    3.4   85.8   53.0  444.0
2018 218  8  6 0700  -28.8  986.1    2.4   63.3   58.9  444.0
2018 218  8  6 0800  -28.4  987.0    2.0  169.0   60.1  444.0
2018 218  8  6 0900  -28.5  987.0    3.3  176.5   60.6  444.0
2018 218  8  6 1000  -28.4  987.2    1.4  182.3   61.0  444.0
2018 218  8  6 1100  -28.8  987.5    2.9  134.2   64.4  444.0
2018 218  8  6 1200  -29.1  988.2    2.7  130.8   64.3  444.0
2018 218  8  6 1300  -28.9  988.2    4.1   64.9   66.2  444.0
2018 218  8  6 1400  -28.8  988.7    5.2   47.4   65.8  444.0
2018 218  8  6 1500  -28.7  989.5    4.9   65.0   61.6  444.0
2018 218  8  6 1600  -28.8  990.3    1.9   99.7   60.3  444.0
2018 218  8  6 1700  -28.4  990.2    2.1  183.1   56.4  444.0
2018 218  8  6 1800  -29.1  990.0    3.6  187.8   56.8  444.0
2018 218  8  6 1900  -28.9  989.9    3.7  193.7   59.4  444.0
2018 218  8  6 2000  -28.5  989.8    3.4  200.9   62.8  444.0
2018 218  8  6 2100  -27.8  989.5    3.6  212.5   60.6  444.0
2018 218  8  6 2200  -28.1  989.3    9.0  208.2   63.5  444.0
2018 218  8  6 2300  -27.5  988.8    8.5  212.7   49.4  444.0
2018 219  8  7 0000  -27.9  989.0    5.3  204.4   50.4  444.0
2018 219  8  7 0100  -27.5  989.6    2.3  177.4   52.4  444.0
2018 219  8  7 0200  -27.0  989.1    0.7  163.8   46.1  444.0
2018 219  8  7 0300  -27.4  989.1    2.7  171.6   54.4  444.0
2018 219  8  7 0400  -28.0  989.0    2.8  138.6   61.9  444.0
2018 219  8  7 0500  -28.0  988.5    3.1  178.4   58.0  444.0
2018 219  8  7 0600  -28.3  988.2    5.3   55.5   61.2  444.0
2018 219  8  7 0700  -28.0  988.1    3.6   40.0   61.6  444.0
2018 219  8  7 0800  -26.9  988.1    3.0   70.8   46.1  444.0
2018 219  8  7 0900  -28.3  987.7    3.1   37.0   57.0  444.0
2018 219  8  7 1000  -26.6  987.1    3.4  118.6   42.0  444.0
2018 219  8  7 1100  -28.9  987.3    3.1   39.9   63.1  444.0
2018 219  8  7 1200  -26.3  986.7    0.0    0.0   55.5  444.0
2018 219  8  7 1300  -28.2  986.4    0.6   78.2   59.1  444.0
2018 219  8  7 1400  -28.6  986.5    1.8   38.7   57.6  444.0
2018 219  8  7 1500  -28.0  986.0    1.0   60.6   56.5  444.0
2018 219  8  7 1600  -28.3  985.4    1.1  185.2   58.2  444.0
2018 219  8  7 1700  -28.2  984.5    2.1   36.5   61.4  444.0
2018 219  8  7 1800  -28.0  984.3    3.8   45.5   67.8  444.0
2018 219  8  7 1900  -28.5  984.0    1.5  190.7   69.2  444.0
2018 219  8  7 2000  -27.4  982.7    3.6  221.8   71.1  444.0
2018 219  8  7 2100  -26.9  982.3    6.5  210.7   70.1  444.0
2018 219  8  7 2200  -27.1  982.4    6.0  200.0   70.1  444.0
2018 219  8  7 2300  -32.2  982.1    4.6  185.1   35.5  444.0
2018 220  8  8 0000  -34.2  982.4    3.5  195.7   53.9  444.0
2018 220  8  8 0100  -34.6  982.2    0.1  199.2   62.7  444.0
2018 220  8  8 0200  -34.1  981.1    5.5  193.4   66.3  444.0
2018 220  8  8 0300  -31.5  977.7   14.8  207.8   72.8  444.0
2018 220  8  8 0400  -36.3  979.2   17.5  201.7   59.6  444.0
2018 220  8  8 0500  -35.6  977.5   20.2  192.5   61.6  444.0
2018 220  8  8 0600  -35.8  978.5   20.9  192.0   53.1  444.0
2018 220  8  8 0700  -35.8  980.2   17.9  189.3   32.1  444.0
2018 220  8  8 0800  -35.1  979.7   21.3  179.6   37.2  444.0
2018 220  8  8 0900  -34.2  982.1   19.8  183.9   37.4  444.0
2018 220  8  8 1000  -32.6  981.1   24.0  205.1   29.4  444.0
2018 220  8  8 1100  -34.0  982.1   23.5  197.6   50.3  444.0
2018 220  8  8 1200  -33.6  982.0   24.1  198.3   42.5  444.0
2018 220  8  8 1300  -33.4  982.4   25.9  200.8   59.7  444.0
2018 220  8  8 1400  -32.8  984.9   19.8  199.2   54.9  444.0
2018 220  8  8 1500  -33.2  982.5   24.5  202.8   48.1  444.0
2018 220  8  8 1600  -34.7  988.4    2.7  243.9   54.4  444.0
2018 220  8  8 1700  -33.6  987.5   16.9  196.9   39.3  444.0
2018 220  8  8 1800  -31.0  988.9   11.1  230.3   70.0  444.0
2018 220  8  8 1900  -33.1  984.6   23.8  199.5   35.3  444.0
2018 220  8  8 2000  -33.3  985.7   22.8  192.6   32.7  444.0
2018 220  8  8 2100  -33.0  984.9   24.2  197.8   33.8  444.0
2018 220  8  8 2200  -33.2  984.8   24.4  201.0   36.5  444.0
2018 220  8  8 2300  -33.3  984.8   24.5  201.8   36.0  444.0
2018 221  8  9 0000  -33.2  986.0   25.4  197.5   37.2  444.0
2018 221  8  9 0100  -33.0  984.5   26.7  199.8   44.9  444.0
2018 221  8  9 0200  -32.8  987.0   25.2  201.4   42.5  444.0
2018 221  8  9 0300  -32.7  986.5   24.7  200.8   44.6  444.0
2018 221  8  9 0400  -32.9  987.5   19.9  193.2   45.7  444.0
2018 221  8  9 0500  -32.7  989.7   14.6  200.9   43.5  444.0
2018 221  8  9 0600  -32.5  991.6    8.0  189.9   39.1  444.0
2018 221  8  9 0700  -32.4  991.1    2.8   94.2   49.6  444.0
2018 221  8  9 0800  -32.5  990.7    9.3  214.8   44.4  444.0
2018 221  8  9 0900  -32.5  990.4   11.8  198.5   39.8  444.0
2018 221  8  9 1000  -32.6  990.5    9.7  210.5   45.5  444.0
2018 221  8  9 1100  -32.3  991.2   14.8  200.8   42.8  444.0
2018 221  8  9 1200  -31.7  992.8    4.9   80.3   52.6  444.0
2018 221  8  9 1300  -32.7  992.1   11.7   52.6   66.2  444.0
2018 221  8  9 1400  -32.7  992.9    8.5   25.2   68.2  444.0
2018 221  8  9 1500  -32.6  994.2    9.5   35.4   70.7  444.0
2018 221  8  9 1600  -32.7  994.4    8.4   38.9   70.2  444.0
2018 221  8  9 1700  -32.6  994.9    8.5   38.0   70.5  444.0
2018 221  8  9 1800  -32.8  995.9    8.4   43.8   73.5  444.0
2018 221  8  9 1900  -32.8  995.9   11.9   49.5   76.0  444.0
2018 221  8  9 2000  -32.9  996.1    9.7   40.7   76.2  444.0
2018 221  8  9 2100  -32.9  996.3    8.7   39.2   77.1  444.0
2018 221  8  9 2200  -32.9  996.2    6.5   33.7   76.7  444.0
2018 221  8  9 2300  -33.0  996.6    3.3   72.1   78.4  444.0
2018 222  8 10 0000  -32.8  995.7    0.1   36.9   79.0  444.0
2018 222  8 10 0100  -32.6  994.9    0.0    0.0   79.8  444.0
2018 222  8 10 0200  -32.8  994.4    3.6   40.8   80.2  444.0
2018 222  8 10 0300  -32.7  994.1    4.3   36.1   80.8  444.0
2018 222  8 10 0400  -32.7  993.4    3.8   55.9   81.1  444.0
2018 222  8 10 0500  -32.4  991.9   13.3  226.2   80.6  444.0
2018 222  8 10 0600  -32.5  991.2   14.7  224.6   72.0  444.0
2018 222  8 10 0700  -32.5  989.2   17.7  220.3   68.6  444.0
2018 222  8 10 0800  -32.6  987.7   17.5  210.4   67.7  444.0
2018 222  8 10 0900  -32.7  988.5   12.7  210.6   55.2  444.0
2018 222  8 10 1000  -32.8  987.9   15.7  204.3   50.0  444.0
2018 222  8 10 1100  -32.7  987.3   16.6  204.9   53.3  444.0
2018 222  8 10 1200  -32.8  986.6   17.9  203.5   53.9  444.0
2018 222  8 10 1300  -32.7  986.5   18.1  202.4   55.1  444.0
2018 222  8 10 1400  -32.9  985.7   16.4  217.4   64.8  444.0
2018 222  8 10 1500  -32.9  984.9   17.9  204.6   59.7  444.0
2018 222  8 10 1600  -32.9  984.8   16.3  226.3   74.4  444.0
2018 222  8 10 1700  -32.9  983.9   13.8  223.6   78.7  444.0
2018 222  8 10 1800  -32.7  983.2   12.2  233.4   77.3  444.0
2018 222  8 10 1900  -32.8  982.3   10.5  218.8   80.8  444.0
2018 222  8 10 2000  -32.9  979.9   16.8  202.7   86.5  444.0
2018 222  8 10 2100  -32.9  977.5   18.2  203.9   90.6  444.0
2018 222  8 10 2200  -33.1  976.5   21.7  199.1   90.5  444.0
2018 222  8 10 2300  -33.0  974.2   24.2  194.5   56.2  444.0
2018 223  8 11 0000  -33.0  977.3   17.4  178.5   57.5  444.0
2018 223  8 11 0100  -32.6  979.2    1.8   16.3   64.9  444.0
2018 223  8 11 0200  -32.6  980.0    9.5   29.1   76.4  444.0
2018 223  8 11 0300  -32.3  981.5    7.9   25.7   79.1  444.0
2018 223  8 11 0400  -32.1  981.1    6.9   28.8   80.6  444.0
2018 223  8 11 0500  -32.1  981.4    8.9   35.9   82.6  444.0
2018 223  8 11 0600  -32.0  981.3    9.9   48.5   82.8  444.0
2018 223  8 11 0700  -31.9  981.4   10.1   37.4   83.3  444.0
2018 223  8 11 0800  -32.0  980.1   13.2   39.2   82.8  444.0
2018 223  8 11 0900  -31.9  981.5   14.7   29.7   82.6  444.0
2018 223  8 11 1000  -32.0  983.5    8.1   40.4   82.0  444.0
2018 223  8 11 1100  -32.1  983.7    5.1   33.9   82.2  444.0
2018 223  8 11 1200  -31.9  983.0    6.5   43.9   83.3  444.0
2018 223  8 11 1300  -32.0  982.8    8.8   43.0   81.7  444.0
2018 223  8 11 1400  -31.8  983.2    5.3   48.7   81.6  444.0
2018 223  8 11 1500  -32.0  983.6   10.2   48.9   81.1  444.0
2018 223  8 11 1600  -32.0  984.6    7.7   41.6   83.4  444.0
2018 223  8 11 1700  -31.8  984.9    5.6   61.6   83.4  444.0
2018 223  8 11 1800  -31.9  985.3    2.9   50.6   79.1  444.0
2018 223  8 11 1900  -32.0  985.5    2.9  306.3   80.2  444.0
2018 223  8 11 2000  -32.0  985.9    2.3  357.5   81.4  444.0
2018 223  8 11 2100  -31.9  986.0    2.4   67.8   80.6  444.0
2018 223  8 11 2200  -32.0  986.0    0.8  305.7   79.5  444.0
2018 223  8 11 2300  -32.0  986.2    2.3  303.9   81.5  444.0
2018 224  8 12 0000  -32.0  985.7    1.3  104.2   82.1  444.0
2018 224  8 12 0100  -32.0  985.4    3.1   70.9   82.5  444.0
2018 224  8 12 0200  -32.1  985.9    3.9   53.6   82.5  444.0
2018 224  8 12 0300  -31.9  985.6    1.3   97.1   82.4  444.0
2018 224  8 12 0400  -31.7  985.0    0.8  126.1   82.2  444.0
2018 224  8 12 0500  -31.7  984.8    0.7  178.3   82.8  444.0
2018 224  8 12 0600  -31.9  984.5    1.2  207.7   80.6  444.0
2018 224  8 12 0700  -31.7  983.9    3.7  193.8   77.5  444.0
2018 224  8 12 0800  -31.5  983.2    2.6  194.0   74.5  444.0
2018 224  8 12 0900  -31.4  982.7    1.4  138.4   74.6  444.0
2018 224  8 12 1000  -31.5  982.2    0.6  252.9   76.8  444.0
2018 224  8 12 1100  -31.7  981.6    0.1  136.3   79.5  444.0
2018 224  8 12 1200  -32.0  980.9    4.3   55.9   81.3  444.0
2018 224  8 12 1300  -32.2  980.0    5.5   30.5   82.1  444.0
2018 224  8 12 1400  -31.9  979.2    5.0   26.2   82.1  444.0
2018 224  8 12 1500  -31.5  979.3    3.6  193.4   82.3  444.0
2018 224  8 12 1600  -31.9  979.1    2.6  187.8   79.0  444.0
2018 224  8 12 1700  -31.6  979.7    3.2  187.9   63.1  444.0
2018 224  8 12 1800  -31.2  979.8    0.8   33.1   76.2  444.0
2018 224  8 12 1900  -31.2  979.7    2.7  163.9   63.6  444.0
2018 224  8 12 2000  -31.2  979.1    3.1   78.9   62.2  444.0
2018 224  8 12 2100  -31.4  979.5    0.4   90.3   68.0  444.0
2018 224  8 12 2200  -31.3  980.2    2.7  199.7   58.2  444.0
2018 224  8 12 2300  -31.5  980.7    0.9   84.1   73.2  444.0
2018 225  8 13 0000  -31.8  980.1    3.6   36.6   76.5  444.0
2018 225  8 13 0100  -31.0  980.5    0.8  359.6   62.7  444.0
2018 225  8 13 0200  -31.7  981.5    3.6   45.5   75.6  444.0
2018 225  8 13 0300  -31.7  981.8    3.0   45.8   72.5  444.0
2018 225  8 13 0400  -32.0  982.5    2.2   85.3   74.3  444.0
2018 225  8 13 0500  -31.7  983.1    2.6  100.2   71.3  444.0
2018 225  8 13 0600  -31.3  983.6    1.7  107.0   67.2  444.0
2018 225  8 13 0700  -31.4  983.7    4.0  145.6   61.4  444.0
2018 225  8 13 0800  -31.1  984.3    1.5  192.8   59.8  444.0
2018 225  8 13 0900  -31.7  984.1    3.4  100.1   62.5  444.0
2018 225  8 13 1000  -32.0  984.2    3.2  131.2   70.2  444.0
2018 225  8 13 1100  -31.7  984.2    4.2  124.4   69.9  444.0
2018 225  8 13 1200  -31.4  984.0    2.3  148.0   65.5  444.0
2018 225  8 13 1300  -31.5  983.7    3.4  191.0   60.1  444.0
2018 225  8 13 1400  -31.2  983.4    3.8  171.2   45.3  444.0
2018 225  8 13 1500  -31.4  983.3    4.2  108.8   39.6  444.0
2018 225  8 13 1600  -30.9  982.8    7.2   55.9   37.6  444.0
2018 225  8 13 1700  -31.8  983.5    4.5  118.6   41.9  444.0
2018 225  8 13 1800  -32.3  985.4    4.1  185.9   65.7  444.0
2018 225  8 13 1900  -32.4  985.9    0.8   70.0   65.3  444.0
2018 225  8 13 2000  -31.8  985.3    6.5   74.8   56.2  444.0
2018 225  8 13 2100  -31.6  985.5    6.2  168.9   56.7  444.0
2018 225  8 13 2200  -31.6  985.5    5.0  182.2   53.9  444.0
2018 225  8 13 2300  -31.7  985.2    2.6   58.7   67.4  444.0
2018 226  8 14 0000  -31.5  981.7   14.3  210.5   70.7  444.0
2018 226  8 14 0100  -32.1  983.6    5.2  120.8   38.2  444.0
2018 226  8 14 0200  -32.4  984.0    2.1  119.3   42.6  444.0
2018 226  8 14 0300  -33.1  983.4   12.5  213.0   61.5  444.0
2018 226  8 14 0400  -32.5  983.3   13.6  246.1   79.8  444.0
2018 226  8 14 0500  -31.1  984.0    2.0   50.6   76.3  444.0
2018 226  8 14 0600  -32.2  984.7    3.1  333.9   56.4  444.0
2018 226  8 14 0700  -31.2  981.5    4.6  158.7   46.0  444.0
2018 226  8 14 0800  -32.9  981.1   18.8  217.8   65.7  444.0
2018 226  8 14 0900  -32.9  982.3   16.3  194.9   41.2  444.0
2018 226  8 14 1000  -32.3  984.9    5.7   99.4   54.1  444.0
2018 226  8 14 1100  -32.7  982.1   21.8  201.1   47.2  444.0
2018 226  8 14 1200  -31.6  986.9    3.1  165.6   41.2  444.0
2018 226  8 14 1300  -32.2  988.5    5.0   56.9   64.3  444.0
2018 226  8 14 1400  -31.5  987.5   11.1  200.6   48.7  444.0
2018 226  8 14 1500  -32.5  987.9   13.2  204.4   47.4  444.0
2018 226  8 14 1600  -31.3  989.1    7.6  201.9   55.4  444.0
2018 226  8 14 1700  -31.5  989.7    3.8  156.1   52.1  444.0
2018 226  8 14 1800  -32.1  991.2    5.6   98.1   58.6  444.0
2018 226  8 14 1900  -32.4  990.5   12.2  200.8   54.0  444.0
2018 226  8 14 2000  -32.1  991.6    8.9   72.4   57.8  444.0
2018 226  8 14 2100  -32.0  991.1    3.3   21.7   62.8  444.0
2018 226  8 14 2200  -32.0  992.5    6.0  179.9   44.3  444.0
2018 226  8 14 2300  -32.5  992.1   14.2  206.3   51.1  444.0
2018 227  8 15 0000  -32.5  994.8    4.0  164.9   48.2  444.0
2018 227  8 15 0100  -32.4  993.8   16.9  201.5   58.0  444.0
2018 227  8 15 0200  -31.6  995.3    8.2   15.2   72.3  444.0
2018 227  8 15 0300  -31.5  995.3   14.0  226.9   61.3  444.0
2018 227  8 15 0400  -32.1  995.5   12.7  203.6   46.5  444.0
2018 227  8 15 0500  -32.2  995.9   15.9  216.5   57.4  444.0
2018 227  8 15 0600  -32.6  998.6    3.5  258.5   73.8  444.0
2018 227  8 15 0700  -32.1  998.2    8.3  218.7   71.7  444.0
2018 227  8 15 0800  -31.8  999.1    2.3   19.2   78.0  444.0
2018 227  8 15 0900  -31.6 1000.0    2.3   45.5   78.7  444.0
2018 227  8 15 1000  -31.6 1000.6    3.7   41.0   79.6  444.0
2018 227  8 15 1100  -31.7 1001.2    4.7   35.6   79.1  444.0
2018 227  8 15 1200  -31.6 1001.5    4.5   35.6   78.7  444.0
2018 227  8 15 1300  -31.8 1002.5    4.8   40.7   79.9  444.0
2018 227  8 15 1400  -31.7 1003.0    4.5   48.6   80.7  444.0
2018 227  8 15 1500  -31.7 1003.4    4.5   48.5   81.7  444.0
2018 227  8 15 1600  -31.9 1003.5    5.5   44.1   83.1  444.0
2018 227  8 15 1700  -31.9 1003.8    4.5   40.0   84.1  444.0
2018 227  8 15 1800  -31.7 1003.9    1.9   49.1   83.8  444.0
2018 227  8 15 1900  -31.5 1003.6    1.6   55.6   83.1  444.0
2018 227  8 15 2000  -31.5 1003.9    0.2   20.7   83.8  444.0
2018 227  8 15 2100  -31.8 1004.0    2.5  118.0   85.4  444.0
2018 227  8 15 2200  -31.8 1004.1    1.2   64.0   86.0  444.0
2018 227  8 15 2300  -32.0 1004.7    1.3  111.6   86.0  444.0
2018 228  8 16 0000  -31.7 1004.5    1.3  168.4   86.2  444.0
2018 228  8 16 0100  -31.5 1004.1    0.5  163.8   87.1  444.0
2018 228  8 16 0200  -31.8 1003.9    0.9  187.3   87.8  444.0
2018 228  8 16 0300  -31.8 1003.9    1.2   93.4   88.2  444.0
2018 228  8 16 0400  -31.6 1004.0    1.2  172.3   88.5  444.0
2018 228  8 16 0500  -31.8 1003.6    1.4   85.9   88.5  444.0
2018 228  8 16 0600  -31.9 1003.6    1.5   49.4   88.2  444.0
2018 228  8 16 0700  -31.6 1003.4    3.2   43.4   84.5  444.0
2018 228  8 16 0800  -31.4 1003.3    3.2   48.1   79.6  444.0
2018 228  8 16 0900  -30.8 1003.2    2.0   63.9   69.7  444.0
2018 228  8 16 1000  -30.8 1002.8    3.8   61.7   65.0  444.0
2018 228  8 16 1100  -31.4 1002.7    3.7   63.0   72.2  444.0
2018 228  8 16 1200  -31.9 1002.3    4.7   43.7   68.3  444.0
2018 228  8 16 1300  -31.9 1002.0    3.6   36.6   52.8  444.0
2018 228  8 16 1400  -31.9 1001.9    5.0   37.7   54.3  444.0
2018 228  8 16 1500  -31.3 1001.5    5.2   85.4   44.6  444.0
2018 228  8 16 1600  -30.6 1001.1    3.1  105.6   33.2  444.0
2018 228  8 16 1700  -32.6 1000.8    3.4   43.4   33.1  444.0
2018 228  8 16 1800  -33.4 1000.1    3.6   39.9   52.5  444.0
2018 228  8 16 1900  -32.0  999.2    4.4   39.6   58.7  444.0
2018 228  8 16 2000  -31.4  999.0    5.3   66.1   43.8  444.0
2018 228  8 16 2100  -32.1  998.4    4.5   41.4   38.5  444.0
2018 228  8 16 2200  -33.8  997.7    5.7   34.2   42.2  444.0
2018 228  8 16 2300  -33.2  997.4    4.5   36.1   36.1  444.0
2018 229  8 17 0000  -32.3  996.7    6.1   49.6   53.9  444.0
2018 229  8 17 0100  -31.4  996.1    2.4  108.8   44.7  444.0
2018 229  8 17 0200  -32.1  995.6    3.1   43.0   70.1  444.0
2018 229  8 17 0300  -31.8  994.3    1.0  172.7   69.4  444.0
2018 229  8 17 0400  -31.5  993.9    6.0  201.9   30.7  444.0
2018 229  8 17 0500  -31.4  993.2    2.8  198.8   32.0  444.0
2018 229  8 17 0600  -32.2  993.2    2.6  191.1   54.6  444.0
2018 229  8 17 0700  -30.9  993.5    2.3  151.9   69.1  444.0
2018 229  8 17 0800  -32.1  993.6    2.9   67.5   75.4  444.0
2018 229  8 17 0900  -30.4  993.9    1.7  148.0   76.9  444.0
2018 229  8 17 1000  -31.9  993.6    3.7   42.4   75.5  444.0
2018 229  8 17 1100  -31.4  993.5    3.2   47.7   73.6  444.0
2018 229  8 17 1200  -31.7  994.6    1.3  194.5   70.5  444.0
2018 229  8 17 1300  -32.1  995.7    4.6  202.1   68.7  444.0
2018 229  8 17 1400  -31.5  996.7    2.6   66.9   76.4  444.0
2018 229  8 17 1500  -31.5  997.2    0.3   90.7   79.0  444.0
2018 229  8 17 1600  -31.6  997.6    1.4  168.1   80.6  444.0
2018 229  8 17 1700  -31.7  997.5    2.8   94.6   81.7  444.0
2018 229  8 17 1800  -31.3  997.7    2.6   67.8   68.8  444.0
2018 229  8 17 1900  -31.4  997.9    2.6   97.0   63.1  444.0
2018 229  8 17 2000  -31.6  998.2    2.5  124.1   63.5  444.0
2018 229  8 17 2100  -31.5  998.4    3.1  115.0   61.5  444.0
2018 229  8 17 2200  -31.2  998.7    1.0   53.4   53.4  444.0
2018 229  8 17 2300  -31.2  998.9    2.9  110.3   50.3  444.0
2018 230  8 18 0000  -31.4  998.8    2.4   99.3   48.4  444.0
2018 230  8 18 0100  -31.4  998.4    2.6   67.9   56.6  444.0
2018 230  8 18 0200  -31.3  998.9    1.3   88.8   64.9  444.0
2018 230  8 18 0300  -31.2  998.7    1.3  148.7   69.8  444.0
2018 230  8 18 0400  -31.2  998.8    1.3   88.8   74.3  444.0
2018 230  8 18 0500  -31.7  998.7    2.5   69.6   77.5  444.0
2018 230  8 18 0600  -31.5  998.6    1.8  127.9   80.9  444.0
2018 230  8 18 0700  -31.1  998.4    1.1  170.7   82.5  444.0
2018 230  8 18 0800  -31.0  998.3    3.5   57.8   84.2  444.0
2018 230  8 18 0900  -31.2  998.4    2.7   56.6   83.4  444.0
2018 230  8 18 1000  -31.8  998.3    2.2   55.7   79.1  444.0
2018 230  8 18 1100  -31.9  997.7    2.5   45.0   79.8  444.0
2018 230  8 18 1200  -31.2  997.8    0.5   62.7   81.2  444.0
2018 230  8 18 1300  -31.0  996.8    2.4   68.2   81.5  444.0
2018 230  8 18 1400  -31.3  996.4    3.5   41.8   76.3  444.0
2018 230  8 18 1500  -30.7  995.6    2.2   62.8   69.5  444.0
2018 230  8 18 1600  -31.6  994.8    2.9   39.6   72.5  444.0
2018 230  8 18 1700  -30.8  994.1    1.0   53.7   71.8  444.0
2018 230  8 18 1800  -29.5  993.5    1.3  179.8   55.6  444.0
2018 230  8 18 1900  -33.5  993.3    1.3   43.7   58.9  444.0
2018 230  8 18 2000  -33.1  993.4    2.8   51.5   74.0  444.0
2018 230  8 18 2100  -29.5  992.4    3.2   58.6   49.8  444.0
2018 230  8 18 2200  -31.4  992.6    2.2  200.7   61.1  444.0
2018 230  8 18 2300  -31.7  992.8    3.3  202.3   67.6  444.0
2018 231  8 19 0000  -31.8  992.5    1.0   69.2   68.0  444.0
2018 231  8 19 0100  -31.9  992.8    1.7   43.5   73.1  444.0
2018 231  8 19 0200  -31.7  992.5    0.6   81.2   76.4  444.0
2018 231  8 19 0300  -31.6  992.4    1.6  184.0   78.8  444.0
2018 231  8 19 0400  -31.7  991.7    1.0  136.8   80.1  444.0
2018 231  8 19 0500  -31.8  991.5    2.9   64.1   80.8  444.0
2018 231  8 19 0600  -32.1  990.8    2.8   42.4   80.0  444.0
2018 231  8 19 0700  -32.1  989.7    2.0   41.8   75.0  444.0
2018 231  8 19 0800  -32.2  989.3    0.1   93.0   76.2  444.0
2018 231  8 19 0900  -32.1  987.4    2.3  164.6   77.5  444.0
2018 231  8 19 1000  -32.3  986.2    5.0  196.7   77.5  444.0
2018 231  8 19 1100  -31.7  985.0    2.6  199.8   78.0  444.0
2018 231  8 19 1200  -31.8  984.5    1.6  202.3   79.1  444.0
2018 231  8 19 1300  -32.1  984.2    2.7   62.3   80.0  444.0
2018 231  8 19 1400  -31.9  984.1    2.1   73.8   80.1  444.0
2018 231  8 19 1500  -32.3  983.8    3.0   30.8   75.4  444.0
2018 231  8 19 1600  -31.9  983.7    4.1   59.1   74.3  444.0
2018 231  8 19 1700  -32.3  983.6    1.8   47.7   70.5  444.0
2018 231  8 19 1800  -31.7  983.6    1.9  171.3   73.8  444.0
2018 231  8 19 1900  -31.9  983.5    1.8  133.9   75.2  444.0
2018 231  8 19 2000  -31.9  983.8    2.2  130.9   74.7  444.0
2018 231  8 19 2100  -32.2  983.9    2.1   77.1   73.9  444.0
2018 231  8 19 2200  -32.3  983.7    3.4   66.3   76.2  444.0
2018 231  8 19 2300  -32.4  983.8    1.0  110.5   78.7  444.0
2018 232  8 20 0000  -32.7  983.7    4.5  178.0   79.4  444.0
2018 232  8 20 0100  -32.5  983.5    3.4  161.5   78.3  444.0
2018 232  8 20 0200  -32.6  983.3    4.3  171.9   76.4  444.0
2018 232  8 20 0300  -32.8  983.2    2.6  189.7   75.3  444.0
2018 232  8 20 0400  -32.8  983.2    3.4  176.5   77.6  444.0
2018 232  8 20 0500  -32.7  982.7    2.0  179.6   77.2  444.0
2018 232  8 20 0600  -33.2  982.5    3.5  177.8   77.7  444.0
2018 232  8 20 0700  -33.5  982.7    1.0  269.1   76.8  444.0
2018 232  8 20 0800  -33.5  982.4    1.4   77.9   77.9  444.0
2018 232  8 20 0900  -27.7  982.8    1.1  159.2   77.7  444.0
2018 232  8 20 1000  -28.0  983.0    1.5  136.8   77.3  444.0
2018 232  8 20 1100  -28.2  982.8    1.6   84.5   77.0  444.0
2018 232  8 20 1200  -28.3  983.3    0.6  116.9   76.1  444.0
2018 232  8 20 1300  -28.3  982.9    2.8  167.1   74.9  444.0
2018 232  8 20 1400  -28.2  983.2    2.0  137.9   74.0  444.0
2018 232  8 20 1500  -28.2  983.0    2.7  172.4   73.9  444.0
2018 232  8 20 1600  -27.9  983.1    3.7  184.4   71.6  444.0
2018 232  8 20 1700  -27.6  983.2    2.5  168.2   69.5  444.0
2018 232  8 20 1800  -27.9  983.6    3.0  172.9   68.7  444.0
2018 232  8 20 1900  -27.9  983.6    6.1  205.9   72.6  444.0
2018 232  8 20 2000  -27.8  983.6    9.5  220.4   71.8  444.0
2018 232  8 20 2100  -27.8  984.3    7.3  209.4   72.7  444.0
2018 232  8 20 2200  -27.5  984.7    6.1  217.7   70.9  444.0
2018 232  8 20 2300  -27.7  985.0    3.9  169.2   68.4  444.0
2018 233  8 21 0000  -27.5  985.0    3.7  152.7   61.5  444.0
2018 233  8 21 0100  -27.3  984.9    2.4  155.1   59.9  444.0
2018 233  8 21 0200  -27.2  985.0    3.1  156.0   58.4  444.0
2018 233  8 21 0300  -27.4  985.1    2.2  160.2   56.3  444.0
2018 233  8 21 0400  -27.2  985.1    2.8  120.4   53.7  444.0
2018 233  8 21 0500  -27.1  985.4    2.2  169.3   55.4  444.0
2018 233  8 21 0600  -27.4  985.8    3.5  168.2   64.8  444.0
2018 233  8 21 0700  -27.6  986.3    3.7  178.0   70.0  444.0
2018 233  8 21 0800  -27.6  986.7    2.5  155.8   72.6  444.0
2018 233  8 21 0900  -27.6  987.0    2.6  174.6   72.9  444.0
2018 233  8 21 1000  -27.6  987.4    2.7  175.0   72.8  444.0
2018 233  8 21 1100  -27.6  987.8    2.7  178.2   71.7  444.0
2018 233  8 21 1200  -27.5  988.2    2.0  140.7   71.6  444.0
2018 233  8 21 1300  -27.6  988.9    1.8   97.4   71.7  444.0
2018 233  8 21 1400  -27.2  989.3    0.9  144.0   72.7  444.0
2018 233  8 21 1500  -27.3  989.7    1.0   70.4   73.0  444.0
2018 233  8 21 1600  -28.0  989.8    2.8   48.5   71.5  444.0
2018 233  8 21 1700  -28.2  990.0    3.1   59.3   71.1  444.0
2018 233  8 21 1800  -28.2  990.2    3.2   61.3   70.1  444.0
2018 233  8 21 1900  -28.4  990.6    3.9   62.1   69.3  444.0
2018 233  8 21 2000  -28.7  991.3    3.2   54.2   70.8  444.0
2018 233  8 21 2100  -30.5  991.7    4.7   33.6   71.8  444.0
2018 233  8 21 2200  -31.2  992.1    5.0   35.0   71.2  444.0
2018 233  8 21 2300  -31.7  992.5    2.4   47.5   70.8  444.0
2018 234  8 22 0000  -32.3  992.8    4.9   40.3   70.0  444.0
2018 234  8 22 0100  -33.0  993.3    4.1   36.6   68.7  444.0
2018 234  8 22 0200  -32.8  993.7    3.8   42.4   69.3  444.0
2018 234  8 22 0300  -33.1  994.0    3.1   39.3   69.1  444.0
2018 234  8 22 0400  -33.1  994.2    2.2   46.2   68.0  444.0
2018 234  8 22 0500  -33.0  994.5    2.7   44.6   66.3  444.0
2018 234  8 22 0600  -32.7  994.9    1.3   75.6   66.2  444.0
2018 234  8 22 0700  -32.3  994.9    1.2  183.5   65.2  444.0
2018 234  8 22 0800  -32.3  995.3    2.3  143.0   66.0  444.0
2018 234  8 22 0900  -33.0  995.7    2.7  134.8   66.0  444.0
2018 234  8 22 1000  -32.6  996.0    2.9  140.4   66.0  444.0
2018 234  8 22 1100  -32.1  995.9    2.4  160.9   69.0  444.0
2018 234  8 22 1200  -32.1  995.6    2.4  163.7   69.0  444.0
2018 234  8 22 1300  444.0  444.0  444.0  444.0  444.0  444.0
2018 234  8 22 1400  444.0  444.0  444.0  444.0  444.0  444.0
2018 234  8 22 1500  444.0  444.0  444.0  444.0  444.0  444.0
2018 234  8 22 1600  444.0  444.0  444.0  444.0  444.0  444.0
2018 234  8 22 1700  444.0  444.0  444.0  444.0  444.0  444.0
2018 234  8 22 1800  444.0  444.0  444.0  444.0  444.0  444.0
2018 234  8 22 1900  444.0  444.0  444.0  444.0  444.0  444.0
2018 234  8 22 2000  444.0  444.0  444.0  444.0  444.0  444.0
2018 234  8 22 2100  444.0  444.0  444.0  444.0  444.0  444.0
2018 234  8 22 2200  444.0  444.0  444.0  444.0  444.0  444.0
2018 234  8 22 2300  444.0  444.0  444.0  444.0  444.0  444.0
2018 235  8 23 0000  444.0  444.0  444.0  444.0  444.0  444.0
2018 235  8 23 0100  444.0  444.0  444.0  444.0  444.0  444.0
2018 235  8 23 0200  444.0  444.0  444.0  444.0  444.0  444.0
2018 235  8 23 0300  444.0  444.0  444.0  444.0  444.0  444.0
2018 235  8 23 0400  444.0  444.0  444.0  444.0  444.0  444.0
2018 235  8 23 0500  444.0  444.0  444.0  444.0  444.0  444.0
2018 235  8 23 0600  444.0  444.0  444.0  444.0  444.0  444.0
2018 235  8 23 0700  444.0  444.0  444.0  444.0  444.0  444.0
2018 235  8 23 0800  444.0  444.0  444.0  444.0  444.0  444.0
2018 235  8 23 0900  444.0  444.0  444.0  444.0  444.0  444.0
2018 235  8 23 1000  444.0  444.0  444.0  444.0  444.0  444.0
2018 235  8 23 1100  444.0  444.0  444.0  444.0  444.0  444.0
2018 235  8 23 1200  444.0  444.0  444.0  444.0  444.0  444.0
2018 235  8 23 1300  444.0  444.0  444.0  444.0  444.0  444.0
2018 235  8 23 1400  444.0  444.0  444.0  444.0  444.0  444.0
2018 235  8 23 1500  444.0  444.0  444.0  444.0  444.0  444.0
2018 235  8 23 1600  444.0  444.0  444.0  444.0  444.0  444.0
2018 235  8 23 1700  444.0  444.0  444.0  444.0  444.0  444.0
2018 235  8 23 1800  444.0  444.0  444.0  444.0  444.0  444.0
2018 235  8 23 1900  444.0  444.0  444.0  444.0  444.0  444.0
2018 235  8 23 2000  444.0  444.0  444.0  444.0  444.0  444.0
2018 235  8 23 2100  444.0  444.0  444.0  444.0  444.0  444.0
2018 235  8 23 2200  444.0  444.0  444.0  444.0  444.0  444.0
2018 235  8 23 2300  444.0  444.0  444.0  444.0  444.0  444.0
2018 236  8 24 0000  444.0  444.0  444.0  444.0  444.0  444.0
2018 236  8 24 0100  444.0  444.0  444.0  444.0  444.0  444.0
2018 236  8 24 0200  444.0  444.0  444.0  444.0  444.0  444.0
2018 236  8 24 0300  444.0  444.0  444.0  444.0  444.0  444.0
2018 236  8 24 0400  444.0  444.0  444.0  444.0  444.0  444.0
2018 236  8 24 0500  444.0  444.0  444.0  444.0  444.0  444.0
2018 236  8 24 0600  444.0  444.0  444.0  444.0  444.0  444.0
2018 236  8 24 0700  444.0  444.0  444.0  444.0  444.0  444.0
2018 236  8 24 0800  444.0  444.0  444.0  444.0  444.0  444.0
2018 236  8 24 0900  444.0  444.0  444.0  444.0  444.0  444.0
2018 236  8 24 1000  444.0  444.0  444.0  444.0  444.0  444.0
2018 236  8 24 1100  444.0  444.0  444.0  444.0  444.0  444.0
2018 236  8 24 1200  444.0  444.0  444.0  444.0  444.0  444.0
2018 236  8 24 1300  444.0  444.0  444.0  444.0  444.0  444.0
2018 236  8 24 1400  444.0  444.0  444.0  444.0  444.0  444.0
2018 236  8 24 1500  444.0  444.0  444.0  444.0  444.0  444.0
2018 236  8 24 1600  444.0  444.0  444.0  444.0  444.0  444.0
2018 236  8 24 1700  444.0  444.0  444.0  444.0  444.0  444.0
2018 236  8 24 1800  444.0  444.0  444.0  444.0  444.0  444.0
2018 236  8 24 1900  444.0  444.0  444.0  444.0  444.0  444.0
2018 236  8 24 2000  444.0  444.0  444.0  444.0  444.0  444.0
2018 236  8 24 2100  444.0  444.0  444.0  444.0  444.0  444.0
2018 236  8 24 2200  444.0  444.0  444.0  444.0  444.0  444.0
2018 236  8 24 2300  444.0  444.0  444.0  444.0  444.0  444.0
2018 237  8 25 0000  444.0  444.0  444.0  444.0  444.0  444.0
2018 237  8 25 0100  444.0  444.0  444.0  444.0  444.0  444.0
2018 237  8 25 0200  444.0  444.0  444.0  444.0  444.0  444.0
2018 237  8 25 0300  444.0  444.0  444.0  444.0  444.0  444.0
2018 237  8 25 0400  444.0  444.0  444.0  444.0  444.0  444.0
2018 237  8 25 0500  444.0  444.0  444.0  444.0  444.0  444.0
2018 237  8 25 0600  444.0  444.0  444.0  444.0  444.0  444.0
2018 237  8 25 0700  444.0  444.0  444.0  444.0  444.0  444.0
2018 237  8 25 0800  444.0  444.0  444.0  444.0  444.0  444.0
2018 237  8 25 0900  444.0  444.0  444.0  444.0  444.0  444.0
2018 237  8 25 1000  444.0  444.0  444.0  444.0  444.0  444.0
2018 237  8 25 1100  444.0  444.0  444.0  444.0  444.0  444.0
2018 237  8 25 1200  444.0  444.0  444.0  444.0  444.0  444.0
2018 237  8 25 1300  444.0  444.0  444.0  444.0  444.0  444.0
2018 237  8 25 1400  444.0  444.0  444.0  444.0  444.0  444.0
2018 237  8 25 1500  444.0  444.0  444.0  444.0  444.0  444.0
2018 237  8 25 1600  444.0  444.0  444.0  444.0  444.0  444.0
2018 237  8 25 1700  444.0  444.0  444.0  444.0  444.0  444.0
2018 237  8 25 1800  444.0  444.0  444.0  444.0  444.0  444.0
2018 237  8 25 1900  444.0  444.0  444.0  444.0  444.0  444.0
2018 237  8 25 2000  444.0  444.0  444.0  444.0  444.0  444.0
2018 237  8 25 2100  444.0  444.0  444.0  444.0  444.0  444.0
2018 237  8 25 2200  444.0  444.0  444.0  444.0  444.0  444.0
2018 237  8 25 2300  444.0  444.0  444.0  444.0  444.0  444.0
2018 238  8 26 0000  444.0  444.0  444.0  444.0  444.0  444.0
2018 238  8 26 0100  444.0  444.0  444.0  444.0  444.0  444.0
2018 238  8 26 0200  444.0  444.0  444.0  444.0  444.0  444.0
2018 238  8 26 0300  444.0  444.0  444.0  444.0  444.0  444.0
2018 238  8 26 0400  444.0  444.0  444.0  444.0  444.0  444.0
2018 238  8 26 0500  444.0  444.0  444.0  444.0  444.0  444.0
2018 238  8 26 0600  444.0  444.0  444.0  444.0  444.0  444.0
2018 238  8 26 0700  444.0  444.0  444.0  444.0  444.0  444.0
2018 238  8 26 0800  444.0  444.0  444.0  444.0  444.0  444.0
2018 238  8 26 0900  444.0  444.0  444.0  444.0  444.0  444.0
2018 238  8 26 1000  444.0  444.0  444.0  444.0  444.0  444.0
2018 238  8 26 1100  444.0  444.0  444.0  444.0  444.0  444.0
2018 238  8 26 1200  444.0  444.0  444.0  444.0  444.0  444.0
2018 238  8 26 1300  444.0  444.0  444.0  444.0  444.0  444.0
2018 238  8 26 1400  444.0  444.0  444.0  444.0  444.0  444.0
2018 238  8 26 1500  444.0  444.0  444.0  444.0  444.0  444.0
2018 238  8 26 1600  444.0  444.0  444.0  444.0  444.0  444.0
2018 238  8 26 1700  444.0  444.0  444.0  444.0  444.0  444.0
2018 238  8 26 1800  444.0  444.0  444.0  444.0  444.0  444.0
2018 238  8 26 1900  444.0  444.0  444.0  444.0  444.0  444.0
2018 238  8 26 2000  444.0  444.0  444.0  444.0  444.0  444.0
2018 238  8 26 2100  444.0  444.0  444.0  444.0  444.0  444.0
2018 238  8 26 2200  444.0  444.0  444.0  444.0  444.0  444.0
2018 238  8 26 2300  444.0  444.0  444.0  444.0  444.0  444.0
2018 239  8 27 0000  444.0  444.0  444.0  444.0  444.0  444.0
2018 239  8 27 0100  444.0  444.0  444.0  444.0  444.0  444.0
2018 239  8 27 0200  444.0  444.0  444.0  444.0  444.0  444.0
2018 239  8 27 0300  444.0  444.0  444.0  444.0  444.0  444.0
2018 239  8 27 0400  444.0  444.0  444.0  444.0  444.0  444.0
2018 239  8 27 0500  444.0  444.0  444.0  444.0  444.0  444.0
2018 239  8 27 0600  444.0  444.0  444.0  444.0  444.0  444.0
2018 239  8 27 0700  444.0  444.0  444.0  444.0  444.0  444.0
2018 239  8 27 0800  444.0  444.0  444.0  444.0  444.0  444.0
2018 239  8 27 0900  444.0  444.0  444.0  444.0  444.0  444.0
2018 239  8 27 1000  444.0  444.0  444.0  444.0  444.0  444.0
2018 239  8 27 1100  444.0  444.0  444.0  444.0  444.0  444.0
2018 239  8 27 1200  444.0  444.0  444.0  444.0  444.0  444.0
2018 239  8 27 1300  444.0  444.0  444.0  444.0  444.0  444.0
2018 239  8 27 1400  444.0  444.0  444.0  444.0  444.0  444.0
2018 239  8 27 1500  444.0  444.0  444.0  444.0  444.0  444.0
2018 239  8 27 1600  444.0  444.0  444.0  444.0  444.0  444.0
2018 239  8 27 1700  444.0  444.0  444.0  444.0  444.0  444.0
2018 239  8 27 1800  444.0  444.0  444.0  444.0  444.0  444.0
2018 239  8 27 1900  444.0  444.0  444.0  444.0  444.0  444.0
2018 239  8 27 2000  444.0  444.0  444.0  444.0  444.0  444.0
2018 239  8 27 2100  444.0  444.0  444.0  444.0  444.0  444.0
2018 239  8 27 2200  444.0  444.0  444.0  444.0  444.0  444.0
2018 239  8 27 2300  444.0  444.0  444.0  444.0  444.0  444.0
2018 240  8 28 0000  444.0  444.0  444.0  444.0  444.0  444.0
2018 240  8 28 0100  444.0  444.0  444.0  444.0  444.0  444.0
2018 240  8 28 0200  444.0  444.0  444.0  444.0  444.0  444.0
2018 240  8 28 0300  444.0  444.0  444.0  444.0  444.0  444.0
2018 240  8 28 0400  444.0  444.0  444.0  444.0  444.0  444.0
2018 240  8 28 0500  444.0  444.0  444.0  444.0  444.0  444.0
2018 240  8 28 0600  444.0  444.0  444.0  444.0  444.0  444.0
2018 240  8 28 0700  444.0  444.0  444.0  444.0  444.0  444.0
2018 240  8 28 0800  444.0  444.0  444.0  444.0  444.0  444.0
2018 240  8 28 0900  444.0  444.0  444.0  444.0  444.0  444.0
2018 240  8 28 1000  444.0  444.0  444.0  444.0  444.0  444.0
2018 240  8 28 1100  444.0  444.0  444.0  444.0  444.0  444.0
2018 240  8 28 1200  444.0  444.0  444.0  444.0  444.0  444.0
2018 240  8 28 1300  444.0  444.0  444.0  444.0  444.0  444.0
2018 240  8 28 1400  444.0  444.0  444.0  444.0  444.0  444.0
2018 240  8 28 1500  444.0  444.0  444.0  444.0  444.0  444.0
2018 240  8 28 1600  444.0  444.0  444.0  444.0  444.0  444.0
2018 240  8 28 1700  444.0  444.0  444.0  444.0  444.0  444.0
2018 240  8 28 1800  444.0  444.0  444.0  444.0  444.0  444.0
2018 240  8 28 1900  444.0  444.0  444.0  444.0  444.0  444.0
2018 240  8 28 2000  444.0  444.0  444.0  444.0  444.0  444.0
2018 240  8 28 2100  444.0  444.0  444.0  444.0  444.0  444.0
2018 240  8 28 2200  444.0  444.0  444.0  444.0  444.0  444.0
2018 240  8 28 2300  444.0  444.0  444.0  444.0  444.0  444.0
2018 241  8 29 0000  444.0  444.0  444.0  444.0  444.0  444.0
2018 241  8 29 0100  444.0  444.0  444.0  444.0  444.0  444.0
2018 241  8 29 0200  444.0  444.0  444.0  444.0  444.0  444.0
2018 241  8 29 0300  444.0  444.0  444.0  444.0  444.0  444.0
2018 241  8 29 0400  444.0  444.0  444.0  444.0  444.0  444.0
2018 241  8 29 0500  444.0  444.0  444.0  444.0  444.0  444.0
2018 241  8 29 0600  444.0  444.0  444.0  444.0  444.0  444.0
2018 241  8 29 0700  444.0  444.0  444.0  444.0  444.0  444.0
2018 241  8 29 0800  444.0  444.0  444.0  444.0  444.0  444.0
2018 241  8 29 0900  444.0  444.0  444.0  444.0  444.0  444.0
2018 241  8 29 1000  444.0  444.0  444.0  444.0  444.0  444.0
2018 241  8 29 1100  444.0  444.0  444.0  444.0  444.0  444.0
2018 241  8 29 1200  444.0  444.0  444.0  444.0  444.0  444.0
2018 241  8 29 1300  444.0  444.0  444.0  444.0  444.0  444.0
2018 241  8 29 1400  444.0  444.0  444.0  444.0  444.0  444.0
2018 241  8 29 1500  444.0  444.0  444.0  444.0  444.0  444.0
2018 241  8 29 1600  444.0  444.0  444.0  444.0  444.0  444.0
2018 241  8 29 1700  444.0  444.0  444.0  444.0  444.0  444.0
2018 241  8 29 1800  444.0  444.0  444.0  444.0  444.0  444.0
2018 241  8 29 1900  444.0  444.0  444.0  444.0  444.0  444.0
2018 241  8 29 2000  444.0  444.0  444.0  444.0  444.0  444.0
2018 241  8 29 2100  444.0  444.0  444.0  444.0  444.0  444.0
2018 241  8 29 2200  444.0  444.0  444.0  444.0  444.0  444.0
2018 241  8 29 2300  444.0  444.0  444.0  444.0  444.0  444.0
2018 242  8 30 0000  444.0  444.0  444.0  444.0  444.0  444.0
2018 242  8 30 0100  444.0  444.0  444.0  444.0  444.0  444.0
2018 242  8 30 0200  444.0  444.0  444.0  444.0  444.0  444.0
2018 242  8 30 0300  444.0  444.0  444.0  444.0  444.0  444.0
2018 242  8 30 0400  444.0  444.0  444.0  444.0  444.0  444.0
2018 242  8 30 0500  444.0  444.0  444.0  444.0  444.0  444.0
2018 242  8 30 0600  444.0  444.0  444.0  444.0  444.0  444.0
2018 242  8 30 0700  444.0  444.0  444.0  444.0  444.0  444.0
2018 242  8 30 0800  444.0  444.0  444.0  444.0  444.0  444.0
2018 242  8 30 0900  444.0  444.0  444.0  444.0  444.0  444.0
2018 242  8 30 1000  444.0  444.0  444.0  444.0  444.0  444.0
2018 242  8 30 1100  444.0  444.0  444.0  444.0  444.0  444.0
2018 242  8 30 1200  444.0  444.0  444.0  444.0  444.0  444.0
2018 242  8 30 1300  444.0  444.0  444.0  444.0  444.0  444.0
2018 242  8 30 1400  444.0  444.0  444.0  444.0  444.0  444.0
2018 242  8 30 1500  444.0  444.0  444.0  444.0  444.0  444.0
2018 242  8 30 1600  444.0  444.0  444.0  444.0  444.0  444.0
2018 242  8 30 1700  444.0  444.0  444.0  444.0  444.0  444.0
2018 242  8 30 1800  444.0  444.0  444.0  444.0  444.0  444.0
2018 242  8 30 1900  444.0  444.0  444.0  444.0  444.0  444.0
2018 242  8 30 2000  444.0  444.0  444.0  444.0  444.0  444.0
2018 242  8 30 2100  444.0  444.0  444.0  444.0  444.0  444.0
2018 242  8 30 2200  444.0  444.0  444.0  444.0  444.0  444.0
2018 242  8 30 2300  444.0  444.0  444.0  444.0  444.0  444.0
2018 243  8 31 0000  444.0  444.0  444.0  444.0  444.0  444.0
2018 243  8 31 0100  444.0  444.0  444.0  444.0  444.0  444.0
2018 243  8 31 0200  444.0  444.0  444.0  444.0  444.0  444.0
2018 243  8 31 0300  444.0  444.0  444.0  444.0  444.0  444.0
2018 243  8 31 0400  444.0  444.0  444.0  444.0  444.0  444.0
2018 243  8 31 0500  444.0  444.0  444.0  444.0  444.0  444.0
2018 243  8 31 0600  444.0  444.0  444.0  444.0  444.0  444.0
2018 243  8 31 0700  444.0  444.0  444.0  444.0  444.0  444.0
2018 243  8 31 0800  444.0  444.0  444.0  444.0  444.0  444.0
2018 243  8 31 0900  444.0  444.0  444.0  444.0  444.0  444.0
2018 243  8 31 1000  444.0  444.0  444.0  444.0  444.0  444.0
2018 243  8 31 1100  444.0  444.0  444.0  444.0  444.0  444.0
2018 243  8 31 1200  444.0  444.0  444.0  444.0  444.0  444.0
2018 243  8 31 1300  444.0  444.0  444.0  444.0  444.0  444.0
2018 243  8 31 1400  444.0  444.0  444.0  444.0  444.0  444.0
2018 243  8 31 1500  444.0  444.0  444.0  444.0  444.0  444.0
2018 243  8 31 1600  444.0  444.0  444.0  444.0  444.0  444.0
2018 243  8 31 1700  444.0  444.0  444.0  444.0  444.0  444.0
2018 243  8 31 1800  444.0  444.0  444.0  444.0  444.0  444.0
2018 243  8 31 1900  444.0  444.0  444.0  444.0  444.0  444.0
2018 243  8 31 2000  444.0  444.0  444.0  444.0  444.0  444.0
2018 243  8 31 2100  444.0  444.0  444.0  444.0  444.0  444.0
2018 243  8 31 2200  444.0  444.0  444.0  444.0  444.0  444.0
2018 243  8 31 2300  444.0  444.0  444.0  444.0  444.0  444.0
