Year: 2015  Month: 08  ID: CBD  ARGOS: 99504  Name: Cape Bird           
Lat: 77.22S  Lon: 166.44E  Elev:   38m
2015 213  8  1 0000  -25.4  984.2    4.3  161.2   73.4  444.0
2015 213  8  1 0100  -24.8  985.1    3.7  151.2   74.2  444.0
2015 213  8  1 0200  -24.8  985.1    2.5   89.9   74.0  444.0
2015 213  8  1 0300  -25.8  985.3    7.0   76.3   73.0  444.0
2015 213  8  1 0400  -28.0  986.2    6.4   62.8   73.8  444.0
2015 213  8  1 0500  -27.0  987.4    7.5   93.2   54.5  444.0
2015 213  8  1 0600  -26.9  988.0    8.6   97.2   56.4  444.0
2015 213  8  1 0700  -27.1  988.9    9.5   92.9   61.3  444.0
2015 213  8  1 0800  -27.5  990.2    8.3   74.0   70.3  444.0
2015 213  8  1 0900  -26.0  992.1    8.3   84.5   71.6  444.0
2015 213  8  1 1000  -26.6  993.3    7.2   71.1   74.8  444.0
2015 213  8  1 1100  -27.3  994.5    6.9   83.0   76.0  444.0
2015 213  8  1 1200  -27.5  996.1    6.7   76.3   71.8  444.0
2015 213  8  1 1300  -27.8  997.1    6.1   75.4   72.7  444.0
2015 213  8  1 1400  -28.1  997.9    5.8   71.6   72.2  444.0
2015 213  8  1 1500  -27.8  998.7    4.1   71.7   71.0  444.0
2015 213  8  1 1600  -27.8  998.8    4.0   71.3   70.5  444.0
2015 213  8  1 1700  -27.9  998.7    5.5   81.6   69.5  444.0
2015 213  8  1 1800  -27.8  998.3    8.1   86.1   73.0  444.0
2015 213  8  1 1900  -27.5  998.1    6.0   68.3   72.5  444.0
2015 213  8  1 2000  -27.2  998.2    3.4   81.6   68.7  444.0
2015 213  8  1 2100  -27.0  998.2    4.5   77.1   66.9  444.0
2015 213  8  1 2200  -27.8  998.7    2.2   75.1   73.0  444.0
2015 213  8  1 2300  444.0  444.0  444.0  444.0  444.0  444.0
2015 214  8  2 0000  444.0  444.0  444.0  444.0  444.0  444.0
2015 214  8  2 0100  444.0  444.0  444.0  444.0  444.0  444.0
2015 214  8  2 0200  444.0  444.0  444.0  444.0  444.0  444.0
2015 214  8  2 0300  444.0  444.0  444.0  444.0  444.0  444.0
2015 214  8  2 0400  444.0  444.0  444.0  444.0  444.0  444.0
2015 214  8  2 0500  -25.0  997.6    2.3   79.0   37.0  444.0
2015 214  8  2 0600  -24.9  998.0    4.4   78.4   31.3  444.0
2015 214  8  2 0700  -26.1  997.7    5.8   85.8   58.1  444.0
2015 214  8  2 0800  -25.6  997.1    5.8   84.9   45.0  444.0
2015 214  8  2 0900  -25.3  997.2    4.5   75.6   57.0  444.0
2015 214  8  2 1000  -25.2  997.1    8.3   66.6   58.8  444.0
2015 214  8  2 1100  -25.7  997.6    5.9   83.1   64.3  444.0
2015 214  8  2 1200  -25.8  997.7    3.1   92.2   68.4  444.0
2015 214  8  2 1300  -25.5  998.2    0.6  142.6   59.6  444.0
2015 214  8  2 1400  -25.4  997.6    4.5  166.5   68.4  444.0
2015 214  8  2 1500  -25.5  998.3    2.4  114.0   71.0  444.0
2015 214  8  2 1600  -26.1  998.6    3.9  126.5   68.9  444.0
2015 214  8  2 1700  -26.3  998.6    3.4   88.2   71.3  444.0
2015 214  8  2 1800  -26.5  999.7    1.6  102.4   72.3  444.0
2015 214  8  2 1900  -26.1  999.9    1.6  157.4   72.2  444.0
2015 214  8  2 2000  -26.7 1001.1    1.8  209.9   71.5  444.0
2015 214  8  2 2100  -26.2 1000.4    6.8  169.5   74.2  444.0
2015 214  8  2 2200  -26.2 1001.0    6.9  166.2   69.2  444.0
2015 214  8  2 2300  -26.4 1002.2    7.0   80.2   62.9  444.0
2015 215  8  3 0000  -26.1 1003.7    2.9  150.3   70.8  444.0
2015 215  8  3 0100  -26.3 1004.5    3.5  148.1   73.7  444.0
2015 215  8  3 0200  -26.5 1003.9    4.5  150.3   72.3  444.0
2015 215  8  3 0300  -26.5 1005.5    2.9  139.2   74.0  444.0
2015 215  8  3 0400  -26.2 1006.6    2.0  158.3   74.2  444.0
2015 215  8  3 0500  -26.3 1006.7    1.8  150.4   73.1  444.0
2015 215  8  3 0600  -26.2 1006.8    3.2  143.3   72.0  444.0
2015 215  8  3 0700  -26.1 1007.2    3.4  148.2   73.7  444.0
2015 215  8  3 0800  -25.9 1007.7    2.2  128.3   71.7  444.0
2015 215  8  3 0900  -25.6 1008.4    1.8  135.4   69.1  444.0
2015 215  8  3 1000  -25.7 1008.5    3.0  156.5   74.8  444.0
2015 215  8  3 1100  -25.6 1008.3    3.4  150.0   72.4  444.0
2015 215  8  3 1200  -25.5 1008.1    4.0  159.9   73.1  444.0
2015 215  8  3 1300  -25.3 1008.3    3.0  153.0   74.1  444.0
2015 215  8  3 1400  -25.9 1008.3    4.3  161.8   76.6  444.0
2015 215  8  3 1500  -25.8 1007.8    3.2  160.2   77.4  444.0
2015 215  8  3 1600  -25.5 1007.6    2.3  161.8   75.3  444.0
2015 215  8  3 1700  -25.1 1007.4    1.7  102.0   72.3  444.0
2015 215  8  3 1800  -25.2 1007.3    1.7  124.7   75.6  444.0
2015 215  8  3 1900  -25.5 1007.2    2.5  116.7   78.0  444.0
2015 215  8  3 2000  -25.6 1007.1    2.5  135.2   78.6  444.0
2015 215  8  3 2100  -25.8 1006.8    2.8  154.5   79.2  444.0
2015 215  8  3 2200  -25.9 1006.7    3.5  151.4   79.2  444.0
2015 215  8  3 2300  -26.0 1006.4    3.4  152.4   79.6  444.0
2015 216  8  4 0000  -26.2 1006.2    3.1  150.5   80.1  444.0
2015 216  8  4 0100  -26.4 1005.6    3.0  154.0   80.3  444.0
2015 216  8  4 0200  -26.9 1004.9    3.5  157.3   80.0  444.0
2015 216  8  4 0300  -26.7 1004.5    2.9  148.4   78.9  444.0
2015 216  8  4 0400  -26.4 1004.2    1.3  157.7   75.5  444.0
2015 216  8  4 0500  -26.1 1003.1    1.8  113.6   69.5  444.0
2015 216  8  4 0600  -25.8 1002.8    1.0  106.3   65.1  444.0
2015 216  8  4 0700  -26.0 1002.3    1.6  132.5   68.3  444.0
2015 216  8  4 0800  -26.3 1001.3    2.1  102.8   69.0  444.0
2015 216  8  4 0900  -26.6 1000.9    2.5   94.4   77.0  444.0
2015 216  8  4 1000  -27.1 1000.3    2.0  117.8   78.9  444.0
2015 216  8  4 1100  -26.7  999.6    1.5  149.4   80.0  444.0
2015 216  8  4 1200  -26.8  998.9    2.2  135.5   80.3  444.0
2015 216  8  4 1300  -27.0  998.8    1.8  117.2   80.5  444.0
2015 216  8  4 1400  -27.2  997.9    2.0  130.8   80.2  444.0
2015 216  8  4 1500  -26.6  997.4    1.6  145.8   80.2  444.0
2015 216  8  4 1600  -26.7  996.9    0.1  135.0   80.6  444.0
2015 216  8  4 1700  -26.7  996.3    0.2  139.4   80.4  444.0
2015 216  8  4 1800  -27.0  995.6    2.6  123.7   80.4  444.0
2015 216  8  4 1900  -27.1  995.0    2.4  121.2   80.2  444.0
2015 216  8  4 2000  -27.1  994.6    1.8  123.9   80.1  444.0
2015 216  8  4 2100  -27.1  994.3    4.6   66.2   79.5  444.0
2015 216  8  4 2200  -26.4  994.3    4.5   80.2   78.5  444.0
2015 216  8  4 2300  -26.4  994.0    4.3   73.5   78.2  444.0
2015 217  8  5 0000  -26.8  993.5    3.9   84.0   77.8  444.0
2015 217  8  5 0100  -27.4  993.2    3.2   48.0   77.0  444.0
2015 217  8  5 0200  -27.4  993.1    2.2  253.5   76.6  444.0
2015 217  8  5 0300  -27.5  993.1    2.3  273.3   76.5  444.0
2015 217  8  5 0400  -27.8  993.5    2.4  261.7   76.1  444.0
2015 217  8  5 0500  -28.1  994.1    3.3  252.6   75.6  444.0
2015 217  8  5 0600  -28.9  994.5    2.9  264.6   74.8  444.0
2015 217  8  5 0700  -29.2  994.4    2.7  279.1   74.2  444.0
2015 217  8  5 0800  -29.7  994.5    3.2   53.0   73.5  444.0
2015 217  8  5 0900  -29.8  994.7    4.0   39.8   73.5  444.0
2015 217  8  5 1000  -29.7  994.5    5.1   61.7   72.9  444.0
2015 217  8  5 1100  -29.7  994.8    4.0   82.3   71.4  444.0
2015 217  8  5 1200  -29.6  995.5    3.6   98.0   70.6  444.0
2015 217  8  5 1300  -29.7  995.6    2.5  116.9   69.9  444.0
2015 217  8  5 1400  -29.9  995.9    2.9  129.4   69.1  444.0
2015 217  8  5 1500  -28.6  996.0    1.7  148.3   65.2  444.0
2015 217  8  5 1600  -29.7  996.3    3.6  160.0   68.8  444.0
2015 217  8  5 1700  -29.7  996.5    4.6  154.9   68.0  444.0
2015 217  8  5 1800  -30.2  996.5    6.6  178.0   72.3  444.0
2015 217  8  5 1900  -31.6  996.8    4.6  173.4   70.6  444.0
2015 217  8  5 2000  -31.1  997.1    5.3  172.4   68.9  444.0
2015 217  8  5 2100  -31.9  997.2    4.5  160.3   70.3  444.0
2015 217  8  5 2200  -31.4  997.3    4.7  170.8   69.4  444.0
2015 217  8  5 2300  -31.6  997.5    3.8  160.2   67.7  444.0
2015 218  8  6 0000  -31.0  998.1    3.5  157.0   67.5  444.0
2015 218  8  6 0100  -31.1  998.0    3.8  156.8   65.6  444.0
2015 218  8  6 0200  -31.0  997.9    2.3  146.1   62.4  444.0
2015 218  8  6 0300  -30.8  998.0    2.8  147.6   60.7  444.0
2015 218  8  6 0400  -30.7  998.0    3.2  159.2   57.6  444.0
2015 218  8  6 0500  -29.9  997.8    1.7  156.3   57.6  444.0
2015 218  8  6 0600  -30.3  998.1    3.0  158.1   64.1  444.0
2015 218  8  6 0700  -30.2  997.8    3.2  156.9   68.2  444.0
2015 218  8  6 0800  -28.3  997.4    4.3  154.3   47.0  444.0
2015 218  8  6 0900  -28.6  997.7    4.3  167.7   49.8  444.0
2015 218  8  6 1000  -29.3  997.9    2.8  165.4   65.0  444.0
2015 218  8  6 1100  -28.9  997.7    2.6  155.8   64.5  444.0
2015 218  8  6 1200  -28.3  997.5    2.0  170.1   60.4  444.0
2015 218  8  6 1300  -27.9  997.4    1.0  137.5   65.1  444.0
2015 218  8  6 1400  -28.0  997.1    2.1  134.0   69.7  444.0
2015 218  8  6 1500  -28.5  996.6    1.4  120.9   70.4  444.0
2015 218  8  6 1600  -28.0  995.8    1.9  151.7   70.2  444.0
2015 218  8  6 1700  -27.3  995.0    3.3  178.7   66.5  444.0
2015 218  8  6 1800  -26.9  994.7    0.7  133.7   65.5  444.0
2015 218  8  6 1900  -26.8  993.7    0.9  103.1   53.7  444.0
2015 218  8  6 2000  -25.5  993.2    1.4  107.4   34.9  444.0
2015 218  8  6 2100  -24.4  992.5    1.7  123.9   26.9  444.0
2015 218  8  6 2200  -26.6  991.9    1.7   81.3   55.9  444.0
2015 218  8  6 2300  -26.9  991.1    1.4   74.1   60.7  444.0
2015 219  8  7 0000  -27.0  990.5    2.5   88.5   55.2  444.0
2015 219  8  7 0100  -26.7  989.8    2.9   85.5   56.8  444.0
2015 219  8  7 0200  -26.6  988.7    1.3  167.3   59.0  444.0
2015 219  8  7 0300  -25.4  987.6    8.0  156.8   26.4  444.0
2015 219  8  7 0400  -26.0  987.3    7.6  150.1   24.7  444.0
2015 219  8  7 0500  -26.2  986.6    6.7  162.5   24.4  444.0
2015 219  8  7 0600  -28.2  985.5    4.2  170.7   57.9  444.0
2015 219  8  7 0700  -28.3  985.1    0.2  146.4   60.6  444.0
2015 219  8  7 0800  -26.8  983.9    1.0  148.5   26.9  444.0
2015 219  8  7 0900  -26.3  983.4    4.2  151.4   29.1  444.0
2015 219  8  7 1000  -27.5  982.5    3.0  106.8   52.9  444.0
2015 219  8  7 1100  -27.3  981.4    1.6  143.1   53.9  444.0
2015 219  8  7 1200  -26.9  979.7    2.1  146.3   51.7  444.0
2015 219  8  7 1300  -26.4  978.8    1.5   92.7   58.6  444.0
2015 219  8  7 1400  -25.4  977.6    2.7  161.5   62.3  444.0
2015 219  8  7 1500  -24.5  976.3    4.8  149.8   51.0  444.0
2015 219  8  7 1600  -24.2  975.0    4.1  159.0   56.5  444.0
2015 219  8  7 1700  -25.2  974.0    2.1   68.5   66.0  444.0
2015 219  8  7 1800  -25.4  972.8    0.8   84.3   67.4  444.0
2015 219  8  7 1900  -24.8  971.9    2.1  120.7   60.5  444.0
2015 219  8  7 2000  -24.6  971.2    2.3  139.3   59.9  444.0
2015 219  8  7 2100  -24.8  970.5    1.8   89.9   66.4  444.0
2015 219  8  7 2200  -25.8  970.1    4.3  148.9   76.0  444.0
2015 219  8  7 2300  -25.5  969.3    4.6   83.2   74.1  444.0
2015 220  8  8 0000  -26.1  969.0    7.6   66.2   72.9  444.0
2015 220  8  8 0100  -25.2  968.9    6.2   97.0   60.0  444.0
2015 220  8  8 0200  -25.7  969.0    3.6   93.3   69.5  444.0
2015 220  8  8 0300  -25.5  968.6    5.1   94.4   57.0  444.0
2015 220  8  8 0400  -25.4  968.7    4.0   94.9   62.9  444.0
2015 220  8  8 0500  -25.4  967.9    4.5   93.0   61.8  444.0
2015 220  8  8 0600  -25.8  967.3    2.7  106.7   62.8  444.0
2015 220  8  8 0700  -25.8  966.4    4.8  100.1   68.6  444.0
2015 220  8  8 0800  -24.4  965.1   10.3  165.7   57.6  444.0
2015 220  8  8 0900  -24.3  964.5   11.6  164.1   55.7  444.0
2015 220  8  8 1000  -24.4  963.8   13.7  158.9   48.6  444.0
2015 220  8  8 1100  -24.3  963.4   13.3  160.3   48.5  444.0
2015 220  8  8 1200  -24.2  963.4   14.7  155.5   43.9  444.0
2015 220  8  8 1300  -24.1  963.5   14.3  158.3   42.8  444.0
2015 220  8  8 1400  -24.5  963.2   16.5  154.7   38.1  444.0
2015 220  8  8 1500  -24.1  962.7   15.1  160.3   37.4  444.0
2015 220  8  8 1600  -24.3  962.3   15.4  156.4   35.8  444.0
2015 220  8  8 1700  -24.4  963.0   11.1  163.8   48.3  444.0
2015 220  8  8 1800  -24.1  962.7   13.2  169.4   55.1  444.0
2015 220  8  8 1900  -25.3  963.2   11.9  178.5   68.7  444.0
2015 220  8  8 2000  -26.3  964.1    5.1  154.1   56.7  444.0
2015 220  8  8 2100  -26.3  964.2    7.1  168.4   58.0  444.0
2015 220  8  8 2200  -26.2  963.8    7.7  169.7   62.3  444.0
2015 220  8  8 2300  -26.3  964.3    2.5  164.7   58.0  444.0
2015 221  8  9 0000  -26.0  963.9    2.3  191.8   47.9  444.0
2015 221  8  9 0100  -26.0  963.6    3.7  201.8   45.6  444.0
2015 221  8  9 0200  -26.2  963.1    1.3  173.0   49.3  444.0
2015 221  8  9 0300  -26.4  963.2    1.6  130.9   57.2  444.0
2015 221  8  9 0400  -26.5  962.8    3.4  151.3   59.1  444.0
2015 221  8  9 0500  -25.9  962.4    2.4  167.1   61.6  444.0
2015 221  8  9 0600  -25.5  962.7    3.4   90.0   64.8  444.0
2015 221  8  9 0700  -26.1  963.3    3.0  125.5   67.5  444.0
2015 221  8  9 0800  -25.5  963.3    2.2  138.4   69.6  444.0
2015 221  8  9 0900  -25.3  963.0    4.6  173.6   72.5  444.0
2015 221  8  9 1000  -25.5  963.2    5.5  157.8   75.6  444.0
2015 221  8  9 1100  -24.0  962.9    4.9  168.4   57.5  444.0
2015 221  8  9 1200  -24.1  963.2    6.2  156.5   45.5  444.0
2015 221  8  9 1300  -24.0  963.2    6.2  166.0   37.2  444.0
2015 221  8  9 1400  -24.8  963.3    5.6  163.8   52.1  444.0
2015 221  8  9 1500  -24.8  963.9    1.7  149.3   65.7  444.0
2015 221  8  9 1600  -25.0  964.3    2.0  147.0   62.1  444.0
2015 221  8  9 1700  -25.4  964.5    2.3  100.0   69.4  444.0
2015 221  8  9 1800  -25.5  964.6    0.7  132.6   73.3  444.0
2015 221  8  9 1900  -25.3  964.6    0.3  188.3   68.0  444.0
2015 221  8  9 2000  -24.8  965.0    3.3   87.7   71.6  444.0
2015 221  8  9 2100  -24.7  965.8    1.7  127.0   72.8  444.0
2015 221  8  9 2200  -25.2  966.1    2.5   90.1   78.3  444.0
2015 221  8  9 2300  -24.7  965.7    3.6   84.4   66.5  444.0
2015 222  8 10 0000  -25.3  966.7    6.6   76.5   61.8  444.0
2015 222  8 10 0100  -25.2  967.0    6.5   70.7   60.5  444.0
2015 222  8 10 0200  -25.2  967.6    2.1   74.9   64.4  444.0
2015 222  8 10 0300  -24.2  966.9    7.7   93.4   52.3  444.0
2015 222  8 10 0400  -23.9  968.0    2.7   30.9   53.4  444.0
2015 222  8 10 0500  -23.9  968.9    0.2   92.1   49.6  444.0
2015 222  8 10 0600  -24.6  969.9    6.8   81.5   52.9  444.0
2015 222  8 10 0700  -24.6  970.3    3.3  102.2   49.5  444.0
2015 222  8 10 0800  -24.4  971.6    2.4  112.6   50.0  444.0
2015 222  8 10 0900  -24.8  972.6    3.0  119.1   51.3  444.0
2015 222  8 10 1000  -26.2  973.0   10.2   72.0   66.5  444.0
2015 222  8 10 1100  -26.7  973.9    7.4   78.9   72.7  444.0
2015 222  8 10 1200  -27.0  974.4    7.2   82.2   75.1  444.0
2015 222  8 10 1300  -27.2  974.0    4.9   80.2   74.5  444.0
2015 222  8 10 1400  -27.3  973.7    3.8   87.2   77.3  444.0
2015 222  8 10 1500  -26.9  973.6    4.1   81.7   78.6  444.0
2015 222  8 10 1600  -26.4  973.4    2.5   73.1   77.9  444.0
2015 222  8 10 1700  -25.3  973.4    2.2  105.4   59.0  444.0
2015 222  8 10 1800  -25.6  972.9    2.0  105.5   58.3  444.0
2015 222  8 10 1900  -26.4  972.2    4.8   87.4   62.4  444.0
2015 222  8 10 2000  -28.2  972.5    5.2   75.2   74.2  444.0
2015 222  8 10 2100  -28.8  971.5    6.4   86.9   77.0  444.0
2015 222  8 10 2200  -28.9  971.0    6.8   72.8   77.6  444.0
2015 222  8 10 2300  -28.3  971.6    6.3   57.7   78.2  444.0
2015 223  8 11 0000  -29.1  972.0    4.1   99.1   77.6  444.0
2015 223  8 11 0100  -28.8  971.8    0.8  112.6   77.7  444.0
2015 223  8 11 0200  -28.2  972.1    0.8  137.7   77.5  444.0
2015 223  8 11 0300  -28.2  972.3    2.3  106.1   77.6  444.0
2015 223  8 11 0400  -28.3  972.3    3.0  131.4   75.7  444.0
2015 223  8 11 0500  -27.8  972.9    1.9  122.9   77.7  444.0
2015 223  8 11 0600  -27.9  973.3    2.9  125.7   78.1  444.0
2015 223  8 11 0700  -28.9  974.0    6.6  158.0   76.6  444.0
2015 223  8 11 0800  -29.0  974.5    6.8  175.5   77.5  444.0
2015 223  8 11 0900  -29.2  974.6    6.5  169.1   76.8  444.0
2015 223  8 11 1000  -28.2  975.4    4.7  176.0   72.3  444.0
2015 223  8 11 1100  -27.4  975.5    5.1  164.1   61.1  444.0
2015 223  8 11 1200  -26.9  975.9    5.1  150.1   48.2  444.0
2015 223  8 11 1300  -27.0  976.1    4.6  156.8   44.8  444.0
2015 223  8 11 1400  -27.6  976.6    2.6  153.0   56.5  444.0
2015 223  8 11 1500  -27.4  976.9    2.2  141.4   37.4  444.0
2015 223  8 11 1600  -27.4  977.0    2.1  141.0   37.2  444.0
2015 223  8 11 1700  -26.8  976.9    3.2  126.6   27.8  444.0
2015 223  8 11 1800  -27.5  977.2    2.4  100.1   31.3  444.0
2015 223  8 11 1900  -27.8  977.9    4.1   70.1   55.4  444.0
2015 223  8 11 2000  -28.2  977.7    3.2   79.6   69.4  444.0
2015 223  8 11 2100  -25.9  978.1    3.5   94.3   71.0  444.0
2015 223  8 11 2200  -25.6  978.2    3.9   88.2   60.9  444.0
2015 223  8 11 2300  -25.5  978.0    5.4   84.8   62.6  444.0
2015 224  8 12 0000  -25.7  977.8    4.9   92.6   73.1  444.0
2015 224  8 12 0100  -25.7  977.1    6.4   75.7   71.2  444.0
2015 224  8 12 0200  -25.6  975.8    9.0   52.4   77.0  444.0
2015 224  8 12 0300  -25.5  975.8    9.9   57.4   78.3  444.0
2015 224  8 12 0400  -25.4  974.3   10.2   75.7   65.1  444.0
2015 224  8 12 0500  -25.4  975.7    4.3  180.8   63.2  444.0
2015 224  8 12 0600  -25.0  975.4    5.7  217.8   65.9  444.0
2015 224  8 12 0700  -25.3  976.1    5.0  103.1   67.2  444.0
2015 224  8 12 0800  -25.7  975.4    5.3  166.9   65.2  444.0
2015 224  8 12 0900  -25.7  975.5    6.1   97.1   69.7  444.0
2015 224  8 12 1000  -25.7  976.1    4.6   94.6   73.3  444.0
2015 224  8 12 1100  -26.1  975.8    4.5  107.4   73.2  444.0
2015 224  8 12 1200  -25.8  975.8    2.6   96.0   71.7  444.0
2015 224  8 12 1300  -26.2  976.0    3.6   98.4   75.6  444.0
2015 224  8 12 1400  -26.4  975.9    2.2  150.8   76.5  444.0
2015 224  8 12 1500  -26.8  976.0    5.4  155.8   68.4  444.0
2015 224  8 12 1600  -26.9  976.6    5.6  160.3   73.0  444.0
2015 224  8 12 1700  -27.3  977.4    3.7  164.5   75.4  444.0
2015 224  8 12 1800  -27.1  977.8    2.5  154.2   75.4  444.0
2015 224  8 12 1900  -26.8  977.7    3.2  108.5   74.5  444.0
2015 224  8 12 2000  -27.2  978.0    4.6   98.2   73.7  444.0
2015 224  8 12 2100  -27.2  978.7    4.5   95.1   71.6  444.0
2015 224  8 12 2200  -27.3  978.4    4.0   84.7   71.3  444.0
2015 224  8 12 2300  444.0  444.0  444.0  444.0  444.0  444.0
2015 225  8 13 0000  444.0  444.0  444.0  444.0  444.0  444.0
2015 225  8 13 0100  444.0  444.0  444.0  444.0  444.0  444.0
2015 225  8 13 0200  444.0  444.0  444.0  444.0  444.0  444.0
2015 225  8 13 0300  444.0  444.0  444.0  444.0  444.0  444.0
2015 225  8 13 0400  444.0  444.0  444.0  444.0  444.0  444.0
2015 225  8 13 0500  -26.0  986.1    2.9  115.5   49.7  444.0
2015 225  8 13 0600  -26.5  987.5    4.3  124.9   47.8  444.0
2015 225  8 13 0700  -26.1  988.5    2.2  128.8   62.0  444.0
2015 225  8 13 0800  -25.0  989.3    1.9  154.5   51.0  444.0
2015 225  8 13 0900  -25.4  990.3    4.6  157.1   51.5  444.0
2015 225  8 13 1000  -25.2  990.9    5.5  157.7   66.7  444.0
2015 225  8 13 1100  -25.4  991.8    3.2   92.8   60.6  444.0
2015 225  8 13 1200  -25.3  993.1    2.0  101.3   69.3  444.0
2015 225  8 13 1300  -24.9  993.0    1.0  147.5   59.3  444.0
2015 225  8 13 1400  -24.7  992.9    1.8  112.2   46.4  444.0
2015 225  8 13 1500  -25.0  993.2    2.9  110.2   47.7  444.0
2015 225  8 13 1600  -25.0  992.4    3.2  125.8   29.2  444.0
2015 225  8 13 1700  -27.4  992.6    3.2  109.9   31.9  444.0
2015 225  8 13 1800  -27.4  992.5    2.9  107.6   23.1  444.0
2015 225  8 13 1900  -26.7  992.1    3.1   84.2   23.9  444.0
2015 225  8 13 2000  -27.4  991.5    5.7   85.3   52.7  444.0
2015 225  8 13 2100  -27.6  991.2    5.6   89.2   61.4  444.0
2015 225  8 13 2200  -25.8  991.0    4.5   74.2   36.7  444.0
2015 225  8 13 2300  -27.8  990.8    6.0   85.1   67.1  444.0
2015 226  8 14 0000  -25.7  990.1    6.0   94.3   35.9  444.0
2015 226  8 14 0100  -27.3  989.7    4.3   74.0   60.2  444.0
2015 226  8 14 0200  -27.1  989.6    5.9   86.0   70.2  444.0
2015 226  8 14 0300  -26.8  988.9    6.7   82.0   66.2  444.0
2015 226  8 14 0400  -27.1  988.3    4.3   77.5   66.6  444.0
2015 226  8 14 0500  -26.6  988.1    1.8   79.1   64.7  444.0
2015 226  8 14 0600  -27.6  987.7    4.9   78.4   72.8  444.0
2015 226  8 14 0700  -27.1  987.8    3.3   83.2   62.0  444.0
2015 226  8 14 0800  -25.8  987.4    3.3   86.5   50.5  444.0
2015 226  8 14 0900  -24.5  987.4    4.4   96.1   30.6  444.0
2015 226  8 14 1000  -24.3  987.0    3.7   96.5   27.8  444.0
2015 226  8 14 1100  -23.9  986.9    4.1   97.7   24.9  444.0
2015 226  8 14 1200  -24.3  986.6    3.0   97.2   42.0  444.0
2015 226  8 14 1300  -24.0  986.1    2.6  107.1   26.7  444.0
2015 226  8 14 1400  -23.6  986.1    2.9  120.9   24.4  444.0
2015 226  8 14 1500  -23.5  985.6    3.8  118.3   22.4  444.0
2015 226  8 14 1600  -25.2  985.8    2.9   79.8   42.3  444.0
2015 226  8 14 1700  -24.7  985.5    1.6   83.6   38.5  444.0
2015 226  8 14 1800  -25.0  985.5    1.3   81.4   57.0  444.0
2015 226  8 14 1900  -25.1  985.2    2.4  169.4   59.3  444.0
2015 226  8 14 2000  -25.1  984.9    1.6  145.7   66.9  444.0
2015 226  8 14 2100  -25.5  984.9    4.2  160.8   73.1  444.0
2015 226  8 14 2200  -25.2  985.2    3.6  165.9   73.7  444.0
2015 226  8 14 2300  444.0  444.0  444.0  444.0  444.0  444.0
2015 227  8 15 0000  444.0  444.0  444.0  444.0  444.0  444.0
2015 227  8 15 0100  444.0  444.0  444.0  444.0  444.0  444.0
2015 227  8 15 0200  444.0  444.0  444.0  444.0  444.0  444.0
2015 227  8 15 0300  444.0  444.0  444.0  444.0  444.0  444.0
2015 227  8 15 0400  444.0  444.0  444.0  444.0  444.0  444.0
2015 227  8 15 0500  -26.8  983.6    4.2  203.5   78.7  444.0
2015 227  8 15 0600  -27.0  983.4    3.8  229.9   78.4  444.0
2015 227  8 15 0700  -26.8  982.7    1.8  351.8   78.1  444.0
2015 227  8 15 0800  -26.9  981.9    2.1   41.4   76.0  444.0
2015 227  8 15 0900  -26.8  980.6    3.6   98.3   74.6  444.0
2015 227  8 15 1000  -26.6  979.5    2.9  103.4   72.2  444.0
2015 227  8 15 1100  -27.8  978.2    3.2  167.1   76.6  444.0
2015 227  8 15 1200  -27.0  976.8    2.1  173.3   76.1  444.0
2015 227  8 15 1300  -26.5  975.5    5.9   77.5   78.3  444.0
2015 227  8 15 1400  -26.6  975.4    2.1  171.6   79.5  444.0
2015 227  8 15 1500  -28.0  974.7    9.1   71.8   77.7  444.0
2015 227  8 15 1600  -26.3  975.1    6.5   53.0   77.6  444.0
2015 227  8 15 1700  -26.6  973.8    7.3   70.0   76.3  444.0
2015 227  8 15 1800  -26.6  973.1    5.7   70.8   75.5  444.0
2015 227  8 15 1900  -26.7  972.6    6.4   81.9   73.2  444.0
2015 227  8 15 2000  -26.9  972.0    5.8   83.9   73.5  444.0
2015 227  8 15 2100  -26.8  971.1    7.5   68.0   72.2  444.0
2015 227  8 15 2200  -26.8  971.3    6.4   79.8   71.6  444.0
2015 227  8 15 2300  444.0  444.0  444.0  444.0  444.0  444.0
2015 228  8 16 0000  444.0  444.0  444.0  444.0  444.0  444.0
2015 228  8 16 0100  444.0  444.0  444.0  444.0  444.0  444.0
2015 228  8 16 0200  444.0  444.0  444.0  444.0  444.0  444.0
2015 228  8 16 0300  444.0  444.0  444.0  444.0  444.0  444.0
2015 228  8 16 0400  444.0  444.0  444.0  444.0  444.0  444.0
2015 228  8 16 0500  -25.8  969.2    5.8  102.5   55.6  444.0
2015 228  8 16 0600  -25.7  969.3    5.0   89.1   56.9  444.0
2015 228  8 16 0700  -25.8  968.7    2.9   74.3   60.2  444.0
2015 228  8 16 0800  -26.3  968.5    1.3   88.6   60.3  444.0
2015 228  8 16 0900  -26.6  968.0    4.7   75.2   63.0  444.0
2015 228  8 16 1000  -26.7  967.8    1.9   76.7   66.5  444.0
2015 228  8 16 1100  -26.9  967.5    1.9  130.3   66.5  444.0
2015 228  8 16 1200  -27.0  967.2    1.6   90.2   66.2  444.0
2015 228  8 16 1300  -27.2  966.5    2.2  112.0   65.0  444.0
2015 228  8 16 1400  -26.6  966.0    4.3   93.7   59.9  444.0
2015 228  8 16 1500  -27.2  965.8    9.3   87.3   59.3  444.0
2015 228  8 16 1600  -27.2  965.1    9.4   86.8   65.2  444.0
2015 228  8 16 1700  -27.5  964.8   10.7   87.7   65.5  444.0
2015 228  8 16 1800  -27.8  964.1   12.4   87.6   56.5  444.0
2015 228  8 16 1900  -28.1  964.0   10.4   88.2   55.5  444.0
2015 228  8 16 2000  -28.2  964.3    9.2   85.4   50.8  444.0
2015 228  8 16 2100  -28.1  964.3    7.5   89.1   50.7  444.0
2015 228  8 16 2200  -27.9  964.6    1.0  113.9   53.9  444.0
2015 228  8 16 2300  -28.5  964.5    3.4   76.1   55.7  444.0
2015 229  8 17 0000  -28.3  964.6    1.9  118.1   54.2  444.0
2015 229  8 17 0100  -27.9  964.8    2.1  179.9   51.7  444.0
2015 229  8 17 0200  -27.7  965.1    1.4  118.1   56.0  444.0
2015 229  8 17 0300  -27.7  965.3    1.4  164.2   60.4  444.0
2015 229  8 17 0400  -28.1  965.3    1.5  173.2   59.9  444.0
2015 229  8 17 0500  -28.1  965.4    3.9  155.9   55.3  444.0
2015 229  8 17 0600  -28.0  965.6    2.6  142.1   54.4  444.0
2015 229  8 17 0700  -28.2  965.9    3.1  118.2   55.4  444.0
2015 229  8 17 0800  -28.0  966.4    2.9  123.9   57.4  444.0
2015 229  8 17 0900  -28.0  966.7    2.5  136.9   59.2  444.0
2015 229  8 17 1000  -27.8  967.1    2.3  130.3   54.9  444.0
2015 229  8 17 1100  -27.6  967.6    2.2  133.7   56.8  444.0
2015 229  8 17 1200  -27.6  967.9    2.4  122.1   58.6  444.0
2015 229  8 17 1300  -27.7  968.8    2.1  131.4   62.3  444.0
2015 229  8 17 1400  -27.7  968.5    2.8  154.7   67.0  444.0
2015 229  8 17 1500  -27.7  968.5    3.0  156.3   65.2  444.0
2015 229  8 17 1600  -27.4  968.7    3.2  151.5   62.5  444.0
2015 229  8 17 1700  -27.6  968.9    2.9  135.1   56.9  444.0
2015 229  8 17 1800  -27.1  969.1    4.2  153.8   60.0  444.0
2015 229  8 17 1900  -26.9  969.6    3.0  150.1   60.7  444.0
2015 229  8 17 2000  -26.9  970.6    3.2  150.9   60.8  444.0
2015 229  8 17 2100  -26.8  971.1    1.5  163.9   62.2  444.0
2015 229  8 17 2200  -27.0  971.8    2.0  128.7   64.1  444.0
2015 229  8 17 2300  -26.7  972.6    2.4  149.5   64.8  444.0
2015 230  8 18 0000  -26.9  973.4    2.3  134.0   65.9  444.0
2015 230  8 18 0100  -27.0  973.9    2.3  137.9   66.2  444.0
2015 230  8 18 0200  -27.5  974.5    2.7  131.8   66.0  444.0
2015 230  8 18 0300  -27.2  975.1    2.9  116.0   65.4  444.0
2015 230  8 18 0400  -27.2  975.5    2.3  107.2   59.8  444.0
2015 230  8 18 0500  -27.4  976.3    2.5  106.1   67.5  444.0
2015 230  8 18 0600  -27.1  976.5    2.9   97.6   69.5  444.0
2015 230  8 18 0700  -27.2  977.1    3.1   88.7   70.9  444.0
2015 230  8 18 0800  -27.1  977.6    3.1   88.7   71.8  444.0
2015 230  8 18 0900  -27.4  978.2    2.4  110.9   70.4  444.0
2015 230  8 18 1000  -27.2  978.6    2.1  113.2   69.3  444.0
2015 230  8 18 1100  -27.2  978.7    2.2  111.6   68.0  444.0
2015 230  8 18 1200  -27.2  978.6    2.1  116.3   69.0  444.0
2015 230  8 18 1300  -27.3  978.7    2.7   99.0   68.8  444.0
2015 230  8 18 1400  -27.4  979.4    2.0  107.6   68.5  444.0
2015 230  8 18 1500  -27.7  979.2    2.6  102.9   67.4  444.0
2015 230  8 18 1600  -27.5  979.7    2.5   91.3   66.4  444.0
2015 230  8 18 1700  -28.3  979.7    1.4  114.4   66.8  444.0
2015 230  8 18 1800  -28.1  979.6    1.6  121.2   64.2  444.0
2015 230  8 18 1900  -28.0  979.9    1.4  148.4   63.4  444.0
2015 230  8 18 2000  -27.7  979.7    1.1  103.6   62.1  444.0
2015 230  8 18 2100  -27.6  979.9    1.8  154.9   60.0  444.0
2015 230  8 18 2200  -27.9  979.8    2.8  148.8   65.5  444.0
2015 230  8 18 2300  -28.0  979.8    2.5  154.2   68.5  444.0
2015 231  8 19 0000  -28.3  979.6    3.2  155.9   67.8  444.0
2015 231  8 19 0100  -28.1  979.5    1.8  159.1   70.5  444.0
2015 231  8 19 0200  -28.5  978.8    2.7  166.1   71.0  444.0
2015 231  8 19 0300  -28.2  978.6    3.4   99.8   71.2  444.0
2015 231  8 19 0400  -28.2  978.7    1.8  109.8   69.1  444.0
2015 231  8 19 0500  -27.8  978.5    2.0  141.4   65.0  444.0
2015 231  8 19 0600  -27.6  978.0    0.6  145.9   67.8  444.0
2015 231  8 19 0700  -27.1  977.4    1.7  163.2   67.2  444.0
2015 231  8 19 0800  -27.5  976.9    2.8   99.0   67.2  444.0
2015 231  8 19 0900  -27.0  976.1    8.2   73.4   67.7  444.0
2015 231  8 19 1000  -27.7  976.0    7.6   67.9   68.8  444.0
2015 231  8 19 1100  -28.4  976.2    6.9   64.2   69.7  444.0
2015 231  8 19 1200  -28.2  976.3    5.5   64.8   67.8  444.0
2015 231  8 19 1300  -28.7  976.6    5.2   68.4   70.1  444.0
2015 231  8 19 1400  -28.8  976.5    5.1   77.4   68.4  444.0
2015 231  8 19 1500  -29.2  975.5    6.2   82.7   66.5  444.0
2015 231  8 19 1600  -29.3  975.0    6.8   85.4   66.7  444.0
2015 231  8 19 1700  -29.2  974.5    7.9   77.4   68.2  444.0
2015 231  8 19 1800  -29.6  974.1    7.5   71.8   68.8  444.0
2015 231  8 19 1900  -29.4  973.8    7.4   82.3   66.3  444.0
2015 231  8 19 2000  -29.3  974.1    5.5   75.4   66.5  444.0
2015 231  8 19 2100  -29.3  972.8    5.8   81.7   68.1  444.0
2015 231  8 19 2200  -29.3  972.6    6.4   78.1   69.9  444.0
2015 231  8 19 2300  -28.9  972.0    5.9   64.6   70.1  444.0
2015 232  8 20 0000  -28.2  970.8    6.3   74.3   65.5  444.0
2015 232  8 20 0100  -27.6  970.2    6.8   74.3   66.6  444.0
2015 232  8 20 0200  -27.6  969.2    7.1   74.5   67.0  444.0
2015 232  8 20 0300  -27.1  969.5    6.4   69.2   69.7  444.0
2015 232  8 20 0400  -26.7  969.3    6.0   68.0   69.2  444.0
2015 232  8 20 0500  -26.8  969.3    3.3   83.4   72.2  444.0
2015 232  8 20 0600  -26.6  967.1    4.5   70.5   71.5  444.0
2015 232  8 20 0700  -26.2  965.9    3.7   75.9   71.3  444.0
2015 232  8 20 0800  -26.0  965.5    2.2   67.6   72.1  444.0
2015 232  8 20 0900  -25.8  964.1    4.7   81.5   74.9  444.0
2015 232  8 20 1000  -25.4  963.6    4.3   85.5   73.6  444.0
2015 232  8 20 1100  -25.3  961.5    7.7   82.5   75.4  444.0
2015 232  8 20 1200  -25.2  960.9    5.2   90.6   75.1  444.0
2015 232  8 20 1300  -26.5  960.3    4.1   88.4   73.2  444.0
2015 232  8 20 1400  -27.4  959.5    1.7   52.8   75.4  444.0
2015 232  8 20 1500  -27.7  958.9    7.5   84.3   78.3  444.0
2015 232  8 20 1600  -26.3  957.9    8.5   78.8   77.3  444.0
2015 232  8 20 1700  -24.7  956.9    8.5   84.2   64.3  444.0
2015 232  8 20 1800  -24.9  957.3    3.1   97.7   73.2  444.0
2015 232  8 20 1900  -24.3  956.5    2.9  144.0   71.6  444.0
2015 232  8 20 2000  -23.6  956.0    3.5  120.0   71.2  444.0
2015 232  8 20 2100  -23.8  955.8    4.6   92.6   72.1  444.0
2015 232  8 20 2200  -24.1  955.6    2.3   63.7   75.0  444.0
2015 232  8 20 2300  -23.6  955.4    1.3  127.0   71.7  444.0
2015 233  8 21 0000  -23.0  955.6    1.3  104.1   66.6  444.0
2015 233  8 21 0100  -23.2  955.1    2.0   70.5   67.8  444.0
2015 233  8 21 0200  -22.8  954.1    8.3   69.4   76.8  444.0
2015 233  8 21 0300  -22.7  955.3    5.4   84.9   82.6  444.0
2015 233  8 21 0400  -21.6  954.6    7.2   95.2   70.3  444.0
2015 233  8 21 0500  -21.6  954.5    8.0   97.5   64.0  444.0
2015 233  8 21 0600  -21.5  954.7    4.0  105.1   69.3  444.0
2015 233  8 21 0700  -20.6  953.3    8.9   96.3   67.0  444.0
2015 233  8 21 0800  -21.0  954.6    2.1  143.2   77.0  444.0
2015 233  8 21 0900  -20.3  954.2    9.7   99.8   62.7  444.0
2015 233  8 21 1000  -19.8  954.7    8.8  102.4   60.1  444.0
2015 233  8 21 1100  -19.6  954.9    6.3   90.1   59.4  444.0
2015 233  8 21 1200  -19.7  954.8    6.0  100.4   66.2  444.0
2015 233  8 21 1300  -19.2  954.8    6.7   99.3   51.7  444.0
2015 233  8 21 1400  -19.8  955.4    2.0  158.4   68.9  444.0
2015 233  8 21 1500  -19.3  955.0    0.8  147.6   66.9  444.0
2015 233  8 21 1600  -19.6  955.4    1.7  119.7   60.9  444.0
2015 233  8 21 1700  -19.9  955.8    2.7  112.9   70.8  444.0
2015 233  8 21 1800  -19.3  956.0    4.6  100.2   49.2  444.0
2015 233  8 21 1900  -19.6  956.7    6.7   85.4   50.6  444.0
2015 233  8 21 2000  -19.1  957.5    6.6   97.1   43.5  444.0
2015 233  8 21 2100  -19.8  958.6    1.8  130.9   47.3  444.0
2015 233  8 21 2200  -20.4  959.5    3.5  156.0   67.4  444.0
2015 233  8 21 2300  -19.5  959.8    2.2   68.5   57.1  444.0
2015 234  8 22 0000  -20.0  959.4    6.1  100.2   55.1  444.0
2015 234  8 22 0100  -21.9  959.8   10.7   86.8   67.8  444.0
2015 234  8 22 0200  -22.0  960.4   11.5   94.8   61.6  444.0
2015 234  8 22 0300  -22.0  961.8    8.4   96.1   67.7  444.0
2015 234  8 22 0400  -22.2  962.6    5.4   91.8   64.3  444.0
2015 234  8 22 0500  -22.7  963.2    5.3  102.1   63.0  444.0
2015 234  8 22 0600  -22.9  964.0    5.6   98.9   63.1  444.0
2015 234  8 22 0700  -23.0  964.7    5.2   96.0   64.2  444.0
2015 234  8 22 0800  -23.3  966.0    4.8   99.2   62.7  444.0
2015 234  8 22 0900  -23.0  967.0    5.8   97.1   62.6  444.0
2015 234  8 22 1000  -23.2  968.6    4.2   96.8   64.5  444.0
2015 234  8 22 1100  -23.2  969.6    2.6   94.9   64.3  444.0
2015 234  8 22 1200  -23.9  969.8    9.6   91.5   69.7  444.0
2015 234  8 22 1300  -24.5  971.8    3.6  102.2   70.5  444.0
2015 234  8 22 1400  -24.9  972.8    3.1  121.0   72.8  444.0
2015 234  8 22 1500  -24.2  973.1    3.4  140.8   74.2  444.0
2015 234  8 22 1600  -24.0  973.7    1.6  102.6   72.6  444.0
2015 234  8 22 1700  -23.8  973.9    3.2   88.4   79.1  444.0
2015 234  8 22 1800  -24.3  973.3    5.1  114.5   79.4  444.0
2015 234  8 22 1900  -23.8  972.7    4.1  161.4   74.0  444.0
2015 234  8 22 2000  -24.2  973.1    3.3  128.2   68.6  444.0
2015 234  8 22 2100  -24.1  973.2    3.8  120.4   71.1  444.0
2015 234  8 22 2200  -24.1  972.8    4.1  102.0   67.1  444.0
2015 234  8 22 2300  444.0  444.0  444.0  444.0  444.0  444.0
2015 235  8 23 0000  444.0  444.0  444.0  444.0  444.0  444.0
2015 235  8 23 0100  444.0  444.0  444.0  444.0  444.0  444.0
2015 235  8 23 0200  444.0  444.0  444.0  444.0  444.0  444.0
2015 235  8 23 0300  444.0  444.0  444.0  444.0  444.0  444.0
2015 235  8 23 0400  444.0  444.0  444.0  444.0  444.0  444.0
2015 235  8 23 0500  -25.6  968.1    4.1  133.0   62.3  444.0
2015 235  8 23 0600  -25.2  967.7    3.0  129.4   57.2  444.0
2015 235  8 23 0700  -25.0  966.8    1.7  140.3   55.2  444.0
2015 235  8 23 0800  -25.5  966.4    5.4  149.4   70.1  444.0
2015 235  8 23 0900  -26.1  965.7    3.0  135.1   68.6  444.0
2015 235  8 23 1000  -25.9  965.5    2.0  117.8   74.3  444.0
2015 235  8 23 1100  -25.7  965.6    0.3  196.7   76.4  444.0
2015 235  8 23 1200  -25.9  965.1    5.1  145.4   76.0  444.0
2015 235  8 23 1300  -26.7  965.3    2.5   86.8   78.2  444.0
2015 235  8 23 1400  -26.7  965.2    1.9   91.3   79.1  444.0
2015 235  8 23 1500  -27.2  964.9    3.0   98.7   78.1  444.0
2015 235  8 23 1600  -27.2  964.7    3.5  103.4   77.3  444.0
2015 235  8 23 1700  -27.1  963.9    4.1  194.3   78.7  444.0
2015 235  8 23 1800  -27.4  963.0    6.9  162.1   75.8  444.0
2015 235  8 23 1900  -26.9  963.6    4.0  108.9   72.4  444.0
2015 235  8 23 2000  -26.8  964.0    1.2  118.0   71.4  444.0
2015 235  8 23 2100  -27.1  964.3    3.2  139.4   68.4  444.0
2015 235  8 23 2200  -26.9  964.0    4.2  144.6   72.5  444.0
2015 235  8 23 2300  -27.2  963.7    3.0   75.4   72.2  444.0
2015 236  8 24 0000  -27.7  963.5    3.5   85.6   72.0  444.0
2015 236  8 24 0100  -27.6  963.1    4.1  135.9   64.0  444.0
2015 236  8 24 0200  -27.2  962.5    6.0  149.4   63.6  444.0
2015 236  8 24 0300  -26.6  962.8    3.2   80.3   70.0  444.0
2015 236  8 24 0400  -26.3  962.4    2.7   85.0   63.5  444.0
2015 236  8 24 0500  -26.1  962.4    2.1   68.2   62.6  444.0
2015 236  8 24 0600  -26.7  962.5    3.9  136.0   65.4  444.0
2015 236  8 24 0700  -26.6  962.4    2.2  138.2   63.7  444.0
2015 236  8 24 0800  -26.4  962.4    3.4  216.6   69.1  444.0
2015 236  8 24 0900  -27.2  962.6    2.8  120.2   62.6  444.0
2015 236  8 24 1000  -27.4  962.9    2.5  135.2   64.8  444.0
2015 236  8 24 1100  -27.6  963.1    2.1  141.8   61.2  444.0
2015 236  8 24 1200  -27.9  963.4    2.9  113.2   61.0  444.0
2015 236  8 24 1300  -27.8  963.6    3.0   98.4   67.4  444.0
2015 236  8 24 1400  -28.1  964.1    1.2   72.9   66.8  444.0
2015 236  8 24 1500  -27.7  965.0    1.3   82.9   71.4  444.0
2015 236  8 24 1600  -27.7  964.8    1.4  154.0   70.6  444.0
2015 236  8 24 1700  -27.2  965.0    3.6   92.6   66.7  444.0
2015 236  8 24 1800  -27.5  965.4    1.6   98.7   66.0  444.0
2015 236  8 24 1900  -27.3  965.7    1.9  100.2   66.1  444.0
2015 236  8 24 2000  -27.0  966.2    2.4   94.2   68.1  444.0
2015 236  8 24 2100  -27.0  966.5    3.1  109.9   67.1  444.0
2015 236  8 24 2200  -26.7  967.0    3.3   94.0   68.6  444.0
2015 236  8 24 2300  -26.9  967.7    5.0   87.9   71.4  444.0
2015 237  8 25 0000  -27.0  967.8    2.6  112.5   69.8  444.0
2015 237  8 25 0100  -26.3  968.1    1.5  137.0   68.3  444.0
2015 237  8 25 0200  -25.6  968.0    4.2  157.1   59.2  444.0
2015 237  8 25 0300  -25.7  968.5    2.5  130.8   59.5  444.0
2015 237  8 25 0400  -25.6  969.0    2.6   91.9   66.8  444.0
2015 237  8 25 0500  -25.7  969.2    6.3   89.6   58.5  444.0
2015 237  8 25 0600  -25.8  969.6    7.8   86.0   59.4  444.0
2015 237  8 25 0700  -25.9  970.1    7.8   77.9   57.3  444.0
2015 237  8 25 0800  -26.1  970.9   10.6   84.6   57.5  444.0
2015 237  8 25 0900  -26.2  971.7    8.9   88.1   59.7  444.0
2015 237  8 25 1000  -26.4  972.7    7.7   86.8   62.5  444.0
2015 237  8 25 1100  -26.3  972.9    6.5   92.3   65.1  444.0
2015 237  8 25 1200  -26.4  973.7    5.7   91.6   65.9  444.0
2015 237  8 25 1300  -26.3  973.8    4.8   90.2   62.2  444.0
2015 237  8 25 1400  -26.2  974.2    4.3   99.7   65.0  444.0
2015 237  8 25 1500  -26.2  974.6    4.5   95.9   63.0  444.0
2015 237  8 25 1600  444.0  444.0  444.0  444.0  444.0  444.0
2015 237  8 25 1700  444.0  444.0  444.0  444.0  444.0  444.0
2015 237  8 25 1800  -26.3  974.4    3.7  108.9   51.3  444.0
2015 237  8 25 1900  -25.5  975.0    1.8  159.8   53.2  444.0
2015 237  8 25 2000  -26.2  974.8    4.2  121.6   52.0  444.0
2015 237  8 25 2100  -26.0  974.3    4.8  103.1   48.6  444.0
2015 237  8 25 2200  -26.0  974.3    3.5  102.3   53.0  444.0
2015 237  8 25 2300  444.0  444.0  444.0  444.0  444.0  444.0
2015 238  8 26 0000  444.0  444.0  444.0  444.0  444.0  444.0
2015 238  8 26 0100  444.0  444.0  444.0  444.0  444.0  444.0
2015 238  8 26 0200  444.0  444.0  444.0  444.0  444.0  444.0
2015 238  8 26 0300  444.0  444.0  444.0  444.0  444.0  444.0
2015 238  8 26 0400  444.0  444.0  444.0  444.0  444.0  444.0
2015 238  8 26 0500  -27.7  972.6    3.2  108.5   56.7  444.0
2015 238  8 26 0600  -27.1  971.8    2.7  106.2   51.9  444.0
2015 238  8 26 0700  -26.3  970.6    4.8   97.0   42.3  444.0
2015 238  8 26 0800  -26.5  970.0    3.5  120.3   50.4  444.0
2015 238  8 26 0900  -26.0  969.4    0.8  141.4   46.8  444.0
2015 238  8 26 1000  -25.7  968.1    4.9   92.5   43.1  444.0
2015 238  8 26 1100  -26.4  966.7    3.7  107.7   48.8  444.0
2015 238  8 26 1200  -25.9  966.3    4.1   99.5   48.3  444.0
2015 238  8 26 1300  -25.4  964.0    7.1   88.7   48.3  444.0
2015 238  8 26 1400  -25.6  964.6    3.3  108.9   46.4  444.0
2015 238  8 26 1500  -25.7  963.3    4.5  104.3   52.6  444.0
2015 238  8 26 1600  -25.5  961.3    6.3   75.5   56.4  444.0
2015 238  8 26 1700  -25.1  960.0    5.1   95.6   46.2  444.0
2015 238  8 26 1800  -25.3  958.5    2.9  109.2   47.3  444.0
2015 238  8 26 1900  -27.6  444.0    4.2   70.0   53.0  444.0
2015 238  8 26 2000  -29.3  954.0    7.9  103.7   78.3  444.0
2015 238  8 26 2100  -28.4  954.0    3.5  132.9   63.1  444.0
2015 238  8 26 2200  -27.4  444.0    8.9  148.0   63.1  444.0
2015 238  8 26 2300  -26.1  952.5    8.2  148.0   58.0  444.0
2015 239  8 27 0000  -25.6  951.0    7.7  135.1   69.8  444.0
2015 239  8 27 0100  -25.5  444.0   21.8  151.1   75.7  444.0
2015 239  8 27 0200  -25.0  950.2    6.7  145.3   56.3  444.0
2015 239  8 27 0300  -24.4  948.8    8.6  153.8   50.6  444.0
2015 239  8 27 0400  -23.9  948.9    6.8  159.5   55.0  444.0
2015 239  8 27 0500  -24.1  946.3   15.2  153.0   62.5  444.0
2015 239  8 27 0600  -23.5  947.6   12.8  169.8   73.7  444.0
2015 239  8 27 0700  -23.7  948.8    7.7  185.7   73.7  444.0
2015 239  8 27 0800  -24.5  948.9    4.4   91.2   75.9  444.0
2015 239  8 27 0900  -24.1  948.7    2.7  121.6   79.0  444.0
2015 239  8 27 1000  -23.9  948.7    4.7   98.9   80.7  444.0
2015 239  8 27 1100  -23.8  948.8    5.7   98.9   84.5  444.0
2015 239  8 27 1200  -23.5  948.7    6.1   96.5   83.5  444.0
2015 239  8 27 1300  -23.6  949.0    6.6  102.9   84.0  444.0
2015 239  8 27 1400  -23.0  948.8    5.7  109.0   78.7  444.0
2015 239  8 27 1500  -22.6  949.3    8.8  113.2   73.1  444.0
2015 239  8 27 1600  -22.4  950.0   10.8  154.2   83.7  444.0
2015 239  8 27 1700  -22.3  950.7   10.0  146.5   67.2  444.0
2015 239  8 27 1800  -22.1  950.9    7.7  149.5   60.2  444.0
2015 239  8 27 1900  -23.2  950.2   10.4   96.9   77.1  444.0
2015 239  8 27 2000  -22.3  952.7    2.6   88.9   66.8  444.0
2015 239  8 27 2100  -21.8  952.5    4.4  104.6   47.4  444.0
2015 239  8 27 2200  -22.8  952.4   10.0   89.5   65.0  444.0
2015 239  8 27 2300  444.0  444.0  444.0  444.0  444.0  444.0
2015 240  8 28 0000  444.0  444.0  444.0  444.0  444.0  444.0
2015 240  8 28 0100  444.0  444.0  444.0  444.0  444.0  444.0
2015 240  8 28 0200  444.0  444.0  444.0  444.0  444.0  444.0
2015 240  8 28 0300  444.0  444.0  444.0  444.0  444.0  444.0
2015 240  8 28 0400  444.0  444.0  444.0  444.0  444.0  444.0
2015 240  8 28 0500  -22.5  956.4    7.4   74.3   70.4  444.0
2015 240  8 28 0600  -23.6  956.9    9.4   77.5   78.8  444.0
2015 240  8 28 0700  -23.3  959.1    7.0   88.7   79.7  444.0
2015 240  8 28 0800  -23.2  958.2    7.0   90.3   80.5  444.0
2015 240  8 28 0900  -22.9  958.5    8.9   88.8   76.2  444.0
2015 240  8 28 1000  -21.1  444.0   18.9  143.5   88.8  444.0
2015 240  8 28 1100  -21.4  959.8    1.8  130.9   62.6  444.0
2015 240  8 28 1200  -21.1  959.9    4.7  118.6   57.5  444.0
2015 240  8 28 1300  -21.3  961.3    6.3   97.0   57.6  444.0
2015 240  8 28 1400  -21.5  961.5    7.8   99.6   62.7  444.0
2015 240  8 28 1500  -20.5  959.9   18.6  142.2   87.5  444.0
2015 240  8 28 1600  -20.1  961.3   19.0  144.5   76.8  444.0
2015 240  8 28 1700  -19.1  961.6   19.1  144.5   55.2  444.0
2015 240  8 28 1800  -20.0  961.4   20.1  145.0   60.4  444.0
2015 240  8 28 1900  -20.3  962.8   19.3  148.4   53.3  444.0
2015 240  8 28 2000  -20.6  963.5   19.9  141.5   76.7  444.0
2015 240  8 28 2100  -20.6  963.5   19.4  143.5   66.0  444.0
2015 240  8 28 2200  -20.6  963.8   21.8  143.6   67.9  444.0
2015 240  8 28 2300  -21.0  964.4   18.4  145.7   61.0  444.0
2015 241  8 29 0000  -20.8  966.3   18.2  150.7   55.3  444.0
2015 241  8 29 0100  -21.0  965.2   21.0  148.6   52.9  444.0
2015 241  8 29 0200  -21.1  965.3   21.7  144.4   61.4  444.0
2015 241  8 29 0300  -20.9  967.1   19.7  144.2   50.9  444.0
2015 241  8 29 0400  -21.0  969.5   15.9  153.8   58.5  444.0
2015 241  8 29 0500  -20.6  970.3   15.7  151.5   59.3  444.0
2015 241  8 29 0600  -21.0  970.2   17.5  146.4   71.5  444.0
2015 241  8 29 0700  -20.7  970.4   17.5  147.6   59.0  444.0
2015 241  8 29 0800  -20.9  971.4   17.3  145.8   59.1  444.0
2015 241  8 29 0900  -21.4  444.0    8.9  146.7   58.9  444.0
2015 241  8 29 1000  -21.4  975.9    2.8  119.5   61.0  444.0
2015 241  8 29 1100  -21.5  976.6    0.6  126.1   63.4  444.0
2015 241  8 29 1200  -21.8  977.0    8.8  104.3   71.2  444.0
2015 241  8 29 1300  -22.2  977.2    9.4  102.6   72.4  444.0
2015 241  8 29 1400  -22.2  978.8   10.4   80.1   72.1  444.0
2015 241  8 29 1500  -22.0  979.0    9.0   84.3   69.5  444.0
2015 241  8 29 1600  -20.4  980.6    6.8  103.7   45.8  444.0
2015 241  8 29 1700  -20.5  980.4    1.8  119.8   62.5  444.0
2015 241  8 29 1800  -19.9  980.6    3.3  170.2   73.0  444.0
2015 241  8 29 1900  -19.7  978.8   14.4  165.5   79.3  444.0
2015 241  8 29 2000  -18.5  979.0   16.3  151.6   32.6  444.0
2015 241  8 29 2100  -19.6  981.9    7.5  167.5   70.4  444.0
2015 241  8 29 2200  -19.6  983.2    4.9  170.2   68.1  444.0
2015 241  8 29 2300  -20.2  983.3    4.0  144.0   64.2  444.0
2015 242  8 30 0000  -19.4  983.2    7.9  157.4   55.3  444.0
2015 242  8 30 0100  -20.1  983.1    7.1  145.4   52.7  444.0
2015 242  8 30 0200  -19.6  983.0    5.7  162.5   49.2  444.0
2015 242  8 30 0300  -19.7  982.7    5.6  158.7   50.5  444.0
2015 242  8 30 0400  -19.3  982.9    3.1  145.9   44.7  444.0
2015 242  8 30 0500  -20.8  982.9    2.8  106.2   64.2  444.0
2015 242  8 30 0600  -20.9  982.5    4.5   93.8   60.2  444.0
2015 242  8 30 0700  -20.5  982.2    5.9   82.2   51.7  444.0
2015 242  8 30 0800  -20.8  983.0    5.5   76.2   56.6  444.0
2015 242  8 30 0900  -21.1  982.9   10.3   96.5   50.7  444.0
2015 242  8 30 1000  -22.3  983.6    8.9   70.9   67.1  444.0
2015 242  8 30 1100  -21.4  983.7    8.3   89.6   54.5  444.0
2015 242  8 30 1200  -21.0  984.2    8.3   93.8   53.0  444.0
2015 242  8 30 1300  -20.7  983.4    8.9   90.8   46.8  444.0
2015 242  8 30 1400  -20.4  983.4    8.0   98.7   41.9  444.0
2015 242  8 30 1500  -20.0  984.3    6.8   96.6   37.4  444.0
2015 242  8 30 1600  -21.3  985.2    4.2   73.3   59.7  444.0
2015 242  8 30 1700  -21.8  984.8    2.9  118.2   57.9  444.0
2015 242  8 30 1800  -22.7  984.6    4.9   87.6   68.8  444.0
2015 242  8 30 1900  -23.0  984.7    4.2   86.1   66.7  444.0
2015 242  8 30 2000  -22.7  983.7    3.8   92.6   65.0  444.0
2015 242  8 30 2100  -22.8  982.5    4.9   91.8   65.7  444.0
2015 242  8 30 2200  -23.2  981.7    5.4   95.2   69.3  444.0
2015 242  8 30 2300  -23.3  980.5    6.5   84.1   70.6  444.0
2015 243  8 31 0000  -22.5  978.9    6.8   83.2   64.5  444.0
2015 243  8 31 0100  -22.4  977.6   10.4   78.1   58.6  444.0
2015 243  8 31 0200  -22.3  978.0    1.3  178.3   59.0  444.0
2015 243  8 31 0300  -22.6  977.5    4.6   80.3   62.9  444.0
2015 243  8 31 0400  -22.3  977.3    2.3  106.5   53.6  444.0
2015 243  8 31 0500  -22.4  976.8    2.2   99.1   58.4  444.0
2015 243  8 31 0600  -22.4  976.2    2.3  147.2   64.5  444.0
2015 243  8 31 0700  -23.1  975.8    2.7  132.3   70.3  444.0
2015 243  8 31 0800  -23.2  975.6    1.6  128.9   69.3  444.0
2015 243  8 31 0900  -23.3  975.1    3.4   98.6   70.3  444.0
2015 243  8 31 1000  -23.5  974.8    6.2   87.5   75.1  444.0
2015 243  8 31 1100  -24.1  974.6    3.5  109.4   79.3  444.0
2015 243  8 31 1200  -23.7  974.0    5.4   93.5   78.9  444.0
2015 243  8 31 1300  -23.7  973.2    4.5   92.0   79.7  444.0
2015 243  8 31 1400  -23.6  972.2    2.6   97.6   76.3  444.0
2015 243  8 31 1500  -23.6  971.1    4.8   78.6   82.2  444.0
2015 243  8 31 1600  -22.4  970.3    3.8   93.1   68.2  444.0
2015 243  8 31 1700  -23.4  969.1    2.8   80.2   72.5  444.0
2015 243  8 31 1800  -24.3  967.3    6.2   72.8   82.4  444.0
2015 243  8 31 1900  -23.2  966.6    6.5   84.9   70.9  444.0
2015 243  8 31 2000  -20.3  966.3    5.7   99.5   22.4  444.0
2015 243  8 31 2100  -19.9  965.7    6.8   97.4   21.5  444.0
2015 243  8 31 2200  -22.3  966.6    5.4  153.8   68.0  444.0
2015 243  8 31 2300  -23.1  966.5    5.8  159.0   69.6  444.0
