Year: 2015  Month: 02  ID: CBD  ARGOS: 99504  Name: Cape Bird           
Lat: 77.22S  Lon: 166.44E  Elev:   38m
2015  32  2  1 0000   -0.8  974.5    5.6  115.7   62.5  444.0
2015  32  2  1 0100   -0.8  974.9    7.8  174.9   55.0  444.0
2015  32  2  1 0200   -1.3  975.4    7.0  108.4   68.9  444.0
2015  32  2  1 0300   -0.6  975.2    5.6  102.4   64.8  444.0
2015  32  2  1 0400   -0.6  974.7    6.7  112.5   63.5  444.0
2015  32  2  1 0500   -1.0  974.5    9.1  109.5   69.2  444.0
2015  32  2  1 0600   -1.0  975.0    4.5  102.1   66.2  444.0
2015  32  2  1 0700   -0.8  974.7    3.4  125.8   64.0  444.0
2015  32  2  1 0800   -0.9  974.9    6.8  119.5   66.3  444.0
2015  32  2  1 0900   -1.5  975.1    6.1  117.0   72.4  444.0
2015  32  2  1 1000   -1.4  974.5    7.0  111.1   73.0  444.0
2015  32  2  1 1100   -0.5  974.6    1.5  142.9   65.6  444.0
2015  32  2  1 1200   -1.5  975.0    4.4  143.3   68.8  444.0
2015  32  2  1 1300   -1.5  974.7    6.3  118.0   66.2  444.0
2015  32  2  1 1400   -0.8  975.7    1.7   92.0   53.8  444.0
2015  32  2  1 1500   -1.7  974.9    7.2  120.0   74.5  444.0
2015  32  2  1 1600   -1.8  975.1    7.0  119.7   77.3  444.0
2015  32  2  1 1700   -2.1  976.0    6.7  116.1   82.1  444.0
2015  32  2  1 1800   -2.1  975.5    6.5  105.8   82.3  444.0
2015  32  2  1 1900   -2.1  975.8    6.5  125.3   81.3  444.0
2015  32  2  1 2000   -1.9  976.1    6.5  101.7   82.1  444.0
2015  32  2  1 2100   -2.1  976.7    5.9  118.9   81.2  444.0
2015  32  2  1 2200   -2.2  976.5    5.7  101.1   84.2  444.0
2015  32  2  1 2300   -1.7  976.3    7.9   95.9   81.2  444.0
2015  33  2  2 0000   -2.0  977.4    5.7  114.7   82.3  444.0
2015  33  2  2 0100   -2.0  977.5    2.0  107.5   85.0  444.0
2015  33  2  2 0200   -2.0  976.5    8.7   93.6   83.3  444.0
2015  33  2  2 0300   -1.1  977.1    6.4   93.2   79.9  444.0
2015  33  2  2 0400   -0.9  976.8    6.4   89.7   78.6  444.0
2015  33  2  2 0500   -0.4  976.6    6.8   95.6   75.4  444.0
2015  33  2  2 0600   -1.0  976.9    6.7   80.9   80.3  444.0
2015  33  2  2 0700   -1.2  977.2    4.0   71.8   81.0  444.0
2015  33  2  2 0800   -1.4  977.3    1.9   65.3   85.4  444.0
2015  33  2  2 0900   -0.4  976.7    0.7   87.4   76.3  444.0
2015  33  2  2 1000   -1.1  976.4    4.6   96.7   77.0  444.0
2015  33  2  2 1100   -2.2  976.9   10.4  105.0   86.8  444.0
2015  33  2  2 1200   -1.8  977.8    6.5   88.4   87.8  444.0
2015  33  2  2 1300   -2.1  978.2    5.3   65.3   87.8  444.0
2015  33  2  2 1400   -2.2  978.5    4.5   63.3   86.4  444.0
2015  33  2  2 1500   -2.5  978.6    4.6   65.7   88.0  444.0
2015  33  2  2 1600   -2.6  978.6    4.3   76.5   88.6  444.0
2015  33  2  2 1700   -2.6  978.7    3.2   58.8   89.6  444.0
2015  33  2  2 1800   -2.5  979.0    2.2   48.7   89.8  444.0
2015  33  2  2 1900   -2.5  979.0    0.9  357.8   90.3  444.0
2015  33  2  2 2000   -2.6  979.2    2.9  283.6   89.9  444.0
2015  33  2  2 2100   -2.6  979.4    1.0   26.9   88.9  444.0
2015  33  2  2 2200   -2.9  979.7    5.3   60.8   90.0  444.0
2015  33  2  2 2300  444.0  444.0  444.0  444.0  444.0  444.0
2015  34  2  3 0000  444.0  444.0  444.0  444.0  444.0  444.0
2015  34  2  3 0100  444.0  444.0  444.0  444.0  444.0  444.0
2015  34  2  3 0200  444.0  444.0  444.0  444.0  444.0  444.0
2015  34  2  3 0300  444.0  444.0  444.0  444.0  444.0  444.0
2015  34  2  3 0400  444.0  444.0  444.0  444.0  444.0  444.0
2015  34  2  3 0500   -3.9  980.2    5.0   91.4   93.3  444.0
2015  34  2  3 0600   -3.7  980.6    4.4   90.3   89.8  444.0
2015  34  2  3 0700   -3.7  980.7    4.7   99.9   90.2  444.0
2015  34  2  3 0800   -3.6  980.9    4.0   75.4   93.0  444.0
2015  34  2  3 0900   -3.9  980.9    4.1   99.7   95.8  444.0
2015  34  2  3 1000   -3.8  981.2    4.6   99.3   96.1  444.0
2015  34  2  3 1100   -4.0  981.0    6.9   98.6   96.9  444.0
2015  34  2  3 1200   -3.6  981.2    6.6   93.0   95.7  444.0
2015  34  2  3 1300   -3.4  981.5    7.6   99.1   95.6  444.0
2015  34  2  3 1400   -3.4  981.9    6.4  111.4   89.9  444.0
2015  34  2  3 1500   -3.3  982.3    4.7   97.4   84.4  444.0
2015  34  2  3 1600   -3.5  982.7    3.7   85.7   85.4  444.0
2015  34  2  3 1700   -4.1  982.8    5.5   77.5   90.4  444.0
2015  34  2  3 1800   -4.2  983.1    5.7   80.0   90.0  444.0
2015  34  2  3 1900   -4.2  983.5    6.5   77.7   87.9  444.0
2015  34  2  3 2000   -4.2  984.0    6.0   77.2   87.9  444.0
2015  34  2  3 2100   -4.4  984.4    5.8   85.8   91.0  444.0
2015  34  2  3 2200   -4.3  984.8    4.8   79.4   90.9  444.0
2015  34  2  3 2300   -4.6  985.2    5.4   88.1   90.5  444.0
2015  35  2  4 0000   -4.4  985.7    3.5   92.4   89.3  444.0
2015  35  2  4 0100   -4.1  986.1    3.6  102.6   86.7  444.0
2015  35  2  4 0200   -3.7  986.4    2.6  101.0   84.9  444.0
2015  35  2  4 0300   -3.5  986.9    3.0   88.4   84.4  444.0
2015  35  2  4 0400  444.0  987.1    1.0  134.4   73.8  444.0
2015  35  2  4 0500  444.0  987.4    0.8  209.3   71.7  444.0
2015  35  2  4 0600   -2.0  988.0    1.7  201.7   75.5  444.0
2015  35  2  4 0700   -2.9  988.4    2.1  210.2   78.7  444.0
2015  35  2  4 0800   -2.7  988.8    2.1  188.2   78.9  444.0
2015  35  2  4 0900   -2.9  989.2    1.3  163.5   76.5  444.0
2015  35  2  4 1000   -3.2  989.4    2.0  132.0   78.6  444.0
2015  35  2  4 1100   -3.4  989.7    1.8  104.3   77.3  444.0
2015  35  2  4 1200   -3.6  989.9    1.6  121.1   87.8  444.0
2015  35  2  4 1300   -4.5  989.9    4.5   84.3   91.9  444.0
2015  35  2  4 1400   -4.6  990.2    1.5  112.3   91.3  444.0
2015  35  2  4 1500   -4.4  990.1    1.0  129.0   89.8  444.0
2015  35  2  4 1600   -4.4  990.0    0.8  143.4   90.4  444.0
2015  35  2  4 1700   -4.5  989.7    2.9  169.8   88.1  444.0
2015  35  2  4 1800   -5.4  989.0    1.6  151.2   80.7  444.0
2015  35  2  4 1900   -4.5  989.0    2.5  164.0   81.5  444.0
2015  35  2  4 2000   -4.0  988.4    3.7  119.3   78.3  444.0
2015  35  2  4 2100   -3.9  987.7    8.8   94.5   78.0  444.0
2015  35  2  4 2200   -3.5  988.0    9.3   87.9   81.9  444.0
2015  35  2  4 2300   -3.7  988.5    6.9   90.0   87.3  444.0
2015  36  2  5 0000   -3.5  989.4    4.2   87.3   85.8  444.0
2015  36  2  5 0100   -3.4  989.3    4.6   78.8   84.0  444.0
2015  36  2  5 0200   -3.2  989.5    2.1   72.9   80.2  444.0
2015  36  2  5 0300   -2.9  989.6    0.7  169.4   76.4  444.0
2015  36  2  5 0400   -2.5  989.3    5.6  182.0   79.7  444.0
2015  36  2  5 0500   -2.6  988.6    2.2  187.0   71.6  444.0
2015  36  2  5 0600   -2.8  987.1    5.6   81.0   74.5  444.0
2015  36  2  5 0700   -2.8  987.6    7.2  182.2   74.8  444.0
2015  36  2  5 0800   -2.4  988.4    3.0  101.1   70.2  444.0
2015  36  2  5 0900   -2.0  987.7    3.9   99.7   70.9  444.0
2015  36  2  5 1000   -2.1  987.1    2.9  177.6   71.5  444.0
2015  36  2  5 1100   -2.2  986.5    3.5  160.8   64.8  444.0
2015  36  2  5 1200   -2.4  985.2    3.7  136.2   54.0  444.0
2015  36  2  5 1300   -2.1  983.6    2.9  148.4   49.8  444.0
2015  36  2  5 1400   -0.9  982.3    6.6  171.1   40.8  444.0
2015  36  2  5 1500   -1.3  981.2    3.3  136.3   43.1  444.0
2015  36  2  5 1600   -1.0  979.4    2.5  210.2   41.9  444.0
2015  36  2  5 1700   -1.0  979.6    3.4  129.6   46.3  444.0
2015  36  2  5 1800   -1.6  977.5    4.5  170.5   50.6  444.0
2015  36  2  5 1900   -1.1  978.3    1.2  155.3   48.5  444.0
2015  36  2  5 2000   -1.4  976.4    5.2  145.9   66.9  444.0
2015  36  2  5 2100   -2.3  975.1   12.9  166.9   71.6  444.0
2015  36  2  5 2200   -4.1  974.9   13.8  161.9   59.2  444.0
2015  36  2  5 2300   -5.5  974.3   18.5  162.0   76.0  444.0
2015  37  2  6 0000   -6.6  972.3   21.6  158.6   84.7  444.0
2015  37  2  6 0100   -6.9  969.3   23.4  165.4   71.6  444.0
2015  37  2  6 0200   -7.0  969.5   27.1  167.9   72.8  444.0
2015  37  2  6 0300   -7.9  969.5   24.0  168.8   88.7  444.0
2015  37  2  6 0400   -7.6  967.4   27.5  165.4   90.9  444.0
2015  37  2  6 0500   -8.1  967.4   26.5  162.7  101.2  444.0
2015  37  2  6 0600   -8.5  967.6   25.6  166.9   99.9  444.0
2015  37  2  6 0700   -7.7  967.0   26.8  166.7   81.2  444.0
2015  37  2  6 0800   -8.0  969.1   23.9  163.1   73.8  444.0
2015  37  2  6 0900   -8.0  969.4   23.2  164.2   73.5  444.0
2015  37  2  6 1000   -8.3  967.7   22.9  165.2   75.3  444.0
2015  37  2  6 1100   -7.9  968.7   20.4  163.5   69.2  444.0
2015  37  2  6 1200   -7.5  969.9   13.5  165.0   67.3  444.0
2015  37  2  6 1300   -7.4  969.7   15.5  164.4   62.2  444.0
2015  37  2  6 1400   -6.2  970.5   11.0  168.7   63.7  444.0
2015  37  2  6 1500   -5.1  970.5    4.6  137.3   52.2  444.0
2015  37  2  6 1600   -5.2  971.2    1.7  157.7   58.0  444.0
2015  37  2  6 1700   -4.6  971.6    1.9   86.0   62.6  444.0
2015  37  2  6 1800  444.0  444.0  444.0  444.0  444.0  444.0
2015  37  2  6 1900  444.0  444.0  444.0  444.0  444.0  444.0
2015  37  2  6 2000  444.0  444.0  444.0  444.0  444.0  444.0
2015  37  2  6 2100  444.0  444.0  444.0  444.0  444.0  444.0
2015  37  2  6 2200  444.0  444.0  444.0  444.0  444.0  444.0
2015  37  2  6 2300  444.0  444.0  444.0  444.0  444.0  444.0
2015  38  2  7 0000  444.0  444.0  444.0  444.0  444.0  444.0
2015  38  2  7 0100  444.0  444.0  444.0  444.0  444.0  444.0
2015  38  2  7 0200  444.0  444.0  444.0  444.0  444.0  444.0
2015  38  2  7 0300  444.0  444.0  444.0  444.0  444.0  444.0
2015  38  2  7 0400   -0.8  971.3    3.2   90.0   68.4  444.0
2015  38  2  7 0500   -1.0  971.4    1.4  201.3   72.2  444.0
2015  38  2  7 0600   -0.5  970.9    0.3  193.6   65.0  444.0
2015  38  2  7 0700    0.3  971.1    3.4  179.7   53.4  444.0
2015  38  2  7 0800   -0.2  970.9    0.6  131.5   56.7  444.0
2015  38  2  7 0900   -0.8  970.1    1.9  217.5   54.6  444.0
2015  38  2  7 1000   -1.0  970.2   11.3  176.6   52.9  444.0
2015  38  2  7 1100   -0.8  970.4    2.2  216.4   58.1  444.0
2015  38  2  7 1200   -1.9  969.7    6.8  114.1   68.4  444.0
2015  38  2  7 1300   -0.5  969.5    3.3  165.1   52.1  444.0
2015  38  2  7 1400   -0.9  969.0    3.7  124.0   54.5  444.0
2015  38  2  7 1500   -1.0  968.7    2.0  180.5   59.1  444.0
2015  38  2  7 1600   -1.5  968.5    3.1  133.8   60.5  444.0
2015  38  2  7 1700   -1.3  967.8    3.5  130.3   57.4  444.0
2015  38  2  7 1800   -0.9  444.0    3.8  165.6   53.9  444.0
2015  38  2  7 1900   -0.3  967.1    6.6  171.6   45.6  444.0
2015  38  2  7 2000   -0.8  967.8    1.9  106.1   73.1  444.0
2015  38  2  7 2100   -1.4  444.0    6.8  104.4   57.7  444.0
2015  38  2  7 2200   -0.5  967.4    2.9  185.3   50.6  444.0
2015  38  2  7 2300  444.0  444.0  444.0  444.0  444.0  444.0
2015  39  2  8 0000  444.0  444.0  444.0  444.0  444.0  444.0
2015  39  2  8 0100  444.0  444.0  444.0  444.0  444.0  444.0
2015  39  2  8 0200  444.0  444.0  444.0  444.0  444.0  444.0
2015  39  2  8 0300  444.0  444.0  444.0  444.0  444.0  444.0
2015  39  2  8 0400  444.0  444.0  444.0  444.0  444.0  444.0
2015  39  2  8 0500    0.8  967.4    5.5  117.7   49.7  444.0
2015  39  2  8 0600   -0.4  444.0    4.1   97.6   62.9  444.0
2015  39  2  8 0700   -0.3  967.9    6.9  121.4   66.1  444.0
2015  39  2  8 0800   -0.7  444.0   10.3  100.5   74.5  444.0
2015  39  2  8 0900   -1.6  967.3    3.9  109.7   66.9  444.0
2015  39  2  8 1000   -0.9  968.8    2.2  221.3   66.1  444.0
2015  39  2  8 1100   -1.3  444.0    3.1  178.0   74.4  444.0
2015  39  2  8 1200   -2.0  968.7    7.0  117.2   56.6  444.0
2015  39  2  8 1300   -0.9  970.0    8.7  176.6   51.0  444.0
2015  39  2  8 1400   -0.8  969.4    7.1  122.1   53.9  444.0
2015  39  2  8 1500   -1.2  970.2    3.9  103.7   68.3  444.0
2015  39  2  8 1600   -1.4  971.9    2.8  107.2   76.0  444.0
2015  39  2  8 1700   -1.5  971.6    5.5  109.3   77.7  444.0
2015  39  2  8 1800   -1.4  972.3    4.1  111.2   77.2  444.0
2015  39  2  8 1900   -1.2  972.8    3.0  111.4   73.3  444.0
2015  39  2  8 2000   -1.2  972.9    3.0  128.1   73.1  444.0
2015  39  2  8 2100   -0.4  972.4    2.7   97.9   64.3  444.0
2015  39  2  8 2200   -0.4  972.9    4.0  120.7   57.4  444.0
2015  39  2  8 2300   -0.5  973.4    2.6  190.5   65.5  444.0
2015  40  2  9 0000   -0.8  973.0    6.9  107.8   65.9  444.0
2015  40  2  9 0100   -1.1  973.6    5.1   99.6   73.7  444.0
2015  40  2  9 0200   -1.0  973.8    3.6   83.8   77.4  444.0
2015  40  2  9 0300   -1.0  973.6    1.9   86.2   76.3  444.0
2015  40  2  9 0400   -0.9  973.0    1.4   71.2   77.1  444.0
2015  40  2  9 0500   -1.0  972.9    4.2   86.0   79.1  444.0
2015  40  2  9 0600   -1.0  973.4    0.6  226.9   80.5  444.0
2015  40  2  9 0700    0.1  973.3    3.6  113.3   56.7  444.0
2015  40  2  9 0800   -0.7  973.4    2.2  107.7   73.2  444.0
2015  40  2  9 0900   -0.1  974.1    2.4  113.1   55.3  444.0
2015  40  2  9 1000   -0.2  974.4    2.1  175.4   62.1  444.0
2015  40  2  9 1100   -0.3  974.5    3.6  133.6   56.0  444.0
2015  40  2  9 1200    0.2  974.9    2.3   98.7   52.7  444.0
2015  40  2  9 1300   -0.1  974.8    5.0  116.5   53.1  444.0
2015  40  2  9 1400    0.4  975.2    4.8  111.2   51.3  444.0
2015  40  2  9 1500    0.0  975.0    6.2  114.2   56.6  444.0
2015  40  2  9 1600    0.6  975.2    5.1  114.4   50.4  444.0
2015  40  2  9 1700   -1.2  975.3    2.0  162.5   66.8  444.0
2015  40  2  9 1800   -0.7  975.6    3.7  169.0   62.8  444.0
2015  40  2  9 1900   -0.2  975.4    2.9  137.8   56.2  444.0
2015  40  2  9 2000   -0.2  976.1    2.1  235.6   64.1  444.0
2015  40  2  9 2100   -0.9  976.0    1.9  177.6   67.5  444.0
2015  40  2  9 2200    0.6  975.1    7.4  117.0   49.0  444.0
2015  40  2  9 2300  444.0  444.0  444.0  444.0  444.0  444.0
2015  41  2 10 0000  444.0  444.0  444.0  444.0  444.0  444.0
2015  41  2 10 0100  444.0  444.0  444.0  444.0  444.0  444.0
2015  41  2 10 0200  444.0  444.0  444.0  444.0  444.0  444.0
2015  41  2 10 0300  444.0  444.0  444.0  444.0  444.0  444.0
2015  41  2 10 0400  444.0  444.0  444.0  444.0  444.0  444.0
2015  41  2 10 0500   -1.4  977.4  444.0  444.0   82.2  444.0
2015  41  2 10 0600   -1.4  977.1    3.7  107.3   79.5  444.0
2015  41  2 10 0700   -1.3  977.5    3.9   84.1   80.1  444.0
2015  41  2 10 0800   -1.0  978.1    2.3  103.3   71.1  444.0
2015  41  2 10 0900   -1.1  978.4    3.8  106.9   63.4  444.0
2015  41  2 10 1000   -1.4  978.8    2.7  111.4   68.7  444.0
2015  41  2 10 1100   -1.2  978.3    4.3  117.6   66.2  444.0
2015  41  2 10 1200   -0.9  977.8    5.3  119.8   61.8  444.0
2015  41  2 10 1300   -0.6  978.1    1.8  129.8   59.6  444.0
2015  41  2 10 1400   -1.4  978.1    0.4  148.7   74.4  444.0
2015  41  2 10 1500   -1.1  977.9    2.4  145.8   68.6  444.0
2015  41  2 10 1600   -1.5  977.9    1.1  116.8   74.7  444.0
2015  41  2 10 1700   -0.9  977.7    2.3  120.6   59.8  444.0
2015  41  2 10 1800   -1.0  977.7    2.7  115.3   60.1  444.0
2015  41  2 10 1900   -0.7  977.9    1.2  171.9   61.5  444.0
2015  41  2 10 2000   -0.4  978.1    1.3  155.9   57.4  444.0
2015  41  2 10 2100   -0.8  978.0    2.1  121.7   60.6  444.0
2015  41  2 10 2200   -0.9  978.0    1.6  134.3   74.5  444.0
2015  41  2 10 2300   -2.5  978.4    6.9  102.6   86.7  444.0
2015  42  2 11 0000   -2.5  978.4    4.8   92.1   78.8  444.0
2015  42  2 11 0100   -2.8  978.3    5.0   91.1   70.8  444.0
2015  42  2 11 0200   -2.3  978.1    5.3   89.5   67.8  444.0
2015  42  2 11 0300   -2.2  977.7    5.2   83.8   66.7  444.0
2015  42  2 11 0400   -3.0  977.5    3.6   79.6   71.0  444.0
2015  42  2 11 0500   -3.2  977.5    3.0   62.8   71.0  444.0
2015  42  2 11 0600   -3.3  977.3    3.8   64.2   74.3  444.0
2015  42  2 11 0700   -3.2  977.2    0.2   31.1   74.3  444.0
2015  42  2 11 0800   -3.1  977.3    0.4  289.9   75.4  444.0
2015  42  2 11 0900   -3.1  977.0    2.8  228.5   77.1  444.0
2015  42  2 11 1000   -3.0  976.7    2.5  173.4   76.9  444.0
2015  42  2 11 1100   -3.0  976.5    2.7  174.4   75.9  444.0
2015  42  2 11 1200   -3.3  976.2    4.2  172.6   61.4  444.0
2015  42  2 11 1300   -4.0  975.9    1.8  132.8   65.2  444.0
2015  42  2 11 1400   -4.1  975.3    5.3  109.4   60.8  444.0
2015  42  2 11 1500   -3.5  975.2    6.6  113.9   64.0  444.0
2015  42  2 11 1600   -2.9  975.4    3.9  108.4   67.3  444.0
2015  42  2 11 1700   -3.2  975.5    2.6  122.1   67.5  444.0
2015  42  2 11 1800   -3.3  975.8    2.3  129.2   66.7  444.0
2015  42  2 11 1900   -3.0  976.0    1.6  139.6   66.9  444.0
2015  42  2 11 2000   -2.6  976.0    1.0  139.6   66.3  444.0
2015  42  2 11 2100   -2.3  975.9    1.4  181.7   65.1  444.0
2015  42  2 11 2200   -2.0  976.1    2.2  181.1   64.5  444.0
2015  42  2 11 2300   -1.5  976.1    1.0  179.3   59.9  444.0
2015  43  2 12 0000   -1.3  976.1    0.8  172.6   57.7  444.0
2015  43  2 12 0100   -1.3  976.0    1.8  187.3   55.4  444.0
2015  43  2 12 0200   -1.4  975.8    1.6  196.6   55.9  444.0
2015  43  2 12 0300   -1.4  975.7    1.7  224.2   58.6  444.0
2015  43  2 12 0400   -1.7  975.7    1.3   65.3   65.7  444.0
2015  43  2 12 0500   -2.1  975.6    3.3   95.0   70.7  444.0
2015  43  2 12 0600   -2.3  975.6    4.8   92.5   68.8  444.0
2015  43  2 12 0700   -2.7  975.6    6.6   83.7   68.5  444.0
2015  43  2 12 0800   -2.7  975.4    8.0   83.5   71.2  444.0
2015  43  2 12 0900   -3.0  975.8    7.3   91.0   73.5  444.0
2015  43  2 12 1000   -3.3  976.1    6.6  111.3   74.0  444.0
2015  43  2 12 1100   -3.3  976.3    5.9  105.1   72.0  444.0
2015  43  2 12 1200   -3.5  976.5    5.2  109.5   69.4  444.0
2015  43  2 12 1300   -3.4  976.4    5.2  115.0   67.3  444.0
2015  43  2 12 1400   -3.5  976.5    5.1  116.0   69.9  444.0
2015  43  2 12 1500   -3.3  976.7    3.5  116.5   64.3  444.0
2015  43  2 12 1600   -3.4  976.7    2.8  128.3   58.1  444.0
2015  43  2 12 1700   -3.2  976.8    2.0  133.6   60.1  444.0
2015  43  2 12 1800   -2.9  976.9    1.0  129.9   64.3  444.0
2015  43  2 12 1900   -2.7  977.0    2.0  216.8   65.0  444.0
2015  43  2 12 2000   -2.8  977.0    1.8  229.0   61.6  444.0
2015  43  2 12 2100   -2.7  977.1    0.3  279.0   59.7  444.0
2015  43  2 12 2200   -2.8  977.1    1.9  116.4   63.5  444.0
2015  43  2 12 2300  444.0  444.0  444.0  444.0  444.0  444.0
2015  44  2 13 0000  444.0  444.0  444.0  444.0  444.0  444.0
2015  44  2 13 0100  444.0  444.0  444.0  444.0  444.0  444.0
2015  44  2 13 0200  444.0  444.0  444.0  444.0  444.0  444.0
2015  44  2 13 0300  444.0  444.0  444.0  444.0  444.0  444.0
2015  44  2 13 0400  444.0  444.0  444.0  444.0  444.0  444.0
2015  44  2 13 0500   -3.0  976.3    2.6   88.9   69.4  444.0
2015  44  2 13 0600   -3.1  976.4    2.6   95.2   64.6  444.0
2015  44  2 13 0700   -3.2  976.4    1.8   75.5   66.4  444.0
2015  44  2 13 0800   -3.5  976.4    2.3  106.1   68.8  444.0
2015  44  2 13 0900   -3.6  976.2    1.6  120.9   68.3  444.0
2015  44  2 13 1000   -3.7  976.1    1.5  121.4   66.7  444.0
2015  44  2 13 1100   -3.9  976.0    1.6  130.7   68.5  444.0
2015  44  2 13 1200   -4.0  975.9    1.8  142.8   68.5  444.0
2015  44  2 13 1300   -4.0  975.9    1.9  142.5   68.5  444.0
2015  44  2 13 1400   -4.1  975.7    1.2  135.6   70.0  444.0
2015  44  2 13 1500   -4.2  975.6    1.2  131.2   70.3  444.0
2015  44  2 13 1600   -4.2  975.6    1.9  128.4   70.4  444.0
2015  44  2 13 1700   -4.0  975.5    1.6  147.4   67.2  444.0
2015  44  2 13 1800   -4.2  975.7    2.1   96.4   67.5  444.0
2015  44  2 13 1900   -4.3  975.8    1.7   95.4   68.7  444.0
2015  44  2 13 2000   -4.3  976.1    2.5   97.3   69.2  444.0
2015  44  2 13 2100   -4.2  976.3    2.1   95.0   66.0  444.0
2015  44  2 13 2200   -4.2  976.3    2.0   98.3   69.5  444.0
2015  44  2 13 2300  444.0  444.0  444.0  444.0  444.0  444.0
2015  45  2 14 0000  444.0  444.0  444.0  444.0  444.0  444.0
2015  45  2 14 0100  444.0  444.0  444.0  444.0  444.0  444.0
2015  45  2 14 0200  444.0  444.0  444.0  444.0  444.0  444.0
2015  45  2 14 0300  444.0  444.0  444.0  444.0  444.0  444.0
2015  45  2 14 0400  444.0  444.0  444.0  444.0  444.0  444.0
2015  45  2 14 0500   -4.3  976.5    1.2  100.9   67.3  444.0
2015  45  2 14 0600   -4.3  976.6    0.6  144.0   68.7  444.0
2015  45  2 14 0700   -4.1  976.6    0.3  272.6   70.6  444.0
2015  45  2 14 0800   -4.0  976.5    0.3  112.7   71.1  444.0
2015  45  2 14 0900   -4.1  976.4    1.1  114.8   72.4  444.0
2015  45  2 14 1000   -4.2  976.4    1.6  140.8   74.4  444.0
2015  45  2 14 1100   -4.3  976.3    2.2  141.1   75.3  444.0
2015  45  2 14 1200   -4.4  976.4    2.6  137.1   72.3  444.0
2015  45  2 14 1300   -4.3  976.2    3.2  115.8   74.0  444.0
2015  45  2 14 1400   -4.5  976.1    3.5  104.9   76.8  444.0
2015  45  2 14 1500   -4.6  976.0    2.8  101.2   77.9  444.0
2015  45  2 14 1600   -4.6  976.2    0.6   67.0   78.8  444.0
2015  45  2 14 1700   -4.8  976.2    1.2  102.7   80.5  444.0
2015  45  2 14 1800   -4.5  976.2    3.7  178.0   71.2  444.0
2015  45  2 14 1900   -4.4  976.2    3.4  176.2   66.8  444.0
2015  45  2 14 2000   -4.1  976.2    4.3  180.1   65.4  444.0
2015  45  2 14 2100   -4.5  976.2    4.7  178.2   63.3  444.0
2015  45  2 14 2200   -4.1  976.3    2.6  181.2   59.0  444.0
2015  45  2 14 2300   -3.6  976.1    3.9  185.1   64.2  444.0
2015  46  2 15 0000   -3.5  975.8    7.7  181.1   56.1  444.0
2015  46  2 15 0100   -2.9  975.3    9.0  180.0   37.0  444.0
2015  46  2 15 0200   -3.2  975.2   11.0  179.1   42.0  444.0
2015  46  2 15 0300   -3.1  975.1   10.8  175.8   53.1  444.0
2015  46  2 15 0400   -3.9  975.2    9.9  180.1   69.3  444.0
2015  46  2 15 0500   -3.4  975.3    7.7  171.2   61.5  444.0
2015  46  2 15 0600   -3.6  974.8    9.1  176.3   68.9  444.0
2015  46  2 15 0700   -3.5  974.1   12.9  181.6   73.8  444.0
2015  46  2 15 0800   -2.8  972.9   16.6  172.1   55.9  444.0
2015  46  2 15 0900   -2.9  972.5   15.7  175.0   62.8  444.0
2015  46  2 15 1000   -2.7  972.0   17.8  169.3   55.3  444.0
2015  46  2 15 1100   -2.4  972.6   19.1  169.9   42.1  444.0
2015  46  2 15 1200   -3.3  972.1   16.3  171.1   57.8  444.0
2015  46  2 15 1300   -2.9  970.4   16.3  168.5   46.3  444.0
2015  46  2 15 1400   -3.2  972.7   12.6  174.1   57.6  444.0
2015  46  2 15 1500   -3.3  444.0    5.0  139.9   58.7  444.0
2015  46  2 15 1600   -3.3  972.7   11.7  172.5   56.8  444.0
2015  46  2 15 1700   -3.0  972.4   14.4  170.4   52.9  444.0
2015  46  2 15 1800   -2.4  973.5    7.6  170.1   54.9  444.0
2015  46  2 15 1900   -1.8  973.1   11.0  165.2   44.1  444.0
2015  46  2 15 2000   -2.8  971.6   20.2  175.3   59.0  444.0
2015  46  2 15 2100   -2.1  975.7    5.3  112.5   47.5  444.0
2015  46  2 15 2200   -2.1  974.6   14.6  179.8   55.5  444.0
2015  46  2 15 2300   -1.3  974.6    7.2  121.0   42.0  444.0
2015  47  2 16 0000   -0.2  976.0    8.7  170.2   42.2  444.0
2015  47  2 16 0100    0.9  974.2   15.8  169.4   34.5  444.0
2015  47  2 16 0200    1.2  974.8   13.1  169.6   31.8  444.0
2015  47  2 16 0300    1.4  973.4   17.4  167.6   28.7  444.0
2015  47  2 16 0400    0.0  974.0   13.7  168.8   38.4  444.0
2015  47  2 16 0500    0.8  975.3    4.8  160.2   33.7  444.0
2015  47  2 16 0600    0.7  976.6    3.0  192.4   41.4  444.0
2015  47  2 16 0700   -0.4  977.2    3.7   88.8   47.4  444.0
2015  47  2 16 0800   -0.6  978.3    1.3  110.4   43.5  444.0
2015  47  2 16 0900   -1.9  977.3    9.1  107.7   67.5  444.0
2015  47  2 16 1000   -2.0  978.3    5.5  114.7   59.6  444.0
2015  47  2 16 1100   -2.7  978.8    8.8  119.0   68.0  444.0
2015  47  2 16 1200   -3.2  979.5    8.7  107.9   69.3  444.0
2015  47  2 16 1300   -3.7  980.5    8.8  100.5   71.6  444.0
2015  47  2 16 1400   -3.6  981.1    8.8  102.8   74.0  444.0
2015  47  2 16 1500   -3.7  981.6    5.5  110.9   75.6  444.0
2015  47  2 16 1600   -3.5  981.6    5.2  108.1   75.1  444.0
2015  47  2 16 1700   -3.4  981.4    4.3  107.6   76.5  444.0
2015  47  2 16 1800   -3.2  981.3    1.9  123.0   75.3  444.0
2015  47  2 16 1900   -3.1  981.0    5.1  175.3   68.0  444.0
2015  47  2 16 2000   -3.2  980.5    5.9  171.2   67.8  444.0
2015  47  2 16 2100   -3.0  980.6    4.0  158.7   65.2  444.0
2015  47  2 16 2200   -2.6  980.5    4.3  178.5   65.7  444.0
2015  47  2 16 2300   -1.9  980.7    3.1  184.6   46.0  444.0
2015  48  2 17 0000   -1.7  980.7    2.7  190.9   46.4  444.0
2015  48  2 17 0100   -2.0  980.7    2.9   79.0   56.5  444.0
2015  48  2 17 0200   -1.7  980.3    3.7   93.5   51.0  444.0
2015  48  2 17 0300   -2.8  980.2    7.2   89.1   60.4  444.0
2015  48  2 17 0400   -3.1  980.3    7.1   99.7   63.2  444.0
2015  48  2 17 0500   -2.6  980.0    6.1   92.1   59.3  444.0
2015  48  2 17 0600   -2.9  979.9    6.9   91.9   62.6  444.0
2015  48  2 17 0700   -3.3  980.1    6.8   84.6   62.2  444.0
2015  48  2 17 0800   -3.9  980.0    6.8  102.0   66.6  444.0
2015  48  2 17 0900   -4.2  980.0    7.1  104.2   66.4  444.0
2015  48  2 17 1000   -4.3  980.1    6.1  104.5   66.6  444.0
2015  48  2 17 1100  444.0  444.0  444.0  444.0  444.0  444.0
2015  48  2 17 1200  444.0  444.0  444.0  444.0  444.0  444.0
2015  48  2 17 1300   -4.9  979.9    5.3  123.3   61.9  444.0
2015  48  2 17 1400   -4.7  979.9    5.5  121.2   60.4  444.0
2015  48  2 17 1500   -4.0  979.9    4.0  119.9   59.8  444.0
2015  48  2 17 1600   -3.9  980.0    4.0  115.0   63.1  444.0
2015  48  2 17 1700   -3.6  980.3    1.8   81.2   61.0  444.0
2015  48  2 17 1800   -4.0  980.5    1.8  126.4   63.1  444.0
2015  48  2 17 1900   -4.6  980.8    2.7  139.2   57.9  444.0
2015  48  2 17 2000   -4.1  981.1    2.8  148.7   51.3  444.0
2015  48  2 17 2100   -3.6  981.3    2.1  157.3   51.4  444.0
2015  48  2 17 2200   -3.4  981.3    3.8  188.9   51.5  444.0
2015  48  2 17 2300   -3.1  981.5    3.8  187.9   48.4  444.0
2015  49  2 18 0000   -2.8  981.7    3.9  182.1   47.1  444.0
2015  49  2 18 0100   -2.7  981.8    3.8  187.2   45.1  444.0
2015  49  2 18 0200   -2.9  981.6    3.1  191.0   45.2  444.0
2015  49  2 18 0300   -2.6  981.6    2.6  189.2   42.2  444.0
2015  49  2 18 0400   -2.8  981.6    2.1  212.6   43.8  444.0
2015  49  2 18 0500   -2.6  981.5    1.4  203.6   40.4  444.0
2015  49  2 18 0600   -3.0  981.4    0.3    8.2   44.0  444.0
2015  49  2 18 0700   -3.1  981.6    3.3   91.4   60.5  444.0
2015  49  2 18 0800   -3.5  981.6    3.6   94.7   60.9  444.0
2015  49  2 18 0900   -3.8  981.5    3.8  100.6   59.6  444.0
2015  49  2 18 1000   -3.8  981.4    4.0   97.8   59.9  444.0
2015  49  2 18 1100   -3.8  981.5    2.7   97.4   60.4  444.0
2015  49  2 18 1200   -3.7  981.3    2.7   80.6   56.0  444.0
2015  49  2 18 1300   -4.0  980.9    2.8  110.0   60.0  444.0
2015  49  2 18 1400   -4.1  980.7    2.8  114.0   59.9  444.0
2015  49  2 18 1500   -4.2  980.4    3.3  116.2   61.1  444.0
2015  49  2 18 1600   -3.9  980.0    2.9  109.7   56.8  444.0
2015  49  2 18 1700   -4.1  979.7    2.8  117.0   59.6  444.0
2015  49  2 18 1800   -4.0  979.5    2.0  122.1   62.3  444.0
2015  49  2 18 1900   -3.8  979.0    2.6  115.6   63.9  444.0
2015  49  2 18 2000   -3.8  978.6    3.3  108.9   64.4  444.0
2015  49  2 18 2100   -3.8  978.3    3.8  105.3   65.0  444.0
2015  49  2 18 2200   -3.7  977.9    3.6  116.0   63.7  444.0
2015  49  2 18 2300   -3.5  977.8    2.9   87.9   63.7  444.0
2015  50  2 19 0000   -3.6  977.3    4.6   98.7   58.4  444.0
2015  50  2 19 0100   -3.7  976.9    5.5   79.8   62.2  444.0
2015  50  2 19 0200   -3.8  976.6    4.7   92.1   67.8  444.0
2015  50  2 19 0300   -3.8  976.3    4.5  102.4   63.5  444.0
2015  50  2 19 0400   -3.7  976.0    5.2  100.4   62.2  444.0
2015  50  2 19 0500   -3.5  975.8    4.4  118.4   62.0  444.0
2015  50  2 19 0600   -3.4  975.7    1.5  274.9   62.7  444.0
2015  50  2 19 0700   -3.6  975.7    4.6  179.8   69.6  444.0
2015  50  2 19 0800   -3.4  975.5    3.2  179.7   66.6  444.0
2015  50  2 19 0900   -3.8  975.4    3.1   94.2   69.8  444.0
2015  50  2 19 1000   -4.1  975.7    1.3  124.5   72.2  444.0
2015  50  2 19 1100   -4.3  975.7    1.2  173.1   76.3  444.0
2015  50  2 19 1200   -4.8  975.5    1.5  131.7   80.5  444.0
2015  50  2 19 1300   -5.0  975.4    2.1  121.7   79.6  444.0
2015  50  2 19 1400   -4.7  975.1    2.1   95.9   78.3  444.0
2015  50  2 19 1500   -4.8  975.0    2.2   99.4   79.9  444.0
2015  50  2 19 1600   -4.8  975.1    1.1  136.6   76.3  444.0
2015  50  2 19 1700   -5.3  975.1    2.5  130.6   74.2  444.0
2015  50  2 19 1800   -5.5  975.1    2.5  127.8   69.9  444.0
2015  50  2 19 1900   -5.1  974.9    2.7  114.1   70.5  444.0
2015  50  2 19 2000   -4.8  974.8    2.4  125.6   73.6  444.0
2015  50  2 19 2100   -4.8  974.7    3.0  139.0   66.9  444.0
2015  50  2 19 2200   -3.6  974.5    3.3  168.5   66.5  444.0
2015  50  2 19 2300   -3.8  974.2    6.7  178.9   71.0  444.0
2015  51  2 20 0000   -3.8  974.0    5.3  181.9   73.9  444.0
2015  51  2 20 0100   -3.2  973.8    4.5  179.4   72.3  444.0
2015  51  2 20 0200   -3.6  973.4    4.8  181.2   72.9  444.0
2015  51  2 20 0300   -3.6  973.1    5.8  179.8   71.9  444.0
2015  51  2 20 0400   -2.9  972.6    5.4  173.7   64.3  444.0
2015  51  2 20 0500   -3.5  972.1    6.5  177.7   68.7  444.0
2015  51  2 20 0600   -3.5  971.9    6.8  178.3   68.1  444.0
2015  51  2 20 0700   -3.4  971.5    7.4  178.0   64.5  444.0
2015  51  2 20 0800   -3.6  971.4    5.6  172.3   58.4  444.0
2015  51  2 20 0900   -4.1  971.3    5.4  178.0   56.1  444.0
2015  51  2 20 1000   -4.0  971.0    2.8  163.2   56.1  444.0
2015  51  2 20 1100   -4.1  970.6    4.6  169.2   55.0  444.0
2015  51  2 20 1200   -4.5  970.3    4.3  161.4   56.6  444.0
2015  51  2 20 1300   -5.5  969.8    4.9  157.9   61.6  444.0
2015  51  2 20 1400   -5.2  969.3    4.9  154.2   56.8  444.0
2015  51  2 20 1500   -5.2  968.8    3.9  156.6   52.3  444.0
2015  51  2 20 1600   -5.2  968.2    3.7  155.8   53.3  444.0
2015  51  2 20 1700   -5.5  967.8    2.5  158.0   53.9  444.0
2015  51  2 20 1800   -6.2  967.4    3.3  145.8   57.1  444.0
2015  51  2 20 1900   -6.3  966.9    3.7  139.1   63.4  444.0
2015  51  2 20 2000   -5.5  966.5    3.8  136.3   65.5  444.0
2015  51  2 20 2100   -5.1  966.1    3.5  132.0   65.2  444.0
2015  51  2 20 2200   -4.2  965.9    2.5  122.6   61.4  444.0
2015  51  2 20 2300   -3.9  965.7    3.2  107.2   63.5  444.0
2015  52  2 21 0000   -3.8  965.1    5.1   97.1   63.8  444.0
2015  52  2 21 0100   -4.0  964.7    7.0   99.6   63.6  444.0
2015  52  2 21 0200   -3.5  964.5    6.4   98.0   64.3  444.0
2015  52  2 21 0300   -3.6  964.4    7.1   85.4   64.2  444.0
2015  52  2 21 0400   -3.6  964.3    7.0   92.6   61.8  444.0
2015  52  2 21 0500   -3.8  964.6    7.8   72.3   70.9  444.0
2015  52  2 21 0600   -4.1  964.6    8.2   76.6   72.9  444.0
2015  52  2 21 0700   -4.5  965.1    8.3   84.8   69.4  444.0
2015  52  2 21 0800   -5.1  965.5    7.7   87.3   66.4  444.0
2015  52  2 21 0900   -5.7  965.9    8.4   91.7   66.4  444.0
2015  52  2 21 1000   -5.7  966.2   10.2   96.7   59.4  444.0
2015  52  2 21 1100   -6.1  967.3    8.3   99.6   58.2  444.0
2015  52  2 21 1200   -6.0  967.8    6.1  102.4   60.5  444.0
2015  52  2 21 1300   -5.6  968.2    5.2   68.0   58.4  444.0
2015  52  2 21 1400   -5.9  968.7    4.7  112.3   58.3  444.0
2015  52  2 21 1500   -5.8  969.2    2.2  118.8   55.4  444.0
2015  52  2 21 1600   -6.1  969.5    3.2  139.9   66.6  444.0
2015  52  2 21 1700   -5.9  969.9    2.9  159.0   72.8  444.0
2015  52  2 21 1800   -5.8  970.1    3.2  170.5   73.2  444.0
2015  52  2 21 1900   -5.5  970.3    4.1  171.8   73.3  444.0
2015  52  2 21 2000   -5.3  970.8    3.8  162.6   72.4  444.0
2015  52  2 21 2100   -5.1  971.0    4.2  181.8   71.6  444.0
2015  52  2 21 2200   -5.1  971.4    2.8  183.0   76.1  444.0
2015  52  2 21 2300   -5.4  971.6    0.4  218.2   81.3  444.0
2015  53  2 22 0000   -4.6  971.7    3.0  178.5   80.8  444.0
2015  53  2 22 0100   -5.3  972.0    2.5  178.8   82.3  444.0
2015  53  2 22 0200   -5.8  972.2    1.5   54.9   82.3  444.0
2015  53  2 22 0300   -5.3  972.2    1.6   87.2   77.7  444.0
2015  53  2 22 0400   -4.8  972.1    1.0   66.2   75.5  444.0
2015  53  2 22 0500   -3.7  971.8    0.6  160.4   70.1  444.0
2015  53  2 22 0600   -3.2  971.7    5.2  176.4   65.5  444.0
2015  53  2 22 0700   -3.8  971.4    6.5  177.2   58.9  444.0
2015  53  2 22 0800   -5.0  972.1    3.2  124.5   59.6  444.0
2015  53  2 22 0900   -5.1  972.0    5.9  192.3   71.7  444.0
2015  53  2 22 1000   -5.1  972.2    1.0   81.3   70.3  444.0
2015  53  2 22 1100   -5.4  972.7    3.2  111.8   70.4  444.0
2015  53  2 22 1200   -5.2  972.9    4.6  181.2   74.7  444.0
2015  53  2 22 1300   -5.3  972.9    4.7  177.6   74.8  444.0
2015  53  2 22 1400   -6.0  972.8    3.1  147.6   72.9  444.0
2015  53  2 22 1500   -6.0  972.7    3.1  152.4   74.9  444.0
2015  53  2 22 1600   -6.0  972.9    2.3  140.8   75.2  444.0
2015  53  2 22 1700   -5.6  973.1    3.0  155.8   73.6  444.0
2015  53  2 22 1800   -5.9  973.2    3.2  160.4   71.9  444.0
2015  53  2 22 1900   -5.3  972.7    6.3  154.9   53.3  444.0
2015  53  2 22 2000   -5.5  972.8    8.1  162.9   50.7  444.0
2015  53  2 22 2100   -4.9  972.7   10.4  168.0   45.7  444.0
2015  53  2 22 2200   -4.8  973.1   13.0  167.9   40.2  444.0
2015  53  2 22 2300   -6.7  974.0   11.9  169.1   56.3  444.0
2015  54  2 23 0000   -5.5  974.1   12.1  166.8   49.9  444.0
2015  54  2 23 0100   -6.0  974.5    9.6  171.3   54.0  444.0
2015  54  2 23 0200   -6.2  975.1    9.7  175.3   58.3  444.0
2015  54  2 23 0300   -5.2  975.7    1.6  181.6   52.0  444.0
2015  54  2 23 0400   -4.7  976.2    1.5  198.2   60.5  444.0
2015  54  2 23 0500   -4.6  976.6    1.9   89.8   66.6  444.0
2015  54  2 23 0600   -3.6  977.2    2.0   82.6   61.5  444.0
2015  54  2 23 0700   -3.1  977.8    3.2   99.5   51.7  444.0
2015  54  2 23 0800   -3.3  978.0    4.4  109.3   52.8  444.0
2015  54  2 23 0900   -4.0  978.3    5.2  113.7   51.6  444.0
2015  54  2 23 1000   -4.5  978.5    4.8  116.0   54.5  444.0
2015  54  2 23 1100   -5.2  978.7    5.1  117.9   56.4  444.0
2015  54  2 23 1200   -5.3  979.1    4.2  135.0   52.2  444.0
2015  54  2 23 1300   -4.9  979.2    2.8  139.8   51.4  444.0
2015  54  2 23 1400   -5.2  979.0    3.7  142.1   52.3  444.0
2015  54  2 23 1500   -5.0  979.1    4.0  147.1   60.5  444.0
2015  54  2 23 1600   -5.5  979.2    0.9  118.7   56.0  444.0
2015  54  2 23 1700   -4.5  978.6    6.1   96.2   65.8  444.0
2015  54  2 23 1800   -4.6  978.2    6.4   97.3   67.1  444.0
2015  54  2 23 1900   -5.1  977.9    5.7  103.8   66.7  444.0
2015  54  2 23 2000   -5.1  977.9    6.1  107.8   60.3  444.0
2015  54  2 23 2100   -5.1  977.5    6.2  106.9   60.8  444.0
2015  54  2 23 2200   -4.7  977.2    6.2  100.7   57.6  444.0
2015  54  2 23 2300   -4.4  976.8    7.0  101.0   58.0  444.0
2015  55  2 24 0000   -4.7  976.4    7.1   99.5   55.2  444.0
2015  55  2 24 0100   -4.7  976.0    6.7   70.5   71.7  444.0
2015  55  2 24 0200   -5.8  975.6    7.7   82.6   75.4  444.0
2015  55  2 24 0300   -5.5  974.6    8.4   93.0   59.0  444.0
2015  55  2 24 0400   -5.2  974.0    9.8   92.2   55.6  444.0
2015  55  2 24 0500   -5.8  974.5    6.8   87.4   62.2  444.0
2015  55  2 24 0600   -5.2  974.3    9.2   98.2   52.2  444.0
2015  55  2 24 0700   -5.7  974.2    6.7   95.3   58.0  444.0
2015  55  2 24 0800   -5.7  973.8    5.5  103.8   61.0  444.0
2015  55  2 24 0900   -5.5  973.3    5.3  106.2   51.5  444.0
2015  55  2 24 1000   -5.3  972.9    4.2  105.4   42.7  444.0
2015  55  2 24 1100   -5.4  972.3    3.4  114.6   46.6  444.0
2015  55  2 24 1200   -5.1  972.0    2.7  196.1   51.2  444.0
2015  55  2 24 1300   -6.1  971.8    3.4  132.4   53.2  444.0
2015  55  2 24 1400   -6.1  971.6    2.7  100.1   61.3  444.0
2015  55  2 24 1500   -6.4  971.2    2.4  134.4   57.3  444.0
2015  55  2 24 1600   -6.8  970.9    3.4  143.0   66.5  444.0
2015  55  2 24 1700   -6.6  970.9    1.5  170.8   70.7  444.0
2015  55  2 24 1800   -6.9  970.8    3.5  168.5   76.4  444.0
2015  55  2 24 1900   -6.9  970.9    4.7  169.8   81.4  444.0
2015  55  2 24 2000   -7.6  971.0    4.4  169.6   84.8  444.0
2015  55  2 24 2100   -7.7  971.2    3.4  166.1   86.1  444.0
2015  55  2 24 2200   -7.8  971.2    2.8  169.0   88.2  444.0
2015  55  2 24 2300   -8.1  971.2    3.5  164.8   90.3  444.0
2015  56  2 25 0000   -8.3  971.4    3.2  165.4   90.0  444.0
2015  56  2 25 0100   -8.8  971.6    2.1   88.3   89.0  444.0
2015  56  2 25 0200   -8.9  971.6    2.7   82.2   86.8  444.0
2015  56  2 25 0300   -8.7  971.6    3.5  166.2   87.4  444.0
2015  56  2 25 0400   -8.7  971.9    1.7  111.4   87.6  444.0
2015  56  2 25 0500   -9.7  972.0    5.2   79.6   86.9  444.0
2015  56  2 25 0600   -9.7  972.2    5.5   81.9   76.9  444.0
2015  56  2 25 0700   -9.6  972.3    6.0   79.1   77.2  444.0
2015  56  2 25 0800   -9.6  972.5    5.3   75.3   74.0  444.0
2015  56  2 25 0900   -9.7  973.1    5.0   77.1   73.3  444.0
2015  56  2 25 1000   -9.7  973.2    4.9   90.3   70.3  444.0
2015  56  2 25 1100   -9.6  973.4    5.4   88.6   69.5  444.0
2015  56  2 25 1200   -9.7  973.7    6.0   90.5   72.0  444.0
2015  56  2 25 1300   -9.6  973.7    6.4   91.3   70.0  444.0
2015  56  2 25 1400   -9.5  974.2    5.8   89.8   71.2  444.0
2015  56  2 25 1500   -9.8  974.7    4.7   83.9   77.6  444.0
2015  56  2 25 1600   -9.8  975.2    4.7   89.7   79.2  444.0
2015  56  2 25 1700   -9.6  975.8    1.3  154.4   80.1  444.0
2015  56  2 25 1800   -9.7  976.0    2.0  117.3   79.0  444.0
2015  56  2 25 1900   -9.4  976.2    2.8   96.3   76.0  444.0
2015  56  2 25 2000   -9.1  976.4    5.1   94.3   72.6  444.0
2015  56  2 25 2100   -8.7  976.9    4.1  100.0   71.1  444.0
2015  56  2 25 2200   -8.6  977.2    3.5   99.5   73.2  444.0
2015  56  2 25 2300   -8.4  977.5    4.0   89.3   75.3  444.0
2015  57  2 26 0000   -8.3  977.8    3.6   87.6   80.0  444.0
2015  57  2 26 0100   -8.1  978.1    5.7   77.9   79.3  444.0
2015  57  2 26 0200   -8.3  978.3    6.5   87.1   77.0  444.0
2015  57  2 26 0300   -8.0  978.4    5.7  103.7   66.8  444.0
2015  57  2 26 0400   -7.8  978.9    1.5  144.4   70.2  444.0
2015  57  2 26 0500   -7.8  979.1    1.1  122.6   70.6  444.0
2015  57  2 26 0600   -8.1  979.3    2.3  129.6   70.1  444.0
2015  57  2 26 0700   -8.1  979.7    1.7  147.4   72.2  444.0
2015  57  2 26 0800   -7.9  979.9    1.0  142.2   78.0  444.0
2015  57  2 26 0900   -8.1  980.0    1.6  146.6   76.4  444.0
2015  57  2 26 1000   -7.9  980.3    1.7  149.6   77.1  444.0
2015  57  2 26 1100   -8.0  980.5    0.7  108.8   76.7  444.0
2015  57  2 26 1200   -8.8  980.8    3.2  127.4   69.1  444.0
2015  57  2 26 1300   -8.6  981.0    4.1  137.9   69.8  444.0
2015  57  2 26 1400   -7.6  981.1    3.6  148.4   66.1  444.0
2015  57  2 26 1500   -7.6  980.9    4.7  147.9   64.2  444.0
2015  57  2 26 1600   -7.4  981.0    4.9  147.6   63.1  444.0
2015  57  2 26 1700   -7.1  981.0    1.3  138.2   53.3  444.0
2015  57  2 26 1800   -7.4  981.2    3.5  126.1   56.9  444.0
2015  57  2 26 1900   -7.0  981.5    1.1  101.1   57.1  444.0
2015  57  2 26 2000   -7.3  981.8    1.7  139.2   60.6  444.0
2015  57  2 26 2100   -7.3  982.4    1.8  121.0   63.6  444.0
2015  57  2 26 2200   -7.4  982.2    4.8  164.0   73.6  444.0
2015  57  2 26 2300   -7.3  982.7    2.9  157.4   76.8  444.0
2015  58  2 27 0000   -7.0  983.0    2.8  160.1   71.1  444.0
2015  58  2 27 0100   -6.9  983.2    2.4  162.3   72.6  444.0
2015  58  2 27 0200   -7.1  983.1    2.8  131.5   67.6  444.0
2015  58  2 27 0300   -6.9  983.1    2.0  149.0   50.2  444.0
2015  58  2 27 0400   -6.8  983.4    1.8  149.5   50.4  444.0
2015  58  2 27 0500   -6.0  983.7    1.7  144.5   58.7  444.0
2015  58  2 27 0600   -5.9  984.1    2.4  147.6   53.1  444.0
2015  58  2 27 0700   -6.3  984.4    3.7  148.9   55.7  444.0
2015  58  2 27 0800   -7.1  984.7    3.9  148.7   55.8  444.0
2015  58  2 27 0900   -7.4  985.0    5.2  149.5   58.1  444.0
2015  58  2 27 1000   -6.8  985.1    4.9  149.2   49.1  444.0
2015  58  2 27 1100   -6.9  985.2    4.2  144.6   48.0  444.0
2015  58  2 27 1200   -7.6  985.5    4.1  138.4   48.2  444.0
2015  58  2 27 1300   -8.2  985.4    4.0  135.9   54.4  444.0
2015  58  2 27 1400   -8.6  985.3    3.9  134.8   58.8  444.0
2015  58  2 27 1500   -8.2  985.2    4.7  129.0   53.8  444.0
2015  58  2 27 1600   -8.1  985.1    5.1  130.1   60.2  444.0
2015  58  2 27 1700   -7.5  985.0    5.0  129.9   57.1  444.0
2015  58  2 27 1800   -7.4  984.8    5.0  130.1   54.3  444.0
2015  58  2 27 1900   -6.6  984.9    4.2  127.6   55.2  444.0
2015  58  2 27 2000   -5.8  984.8    3.0  120.3   59.3  444.0
2015  58  2 27 2100   -5.3  984.7    3.1  108.6   59.2  444.0
2015  58  2 27 2200   -4.4  984.5    2.5  107.4   58.0  444.0
2015  58  2 27 2300   -5.4  984.2    3.5  120.6   59.8  444.0
2015  59  2 28 0000   -5.1  984.1    3.5  120.5   58.8  444.0
2015  59  2 28 0100   -4.9  983.8    3.9  120.5   58.2  444.0
2015  59  2 28 0200   -4.6  983.5    4.0  113.4   58.2  444.0
2015  59  2 28 0300   -5.0  983.2    3.6  108.5   53.6  444.0
2015  59  2 28 0400   -4.9  983.0    3.8  107.9   53.8  444.0
2015  59  2 28 0500   -5.0  982.9    5.2  104.6   61.6  444.0
2015  59  2 28 0600   -5.0  982.9    5.3  105.2   63.1  444.0
2015  59  2 28 0700   -5.1  982.8    4.9  111.5   49.5  444.0
2015  59  2 28 0800   -4.9  982.9    3.0  150.2   36.6  444.0
2015  59  2 28 0900   -4.7  983.0    2.4  154.5   45.7  444.0
2015  59  2 28 1000   -5.1  983.1    2.0  133.0   50.7  444.0
2015  59  2 28 1100   -5.1  983.1    1.9  126.1   47.8  444.0
2015  59  2 28 1200   -5.1  983.1    3.8  146.9   52.0  444.0
2015  59  2 28 1300   -5.3  983.2    3.0  152.9   57.1  444.0
2015  59  2 28 1400   -5.5  983.2    2.8  123.1   55.3  444.0
2015  59  2 28 1500   -5.3  983.6    1.5  162.0   67.9  444.0
2015  59  2 28 1600   -6.2  984.0    1.6  153.2   78.6  444.0
2015  59  2 28 1700   -6.1  984.4    1.1   56.6   79.7  444.0
2015  59  2 28 1800   -6.5  984.6    1.5  118.2   82.1  444.0
2015  59  2 28 1900   -6.6  985.0    2.0  241.0   84.1  444.0
2015  59  2 28 2000   -6.9  985.4    1.5  164.3   84.4  444.0
2015  59  2 28 2100   -7.0  985.6    2.3  150.0   85.3  444.0
2015  59  2 28 2200   -7.1  986.0    1.5  175.8   89.1  444.0
2015  59  2 28 2300   -7.9  986.2    2.4  158.8   90.3  444.0
