Year: 2020  Month: 08  ID: CBD  ARGOS: 99609  Name: Cape Bird           
Lat: 77.22S  Lon: 166.44E  Elev:   38m
2020 214  8  1 0000  -27.6  994.3    4.4   24.1   71.5  444.0
2020 214  8  1 0100  -27.5  994.3    4.3   33.0   71.8  444.0
2020 214  8  1 0200  -27.6  994.3    4.3   26.9   72.4  444.0
2020 214  8  1 0300  -27.7  994.6    5.0    9.6   72.5  444.0
2020 214  8  1 0400  -27.7  994.8    4.3   15.8   73.0  444.0
2020 214  8  1 0500  -27.9  994.8    3.8   59.9   72.4  444.0
2020 214  8  1 0600  -28.1  995.0    4.2   32.2   71.4  444.0
2020 214  8  1 0700  -28.4  995.3    4.8   31.6   70.0  444.0
2020 214  8  1 0800  -28.3  995.2    3.8   25.9   70.3  444.0
2020 214  8  1 0900  -28.2  995.7    3.2   47.8   70.3  444.0
2020 214  8  1 1000  -28.1  996.0    3.9   39.8   69.7  444.0
2020 214  8  1 1100  -28.0  996.1    3.9   40.8   68.7  444.0
2020 214  8  1 1200  -27.9  995.8    5.2   51.4   68.3  444.0
2020 214  8  1 1300  -27.8  996.1    4.6   46.2   67.2  444.0
2020 214  8  1 1400  -27.6  996.2    4.2   44.4   65.4  444.0
2020 214  8  1 1500  -27.7  996.3    4.3   49.5   62.1  444.0
2020 214  8  1 1600  -27.6  996.3    5.2   49.7   58.1  444.0
2020 214  8  1 1700  -28.0  995.8    6.6   58.1   58.8  444.0
2020 214  8  1 1800  -27.8  995.6    7.1   47.5   57.1  444.0
2020 214  8  1 1900  -27.9  994.8    7.6   54.3   59.0  444.0
2020 214  8  1 2000  -28.0  994.8    8.7   60.6   60.4  444.0
2020 214  8  1 2100  -28.0  994.2    9.1   62.2   60.3  444.0
2020 214  8  1 2200  -27.9  994.1    8.1   56.8   58.2  444.0
2020 214  8  1 2300  -27.9  993.4    7.8   65.0   55.3  444.0
2020 215  8  2 0000  -28.4  992.8    7.6   60.4   52.2  444.0
2020 215  8  2 0100  -28.5  992.1    7.0   58.9   50.0  444.0
2020 215  8  2 0200  -28.6  991.1    6.9   61.6   48.0  444.0
2020 215  8  2 0300  -28.8  990.5    6.8   68.2   49.8  444.0
2020 215  8  2 0400  -28.9  989.6    6.8   64.0   48.3  444.0
2020 215  8  2 0500  -28.6  989.1    4.1   62.6   46.1  444.0
2020 215  8  2 0600  -28.7  988.1    3.7   45.3   44.8  444.0
2020 215  8  2 0700  -28.7  987.6    2.2   80.5   46.6  444.0
2020 215  8  2 0800  -28.8  987.2    3.5  141.1   50.4  444.0
2020 215  8  2 0900  -28.9  986.8    3.7  142.4   54.6  444.0
2020 215  8  2 1000  -28.4  986.5    2.3  205.8   58.0  444.0
2020 215  8  2 1100  -29.0  986.0    5.4  187.8   57.5  444.0
2020 215  8  2 1200  -29.5  985.7    6.6  246.5   64.3  444.0
2020 215  8  2 1300  -30.2  985.7    5.1  231.1   66.3  444.0
2020 215  8  2 1400  -30.6  985.4    4.3  221.1   67.0  444.0
2020 215  8  2 1500  -31.0  984.8    3.8  258.7   67.6  444.0
2020 215  8  2 1600  -31.4  983.6    3.1  266.1   68.2  444.0
2020 215  8  2 1700  -31.6  982.9    1.5  311.6   68.3  444.0
2020 215  8  2 1800  -32.1  982.1    2.5   46.3   68.1  444.0
2020 215  8  2 1900  -32.6  981.3    2.8   23.6   68.3  444.0
2020 215  8  2 2000  -32.9  981.1    2.1   87.0   68.0  444.0
2020 215  8  2 2100  -32.9  980.6    2.6  120.6   67.1  444.0
2020 215  8  2 2200  -32.5  980.4    0.1  245.0   67.5  444.0
2020 215  8  2 2300  -32.7  979.3    2.9  172.4   66.8  444.0
2020 216  8  3 0000  -32.3  978.7    3.3  181.7   64.8  444.0
2020 216  8  3 0100  -32.2  978.4    4.5  173.9   61.3  444.0
2020 216  8  3 0200  -32.1  977.8    5.6  163.7   57.4  444.0
2020 216  8  3 0300  -31.9  977.1    5.6  195.6   53.5  444.0
2020 216  8  3 0400  -32.0  976.5    5.8  196.7   53.5  444.0
2020 216  8  3 0500  -32.1  976.5    5.1  207.0   57.3  444.0
2020 216  8  3 0600  -32.0  976.0    7.5  224.8   63.9  444.0
2020 216  8  3 0700  -32.8  975.3    6.2  221.2   65.5  444.0
2020 216  8  3 0800  -33.1  975.0    5.8  250.2   65.7  444.0
2020 216  8  3 0900  -33.7  974.7    3.9  184.4   65.4  444.0
2020 216  8  3 1000  -33.8  974.1    2.9  173.9   64.9  444.0
2020 216  8  3 1100  -33.8  973.6    1.3  166.6   64.9  444.0
2020 216  8  3 1200  -33.6  973.0    3.4  174.6   65.7  444.0
2020 216  8  3 1300  -32.4  972.2    2.8  203.5   65.4  444.0
2020 216  8  3 1400  -33.1  972.0    2.4  185.3   66.0  444.0
2020 216  8  3 1500  -32.6  971.3    1.9  191.4   64.4  444.0
2020 216  8  3 1600  444.0  444.0  444.0  444.0  444.0  444.0
2020 216  8  3 1700  -31.7  970.3    1.4  185.3   65.2  444.0
2020 216  8  3 1800  -30.6  969.9    1.7  163.0   60.7  444.0
2020 216  8  3 1900  -30.3  969.4    2.0  149.2   54.0  444.0
2020 216  8  3 2000  -29.7  968.7    3.1  150.7   53.2  444.0
2020 216  8  3 2100  -29.1  968.6    1.2  135.8   50.5  444.0
2020 216  8  3 2200  -29.3  968.4    2.1   71.1   49.8  444.0
2020 216  8  3 2300  -28.9  968.1    2.4   58.1   44.7  444.0
2020 217  8  4 0000  -28.8  967.8    3.1   80.5   43.4  444.0
2020 217  8  4 0100  444.0  444.0  444.0  444.0  444.0  444.0
2020 217  8  4 0200  -27.9  967.5    2.5  141.9   46.1  444.0
2020 217  8  4 0300  -27.5  967.1    3.0  113.2   43.9  444.0
2020 217  8  4 0400  -27.2  966.7    2.5  110.6   46.9  444.0
2020 217  8  4 0500  -26.9  966.7    2.6  125.8   46.3  444.0
2020 217  8  4 0600  -26.8  966.6    0.4  157.0   57.2  444.0
2020 217  8  4 0700  -26.5  966.5    2.4  202.3   62.5  444.0
2020 217  8  4 0800  -27.0  966.8    3.1  179.5   67.1  444.0
2020 217  8  4 0900  -26.5  966.8    2.6   80.4   67.7  444.0
2020 217  8  4 1000  -26.3  967.2    4.7   51.7   59.4  444.0
2020 217  8  4 1100  -26.4  967.0    5.9   47.0   62.0  444.0
2020 217  8  4 1200  -27.2  967.4    7.3   35.0   60.8  444.0
2020 217  8  4 1300  -28.3  967.6    9.8   25.0   68.6  444.0
2020 217  8  4 1400  -29.6  968.6    8.6   24.7   69.4  444.0
2020 217  8  4 1500  -31.2  969.3    8.1   37.1   69.3  444.0
2020 217  8  4 1600  -31.3  970.1    6.1   50.8   69.9  444.0
2020 217  8  4 1700  -31.0  970.3    4.5   47.1   70.0  444.0
2020 217  8  4 1800  -31.1  970.3    4.6   49.8   69.3  444.0
2020 217  8  4 1900  -31.1  970.3    3.2   34.8   68.9  444.0
2020 217  8  4 2000  -30.8  970.6    2.9   57.2   68.5  444.0
2020 217  8  4 2100  -30.8  970.9    3.7   69.6   66.8  444.0
2020 217  8  4 2200  -30.7  970.8    4.0   62.8   66.0  444.0
2020 217  8  4 2300  -30.7  971.0    4.5   48.9   66.4  444.0
2020 218  8  5 0000  -30.9  971.6    3.5   64.9   67.1  444.0
2020 218  8  5 0100  -30.8  971.5    5.8   45.3   67.6  444.0
2020 218  8  5 0200  -30.4  971.9    6.7   44.9   68.0  444.0
2020 218  8  5 0300  -30.1  973.0    5.5   34.9   68.5  444.0
2020 218  8  5 0400  -29.8  973.3    8.7   44.5   68.5  444.0
2020 218  8  5 0500  -29.3  974.6    6.9   39.8   69.5  444.0
2020 218  8  5 0600  -29.0  975.2    5.9   38.7   70.6  444.0
2020 218  8  5 0700  -28.6  975.3    6.8   41.7   71.1  444.0
2020 218  8  5 0800  -28.1  974.8    8.6   47.8   71.8  444.0
2020 218  8  5 0900  -27.2  975.8    7.5   49.8   72.4  444.0
2020 218  8  5 1000  -26.6  976.2   10.0   27.2   72.1  444.0
2020 218  8  5 1100  -26.2  976.9    9.3   34.5   72.8  444.0
2020 218  8  5 1200  -26.5  977.9    5.9   49.9   72.5  444.0
2020 218  8  5 1300  -26.1  978.3    8.2   35.9   71.7  444.0
2020 218  8  5 1400  -25.2  978.7    5.1   30.4   69.9  444.0
2020 218  8  5 1500  -24.9  979.5    6.3   30.5   65.4  444.0
2020 218  8  5 1600  -24.8  980.1    3.7   44.9   66.0  444.0
2020 218  8  5 1700  -24.1  980.2    4.0   45.8   60.7  444.0
2020 218  8  5 1800  -25.2  980.3    3.9   36.4   69.3  444.0
2020 218  8  5 1900  -24.7  979.9    4.5   45.6   70.2  444.0
2020 218  8  5 2000  -25.5  980.0    4.5   39.3   72.5  444.0
2020 218  8  5 2100  -25.6  979.9    3.7   56.5   73.6  444.0
2020 218  8  5 2200  -25.5  979.8    3.7   63.9   75.1  444.0
2020 218  8  5 2300  -25.6  980.0    3.1   81.2   74.7  444.0
2020 219  8  6 0000  -24.7  980.0    2.3  114.7   72.1  444.0
2020 219  8  6 0100  -24.9  979.6    1.7  108.9   70.9  444.0
2020 219  8  6 0200  -24.9  979.3    2.2  135.2   71.0  444.0
2020 219  8  6 0300  -25.5  979.3    2.1  105.2   72.3  444.0
2020 219  8  6 0400  -25.5  979.3    1.4   73.7   74.5  444.0
2020 219  8  6 0500  -26.0  979.1    1.8   76.1   75.5  444.0
2020 219  8  6 0600  -25.6  978.7    0.7  133.1   77.4  444.0
2020 219  8  6 0700  -24.7  978.7    1.2  167.7   78.0  444.0
2020 219  8  6 0800  -24.1  978.5    1.4  146.7   78.7  444.0
2020 219  8  6 0900  -24.2  977.9    3.7  187.8   78.4  444.0
2020 219  8  6 1000  -23.3  977.8    3.6  198.8   67.0  444.0
2020 219  8  6 1100  -23.2  977.5    4.4  186.5   70.4  444.0
2020 219  8  6 1200  -22.6  977.2    4.2  182.5   56.5  444.0
2020 219  8  6 1300  -22.3  977.5    1.4  174.7   56.8  444.0
2020 219  8  6 1400  -22.0  977.2    3.1  197.7   58.5  444.0
2020 219  8  6 1500  -21.3  977.2    1.7  138.5   58.0  444.0
2020 219  8  6 1600  -20.9  977.0    2.5  168.3   58.5  444.0
2020 219  8  6 1700  -20.8  977.0    1.9  183.6   57.3  444.0
2020 219  8  6 1800  -21.7  976.8    3.4  182.0   63.9  444.0
2020 219  8  6 1900  -21.7  976.4    3.0  181.7   66.8  444.0
2020 219  8  6 2000  -21.4  976.6    4.1  196.0   67.5  444.0
2020 219  8  6 2100  -21.8  976.4    3.8  192.1   70.5  444.0
2020 219  8  6 2200  -21.6  976.4    1.7  162.7   70.3  444.0
2020 219  8  6 2300  -23.5  976.7    2.3   40.3   70.5  444.0
2020 220  8  7 0000  -25.7  976.6    2.9   44.0   71.0  444.0
2020 220  8  7 0100  -24.4  976.8    1.8   73.1   73.6  444.0
2020 220  8  7 0200  -22.2  977.1    1.9   58.1   69.2  444.0
2020 220  8  7 0300  -21.0  977.0    1.0   85.4   61.7  444.0
2020 220  8  7 0400  -21.3  977.1    1.8  178.9   59.8  444.0
2020 220  8  7 0500  -21.0  976.6    7.6   65.6   58.0  444.0
2020 220  8  7 0600  -20.5  976.5    7.3   64.6   51.1  444.0
2020 220  8  7 0700  -20.5  976.3    7.3   63.2   50.6  444.0
2020 220  8  7 0800  -19.3  976.2    7.0   54.4   50.0  444.0
2020 220  8  7 0900  -19.2  976.2    7.0   36.5   49.6  444.0
2020 220  8  7 1000  -25.7  976.4    4.9   38.9   65.0  444.0
2020 220  8  7 1100  -26.1  976.6    3.2   46.3   68.7  444.0
2020 220  8  7 1200  -26.0  976.5    2.9   34.1   69.7  444.0
2020 220  8  7 1300  -26.0  976.2    1.1   52.5   71.5  444.0
2020 220  8  7 1400  -26.4  976.2    1.9   63.6   71.5  444.0
2020 220  8  7 1500  -25.8  976.6  444.0  444.0   73.2  444.0
2020 220  8  7 1600  -24.7  976.6    1.1   72.1   71.9  444.0
2020 220  8  7 1700  -26.3  976.8    0.8   65.5   73.7  444.0
2020 220  8  7 1800  -25.2  976.6    0.2  143.1   75.6  444.0
2020 220  8  7 1900  -25.3  976.9    1.5   53.1   74.3  444.0
2020 220  8  7 2000  -26.4  976.9    2.2   47.2   75.3  444.0
2020 220  8  7 2100  -26.2  977.1    0.7   49.8   76.6  444.0
2020 220  8  7 2200  -25.9  977.2    2.9  193.4   76.8  444.0
2020 220  8  7 2300  -24.9  977.0    2.0  176.5   77.3  444.0
2020 221  8  8 0000  -24.3  976.9    0.0    0.0   77.8  444.0
2020 221  8  8 0100  -23.9  976.7    0.6  178.3   78.1  444.0
2020 221  8  8 0200  -24.7  977.1    0.8   66.5   78.4  444.0
2020 221  8  8 0300  -24.1  976.7    0.5  127.8   77.2  444.0
2020 221  8  8 0400  -25.0  976.5    0.9   72.7   77.0  444.0
2020 221  8  8 0500  -24.6  976.0    2.3  183.2   78.0  444.0
2020 221  8  8 0600  -23.0  975.4    4.6  209.0   77.9  444.0
2020 221  8  8 0700  -22.4  974.7    7.6  204.6   76.0  444.0
2020 221  8  8 0800  -21.9  973.8    8.0  206.4   78.0  444.0
2020 221  8  8 0900  -20.4  974.6    6.8  208.4   79.2  444.0
2020 221  8  8 1000  -20.8  974.9    3.2  245.9   79.1  444.0
2020 221  8  8 1100  -21.1  974.9    2.2  253.0   79.5  444.0
2020 221  8  8 1200  -20.3  974.3    6.7  227.7   80.1  444.0
2020 221  8  8 1300  -20.5  974.0    2.2   85.7   80.6  444.0
2020 221  8  8 1400  -20.3  973.9    4.0   28.9   80.7  444.0
2020 221  8  8 1500  -20.6  974.1    4.0   42.0   80.8  444.0
2020 221  8  8 1600  -19.0  974.3    0.9  202.2   79.7  444.0
2020 221  8  8 1700  -18.8  974.3    1.6  172.2   79.1  444.0
2020 221  8  8 1800  -18.4  974.6    1.9  184.4   79.1  444.0
2020 221  8  8 1900  -17.1  974.2    8.5  216.4   80.7  444.0
2020 221  8  8 2000  -15.6  973.4   12.9  200.7   81.8  444.0
2020 221  8  8 2100  -15.5  972.6   15.3  206.1   84.9  444.0
2020 221  8  8 2200  -14.7  972.3   18.0  203.4   84.6  444.0
2020 221  8  8 2300  -14.3  973.1   16.0  205.4   79.1  444.0
2020 222  8  9 0000  -14.5  973.8   15.5  210.3   74.2  444.0
2020 222  8  9 0100  -14.6  975.7   11.8  202.0   68.0  444.0
2020 222  8  9 0200  -14.7  974.4   17.1  190.7   68.2  444.0
2020 222  8  9 0300  -16.8  974.9   20.6  186.4   82.3  444.0
2020 222  8  9 0400  -16.7  976.1   19.2  194.1   83.7  444.0
2020 222  8  9 0500  -17.0  975.2   22.0  196.4   76.5  444.0
2020 222  8  9 0600  -17.2  975.5   21.6  198.5   79.5  444.0
2020 222  8  9 0700  -17.8  976.9   21.8  195.8   79.3  444.0
2020 222  8  9 0800  -16.6  977.2   18.8  202.1   56.6  444.0
2020 222  8  9 0900  -16.9  978.5   22.3  197.3   60.5  444.0
2020 222  8  9 1000  -16.6  977.7   24.6  196.5   52.5  444.0
2020 222  8  9 1100  -15.4  977.1   24.9  203.8   42.0  444.0
2020 222  8  9 1200  -14.1  979.2   19.2  205.1   40.8  444.0
2020 222  8  9 1300  -18.4  981.6   13.3   49.3   64.6  444.0
2020 222  8  9 1400  -19.5  983.1   11.5   34.4   67.2  444.0
2020 222  8  9 1500  -19.7  985.4    7.2   48.0   67.0  444.0
2020 222  8  9 1600  -15.3  982.4   16.0  197.0   47.5  444.0
2020 222  8  9 1700  -17.0  984.7    6.5  195.4   54.5  444.0
2020 222  8  9 1800  -16.7  985.0    7.3   67.0   51.2  444.0
2020 222  8  9 1900  -15.9  986.1    6.9   52.6   46.3  444.0
2020 222  8  9 2000  -16.2  986.0    4.4  358.5   54.4  444.0
2020 222  8  9 2100  -19.6  986.1    9.3   44.8   67.7  444.0
2020 222  8  9 2200  -19.9  987.2    4.5   56.7   72.8  444.0
2020 222  8  9 2300  -19.2  986.8    6.9   29.2   70.7  444.0
2020 223  8 10 0000  -19.0  986.6    5.4   61.3   73.6  444.0
2020 223  8 10 0100  444.0  444.0  444.0  444.0  444.0  444.0
2020 223  8 10 0200  -18.1  986.2    3.2  358.5   65.7  444.0
2020 223  8 10 0300  -14.7  984.8   11.6  206.7   54.7  444.0
2020 223  8 10 0400  -18.4  985.1   10.7   15.9   62.8  444.0
2020 223  8 10 0500  -18.0  984.5    5.0   59.2   67.0  444.0
2020 223  8 10 0600  -16.6  983.8    5.4   69.4   58.3  444.0
2020 223  8 10 0700  -16.6  983.9    6.2   27.6   56.6  444.0
2020 223  8 10 0800  -16.8  985.4    4.5   13.8   62.3  444.0
2020 223  8 10 0900  -17.2  984.4    4.2   57.5   67.8  444.0
2020 223  8 10 1000  -18.1  982.8    6.7   18.1   66.1  444.0
2020 223  8 10 1100  -18.7  983.6   12.2   38.9   72.3  444.0
2020 223  8 10 1200  -18.9  985.4    8.0   35.4   75.4  444.0
2020 223  8 10 1300  -19.0  985.9    8.7   52.1   77.0  444.0
2020 223  8 10 1400  -19.2  986.7    7.8   54.0   77.6  444.0
2020 223  8 10 1500  444.0  444.0  444.0  444.0  444.0  444.0
2020 223  8 10 1600  -19.6  985.7   10.9   51.2   78.0  444.0
2020 223  8 10 1700  444.0  444.0  444.0  444.0  444.0  444.0
2020 223  8 10 1800  -19.9  988.0    8.9   50.4   77.9  444.0
2020 223  8 10 1900  -19.7  988.4    8.8   43.3   79.1  444.0
2020 223  8 10 2000  -20.1  989.0   11.2   48.2   80.0  444.0
2020 223  8 10 2100  -20.3  989.5   10.6   54.3   80.5  444.0
2020 223  8 10 2200  -20.2  990.9    7.8   56.2   79.6  444.0
2020 223  8 10 2300  -20.4  991.9    7.4   37.1   79.6  444.0
2020 224  8 11 0000  -20.6  992.8    7.2   45.9   78.1  444.0
2020 224  8 11 0100  -21.1  992.8    8.0   54.2   77.8  444.0
2020 224  8 11 0200  -21.7  993.4    7.7   52.7   77.1  444.0
2020 224  8 11 0300  -21.9  994.0    7.9   54.0   76.9  444.0
2020 224  8 11 0400  -22.3  994.2    6.0   45.0   77.1  444.0
2020 224  8 11 0500  -22.7  994.1    3.5   70.4   77.8  444.0
2020 224  8 11 0600  -23.0  992.7    7.3   44.1   77.8  444.0
2020 224  8 11 0700  -23.6  992.1    8.8   43.0   77.6  444.0
2020 224  8 11 0800  -23.4  992.7    7.1   38.6   78.7  444.0
2020 224  8 11 0900  -23.7  992.5    5.4   53.4   78.6  444.0
2020 224  8 11 1000  -23.9  991.5    6.8   48.1   78.1  444.0
2020 224  8 11 1100  -23.0  990.7    5.4   34.8   77.3  444.0
2020 224  8 11 1200  -22.1  990.1    6.1   38.6   78.0  444.0
2020 224  8 11 1300  -20.4  988.3    2.7   20.9   74.4  444.0
2020 224  8 11 1400  -18.9  987.0    9.9   49.4   65.5  444.0
2020 224  8 11 1500  -18.2  986.5    8.6   60.4   57.4  444.0
2020 224  8 11 1600  -17.8  987.5    5.7   56.1   52.5  444.0
2020 224  8 11 1700  -18.2  986.2    7.4   34.2   54.1  444.0
2020 224  8 11 1800  -17.4  986.3    6.1   56.3   53.6  444.0
2020 224  8 11 1900  -17.3  986.5    5.3   35.8   55.4  444.0
2020 224  8 11 2000  -16.6  985.6    7.1   48.9   52.5  444.0
2020 224  8 11 2100  -16.4  985.7    5.2   58.5   51.8  444.0
2020 224  8 11 2200  -15.6  985.4    7.1   27.1   53.1  444.0
2020 224  8 11 2300  -16.2  985.4    7.1   44.8   57.9  444.0
2020 225  8 12 0000  -15.1  985.7    3.9   72.8   47.0  444.0
2020 225  8 12 0100  -14.8  984.3    4.0   68.3   45.8  444.0
2020 225  8 12 0200  -14.8  983.6    5.0   49.2   46.6  444.0
2020 225  8 12 0300  -13.9  984.1    1.0  122.9   42.5  444.0
2020 225  8 12 0400  -14.1  444.0    5.9   45.0   55.5  444.0
2020 225  8 12 0500  -15.5  983.0    2.5   87.7   65.9  444.0
2020 225  8 12 0600  -13.9  981.6    0.6  130.8   40.4  444.0
2020 225  8 12 0700  -12.7  979.1    7.0   74.9   32.9  444.0
2020 225  8 12 0800  -11.9  979.0    4.6   46.2   35.7  444.0
2020 225  8 12 0900  -10.3  976.0    1.6   73.0   35.7  444.0
2020 225  8 12 1000  -11.1  975.8    4.5   86.6   29.2  444.0
2020 225  8 12 1100  -10.5  971.7   23.7  202.9   38.5  444.0
2020 225  8 12 1200   -9.0  970.5   13.8  196.4   41.5  444.0
2020 225  8 12 1300   -9.4  965.2   29.2  201.9   50.6  444.0
2020 225  8 12 1400  -10.7  964.2   31.8  201.2   55.5  444.0
2020 225  8 12 1500  -17.1  966.1   28.9  198.5   68.4  444.0
2020 225  8 12 1600  -23.5  444.0   30.7  192.7   79.5  444.0
2020 225  8 12 1700  -23.7  963.8   25.9  188.2   55.4  444.0
2020 225  8 12 1800  -22.1  964.2    7.6  180.0   49.5  444.0
2020 225  8 12 1900  -21.4  964.1   23.4  196.9   45.5  444.0
2020 225  8 12 2000  -19.4  966.1    1.6   52.6   42.7  444.0
2020 225  8 12 2100  -20.5  968.1   11.7   54.1   56.9  444.0
2020 225  8 12 2200  -19.4  969.3    7.9   66.2   53.0  444.0
2020 225  8 12 2300  -18.8  970.9    5.2   65.7   51.0  444.0
2020 226  8 13 0000  -18.0  971.6    6.7   75.7   50.7  444.0
2020 226  8 13 0100  -17.2  973.4    9.0   52.2   50.1  444.0
2020 226  8 13 0200  -17.7  974.9    2.2  122.4   70.3  444.0
2020 226  8 13 0300  -17.2  976.1    4.8   67.8   70.0  444.0
2020 226  8 13 0400  -15.4  977.3    5.3   58.1   52.0  444.0
2020 226  8 13 0500  -16.3  977.4    7.9   41.0   72.4  444.0
2020 226  8 13 0600  -15.7  979.7    7.6   52.8   72.1  444.0
2020 226  8 13 0700  -15.6  981.6    4.9   44.0   74.2  444.0
2020 226  8 13 0800  -15.6  983.3    6.8   38.4   74.7  444.0
2020 226  8 13 0900  -14.8  984.9    0.5  300.5   74.3  444.0
2020 226  8 13 1000  -14.9  985.7    0.6  104.5   76.5  444.0
2020 226  8 13 1100  -14.5  986.5    1.7  150.4   78.6  444.0
2020 226  8 13 1200  -14.6  987.0    0.8  325.4   80.2  444.0
2020 226  8 13 1300  444.0  444.0  444.0  444.0  444.0  444.0
2020 226  8 13 1400  -14.9  988.3    4.2   45.6   84.7  444.0
2020 226  8 13 1500  444.0  444.0  444.0  444.0  444.0  444.0
2020 226  8 13 1600  -15.5  988.7    8.4   52.2   88.5  444.0
2020 226  8 13 1700  444.0  444.0  444.0  444.0  444.0  444.0
2020 226  8 13 1800  -15.7  989.5    5.8   49.8   88.0  444.0
2020 226  8 13 1900  -15.6  990.2    2.5   49.6   86.9  444.0
2020 226  8 13 2000  -15.6  990.4    1.9   52.0   85.9  444.0
2020 226  8 13 2100  -15.7  990.8    1.6   48.9   85.1  444.0
2020 226  8 13 2200  -16.0  991.1    1.6  120.1   85.3  444.0
2020 226  8 13 2300  -15.2  990.9    3.2  166.0   85.1  444.0
2020 227  8 14 0000  444.0  444.0  444.0  444.0  444.0  444.0
2020 227  8 14 0100  -15.1  991.1    2.8  138.8   85.3  444.0
2020 227  8 14 0200  -15.2  991.0    0.1  147.3   85.9  444.0
2020 227  8 14 0300  -15.1  991.2    0.7   77.0   86.5  444.0
2020 227  8 14 0400  -15.6  991.1    2.3   72.2   86.9  444.0
2020 227  8 14 0500  -15.9  991.3    1.8  102.4   88.3  444.0
2020 227  8 14 0600  -16.1  991.0    2.5  183.0   88.8  444.0
2020 227  8 14 0700  -15.5  990.8    1.6  166.7   89.7  444.0
2020 227  8 14 0800  -14.9  990.8    3.0  176.3   90.3  444.0
2020 227  8 14 0900  -15.3  991.2    2.6   88.6   87.8  444.0
2020 227  8 14 1000  -15.6  991.0    1.8   69.9   85.7  444.0
2020 227  8 14 1100  -15.3  990.7    2.6   90.1   82.1  444.0
2020 227  8 14 1200  -14.1  990.2    2.3  111.7   76.7  444.0
2020 227  8 14 1300  -14.3  989.9    2.1  117.7   79.2  444.0
2020 227  8 14 1400  444.0  444.0  444.0  444.0  444.0  444.0
2020 227  8 14 1500  -14.9  989.6    2.2   72.4   78.5  444.0
2020 227  8 14 1600  -18.8  989.3    3.8   41.9   82.8  444.0
2020 227  8 14 1700  -19.3  989.3    1.6   45.4   84.7  444.0
2020 227  8 14 1800  -18.2  988.8    1.2  186.6   86.6  444.0
2020 227  8 14 1900  -18.1  989.2    2.2  206.9   86.4  444.0
2020 227  8 14 2000  -18.2  989.7    2.3   25.7   87.3  444.0
2020 227  8 14 2100  -18.2  989.6    1.4   93.9   88.1  444.0
2020 227  8 14 2200  -18.1  989.7    1.1  166.5   88.1  444.0
2020 227  8 14 2300  -18.9  989.8    0.3  157.4   88.1  444.0
2020 228  8 15 0000  -18.7  989.9    0.5  137.8   88.3  444.0
2020 228  8 15 0100  -17.2  990.6    1.0  331.0   89.1  444.0
2020 228  8 15 0200  -17.7  990.8    1.9   36.2   89.1  444.0
2020 228  8 15 0300  -16.9  990.9    2.9   20.5   89.3  444.0
2020 228  8 15 0400  -19.2  991.0    4.0   34.7   88.9  444.0
2020 228  8 15 0500  -17.3  991.3    1.9  204.8   89.4  444.0
2020 228  8 15 0600  -16.7  991.9    4.4  205.4   89.8  444.0
2020 228  8 15 0700  -16.7  993.0    1.2   62.0   90.1  444.0
2020 228  8 15 0800  -16.8  993.3    0.5  138.0   90.4  444.0
2020 228  8 15 0900  -17.3  993.6    1.6  153.1   89.9  444.0
2020 228  8 15 1000  -17.6  994.7    2.4  111.5   88.1  444.0
2020 228  8 15 1100  -17.0  995.5    4.6   50.5   87.9  444.0
2020 228  8 15 1200  -16.9  996.8    3.1   63.4   87.8  444.0
2020 228  8 15 1300  -16.3  997.6    1.7  146.1   85.8  444.0
2020 228  8 15 1400  -17.5  998.1    3.8   46.6   84.7  444.0
2020 228  8 15 1500  -17.8  998.7    0.2   91.7   85.3  444.0
2020 228  8 15 1600  -18.0  999.1    2.1   34.2   85.5  444.0
2020 228  8 15 1700  -17.9  999.6    1.3  353.4   85.7  444.0
2020 228  8 15 1800  -18.8  999.9    4.3   44.3   85.9  444.0
2020 228  8 15 1900  -18.3 1000.1    3.2   53.2   86.2  444.0
2020 228  8 15 2000  -18.4 1000.2    3.8   46.9   86.5  444.0
2020 228  8 15 2100  -18.0 1000.4    4.0   38.9   86.8  444.0
2020 228  8 15 2200  -18.1 1000.8    3.6   42.5   86.7  444.0
2020 228  8 15 2300  -18.2 1000.7    2.8   55.2   85.8  444.0
2020 229  8 16 0000  -17.8 1000.5    1.9   53.5   84.9  444.0
2020 229  8 16 0100  444.0  444.0  444.0  444.0  444.0  444.0
2020 229  8 16 0200  -17.2 1000.2    0.1   98.1   84.0  444.0
2020 229  8 16 0300  -17.4 1000.1    3.1   48.1   84.2  444.0
2020 229  8 16 0400  -17.2  999.9    0.7   55.6   84.8  444.0
2020 229  8 16 0500  -16.9  999.7    1.6  169.2   84.3  444.0
2020 229  8 16 0600  -17.3  999.5    2.5   53.1   83.2  444.0
2020 229  8 16 0700  -17.3  999.5    2.3   78.4   84.9  444.0
2020 229  8 16 0800  -17.3  999.6    1.8   90.8   85.2  444.0
2020 229  8 16 0900  -17.2  999.6    0.7   68.6   85.2  444.0
2020 229  8 16 1000  -17.4  999.6    2.6   50.9   84.8  444.0
2020 229  8 16 1100  -17.6  999.3    4.4   34.5   83.8  444.0
2020 229  8 16 1200  -17.5  999.6    3.1   64.1   82.5  444.0
2020 229  8 16 1300  444.0  444.0  444.0  444.0  444.0  444.0
2020 229  8 16 1400  -18.0  999.5    4.3   82.6   80.7  444.0
2020 229  8 16 1500  -17.8  999.5    3.8   59.4   78.6  444.0
2020 229  8 16 1600  -18.1  999.1    7.1   72.2   75.8  444.0
2020 229  8 16 1700  -18.3 1000.0    4.1   71.6   75.4  444.0
2020 229  8 16 1800  -18.9 1000.4    1.9   52.4   76.4  444.0
2020 229  8 16 1900  -19.4 1000.4    5.9   38.6   77.9  444.0
2020 229  8 16 2000  -19.7 1000.8    8.0   27.6   81.3  444.0
2020 229  8 16 2100  -20.4 1001.6    8.2   22.6   83.8  444.0
2020 229  8 16 2200  -20.8 1002.2    7.6   34.1   85.0  444.0
2020 229  8 16 2300  -20.7 1003.1    5.1   52.5   85.7  444.0
2020 230  8 17 0000  444.0  444.0  444.0  444.0  444.0  444.0
2020 230  8 17 0100  -20.5 1003.6    2.7    6.0   86.1  444.0
2020 230  8 17 0200  -21.0 1003.8    3.4   15.7   86.1  444.0
2020 230  8 17 0300  -21.5 1003.8    4.9   13.3   85.7  444.0
2020 230  8 17 0400  -21.7 1003.7    5.5   18.1   85.5  444.0
2020 230  8 17 0500  444.0  444.0  444.0  444.0  444.0  444.0
2020 230  8 17 0600  -21.8 1004.2    6.4   49.5   85.5  444.0
2020 230  8 17 0700  -22.5 1004.8    5.9   33.7   85.1  444.0
2020 230  8 17 0800  -22.5 1005.3    4.2   48.0   84.9  444.0
2020 230  8 17 0900  -22.9 1005.1    3.9   13.2   84.4  444.0
2020 230  8 17 1000  -23.1 1004.9    3.7    8.5   84.2  444.0
2020 230  8 17 1100  -23.1 1004.8    3.5   55.1   84.2  444.0
2020 230  8 17 1200  -23.1 1004.7    4.2   26.1   84.0  444.0
2020 230  8 17 1300  -23.3 1004.3    4.8   45.5   83.9  444.0
2020 230  8 17 1400  -23.2 1003.7    3.9   53.7   83.9  444.0
2020 230  8 17 1500  -23.2 1003.1    4.7   50.3   83.8  444.0
2020 230  8 17 1600  -23.2 1002.8    5.7   55.7   83.2  444.0
2020 230  8 17 1700  -23.1 1002.8    4.4   63.7   82.8  444.0
2020 230  8 17 1800  -23.0 1002.2    2.7   82.8   82.5  444.0
2020 230  8 17 1900  -23.0 1001.7    2.2  114.2   82.3  444.0
2020 230  8 17 2000  -23.0 1001.2    1.4  127.4   82.3  444.0
2020 230  8 17 2100  -22.8 1001.2    2.3   94.2   82.3  444.0
2020 230  8 17 2200  -22.7 1000.8    2.8   79.5   82.2  444.0
2020 230  8 17 2300  -22.6 1000.5    1.5  116.7   82.2  444.0
2020 231  8 18 0000  -22.6  999.8    3.2  127.8   81.7  444.0
2020 231  8 18 0100  -22.2  999.7    1.8  158.6   81.1  444.0
2020 231  8 18 0200  -21.9  999.3    1.6  164.2   80.9  444.0
2020 231  8 18 0300  -21.9  999.0    1.5   90.8   80.8  444.0
2020 231  8 18 0400  -21.8  998.8    1.9  288.8   80.7  444.0
2020 231  8 18 0500  -22.1  998.7    0.1  257.2   80.6  444.0
2020 231  8 18 0600  -22.4  998.9    2.2  176.5   81.5  444.0
2020 231  8 18 0700  -22.0  998.7    2.2   54.1   81.3  444.0
2020 231  8 18 0800  -23.0  998.4    6.0   41.7   80.2  444.0
2020 231  8 18 0900  -23.2  998.4    4.7   64.2   81.2  444.0
2020 231  8 18 1000  -23.3  997.8    5.1   50.8   81.3  444.0
2020 231  8 18 1100  -23.3  997.3    5.8   29.6   81.6  444.0
2020 231  8 18 1200  -23.6  996.8    7.2   33.6   81.5  444.0
2020 231  8 18 1300  -23.9  996.7    6.6   18.2   81.3  444.0
2020 231  8 18 1400  -24.0  996.2    6.1   17.4   81.0  444.0
2020 231  8 18 1500  -24.0  995.3    6.3   28.6   80.5  444.0
2020 231  8 18 1600  -24.5  994.4    7.9   52.4   79.8  444.0
2020 231  8 18 1700  -25.0  993.8    6.9   67.0   78.0  444.0
2020 231  8 18 1800  -24.9  993.2    9.5   52.0   76.0  444.0
2020 231  8 18 1900  -25.4  993.0    8.2   46.4   74.3  444.0
2020 231  8 18 2000  -25.5  992.5    8.6   39.7   73.9  444.0
2020 231  8 18 2100  -25.6  991.8    8.7   30.1   72.1  444.0
2020 231  8 18 2200  -25.3  992.0    8.3   51.4   66.6  444.0
2020 231  8 18 2300  -25.4  991.5    7.3   48.7   60.5  444.0
2020 232  8 19 0000  -24.8  991.3    5.2   44.7   55.6  444.0
2020 232  8 19 0100  -25.1  990.8    1.8   78.5   56.5  444.0
2020 232  8 19 0200  -24.9  990.5    1.4  157.6   58.4  444.0
2020 232  8 19 0300  -24.9  989.9    1.3  213.4   56.7  444.0
2020 232  8 19 0400  -25.4  989.0    2.6  156.5   65.6  444.0
2020 232  8 19 0500  -25.9  988.4    2.0  126.6   62.5  444.0
2020 232  8 19 0600  -25.4  987.7    1.2   83.5   53.3  444.0
2020 232  8 19 0700  -25.9  987.3    3.3  256.1   68.7  444.0
2020 232  8 19 0800  -26.1  987.1    3.0  154.7   72.3  444.0
2020 232  8 19 0900  -26.6  986.5    2.6  131.4   73.0  444.0
2020 232  8 19 1000  -26.9  986.0    3.2  136.2   70.8  444.0
2020 232  8 19 1100  -26.4  985.9    1.1  171.3   69.7  444.0
2020 232  8 19 1200  -26.4  985.5    2.5  166.9   69.8  444.0
2020 232  8 19 1300  444.0  444.0  444.0  444.0  444.0  444.0
2020 232  8 19 1400  -26.9  984.8    0.9  145.2   69.6  444.0
2020 232  8 19 1500  -27.3  984.8    2.0  164.3   71.3  444.0
2020 232  8 19 1600  -27.3  984.3    0.7  150.5   73.7  444.0
2020 232  8 19 1700  -27.2  983.9    1.8  163.4   75.2  444.0
2020 232  8 19 1800  -26.4  983.9    2.8  171.3   75.5  444.0
2020 232  8 19 1900  -26.3  983.8    2.3  156.9   74.4  444.0
2020 232  8 19 2000  -26.7  983.4    0.4  120.3   74.5  444.0
2020 232  8 19 2100  -26.2  983.7    3.4  191.8   75.4  444.0
2020 232  8 19 2200  -25.2  983.3    3.3  173.8   74.2  444.0
2020 232  8 19 2300  -26.1  983.1    2.1  105.2   72.3  444.0
2020 233  8 20 0000  -25.9  982.4    8.0   43.5   71.9  444.0
2020 233  8 20 0100  -25.7  982.4    7.6   43.4   73.8  444.0
2020 233  8 20 0200  -25.3  983.0    5.9   48.5   73.5  444.0
2020 233  8 20 0300  -25.1  982.5    3.5   32.3   73.7  444.0
2020 233  8 20 0400  -24.2  981.6    2.5   55.6   77.2  444.0
2020 233  8 20 0500  -23.7  980.3    1.4  114.4   77.7  444.0
2020 233  8 20 0600  -19.9  975.4   12.9  214.6   78.2  444.0
2020 233  8 20 0700  -19.6  979.1    9.5  188.7   72.6  444.0
2020 233  8 20 0800  -19.5  979.0    3.3  183.4   68.2  444.0
2020 233  8 20 0900  -20.9  979.5    2.7  139.7   74.7  444.0
2020 233  8 20 1000  -19.4  979.2    4.8  196.1   63.2  444.0
2020 233  8 20 1100  -19.7  978.1   15.3  193.6   75.9  444.0
2020 233  8 20 1200  -20.5  978.9    4.2  174.9   59.5  444.0
2020 233  8 20 1300  -20.0  979.9    2.1  240.2   60.8  444.0
2020 233  8 20 1400  444.0  444.0  444.0  444.0  444.0  444.0
2020 233  8 20 1500  -19.3  980.9    6.2  187.8   55.9  444.0
2020 233  8 20 1600  -19.1  979.2   11.4  211.0   62.1  444.0
2020 233  8 20 1700  -21.1  981.1    2.2  350.2   62.1  444.0
2020 233  8 20 1800  -20.3  981.3    2.3  266.6   62.1  444.0
2020 233  8 20 1900  -20.4  982.0    5.1   98.3   59.4  444.0
2020 233  8 20 2000  -22.5  982.6   10.6   46.6   70.5  444.0
2020 233  8 20 2100  -22.8  982.2   15.5   53.9   71.6  444.0
2020 233  8 20 2200  -21.6  981.4    8.0   21.6   69.0  444.0
2020 233  8 20 2300  -19.6  983.1    3.6   25.3   46.8  444.0
2020 234  8 21 0000  -19.5  982.3    5.4   49.5   44.6  444.0
2020 234  8 21 0100  -19.6  984.6    2.7  270.3   53.2  444.0
2020 234  8 21 0200  -19.9  983.7    7.6   69.2   57.4  444.0
2020 234  8 21 0300  -21.3  444.0   11.8   78.9   62.0  444.0
2020 234  8 21 0400  -18.0  984.5   12.1  241.5   63.1  444.0
2020 234  8 21 0500  -19.8  985.4    2.6  102.1   49.5  444.0
2020 234  8 21 0600  -22.8  984.3    8.4   16.7   69.3  444.0
2020 234  8 21 0700  -24.0  985.8   11.4   52.2   73.7  444.0
2020 234  8 21 0800  -24.1  986.7   11.8   44.5   75.1  444.0
2020 234  8 21 0900  -24.6  987.3    8.9   44.0   76.5  444.0
2020 234  8 21 1000  -24.6  987.3    7.4   48.6   76.1  444.0
2020 234  8 21 1100  -24.3  987.0    7.1   47.9   75.2  444.0
2020 234  8 21 1200  -23.7  987.1    5.8   35.6   72.7  444.0
2020 234  8 21 1300  -23.4  987.2    7.1   17.8   65.5  444.0
2020 234  8 21 1400  -23.6  986.9    6.3   50.9   68.6  444.0
2020 234  8 21 1500  -23.6  987.1    6.9   49.3   66.5  444.0
2020 234  8 21 1600  -23.7  986.5    7.9   34.4   61.2  444.0
2020 234  8 21 1700  -25.1  987.3    7.2   53.4   72.0  444.0
2020 234  8 21 1800  -25.4  986.9    6.6   49.7   69.6  444.0
2020 234  8 21 1900  -25.5  986.9    5.6   42.1   69.1  444.0
2020 234  8 21 2000  -25.7  986.2    6.5   30.6   73.2  444.0
2020 234  8 21 2100  -26.1  984.2   12.7   44.3   75.2  444.0
2020 234  8 21 2200  -26.0  984.8   12.6   43.8   74.8  444.0
2020 234  8 21 2300  444.0  444.0  444.0  444.0  444.0  444.0
2020 235  8 22 0000  -25.8  985.3    8.6   40.5   71.2  444.0
2020 235  8 22 0100  -26.1  985.0    8.0   36.2   71.3  444.0
2020 235  8 22 0200  -26.1  985.0    8.0   37.0   71.5  444.0
2020 235  8 22 0300  -26.4  984.5    7.2   42.3   71.5  444.0
2020 235  8 22 0400  -26.3  983.8    6.5   48.5   70.9  444.0
2020 235  8 22 0500  -26.1  982.4    6.9   49.6   70.6  444.0
2020 235  8 22 0600  -25.6  980.8    4.0   47.4   67.6  444.0
2020 235  8 22 0700  -21.5  978.3   13.6  230.3   67.5  444.0
2020 235  8 22 0800  -22.8  978.7    2.4   69.4   64.8  444.0
2020 235  8 22 0900  -20.0  975.2   16.3  208.0   58.9  444.0
2020 235  8 22 1000  -19.9  973.1   13.7  209.6   51.3  444.0
2020 235  8 22 1100  -19.3  972.8   14.2  208.0   46.7  444.0
2020 235  8 22 1200  -19.2  969.9   19.9  214.3   55.6  444.0
2020 235  8 22 1300  -19.5  969.7   18.4  204.7   47.3  444.0
2020 235  8 22 1400  -23.2  968.4   21.9  197.3   51.2  444.0
2020 235  8 22 1500  -25.9  965.2   22.5  199.5   45.1  444.0
2020 235  8 22 1600  -28.4  444.0   11.4  179.7   58.0  444.0
2020 235  8 22 1700  -28.7  965.3   12.6  176.7   50.9  444.0
2020 235  8 22 1800  -29.0  961.1   23.8  196.7   39.6  444.0
2020 235  8 22 1900  -30.0  963.2   19.0  200.9   38.5  444.0
2020 235  8 22 2000  -29.9  959.9   22.9  204.7   37.4  444.0
2020 235  8 22 2100  -29.7  958.8   23.8  204.3   35.1  444.0
2020 235  8 22 2200  -29.1  959.5   23.7  202.5   38.5  444.0
2020 235  8 22 2300  -28.6  960.9    1.8   46.2   41.9  444.0
2020 236  8 23 0000  -27.3  960.2    2.3    8.6   40.4  444.0
2020 236  8 23 0100  -26.7  958.7   19.8  206.9   56.0  444.0
2020 236  8 23 0200  -26.5  959.5    6.8   53.0   44.9  444.0
2020 236  8 23 0300  -27.2  958.4   10.3   42.9   62.0  444.0
2020 236  8 23 0400  -25.7  956.4    9.1   69.5   55.2  444.0
2020 236  8 23 0500  -24.4  956.3    2.1   77.5   48.5  444.0
2020 236  8 23 0600  -22.1  954.9   11.7  203.0   44.6  444.0
2020 236  8 23 0700  -22.1  952.4   17.6  205.9   58.5  444.0
2020 236  8 23 0800  -21.2  954.9   16.0  195.9   49.3  444.0
2020 236  8 23 0900  -20.0  954.1    9.5  180.3   45.9  444.0
2020 236  8 23 1000  -18.0  951.1   21.8  197.2   46.3  444.0
2020 236  8 23 1100  -22.0  951.3   20.9  195.1   76.8  444.0
2020 236  8 23 1200  -22.0  948.6   21.4  200.8   67.2  444.0
2020 236  8 23 1300  -21.0  947.6   28.1  201.1   47.7  444.0
2020 236  8 23 1400  -20.5  947.7   23.6  192.6   49.6  444.0
2020 236  8 23 1500  -19.9  944.9   23.1  204.5   58.6  444.0
2020 236  8 23 1600  444.0  444.0  444.0  444.0  444.0  444.0
2020 236  8 23 1700  -16.8  948.1   12.5  189.8   43.5  444.0
2020 236  8 23 1800  -15.3  946.5   23.2  196.1   48.6  444.0
2020 236  8 23 1900  -15.6  946.5   19.2  193.7   69.8  444.0
2020 236  8 23 2000  -19.7  946.7   22.3  198.8   74.9  444.0
2020 236  8 23 2100  -21.5  943.3   28.8  196.0   79.6  444.0
2020 236  8 23 2200  -22.0  946.9   22.0  184.4   80.7  444.0
2020 236  8 23 2300  -20.8  947.7   17.3  196.3   60.5  444.0
2020 237  8 24 0000  -20.8  947.0    4.8  167.9   55.1  444.0
2020 237  8 24 0100  -21.5  952.0   11.0  163.8   54.0  444.0
2020 237  8 24 0200  -20.8  954.4    9.5  228.6   55.7  444.0
2020 237  8 24 0300  -21.4  958.4    8.7  176.7   55.7  444.0
2020 237  8 24 0400  -20.9  960.3    2.3  206.0   44.8  444.0
2020 237  8 24 0500  -20.1  961.7    3.6  128.7   30.9  444.0
2020 237  8 24 0600  -19.1  962.8    2.9  242.1   45.6  444.0
2020 237  8 24 0700  -19.5  964.0    5.2    7.2   46.6  444.0
2020 237  8 24 0800  -20.2  964.1    6.0   57.0   43.2  444.0
2020 237  8 24 0900  -20.3  964.4    5.6   74.1   46.8  444.0
2020 237  8 24 1000  -20.0  965.0    2.8   67.5   50.1  444.0
2020 237  8 24 1100  -18.9  963.8   16.1  204.7   50.5  444.0
2020 237  8 24 1200  -18.7  962.9   24.0  196.5   58.7  444.0
2020 237  8 24 1300  -18.3  964.5   19.8  183.2   57.4  444.0
2020 237  8 24 1400  -17.7  964.0   21.0  184.1   55.0  444.0
2020 237  8 24 1500  -17.5  960.8   27.0  202.8   56.4  444.0
2020 237  8 24 1600  -15.5  964.4   17.2  195.0   54.0  444.0
2020 237  8 24 1700  -14.3  966.8   18.5  198.4   52.1  444.0
2020 237  8 24 1800  -13.8  965.5   24.8  203.2   55.3  444.0
2020 237  8 24 1900  -15.8  968.8   19.9  195.8   63.7  444.0
2020 237  8 24 2000  -18.6  969.7   23.1  201.7   60.6  444.0
2020 237  8 24 2100  -17.3  968.7   24.3  202.8   59.7  444.0
2020 237  8 24 2200  -18.2  969.8   23.2  197.2   67.0  444.0
2020 237  8 24 2300  -16.6  974.0   17.9  197.5   49.2  444.0
2020 238  8 25 0000  -15.0  973.5   19.9  200.1   50.3  444.0
2020 238  8 25 0100  -16.7  976.0   20.7  201.7   61.9  444.0
2020 238  8 25 0200  -16.3  976.3   14.6  192.2   60.9  444.0
2020 238  8 25 0300  -17.1  977.3   18.1  202.3   65.1  444.0
2020 238  8 25 0400  -15.5  978.7   12.2  192.9   46.5  444.0
2020 238  8 25 0500  -16.4  979.5   16.2  197.4   37.2  444.0
2020 238  8 25 0600  -16.4  980.3   15.3  191.5   42.4  444.0
2020 238  8 25 0700  -16.6  981.1   15.5  186.7   48.8  444.0
2020 238  8 25 0800  -16.7  982.0   11.5  174.4   45.0  444.0
2020 238  8 25 0900  -17.0  981.6   16.3  188.6   49.5  444.0
2020 238  8 25 1000  -17.0  982.1   12.9  190.4   42.2  444.0
2020 238  8 25 1100  -17.2  982.0   15.9  200.9   41.0  444.0
2020 238  8 25 1200  -17.2  980.7   16.8  195.5   31.7  444.0
2020 238  8 25 1300  -17.0  983.1    3.5   58.5  444.0  444.0
2020 238  8 25 1400  -17.1  982.8    4.8  170.1   45.9  444.0
2020 238  8 25 1500  -17.4  981.6    5.0   25.4   55.4  444.0
2020 238  8 25 1600  -17.9  983.0    5.8   82.2   51.6  444.0
2020 238  8 25 1700  -17.8  983.0    3.8  110.4   51.1  444.0
2020 238  8 25 1800  -17.7  983.1    3.7   69.3   54.6  444.0
2020 238  8 25 1900  -17.8  982.0    4.7   86.6   52.5  444.0
2020 238  8 25 2000  -17.7  982.5   11.5  154.8   49.9  444.0
2020 238  8 25 2100  -16.5  983.4    9.2  173.4   49.7  444.0
2020 238  8 25 2200  -17.9  981.7   22.5  194.8   54.4  444.0
2020 238  8 25 2300  -18.1  982.5   21.5  195.3   55.1  444.0
2020 239  8 26 0000  -19.2  444.0   21.5  188.4   55.2  444.0
2020 239  8 26 0100  -18.1  983.5   20.2  193.4   59.3  444.0
2020 239  8 26 0200  -19.6  984.6   26.0  199.6   59.0  444.0
2020 239  8 26 0300  -20.2  985.4   19.2  191.7   59.5  444.0
2020 239  8 26 0400  -19.9  987.9   17.4  192.0   60.8  444.0
2020 239  8 26 0500  -17.8  989.3    6.9  187.4   54.4  444.0
2020 239  8 26 0600  -17.8  989.7    4.7  176.3   54.0  444.0
2020 239  8 26 0700  -17.8  991.0    3.6  173.9   56.5  444.0
2020 239  8 26 0800  -17.8  992.2    3.2  105.6   54.5  444.0
2020 239  8 26 0900  -16.8  993.2    1.4  103.4   42.4  444.0
2020 239  8 26 1000  -17.1  994.4    4.1   58.7   49.0  444.0
2020 239  8 26 1100  -17.3  995.0    4.8   70.2   42.3  444.0
2020 239  8 26 1200  444.0  444.0  444.0  444.0  444.0  444.0
2020 239  8 26 1300  -17.6  996.5    4.9   64.6   70.7  444.0
2020 239  8 26 1400  -18.2  996.6    4.5   66.0   73.6  444.0
2020 239  8 26 1500  -18.2  996.8    5.7   58.1   74.5  444.0
2020 239  8 26 1600  -18.1  997.4    3.2   56.9   76.3  444.0
2020 239  8 26 1700  -18.0  997.8    3.8   34.3   77.0  444.0
2020 239  8 26 1800  -18.1  998.6    3.1   73.7   75.9  444.0
2020 239  8 26 1900  -18.4  999.2    4.5   68.1   76.2  444.0
2020 239  8 26 2000  -18.1  999.9    3.6   10.3   77.0  444.0
2020 239  8 26 2100  -18.5 1000.0    4.6   24.2   78.2  444.0
2020 239  8 26 2200  -18.7 1000.0    4.1   62.8   78.2  444.0
2020 239  8 26 2300  -18.3 1000.2    4.6   64.5   77.5  444.0
2020 240  8 27 0000  -18.7 1000.0    6.4   54.9   77.7  444.0
2020 240  8 27 0100  -19.1  999.8    7.2   53.8   78.6  444.0
2020 240  8 27 0200  -19.2 1000.7    6.0   54.7   79.0  444.0
2020 240  8 27 0300  -19.1 1001.1    4.9   58.8   78.3  444.0
2020 240  8 27 0400  -19.1 1001.3    5.0   57.6   76.7  444.0
2020 240  8 27 0500  -19.3 1001.4    4.3   71.8   76.9  444.0
2020 240  8 27 0600  -19.0 1001.4    3.4   66.2   77.4  444.0
2020 240  8 27 0700  -19.0 1001.9    3.3   35.1   78.8  444.0
2020 240  8 27 0800  -19.1 1002.3    3.4   44.6   80.0  444.0
2020 240  8 27 0900  -19.1 1002.7    3.9   19.3   80.4  444.0
2020 240  8 27 1000  -18.8 1003.0    2.6    3.8   81.0  444.0
2020 240  8 27 1100  -18.9 1003.1    2.6  331.7   81.3  444.0
2020 240  8 27 1200  -19.0 1003.2    2.5    3.5   81.5  444.0
2020 240  8 27 1300  444.0  444.0  444.0  444.0  444.0  444.0
2020 240  8 27 1400  -19.2 1003.2    3.1   74.2   81.7  444.0
2020 240  8 27 1500  -19.0 1003.3    2.5   77.4   81.8  444.0
2020 240  8 27 1600  -19.0 1003.5    3.1   62.5   82.1  444.0
2020 240  8 27 1700  -18.9 1003.5    4.2   41.0   82.4  444.0
2020 240  8 27 1800  -19.3 1003.4    6.1   50.5   82.4  444.0
2020 240  8 27 1900  -19.6 1003.9    4.6   49.6   82.2  444.0
2020 240  8 27 2000  -19.6 1004.0    5.2   49.9   82.3  444.0
2020 240  8 27 2100  -20.1 1004.5    3.7   60.1   82.2  444.0
2020 240  8 27 2200  -20.1 1004.6    3.6   57.7   82.0  444.0
2020 240  8 27 2300  444.0  444.0  444.0  444.0  444.0  444.0
2020 241  8 28 0000  -19.8 1004.6    2.4   56.3   82.1  444.0
2020 241  8 28 0100  -19.9 1004.6    4.3   51.8   81.5  444.0
2020 241  8 28 0200  -20.1 1004.7    3.5   59.2   81.3  444.0
2020 241  8 28 0300  -20.0 1004.9    2.3   39.5   81.5  444.0
2020 241  8 28 0400  -19.7 1004.8    2.4   20.5   81.8  444.0
2020 241  8 28 0500  -19.6 1004.8    3.0   68.0   81.4  444.0
2020 241  8 28 0600  -19.6 1004.7    2.0   71.3   80.8  444.0
2020 241  8 28 0700  -19.9 1004.7    3.3   65.8   81.0  444.0
2020 241  8 28 0800  -19.7 1004.6    2.2   81.9   79.9  444.0
2020 241  8 28 0900  -20.1 1004.6    2.9   82.3   78.9  444.0
2020 241  8 28 1000  -19.9 1004.2    2.1  103.4   79.0  444.0
2020 241  8 28 1100  -19.7 1003.9    2.1   98.2   78.7  444.0
2020 241  8 28 1200  -19.7 1003.9    1.8   99.8   79.3  444.0
2020 241  8 28 1300  -19.2 1003.8    2.9   60.1   79.7  444.0
2020 241  8 28 1400  -18.9 1003.5    5.3   49.6   76.3  444.0
2020 241  8 28 1500  -19.0 1003.4    5.2   48.3   75.7  444.0
2020 241  8 28 1600  -19.2 1003.3    4.9   46.5   76.8  444.0
2020 241  8 28 1700  -19.3 1003.0    4.4   30.8   78.7  444.0
2020 241  8 28 1800  -19.4 1003.1    3.8   26.9   79.7  444.0
2020 241  8 28 1900  -19.5 1002.8    3.3   61.5   80.1  444.0
2020 241  8 28 2000  -19.5 1002.7    3.1   72.3   80.1  444.0
2020 241  8 28 2100  -19.7 1002.5    3.6   60.5   80.0  444.0
2020 241  8 28 2200  -19.9 1002.4    4.7   34.2   80.6  444.0
2020 241  8 28 2300  -20.1 1002.1    2.5   68.6   81.1  444.0
2020 242  8 29 0000  444.0  444.0  444.0  444.0  444.0  444.0
2020 242  8 29 0100  -20.1 1001.0    1.9   84.9   81.0  444.0
2020 242  8 29 0200  -20.2 1000.7    1.7   68.5   81.3  444.0
2020 242  8 29 0300  -20.2 1000.0    2.8   17.5   81.5  444.0
2020 242  8 29 0400  -20.4  999.5    3.0   10.3   81.8  444.0
2020 242  8 29 0500  -20.5  998.7    1.9   21.3   82.0  444.0
2020 242  8 29 0600  -20.5  997.9    3.8   56.0   81.8  444.0
2020 242  8 29 0700  -20.2  997.1    4.3   55.6   81.2  444.0
2020 242  8 29 0800  -20.3  996.4    4.4   51.2   80.9  444.0
2020 242  8 29 0900  -20.1  995.6    4.9   37.1   81.0  444.0
2020 242  8 29 1000  -20.0  994.4    3.7   46.0   80.8  444.0
2020 242  8 29 1100  -19.5  993.6    4.3   40.0   78.9  444.0
2020 242  8 29 1200  444.0  444.0  444.0  444.0  444.0  444.0
2020 242  8 29 1300  -20.5  991.8    8.4   23.8   76.1  444.0
2020 242  8 29 1400  -20.5  990.9    6.4   66.3   78.9  444.0
2020 242  8 29 1500  -20.3  990.5    4.2  353.3   80.1  444.0
2020 242  8 29 1600  444.0  444.0  444.0  444.0  444.0  444.0
2020 242  8 29 1700  -21.1  988.7    3.5  354.6   81.7  444.0
2020 242  8 29 1800  -21.1  987.6    3.0    4.4   82.3  444.0
2020 242  8 29 1900  -21.2  986.6    3.3   75.2   82.2  444.0
2020 242  8 29 2000  -20.9  985.9    1.5   56.9   81.5  444.0
2020 242  8 29 2100  -20.7  984.3    5.0   53.6   81.0  444.0
2020 242  8 29 2200  -20.7  984.1    3.4  192.0   79.1  444.0
2020 242  8 29 2300  -20.7  982.6    3.3   60.5   78.8  444.0
2020 243  8 30 0000  -20.6  982.9    0.5  128.5   78.3  444.0
2020 243  8 30 0100  -20.9  981.3    5.1   36.7   77.3  444.0
2020 243  8 30 0200  -21.7  980.4    8.2   23.4   77.2  444.0
2020 243  8 30 0300  -20.9  980.3    5.1   51.7   76.5  444.0
2020 243  8 30 0400  -21.1  979.0    3.7   68.0   77.0  444.0
2020 243  8 30 0500  -21.0  978.5    5.8   57.5   77.7  444.0
2020 243  8 30 0600  -21.2  977.4    5.6   55.9   78.6  444.0
2020 243  8 30 0700  -21.0  976.8    6.5   51.4   78.3  444.0
2020 243  8 30 0800  -20.8  976.0    4.9   48.4   77.4  444.0
2020 243  8 30 0900  -20.6  975.2    7.4   51.3   78.3  444.0
2020 243  8 30 1000  -20.0  975.6    4.1   53.8   78.9  444.0
2020 243  8 30 1100  -19.3  972.9    7.3   52.4   79.5  444.0
2020 243  8 30 1200  -18.8  973.0    6.5   52.8   78.8  444.0
2020 243  8 30 1300  444.0  444.0  444.0  444.0  444.0  444.0
2020 243  8 30 1400  -18.3  970.3    5.6   76.7   73.1  444.0
2020 243  8 30 1500  -17.9  970.1   10.5   50.4   74.6  444.0
2020 243  8 30 1600  -17.8  968.7    9.9   52.5   71.7  444.0
2020 243  8 30 1700  -17.4  968.3    5.7   56.5   66.8  444.0
2020 243  8 30 1800  -16.8  967.8    7.8   55.9   63.8  444.0
2020 243  8 30 1900  -16.4  966.7    4.7   51.4   59.0  444.0
2020 243  8 30 2000  -16.6  964.5    5.2   45.0   63.3  444.0
2020 243  8 30 2100  -16.8  963.1    7.4   47.3   69.6  444.0
2020 243  8 30 2200  -16.0  962.6    6.1   26.4   68.7  444.0
2020 243  8 30 2300  -16.1  962.2    6.6   19.0   73.2  444.0
2020 244  8 31 0000  -15.8  960.5    5.4   19.2   78.1  444.0
2020 244  8 31 0100  -15.7  959.2    5.2   30.5   80.6  444.0
2020 244  8 31 0200  -15.7  958.8    1.5   83.5   82.2  444.0
2020 244  8 31 0300  -15.0  957.7    2.4  122.1   83.4  444.0
2020 244  8 31 0400  -13.9  956.3    3.0  185.3   83.3  444.0
2020 244  8 31 0500  -12.5  955.5    6.9  211.1   79.4  444.0
2020 244  8 31 0600  -11.3  954.9    7.7  210.4   75.8  444.0
2020 244  8 31 0700   -9.7  954.7    6.0  200.9   59.2  444.0
2020 244  8 31 0800   -9.3  955.5    4.9  188.6   57.2  444.0
2020 244  8 31 0900   -8.4  956.2    9.0  191.5   52.5  444.0
2020 244  8 31 1000   -9.5  956.4   11.1  199.4   63.2  444.0
2020 244  8 31 1100   -9.6  957.1   13.6  196.0   58.9  444.0
2020 244  8 31 1200   -8.5  957.2   11.1  193.6   52.7  444.0
2020 244  8 31 1300   -7.5  957.4    9.2  202.4   45.3  444.0
2020 244  8 31 1400   -7.0  957.5    8.4  204.9   50.2  444.0
2020 244  8 31 1500   -6.8  957.0    9.4  190.4   49.8  444.0
2020 244  8 31 1600   -6.8  957.4   15.5  190.8   57.0  444.0
2020 244  8 31 1700   -7.4  956.8   14.5  190.4   64.8  444.0
2020 244  8 31 1800   -6.5  958.0    8.2  202.1   61.0  444.0
2020 244  8 31 1900   -6.4  958.1    8.9  187.1   59.3  444.0
2020 244  8 31 2000   -5.7  958.4    9.2  180.7   54.8  444.0
2020 244  8 31 2100   -6.2  958.9   10.8  184.1   64.6  444.0
2020 244  8 31 2200   -6.1  959.0    9.7  203.1   60.8  444.0
2020 244  8 31 2300   -5.4  959.0    8.7  216.3   65.1  444.0
