Year: 2024  Month: 09  ID: CBD  ARGOS: 99609  Name: Cape Bird           
Lat: 77.22S  Lon: 166.44E  Elev:   38m
2024 245  9  1 0000  444.0  977.6    0.0    0.0   41.0  444.0
2024 245  9  1 0100  444.0  977.7    3.4  210.6   37.9  444.0
2024 245  9  1 0200  444.0  978.2    2.3  209.5   43.8  444.0
2024 245  9  1 0300  444.0  978.5    0.2  123.1   50.1  444.0
2024 245  9  1 0400  444.0  979.1    1.2   84.7   56.2  444.0
2024 245  9  1 0500  444.0  980.1    1.2   85.9   62.2  444.0
2024 245  9  1 0600  444.0  980.3    4.0  186.1   66.7  444.0
2024 245  9  1 0700  444.0  980.7    2.2  202.1   70.0  444.0
2024 245  9  1 0800  444.0  981.9    3.6  169.1   75.0  444.0
2024 245  9  1 0900  444.0  981.1    1.0   21.9   79.0  444.0
2024 245  9  1 1000  444.0  982.5    7.0   33.6   79.5  444.0
2024 245  9  1 1100  444.0  984.0    1.0  120.9   81.9  444.0
2024 245  9  1 1200  444.0  985.4    1.9  152.5   81.7  444.0
2024 245  9  1 1300  444.0  985.8    3.8   40.5   73.8  444.0
2024 245  9  1 1400  444.0  986.3    5.4   47.3   76.7  444.0
2024 245  9  1 1500  444.0  986.7    5.9   47.1   76.0  444.0
2024 245  9  1 1600  444.0  987.6    4.0   36.4   76.0  444.0
2024 245  9  1 1700  444.0  987.7    3.5   42.1   78.7  444.0
2024 245  9  1 1800  444.0  987.6    4.1   41.9   80.8  444.0
2024 245  9  1 1900  444.0  987.9    2.6   49.5   83.4  444.0
2024 245  9  1 2000  444.0  988.5    3.0   47.0   85.6  444.0
2024 245  9  1 2100  444.0  989.0    3.6   38.2   86.0  444.0
2024 245  9  1 2200  444.0  989.4    4.7   27.7   86.3  444.0
2024 245  9  1 2300  444.0  990.2    3.6   36.6   86.8  444.0
2024 246  9  2 0000  444.0  991.7    2.6  182.0   85.6  444.0
2024 246  9  2 0100  444.0  991.2    3.1  184.2   85.7  444.0
2024 246  9  2 0200  444.0  990.6    3.0  185.0   81.0  444.0
2024 246  9  2 0300  444.0  990.4    0.4   78.4   83.1  444.0
2024 246  9  2 0400  444.0  990.2    2.8   42.3   83.9  444.0
2024 246  9  2 0500  444.0  990.2    1.6   71.8   81.1  444.0
2024 246  9  2 0600  444.0  990.6    2.1  190.8   67.1  444.0
2024 246  9  2 0700  444.0  990.7    1.3  157.2   59.4  444.0
2024 246  9  2 0800  444.0  990.3    6.6  185.2   56.7  444.0
2024 246  9  2 0900  444.0  990.2    7.6  198.5   53.6  444.0
2024 246  9  2 1000  444.0  989.6   11.1  171.3   47.1  444.0
2024 246  9  2 1100  444.0  989.1    6.2  190.4   45.3  444.0
2024 246  9  2 1200  444.0  989.5    2.1  219.3   55.5  444.0
2024 246  9  2 1300  444.0  988.3    2.8  198.4   50.2  444.0
2024 246  9  2 1400  444.0  987.7    1.9  196.7   49.0  444.0
2024 246  9  2 1500  444.0  987.0    1.3  216.6   49.5  444.0
2024 246  9  2 1600  444.0  986.3    0.3  132.6   48.6  444.0
2024 246  9  2 1700  444.0  985.9    2.9   46.9   58.6  444.0
2024 246  9  2 1800  444.0  985.2    0.3  161.1   54.3  444.0
2024 246  9  2 1900  444.0  984.9    1.6   71.3   51.0  444.0
2024 246  9  2 2000  444.0  985.0    2.6  107.0   52.1  444.0
2024 246  9  2 2100  444.0  984.5    3.1   50.3   52.8  444.0
2024 246  9  2 2200  444.0  984.3    2.2   40.9   49.2  444.0
2024 246  9  2 2300  444.0  984.1    3.5   63.4   64.4  444.0
2024 247  9  3 0000  444.0  984.0    4.7   41.0   43.5  444.0
2024 247  9  3 0100  444.0  984.0    4.4   49.2   36.9  444.0
2024 247  9  3 0200  444.0  983.8    4.6   37.7   53.1  444.0
2024 247  9  3 0300  444.0  983.9    4.1  199.6   61.1  444.0
2024 247  9  3 0400  444.0  984.2    1.2  222.7   65.5  444.0
2024 247  9  3 0500  444.0  984.0    2.7  186.5   67.2  444.0
2024 247  9  3 0600  444.0  984.2    1.9  157.8   69.0  444.0
2024 247  9  3 0700  444.0  984.1    2.8   45.6   67.2  444.0
2024 247  9  3 0800  444.0  983.9    1.0  114.6   60.7  444.0
2024 247  9  3 0900  444.0  983.7    0.3  126.8   57.5  444.0
2024 247  9  3 1000  444.0  983.3    1.3  186.8   54.8  444.0
2024 247  9  3 1100  444.0  983.1    4.1  197.0   59.2  444.0
2024 247  9  3 1200  444.0  982.8    4.6  198.0   67.3  444.0
2024 247  9  3 1300  444.0  982.7    1.3   55.4   69.6  444.0
2024 247  9  3 1400  444.0  982.5    1.3   58.5   76.2  444.0
2024 247  9  3 1500  444.0  981.8    1.5   99.2   67.3  444.0
2024 247  9  3 1600  444.0  981.3    1.7   68.2   76.2  444.0
2024 247  9  3 1700  444.0  980.5    3.2   35.4   77.5  444.0
2024 247  9  3 1800  444.0  978.5    7.6   44.4   83.6  444.0
2024 247  9  3 1900  444.0  978.0    0.4  327.7   86.1  444.0
2024 247  9  3 2000  444.0  977.8    4.1  181.9   85.0  444.0
2024 247  9  3 2100  444.0  977.6    2.2  185.9   85.5  444.0
2024 247  9  3 2200  444.0  977.3    0.6  161.1   84.3  444.0
2024 247  9  3 2300  444.0  976.8    1.5  142.9   85.6  444.0
2024 248  9  4 0000  444.0  976.1    0.9   93.7   84.3  444.0
2024 248  9  4 0100  444.0  975.5    0.3   64.0   81.3  444.0
2024 248  9  4 0200  444.0  975.1    0.6  190.5   82.2  444.0
2024 248  9  4 0300  444.0  974.2    0.7  104.3   80.6  444.0
2024 248  9  4 0400  444.0  974.4    1.8  196.1   83.8  444.0
2024 248  9  4 0500  444.0  974.0    1.3  195.2   85.8  444.0
2024 248  9  4 0600  444.0  973.6    1.1  193.0   87.2  444.0
2024 248  9  4 0700  444.0  973.6    0.6  115.2   87.9  444.0
2024 248  9  4 0800  444.0  974.0    2.8   42.9   88.5  444.0
2024 248  9  4 0900  444.0  974.4    1.3   32.4   88.5  444.0
2024 248  9  4 1000  444.0  974.3    0.8  154.0   89.3  444.0
2024 248  9  4 1100  444.0  974.6    1.2  118.3   89.2  444.0
2024 248  9  4 1200  444.0  974.6    1.6  160.9   89.0  444.0
2024 248  9  4 1300  444.0  974.7    1.3   79.0   89.4  444.0
2024 248  9  4 1400  444.0  975.0    0.0    0.0   89.4  444.0
2024 248  9  4 1500  444.0  974.9    1.7  195.8   89.3  444.0
2024 248  9  4 1600  444.0  975.3    2.2   53.9   89.8  444.0
2024 248  9  4 1700  444.0  975.4    0.9   52.8   89.7  444.0
2024 248  9  4 1800  444.0  975.5    0.4  165.4   89.6  444.0
2024 248  9  4 1900  444.0  975.9    1.7  185.2   90.1  444.0
2024 248  9  4 2000  444.0  975.9    2.8  192.7   90.1  444.0
2024 248  9  4 2100  444.0  976.1    3.9  201.2   89.8  444.0
2024 248  9  4 2200  444.0  975.9    2.4  210.2   89.6  444.0
2024 248  9  4 2300  444.0  976.3    4.8  203.7   89.1  444.0
2024 249  9  5 0000  444.0  976.9    3.7  200.2   89.8  444.0
2024 249  9  5 0100  444.0  977.2    2.5  218.6   90.1  444.0
2024 249  9  5 0200  444.0  977.2    1.7  197.1   89.5  444.0
2024 249  9  5 0300  444.0  977.4    0.1  177.1   88.2  444.0
2024 249  9  5 0400  444.0  977.6    0.0    0.0   87.8  444.0
2024 249  9  5 0500  444.0  977.8    1.7   45.5   87.7  444.0
2024 249  9  5 0600  444.0  978.6    0.1   80.4   87.4  444.0
2024 249  9  5 0700  444.0  978.8    1.0  159.2   87.6  444.0
2024 249  9  5 0800  444.0  979.4    1.2  164.7   87.5  444.0
2024 249  9  5 0900  444.0  979.4    2.4  183.5   87.1  444.0
2024 249  9  5 1000  444.0  979.6    0.5  176.2   87.9  444.0
2024 249  9  5 1100  444.0  979.6    2.2   69.6   87.1  444.0
2024 249  9  5 1200  444.0  979.7    1.9  187.6   83.8  444.0
2024 249  9  5 1300  444.0  979.7    2.9  194.4   77.2  444.0
2024 249  9  5 1400  444.0  980.0    1.3  158.6   63.6  444.0
2024 249  9  5 1500  444.0  980.4    1.3   94.9   66.4  444.0
2024 249  9  5 1600  444.0  980.9    1.0  226.2   61.1  444.0
2024 249  9  5 1700  444.0  981.0    1.5   28.2   72.6  444.0
2024 249  9  5 1800  444.0  981.2    2.8   46.9   76.0  444.0
2024 249  9  5 1900  444.0  981.8    1.5   80.8   79.8  444.0
2024 249  9  5 2000  444.0  982.5    0.7  106.6   81.8  444.0
2024 249  9  5 2100  444.0  982.9    1.3   66.9   83.0  444.0
2024 249  9  5 2200  444.0  983.0    3.3   53.5   83.3  444.0
2024 249  9  5 2300  444.0  983.3    4.4   49.0   82.1  444.0
2024 250  9  6 0000  444.0  983.5    4.9   39.9   81.1  444.0
2024 250  9  6 0100  444.0  984.0    3.8   49.5   79.7  444.0
2024 250  9  6 0200  444.0  984.1    2.7   58.7   79.8  444.0
2024 250  9  6 0300  444.0  984.1    2.1   63.4   79.5  444.0
2024 250  9  6 0400  444.0  984.3    2.1   53.1   79.8  444.0
2024 250  9  6 0500  444.0  984.7    1.7   83.7   80.4  444.0
2024 250  9  6 0600  444.0  985.2    1.3   68.6   80.5  444.0
2024 250  9  6 0700  444.0  985.5    3.2   57.3   80.8  444.0
2024 250  9  6 0800  444.0  986.0    1.0  108.0   81.1  444.0
2024 250  9  6 0900  444.0  986.1    3.6   44.1   81.4  444.0
2024 250  9  6 1000  444.0  986.3    3.1   54.8   82.1  444.0
2024 250  9  6 1100  444.0  986.7    3.4   59.0   82.1  444.0
2024 250  9  6 1200  444.0  986.9    3.3   62.4   81.9  444.0
2024 250  9  6 1300  444.0  987.1    2.6   63.0   80.9  444.0
2024 250  9  6 1400  444.0  986.9    3.6   61.8   81.3  444.0
2024 250  9  6 1500  444.0  987.1    2.6   69.9   81.4  444.0
2024 250  9  6 1600  444.0  987.1    3.8   60.6   81.5  444.0
2024 250  9  6 1700  444.0  987.2    1.6  128.0   79.4  444.0
2024 250  9  6 1800  444.0  987.4    2.1   96.1   78.7  444.0
2024 250  9  6 1900  444.0  987.5    1.5  116.4   78.2  444.0
2024 250  9  6 2000  444.0  987.5    1.6  135.0   78.0  444.0
2024 250  9  6 2100  444.0  987.2    2.2  173.2   79.5  444.0
2024 250  9  6 2200  444.0  987.3    0.5  174.1   81.0  444.0
2024 250  9  6 2300  444.0  986.9    0.7  132.4   81.6  444.0
2024 251  9  7 0000  444.0  986.8    1.8   81.9   81.7  444.0
2024 251  9  7 0100  444.0  986.6    2.4   87.5   81.3  444.0
2024 251  9  7 0200  444.0  986.4    1.3   68.0   79.5  444.0
2024 251  9  7 0300  444.0  986.1    1.5   47.3   78.0  444.0
2024 251  9  7 0400  444.0  985.8    0.6  123.7   78.1  444.0
2024 251  9  7 0500  444.0  985.5    1.0  163.3   78.9  444.0
2024 251  9  7 0600  444.0  985.3    0.9  139.8   80.1  444.0
2024 251  9  7 0700  444.0  984.7    1.6  141.1   81.6  444.0
2024 251  9  7 0800  444.0  984.2    1.2  196.3   79.9  444.0
2024 251  9  7 0900  444.0  983.8    2.3  187.0   68.3  444.0
2024 251  9  7 1000  444.0  983.1    3.2  176.6   47.2  444.0
2024 251  9  7 1100  444.0  982.4    2.7  179.4   45.6  444.0
2024 251  9  7 1200  444.0  981.8    1.4  191.0   47.0  444.0
2024 251  9  7 1300  444.0  981.1    2.5  210.0   56.4  444.0
2024 251  9  7 1400  444.0  980.8    0.7  167.8   69.5  444.0
2024 251  9  7 1500  444.0  980.0    2.9  203.0   72.3  444.0
2024 251  9  7 1600  444.0  979.8    1.0  147.5   73.1  444.0
2024 251  9  7 1700  444.0  979.5    1.7  201.6   72.0  444.0
2024 251  9  7 1800  444.0  979.4    4.1   49.2   74.9  444.0
2024 251  9  7 1900  444.0  979.6    1.0   56.0   77.7  444.0
2024 251  9  7 2000  444.0  979.2    3.0  200.1   79.4  444.0
2024 251  9  7 2100  444.0  978.8    0.1  193.8   80.3  444.0
2024 251  9  7 2200  444.0  978.5    0.0    0.0   80.6  444.0
2024 251  9  7 2300  444.0  978.0    1.6  188.1   78.2  444.0
2024 252  9  8 0000  444.0  977.7    1.2  196.0   76.9  444.0
2024 252  9  8 0100  444.0  977.1    0.0    0.0   76.1  444.0
2024 252  9  8 0200  444.0  976.9    0.7  189.2   74.5  444.0
2024 252  9  8 0300  444.0  976.5    0.1  214.4   73.9  444.0
2024 252  9  8 0400  444.0  976.0    0.4  155.3   75.2  444.0
2024 252  9  8 0500  444.0  975.5    1.0   76.4   76.5  444.0
2024 252  9  8 0600  444.0  975.3    2.5   47.8   79.0  444.0
2024 252  9  8 0700  444.0  975.1    1.1   51.1   79.9  444.0
2024 252  9  8 0800  444.0  974.6    1.2   59.1   80.9  444.0
2024 252  9  8 0900  444.0  974.3    0.6   59.5   81.0  444.0
2024 252  9  8 1000  444.0  973.9    0.8   59.1   79.0  444.0
2024 252  9  8 1100  444.0  973.7    2.6   65.7   72.2  444.0
2024 252  9  8 1200  444.0  973.3    2.1   40.3   62.4  444.0
2024 252  9  8 1300  444.0  973.2    1.4   54.1   69.5  444.0
2024 252  9  8 1400  444.0  973.2    1.2   40.4   72.5  444.0
2024 252  9  8 1500  444.0  973.0    3.0   44.6   66.3  444.0
2024 252  9  8 1600  444.0  972.8    2.7   35.1   69.9  444.0
2024 252  9  8 1700  444.0  972.9    1.2   36.9   73.5  444.0
2024 252  9  8 1800  444.0  973.0    3.0   47.3   76.5  444.0
2024 252  9  8 1900  444.0  972.9    5.9   42.4   59.8  444.0
2024 252  9  8 2000  444.0  973.2    4.4   44.4   59.7  444.0
2024 252  9  8 2100  444.0  973.5    3.6   45.1   73.7  444.0
2024 252  9  8 2200  444.0  973.8    3.8   52.2   64.0  444.0
2024 252  9  8 2300  444.0  974.6    1.7  144.0   48.2  444.0
2024 253  9  9 0000  444.0  974.7    2.4  180.5   41.4  444.0
2024 253  9  9 0100  444.0  974.9    1.7  192.4   46.3  444.0
2024 253  9  9 0200  444.0  975.3    0.6  183.6   45.8  444.0
2024 253  9  9 0300  444.0  975.8    1.8   49.4   65.5  444.0
2024 253  9  9 0400  444.0  976.0    1.1   57.3   70.6  444.0
2024 253  9  9 0500  444.0  976.4    0.3   54.3   72.4  444.0
2024 253  9  9 0600  444.0  977.0    0.4  111.5   73.7  444.0
2024 253  9  9 0700  444.0  977.3    1.5  189.7   75.7  444.0
2024 253  9  9 0800  444.0  977.9    1.2  191.9   77.0  444.0
2024 253  9  9 0900  444.0  978.2    2.3  182.9   76.3  444.0
2024 253  9  9 1000  444.0  978.6    2.5  189.5   71.5  444.0
2024 253  9  9 1100  444.0  978.9    2.0   76.7   73.5  444.0
2024 253  9  9 1200  444.0  979.4    2.2   64.0   74.4  444.0
2024 253  9  9 1300  444.0  979.9    1.7   64.2   74.6  444.0
2024 253  9  9 1400  444.0  980.3    1.4  112.6   72.0  444.0
2024 253  9  9 1500  444.0  980.6    1.5  126.4   70.0  444.0
2024 253  9  9 1600  444.0  981.5    1.5   86.5   69.9  444.0
2024 253  9  9 1700  444.0  981.8    0.6  124.5   66.1  444.0
2024 253  9  9 1800  444.0  981.9    1.2  195.2   63.8  444.0
2024 253  9  9 1900  444.0  982.2    1.7  179.2   64.8  444.0
2024 253  9  9 2000  444.0  982.5    2.4  189.9   65.9  444.0
2024 253  9  9 2100  444.0  982.9    2.0  192.5   68.2  444.0
2024 253  9  9 2200  444.0  983.3    2.8   49.5   70.0  444.0
2024 253  9  9 2300  444.0  983.5    0.1   51.1   72.8  444.0
2024 254  9 10 0000  444.0  983.7    0.2   52.3   72.6  444.0
2024 254  9 10 0100  444.0  983.6    1.6  199.9   73.3  444.0
2024 254  9 10 0200  444.0  983.7    1.9  205.8   72.0  444.0
2024 254  9 10 0300  444.0  983.5    0.2   25.0   72.4  444.0
2024 254  9 10 0400  444.0  983.1    2.1  198.9   73.7  444.0
2024 254  9 10 0500  444.0  982.9    0.8  165.6   76.2  444.0
2024 254  9 10 0600  444.0  982.5    1.3  187.1   79.0  444.0
2024 254  9 10 0700  444.0  982.0    2.6  181.8   67.0  444.0
2024 254  9 10 0800  444.0  981.0    4.2  209.4   68.3  444.0
2024 254  9 10 0900  444.0  979.7    6.3  206.5   73.5  444.0
2024 254  9 10 1000  444.0  978.5    3.5   55.5   70.0  444.0
2024 254  9 10 1100  444.0  977.7    6.9   38.7   76.1  444.0
2024 254  9 10 1200  444.0  977.3    5.9   34.2   79.9  444.0
2024 254  9 10 1300  444.0  977.1    2.3  127.4   55.1  444.0
2024 254  9 10 1400  444.0  975.2    3.6   70.7   54.0  444.0
2024 254  9 10 1500  444.0  975.3    2.3   50.1   64.8  444.0
2024 254  9 10 1600  444.0  974.7    3.3   42.4   69.5  444.0
2024 254  9 10 1700  444.0  974.1    1.9   41.2   65.9  444.0
2024 254  9 10 1800  444.0  973.7    1.4   53.4   65.0  444.0
2024 254  9 10 1900  444.0  973.0    0.9   56.5   61.6  444.0
2024 254  9 10 2000  444.0  971.9    5.3   50.9   80.3  444.0
2024 254  9 10 2100  444.0  970.7    8.3   32.0   82.9  444.0
2024 254  9 10 2200  444.0  972.5    6.2   26.7   85.4  444.0
2024 254  9 10 2300  444.0  973.8    1.5  107.5   86.2  444.0
2024 255  9 11 0000  444.0  973.8    8.2   47.5   84.4  444.0
2024 255  9 11 0100  444.0  973.6    5.1   38.0   84.7  444.0
2024 255  9 11 0200  444.0  973.8    5.8   44.3   81.2  444.0
2024 255  9 11 0300  444.0  974.0    8.0   26.9   78.5  444.0
2024 255  9 11 0400  444.0  973.4   10.6   17.4   79.8  444.0
2024 255  9 11 0500  444.0  974.8    8.6   42.5   83.0  444.0
2024 255  9 11 0600  444.0  975.4    8.6   32.0   84.0  444.0
2024 255  9 11 0700  444.0  976.1    6.1   20.1   84.0  444.0
2024 255  9 11 0800  444.0  976.0    6.0   30.5   83.7  444.0
2024 255  9 11 0900  444.0  975.7    7.0   49.6   81.6  444.0
2024 255  9 11 1000  444.0  975.7    6.8   49.0   79.5  444.0
2024 255  9 11 1100  444.0  975.5    7.8   34.1   81.2  444.0
2024 255  9 11 1200  444.0  975.8    6.3   47.3   82.4  444.0
2024 255  9 11 1300  444.0  976.0    3.2   78.7   82.5  444.0
2024 255  9 11 1400  444.0  976.0    3.6   71.4   83.5  444.0
2024 255  9 11 1500  444.0  975.8    1.7  108.0   83.8  444.0
2024 255  9 11 1600  444.0  975.6    1.7  108.7   84.5  444.0
2024 255  9 11 1700  444.0  975.4    1.2   89.2   85.2  444.0
2024 255  9 11 1800  444.0  975.0    2.8   66.6   84.5  444.0
2024 255  9 11 1900  444.0  974.4    3.4   57.8   82.6  444.0
2024 255  9 11 2000  444.0  973.9    2.4   43.7   80.4  444.0
2024 255  9 11 2100  444.0  973.6    4.2   36.8   82.6  444.0
2024 255  9 11 2200  444.0  973.3    4.7   55.4   84.4  444.0
2024 255  9 11 2300  444.0  972.9    5.6   51.5   84.2  444.0
2024 256  9 12 0000  444.0  972.6    5.9   51.8   83.0  444.0
2024 256  9 12 0100  444.0  972.0    6.8   46.1   71.5  444.0
2024 256  9 12 0200  444.0  971.4    6.6   45.9   60.7  444.0
2024 256  9 12 0300  444.0  970.8    6.9   42.4   54.2  444.0
2024 256  9 12 0400  444.0  969.8    8.1   27.9   71.5  444.0
2024 256  9 12 0500  444.0  969.1    8.9   15.7   72.4  444.0
2024 256  9 12 0600  444.0  969.4    6.5   29.9   80.9  444.0
2024 256  9 12 0700  444.0  969.4    7.8   29.8   82.8  444.0
2024 256  9 12 0800  444.0  970.0    3.3  188.9   83.8  444.0
2024 256  9 12 0900  444.0  970.1    2.2   74.8   85.0  444.0
2024 256  9 12 1000  444.0  970.9    1.6  137.6   85.6  444.0
2024 256  9 12 1100  444.0  971.0    3.3  174.6   85.4  444.0
2024 256  9 12 1200  444.0  971.4    3.1   87.4   84.5  444.0
2024 256  9 12 1300  444.0  972.0    2.7   55.4   81.5  444.0
2024 256  9 12 1400  444.0  972.6    0.5  141.7   79.7  444.0
2024 256  9 12 1500  444.0  973.2    2.2  197.7   79.9  444.0
2024 256  9 12 1600  444.0  973.7    1.9  187.1   81.8  444.0
2024 256  9 12 1700  444.0  974.2    0.6  143.6   83.9  444.0
2024 256  9 12 1800  444.0  974.6    3.8  181.8   84.3  444.0
2024 256  9 12 1900  444.0  975.3    1.3   91.0   81.7  444.0
2024 256  9 12 2000  444.0  976.4    2.5   84.8   77.8  444.0
2024 256  9 12 2100  444.0  977.2    3.2   52.0   79.9  444.0
2024 256  9 12 2200  444.0  978.4    1.2   57.5   81.6  444.0
2024 256  9 12 2300  444.0  978.8    2.0   77.2   81.4  444.0
2024 257  9 13 0000  444.0  979.2    3.6  185.7   78.2  444.0
2024 257  9 13 0100  444.0  980.8    2.6   29.9   77.3  444.0
2024 257  9 13 0200  444.0  981.8    3.1  357.2   82.3  444.0
2024 257  9 13 0300  444.0  982.8    2.8  289.5   83.5  444.0
2024 257  9 13 0400  444.0  983.3    3.5  204.5   83.7  444.0
2024 257  9 13 0500  444.0  984.4    1.9   85.0   83.1  444.0
2024 257  9 13 0600  444.0  985.4    2.8  114.4   80.4  444.0
2024 257  9 13 0700  444.0  985.9    2.3  167.3   76.8  444.0
2024 257  9 13 0800  444.0  986.5    3.8  193.4   77.5  444.0
2024 257  9 13 0900  444.0  986.7    4.6  199.2   80.8  444.0
2024 257  9 13 1000  444.0  986.8    3.1  164.9   80.6  444.0
2024 257  9 13 1100  444.0  986.2    5.9  193.0   74.1  444.0
2024 257  9 13 1200  444.0  985.9    7.7  188.5   73.4  444.0
2024 257  9 13 1300  444.0  986.5    6.2  181.7   72.6  444.0
2024 257  9 13 1400  444.0  986.8    5.3  177.0   71.7  444.0
2024 257  9 13 1500  444.0  987.4    3.2  163.8   70.2  444.0
2024 257  9 13 1600  444.0  987.2    3.1  157.6   64.4  444.0
2024 257  9 13 1700  444.0  987.2    2.5  156.0   62.1  444.0
2024 257  9 13 1800  444.0  987.1    3.6  141.1   59.2  444.0
2024 257  9 13 1900  444.0  987.1    1.5   70.5   60.3  444.0
2024 257  9 13 2000  444.0  987.5    0.7  127.6   67.7  444.0
2024 257  9 13 2100  444.0  987.6    1.9  131.8   72.4  444.0
2024 257  9 13 2200  444.0  987.4    2.6  165.4   73.9  444.0
2024 257  9 13 2300  444.0  987.5    3.6  167.2   74.5  444.0
2024 258  9 14 0000  444.0  987.1    4.0  186.3   76.4  444.0
2024 258  9 14 0100  444.0  987.4    2.7  189.1   76.1  444.0
2024 258  9 14 0200  444.0  987.4    2.1  177.2   76.2  444.0
2024 258  9 14 0300  444.0  987.4    3.3  236.4   78.4  444.0
2024 258  9 14 0400  444.0  987.2    1.8  251.2   80.1  444.0
2024 258  9 14 0500  444.0  987.4    2.9  292.8   81.2  444.0
2024 258  9 14 0600  444.0  987.1    0.4  333.1   82.4  444.0
2024 258  9 14 0700  444.0  987.3    3.6  121.8   83.2  444.0
2024 258  9 14 0800  444.0  987.1    2.6  112.6   83.2  444.0
2024 258  9 14 0900  444.0  987.2    3.7  122.7   83.3  444.0
2024 258  9 14 1000  444.0  987.1    3.4  122.9   83.5  444.0
2024 258  9 14 1100  444.0  986.8    1.7  119.3   83.4  444.0
2024 258  9 14 1200  444.0  986.8    2.9  146.6   82.6  444.0
2024 258  9 14 1300  444.0  986.4    0.5  174.0   82.1  444.0
2024 258  9 14 1400  444.0  986.0    1.4  190.3   81.7  444.0
2024 258  9 14 1500  444.0  985.7    4.0  144.6   81.5  444.0
2024 258  9 14 1600  444.0  985.5    3.8  159.0   81.4  444.0
2024 258  9 14 1700  444.0  985.1    4.0  158.1   81.3  444.0
2024 258  9 14 1800  444.0  984.8    4.4  168.7   81.0  444.0
2024 258  9 14 1900  444.0  984.6    2.4  125.8   80.5  444.0
2024 258  9 14 2000  444.0  984.6    1.8  112.9   80.0  444.0
2024 258  9 14 2100  444.0  984.3    1.9   91.0   79.8  444.0
2024 258  9 14 2200  444.0  984.4    2.4  122.4   80.4  444.0
2024 258  9 14 2300  444.0  984.1    3.2  136.2   80.5  444.0
2024 259  9 15 0000  444.0  983.7    2.2  135.8   80.2  444.0
2024 259  9 15 0100  444.0  983.4    3.8   57.2   79.3  444.0
2024 259  9 15 0200  444.0  983.5    3.7   76.2   81.7  444.0
2024 259  9 15 0300  444.0  983.2    4.0   59.5   82.4  444.0
2024 259  9 15 0400  444.0  982.7    3.8   40.6   82.9  444.0
2024 259  9 15 0500  444.0  982.6    3.4   49.6   83.1  444.0
2024 259  9 15 0600  444.0  982.5    2.5   39.9   83.4  444.0
2024 259  9 15 0700  444.0  982.6    2.1   78.0   83.2  444.0
2024 259  9 15 0800  444.0  982.5    2.8  126.1   83.0  444.0
2024 259  9 15 0900  444.0  982.6    0.0    0.0   83.2  444.0
2024 259  9 15 1000  444.0  982.5    1.7  183.3   83.2  444.0
2024 259  9 15 1100  444.0  982.5    0.5  164.3   83.5  444.0
2024 259  9 15 1200  444.0  982.6    3.0  142.3   82.8  444.0
2024 259  9 15 1300  444.0  982.4    2.4  140.4   79.7  444.0
2024 259  9 15 1400  444.0  982.5    2.2  104.6   78.5  444.0
2024 259  9 15 1500  444.0  982.7    0.3  110.5   78.8  444.0
2024 259  9 15 1600  444.0  982.9    1.2  291.5   81.0  444.0
2024 259  9 15 1700  444.0  983.2    3.0  178.7   81.7  444.0
2024 259  9 15 1800  444.0  983.5    3.5  185.7   80.7  444.0
2024 259  9 15 1900  444.0  984.0    2.9  182.9   81.1  444.0
2024 259  9 15 2000  444.0  984.5    4.9  205.3   81.5  444.0
2024 259  9 15 2100  444.0  984.7    4.9  207.8   81.5  444.0
2024 259  9 15 2200  444.0  985.3    3.4  202.1   81.4  444.0
2024 259  9 15 2300  444.0  985.9    2.5  177.2   81.1  444.0
2024 260  9 16 0000  444.0  986.3    2.9  170.3   80.7  444.0
2024 260  9 16 0100  444.0  986.3    2.7  195.6   80.7  444.0
2024 260  9 16 0200  444.0  986.4    3.9  206.5   80.7  444.0
2024 260  9 16 0300  444.0  986.4    4.4  213.5   81.1  444.0
2024 260  9 16 0400  444.0  987.0    2.7  203.2   80.9  444.0
2024 260  9 16 0500  444.0  987.4    0.4  100.0   80.6  444.0
2024 260  9 16 0600  444.0  987.6    0.6  186.4   80.2  444.0
2024 260  9 16 0700  444.0  988.1    0.0    0.0   80.5  444.0
2024 260  9 16 0800  444.0  988.6    2.8   54.6   81.2  444.0
2024 260  9 16 0900  444.0  988.9    2.7   48.3   81.5  444.0
2024 260  9 16 1000  444.0  989.3    2.6   72.3   81.2  444.0
2024 260  9 16 1100  444.0  989.6    2.4  106.3   79.4  444.0
2024 260  9 16 1200  444.0  989.8    2.1  112.4   77.9  444.0
2024 260  9 16 1300  444.0  990.0    2.1  123.9   76.5  444.0
2024 260  9 16 1400  444.0  990.2    1.7  129.1   77.2  444.0
2024 260  9 16 1500  444.0  990.5    3.1  172.4   77.3  444.0
2024 260  9 16 1600  444.0  990.4    3.6  176.9   77.2  444.0
2024 260  9 16 1700  444.0  990.4    2.4  192.4   77.8  444.0
2024 260  9 16 1800  444.0  990.5    0.1  170.4   76.7  444.0
2024 260  9 16 1900  444.0  990.8    2.2   34.6   73.7  444.0
2024 260  9 16 2000  444.0  991.0    0.7  106.3   71.1  444.0
2024 260  9 16 2100  444.0  991.1    2.9  183.1   72.4  444.0
2024 260  9 16 2200  444.0  990.7    4.2  193.4   76.0  444.0
2024 260  9 16 2300  444.0  990.5    4.4  205.4   77.1  444.0
2024 261  9 17 0000  444.0  990.0    4.1  208.8   76.0  444.0
2024 261  9 17 0100  444.0  989.1    6.2  209.8   73.0  444.0
2024 261  9 17 0200  444.0  988.3    6.6  207.7   73.8  444.0
2024 261  9 17 0300  444.0  987.5    7.6  215.1   76.8  444.0
2024 261  9 17 0400  444.0  985.6   10.4  222.9   78.2  444.0
2024 261  9 17 0500  444.0  985.5    8.1  228.3   79.5  444.0
2024 261  9 17 0600  444.0  984.4    4.0  212.1   80.2  444.0
2024 261  9 17 0700  444.0  982.9    1.6   77.7   81.6  444.0
2024 261  9 17 0800  444.0  981.7    8.8   48.3   80.9  444.0
2024 261  9 17 0900  444.0  981.1    5.9   29.0   83.3  444.0
2024 261  9 17 1000  444.0  980.3   11.2   33.0   83.7  444.0
2024 261  9 17 1100  444.0  981.2    5.5   28.1   83.4  444.0
2024 261  9 17 1200  444.0  980.6    6.4   40.3   83.1  444.0
2024 261  9 17 1300  444.0  979.9    5.3   42.0   81.4  444.0
2024 261  9 17 1400  444.0  979.3    5.9   44.9   81.9  444.0
2024 261  9 17 1500  444.0  979.1    7.1   38.6   83.1  444.0
2024 261  9 17 1600  444.0  979.3    5.9   50.8   84.3  444.0
2024 261  9 17 1700  444.0  979.1    5.6   46.6   84.4  444.0
2024 261  9 17 1800  444.0  979.5    3.7   35.2   84.2  444.0
2024 261  9 17 1900  444.0  980.0    5.7   46.5   85.5  444.0
2024 261  9 17 2000  444.0  980.5    3.8   49.7   85.8  444.0
2024 261  9 17 2100  444.0  980.5    5.4   42.6   85.8  444.0
2024 261  9 17 2200  444.0  980.6    4.4   42.4   85.1  444.0
2024 261  9 17 2300  444.0  980.1    6.4   41.0   84.5  444.0
2024 262  9 18 0000  444.0  980.8    7.1   51.1   83.9  444.0
2024 262  9 18 0100  444.0  981.0    5.5   35.0   83.2  444.0
2024 262  9 18 0200  444.0  981.0    5.8   31.5   82.6  444.0
2024 262  9 18 0300  444.0  981.7    8.2   49.9   81.3  444.0
2024 262  9 18 0400  444.0  981.5    8.5   49.2   79.6  444.0
2024 262  9 18 0500  444.0  980.9    9.1   48.4   79.0  444.0
2024 262  9 18 0600  444.0  980.6    9.3   44.6   78.8  444.0
2024 262  9 18 0700  444.0  980.5    7.9   43.8   77.0  444.0
2024 262  9 18 0800  444.0  981.3    8.1   59.1   62.3  444.0
2024 262  9 18 0900  444.0  981.0    6.5   44.4   54.7  444.0
2024 262  9 18 1000  444.0  981.1    7.0   56.5   54.2  444.0
2024 262  9 18 1100  444.0  981.4    5.9   63.8   51.7  444.0
2024 262  9 18 1200  444.0  981.5    4.1   42.8   74.7  444.0
2024 262  9 18 1300  444.0  980.4    5.9   35.4   81.8  444.0
2024 262  9 18 1400  444.0  980.4    6.9   30.2   82.9  444.0
2024 262  9 18 1500  444.0  979.1   10.6   33.2   71.8  444.0
2024 262  9 18 1600  444.0  980.0    3.5  359.0   72.4  444.0
2024 262  9 18 1700  444.0  979.0    4.8   37.3   78.0  444.0
2024 262  9 18 1800  444.0  979.1    1.3  219.3   80.0  444.0
2024 262  9 18 1900  444.0  977.5   16.4  197.7   78.3  444.0
2024 262  9 18 2000  444.0  978.7    9.9  189.2   55.5  444.0
2024 262  9 18 2100  444.0  979.7    5.0  254.9   73.8  444.0
2024 262  9 18 2200  444.0  979.3    7.9  207.9   76.9  444.0
2024 262  9 18 2300  444.0  980.4    7.6   50.1   77.8  444.0
2024 263  9 19 0000  444.0  980.6    6.8   39.6   77.5  444.0
2024 263  9 19 0100  444.0  981.4    5.1   49.3   78.2  444.0
2024 263  9 19 0200  444.0  982.0    1.5   70.1   78.0  444.0
2024 263  9 19 0300  444.0  982.7    2.8   61.7   77.7  444.0
2024 263  9 19 0400  444.0  983.1    2.0   53.3   73.2  444.0
2024 263  9 19 0500  444.0  983.6    0.9  107.3   69.0  444.0
2024 263  9 19 0600  444.0  984.5    2.3   96.2   66.9  444.0
2024 263  9 19 0700  444.0  984.9    2.9   38.0   69.8  444.0
2024 263  9 19 0800  444.0  985.5    3.0   62.3   66.0  444.0
2024 263  9 19 0900  444.0  985.9    2.1   45.1   66.3  444.0
2024 263  9 19 1000  444.0  986.6    3.8   50.4   81.6  444.0
2024 263  9 19 1100  444.0  987.1    4.2   37.9   84.3  444.0
2024 263  9 19 1200  444.0  987.4    4.8   49.1   85.6  444.0
2024 263  9 19 1300  444.0  987.4    4.7   33.8   86.4  444.0
2024 263  9 19 1400  444.0  987.5    5.8   47.1   78.5  444.0
2024 263  9 19 1500  444.0  988.1    4.7   44.6   60.3  444.0
2024 263  9 19 1600  444.0  988.7    3.3   35.0   71.1  444.0
2024 263  9 19 1700  444.0  988.9    2.1   55.8   76.0  444.0
2024 263  9 19 1800  444.0  989.4    2.7   47.3   79.0  444.0
2024 263  9 19 1900  444.0  989.9    2.2   41.7   78.6  444.0
2024 263  9 19 2000  444.0  990.6    0.7  100.2   78.2  444.0
2024 263  9 19 2100  444.0  990.7    0.2  167.3   82.1  444.0
2024 263  9 19 2200  444.0  991.2    0.8  178.6   84.0  444.0
2024 263  9 19 2300  444.0  991.7    0.1  139.5   84.2  444.0
2024 264  9 20 0000  444.0  992.0    1.3  179.8   83.7  444.0
2024 264  9 20 0100  444.0  992.1    0.9  210.5   81.3  444.0
2024 264  9 20 0200  444.0  992.5    2.4  205.0   79.5  444.0
2024 264  9 20 0300  444.0  992.5    3.4  201.2   83.3  444.0
2024 264  9 20 0400  444.0  992.0    5.9  206.4   84.1  444.0
2024 264  9 20 0500  444.0  992.2    6.1  203.4   84.7  444.0
2024 264  9 20 0600  444.0  992.5    2.9  216.8   66.9  444.0
2024 264  9 20 0700  444.0  992.1    4.4  205.8   80.9  444.0
2024 264  9 20 0800  444.0  991.4    8.4  217.7   77.5  444.0
2024 264  9 20 0900  444.0  992.2    5.6  203.1   76.5  444.0
2024 264  9 20 1000  444.0  992.7    3.8   51.1   80.7  444.0
2024 264  9 20 1100  444.0  993.1    2.3   55.0   83.0  444.0
2024 264  9 20 1200  444.0  993.1    8.4   31.6   82.6  444.0
2024 264  9 20 1300  444.0  994.1    8.4   39.3   83.1  444.0
2024 264  9 20 1400  444.0  993.8    9.9   37.4   84.0  444.0
2024 264  9 20 1500  444.0  994.7   10.5   28.9   83.8  444.0
2024 264  9 20 1600  444.0  996.0    1.8   76.5   81.1  444.0
2024 264  9 20 1700  444.0  996.8    7.7   27.2   81.1  444.0
2024 264  9 20 1800  444.0  997.7    6.0   35.1   83.9  444.0
2024 264  9 20 1900  444.0  998.7    1.2   38.1   84.6  444.0
2024 264  9 20 2000  444.0  999.4    2.7  173.7   85.9  444.0
2024 264  9 20 2100  444.0 1000.4    2.1  174.9   86.8  444.0
2024 264  9 20 2200  444.0 1001.2    0.2  176.4   86.3  444.0
2024 264  9 20 2300  444.0 1001.8    0.2  123.9   87.1  444.0
2024 265  9 21 0000  444.0 1002.5    0.7  103.1   86.6  444.0
2024 265  9 21 0100  444.0 1003.1    1.4   46.1   86.4  444.0
2024 265  9 21 0200  444.0 1003.3    1.8  209.7   86.3  444.0
2024 265  9 21 0300  444.0 1003.5    1.2  183.2   86.4  444.0
2024 265  9 21 0400  444.0 1003.6    2.1  118.7   86.0  444.0
2024 265  9 21 0500  444.0 1004.2    2.1  123.7   86.1  444.0
2024 265  9 21 0600  444.0 1004.8    2.6  141.9   85.2  444.0
2024 265  9 21 0700  444.0 1005.3    2.8  129.3   84.3  444.0
2024 265  9 21 0800  444.0 1004.9    2.0  137.0   80.8  444.0
2024 265  9 21 0900  444.0 1005.1    1.5  195.0   82.8  444.0
2024 265  9 21 1000  444.0 1005.6    2.2   82.0   84.0  444.0
2024 265  9 21 1100  444.0 1005.5    2.3  124.4   84.8  444.0
2024 265  9 21 1200  444.0 1005.4    2.2   57.9   83.1  444.0
2024 265  9 21 1300  444.0 1005.5    2.6  171.4   82.6  444.0
2024 265  9 21 1400  444.0 1005.2    2.5  136.4   84.0  444.0
2024 265  9 21 1500  444.0 1005.4    2.0   89.1   84.2  444.0
2024 265  9 21 1600  444.0 1005.4    2.4  104.6   83.7  444.0
2024 265  9 21 1700  444.0 1005.3    2.9  121.7   81.2  444.0
2024 265  9 21 1800  444.0 1005.3    1.9  156.4   84.3  444.0
2024 265  9 21 1900  444.0 1005.2    2.4  126.7   84.7  444.0
2024 265  9 21 2000  444.0 1004.8    2.8  136.3   83.7  444.0
2024 265  9 21 2100  444.0 1004.7    2.4  145.8   83.3  444.0
2024 265  9 21 2200  444.0 1004.5    1.4  160.6   82.0  444.0
2024 265  9 21 2300  444.0 1004.1    2.0  103.0   79.9  444.0
2024 266  9 22 0000  444.0 1003.6    1.8  115.5   76.7  444.0
2024 266  9 22 0100  444.0 1002.7    1.2  162.7   78.6  444.0
2024 266  9 22 0200  444.0 1002.3    3.1  215.7   79.0  444.0
2024 266  9 22 0300  444.0 1002.2    1.5  196.0   81.7  444.0
2024 266  9 22 0400  444.0 1001.5    0.1   98.9   82.6  444.0
2024 266  9 22 0500  444.0 1001.3    0.8   58.2   82.0  444.0
2024 266  9 22 0600  444.0 1000.8    0.1   86.3   83.2  444.0
2024 266  9 22 0700  444.0 1000.3    1.1  247.0   84.4  444.0
2024 266  9 22 0800  444.0  999.7    0.1  283.2   86.2  444.0
2024 266  9 22 0900  444.0  998.6    5.4  211.1   87.8  444.0
2024 266  9 22 1000  444.0  998.0    6.2  214.6   89.0  444.0
2024 266  9 22 1100  444.0  997.4    6.8  211.5   89.9  444.0
2024 266  9 22 1200  444.0  996.9    7.6  222.9   91.0  444.0
2024 266  9 22 1300  444.0  996.4    7.3  208.8   91.6  444.0
2024 266  9 22 1400  444.0  995.5    6.7  202.7   92.2  444.0
2024 266  9 22 1500  444.0  994.8    6.2  201.1   92.7  444.0
2024 266  9 22 1600  444.0  994.5    4.3  184.5   93.5  444.0
2024 266  9 22 1700  444.0  994.8    4.4   50.4   93.1  444.0
2024 266  9 22 1800  444.0  994.6    0.8   65.5   93.5  444.0
2024 266  9 22 1900  444.0  994.1    0.7   64.4   93.5  444.0
2024 266  9 22 2000  444.0  994.0    2.7   63.7   93.6  444.0
2024 266  9 22 2100  444.0  993.7    4.5   37.2   93.8  444.0
2024 266  9 22 2200  444.0  993.7    3.2   46.4   93.7  444.0
2024 266  9 22 2300  444.0  993.4    8.0   29.9   93.9  444.0
2024 267  9 23 0000  444.0  993.6   10.9   38.7   93.6  444.0
2024 267  9 23 0100  444.0  994.4    7.8   42.6   93.5  444.0
2024 267  9 23 0200  444.0  994.8    4.9   58.5   93.7  444.0
2024 267  9 23 0300  444.0  995.0    3.7   54.4   93.9  444.0
2024 267  9 23 0400  444.0  995.2    4.5   57.6   94.0  444.0
2024 267  9 23 0500  444.0  995.6    6.3   50.9   92.9  444.0
2024 267  9 23 0600  444.0  995.6    5.0   45.9   91.0  444.0
2024 267  9 23 0700  444.0  995.9    3.6   64.5   88.9  444.0
2024 267  9 23 0800  444.0  996.0    1.9   58.3   86.6  444.0
2024 267  9 23 0900  444.0  995.9    2.6   87.1   84.1  444.0
2024 267  9 23 1000  444.0  995.3    1.9   68.2   81.2  444.0
2024 267  9 23 1100  444.0  995.1    1.7   76.2   73.8  444.0
2024 267  9 23 1200  444.0  994.4    3.0   58.3   77.3  444.0
2024 267  9 23 1300  444.0  994.1    5.1   60.0   80.0  444.0
2024 267  9 23 1400  444.0  993.3    5.1   60.3   80.7  444.0
2024 267  9 23 1500  444.0  992.9    5.4   62.3   80.4  444.0
2024 267  9 23 1600  444.0  991.9    5.2   44.4   74.0  444.0
2024 267  9 23 1700  444.0  990.6    8.2   27.2   47.9  444.0
2024 267  9 23 1800  444.0  990.6    4.8  163.2   48.3  444.0
2024 267  9 23 1900  444.0  990.7    4.1   50.4   55.3  444.0
2024 267  9 23 2000  444.0  990.8    1.4  197.9   71.2  444.0
2024 267  9 23 2100  444.0  990.2    0.9   68.2   68.9  444.0
2024 267  9 23 2200  444.0  990.4    1.8   90.4   72.0  444.0
2024 267  9 23 2300  444.0  990.3    2.4  100.5   74.7  444.0
2024 268  9 24 0000  444.0  989.9    0.6   69.1   76.1  444.0
2024 268  9 24 0100  444.0  989.5    4.1  211.2   77.8  444.0
2024 268  9 24 0200  444.0  989.2    2.7  217.5   79.0  444.0
2024 268  9 24 0300  444.0  989.0    1.6  224.3   79.5  444.0
2024 268  9 24 0400  444.0  989.0    1.3  222.9   78.2  444.0
2024 268  9 24 0500  444.0  989.1    3.5  217.2   80.8  444.0
2024 268  9 24 0600  444.0  989.1    2.9  213.9   81.1  444.0
2024 268  9 24 0700  444.0  989.4    1.6  219.9   82.0  444.0
2024 268  9 24 0800  444.0  990.1    2.3   65.3   83.7  444.0
2024 268  9 24 0900  444.0  990.6    1.1  105.4   84.6  444.0
2024 268  9 24 1000  444.0  991.1    2.8   74.4   84.6  444.0
2024 268  9 24 1100  444.0  991.8    1.8   63.7   85.6  444.0
2024 268  9 24 1200  444.0  992.8    1.6   43.6   85.5  444.0
2024 268  9 24 1300  444.0  993.6    2.3  107.7   85.5  444.0
2024 268  9 24 1400  444.0  994.6    1.6   97.1   85.7  444.0
2024 268  9 24 1500  444.0  995.5    0.7  170.9   86.2  444.0
2024 268  9 24 1600  444.0  996.5    3.2  187.1   85.7  444.0
2024 268  9 24 1700  444.0  997.6    4.9  197.9   85.5  444.0
2024 268  9 24 1800  444.0  998.7    6.6  199.5   85.3  444.0
2024 268  9 24 1900  444.0 1000.2    4.1  201.8   83.9  444.0
2024 268  9 24 2000  444.0 1001.1    1.2   89.5   83.8  444.0
2024 268  9 24 2100  444.0 1001.6    3.1  187.4   83.8  444.0
2024 268  9 24 2200  444.0 1002.8    2.1   47.8   83.4  444.0
2024 268  9 24 2300  444.0 1003.7    4.0   36.2   83.8  444.0
2024 269  9 25 0000  444.0 1004.4    1.7   38.1   83.9  444.0
2024 269  9 25 0100  444.0 1004.5    4.5   36.4   83.1  444.0
2024 269  9 25 0200  444.0 1005.3    1.6  227.5   72.0  444.0
2024 269  9 25 0300  444.0 1005.1    1.7  185.8   74.7  444.0
2024 269  9 25 0400  444.0 1005.4    2.1   33.3   74.4  444.0
2024 269  9 25 0500  444.0 1005.7    5.3   41.9   76.5  444.0
2024 269  9 25 0600  444.0 1005.9    2.1   26.9   76.9  444.0
2024 269  9 25 0700  444.0 1005.7    4.7   14.6   79.3  444.0
2024 269  9 25 0800  444.0 1005.7    2.1  175.7   81.4  444.0
2024 269  9 25 0900  444.0 1005.8    1.2  170.7   81.7  444.0
2024 269  9 25 1000  444.0 1005.7    4.2  188.7   76.3  444.0
2024 269  9 25 1100  444.0 1005.8    0.8  170.2   76.3  444.0
2024 269  9 25 1200  444.0 1005.4    2.8   39.5   79.8  444.0
2024 269  9 25 1300  444.0 1004.8    2.6   43.7   80.9  444.0
2024 269  9 25 1400  444.0 1004.3    2.3   48.3   80.5  444.0
2024 269  9 25 1500  444.0 1003.5    2.5   44.6   80.7  444.0
2024 269  9 25 1600  444.0 1002.8    3.0   43.3   81.8  444.0
2024 269  9 25 1700  444.0 1002.7    2.5   48.6   80.9  444.0
2024 269  9 25 1800  444.0 1002.3    2.9   47.9   81.8  444.0
2024 269  9 25 1900  444.0 1002.1    3.2   50.9   82.6  444.0
2024 269  9 25 2000  444.0 1001.7    3.9   48.6   82.4  444.0
2024 269  9 25 2100  444.0 1001.1    4.2   39.1   82.2  444.0
2024 269  9 25 2200  444.0 1000.3    4.8   43.1   81.9  444.0
2024 269  9 25 2300  444.0  999.5    3.6   33.8   81.9  444.0
2024 270  9 26 0000  444.0  999.2    2.9   30.1   81.5  444.0
2024 270  9 26 0100  444.0  998.4    4.2   44.3   81.6  444.0
2024 270  9 26 0200  444.0  997.7    4.3   31.1   80.9  444.0
2024 270  9 26 0300  444.0  997.2    3.8   41.6   80.2  444.0
2024 270  9 26 0400  444.0  996.1    3.9   45.6   79.9  444.0
2024 270  9 26 0500  444.0  995.3    5.1   51.4   80.5  444.0
2024 270  9 26 0600  444.0  994.7    5.1   43.2   81.5  444.0
2024 270  9 26 0700  444.0  994.4    5.1   49.7   81.8  444.0
2024 270  9 26 0800  444.0  994.1    2.8   56.0   81.5  444.0
2024 270  9 26 0900  444.0  993.2    4.4   56.3   81.9  444.0
2024 270  9 26 1000  444.0  992.9    4.2   45.5   82.0  444.0
2024 270  9 26 1100  444.0  992.4    4.9   43.3   82.5  444.0
2024 270  9 26 1200  444.0  992.0    3.9   55.6   82.3  444.0
2024 270  9 26 1300  444.0  990.9    6.6   36.6   83.0  444.0
2024 270  9 26 1400  444.0  990.4    7.5   40.3   83.7  444.0
2024 270  9 26 1500  444.0  990.0    5.9   48.8   83.6  444.0
2024 270  9 26 1600  444.0  989.7    6.7   54.0   83.8  444.0
2024 270  9 26 1700  444.0  989.0    3.8   47.6   84.1  444.0
2024 270  9 26 1800  444.0  988.6    1.9  348.7   82.5  444.0
2024 270  9 26 1900  444.0  987.7    4.6   33.5   82.4  444.0
2024 270  9 26 2000  444.0  988.1    3.6   26.5   80.3  444.0
2024 270  9 26 2100  444.0  986.5    2.5   28.3   82.0  444.0
2024 270  9 26 2200  444.0  986.0    2.7   55.8   83.8  444.0
2024 270  9 26 2300  444.0  985.9    3.2   46.4   82.8  444.0
2024 271  9 27 0000  444.0  985.0    1.8   41.7   76.1  444.0
2024 271  9 27 0100  444.0  984.3    4.3   48.0   77.5  444.0
2024 271  9 27 0200  444.0  984.0    3.9  222.9   80.1  444.0
2024 271  9 27 0300  444.0  983.3    3.5   40.8   81.3  444.0
2024 271  9 27 0400  444.0  982.9    5.5  194.9   83.4  444.0
2024 271  9 27 0500  444.0  983.1    4.9  206.7   83.9  444.0
2024 271  9 27 0600  444.0  983.0    2.4  184.0   84.6  444.0
2024 271  9 27 0700  444.0  983.1    4.1   45.3   83.0  444.0
2024 271  9 27 0800  444.0  983.1    3.5   48.1   80.7  444.0
2024 271  9 27 0900  444.0  983.1    3.9   54.1   80.8  444.0
2024 271  9 27 1000  444.0  982.4    4.3   56.9   81.7  444.0
2024 271  9 27 1100  444.0  981.3    7.0   55.3   78.8  444.0
2024 271  9 27 1200  444.0  981.0    2.9   40.9   75.1  444.0
2024 271  9 27 1300  444.0  981.6    4.6   29.4   73.0  444.0
2024 271  9 27 1400  444.0  982.3    2.1  173.0   77.1  444.0
2024 271  9 27 1500  444.0  982.3    4.3  199.4   78.8  444.0
2024 271  9 27 1600  444.0  982.9    0.8  200.3   79.7  444.0
2024 271  9 27 1700  444.0  983.1    2.5   60.0   79.2  444.0
2024 271  9 27 1800  444.0  982.8    2.8   32.4   79.9  444.0
2024 271  9 27 1900  444.0  983.3    3.3   67.4   78.9  444.0
2024 271  9 27 2000  444.0  983.2    4.2  196.7   79.4  444.0
2024 271  9 27 2100  444.0  983.6    3.2  211.8   81.6  444.0
2024 271  9 27 2200  444.0  983.8    1.7   54.3   81.7  444.0
2024 271  9 27 2300  444.0  983.7    4.4   39.4   83.5  444.0
2024 272  9 28 0000  444.0  984.1    4.4   32.1   84.6  444.0
2024 272  9 28 0100  444.0  983.8    7.9   31.6   67.3  444.0
2024 272  9 28 0200  444.0  984.0    7.3   47.8   56.7  444.0
2024 272  9 28 0300  444.0  983.8    8.8   49.5   54.6  444.0
2024 272  9 28 0400  444.0  984.1    5.1   42.1   54.6  444.0
2024 272  9 28 0500  444.0  984.0    1.7  298.5   57.5  444.0
2024 272  9 28 0600  444.0  984.2    0.9   36.2   70.0  444.0
2024 272  9 28 0700  444.0  984.4    3.1   56.8   72.5  444.0
2024 272  9 28 0800  444.0  984.5    4.1   57.4   74.8  444.0
2024 272  9 28 0900  444.0  984.5    1.1   54.3   76.3  444.0
2024 272  9 28 1000  444.0  984.6    0.6  106.8   78.2  444.0
2024 272  9 28 1100  444.0  984.7    2.0   91.3   79.7  444.0
2024 272  9 28 1200  444.0  984.5    1.1  119.5   76.8  444.0
2024 272  9 28 1300  444.0  984.4    2.1  130.7   73.5  444.0
2024 272  9 28 1400  444.0  984.3    2.3  132.0   73.1  444.0
2024 272  9 28 1500  444.0  984.3    1.8  129.3   73.9  444.0
2024 272  9 28 1600  444.0  984.0    1.5   88.5   74.3  444.0
2024 272  9 28 1700  444.0  984.0    0.3  101.8   72.3  444.0
2024 272  9 28 1800  444.0  984.1    0.6  179.5   75.7  444.0
2024 272  9 28 1900  444.0  983.9    0.5  142.6   78.4  444.0
2024 272  9 28 2000  444.0  983.5    3.8  168.5   79.7  444.0
2024 272  9 28 2100  444.0  983.3    4.2  166.0   73.6  444.0
2024 272  9 28 2200  444.0  983.0    2.6  142.6   67.1  444.0
2024 272  9 28 2300  444.0  982.9    2.8  143.9   65.4  444.0
2024 273  9 29 0000  444.0  982.3    2.6   19.2   68.6  444.0
2024 273  9 29 0100  444.0  982.2    1.5   30.3   75.9  444.0
2024 273  9 29 0200  444.0  981.4    2.1   34.0   78.1  444.0
2024 273  9 29 0300  444.0  981.2    0.8  231.4   80.2  444.0
2024 273  9 29 0400  444.0  980.8    0.9  241.0   79.7  444.0
2024 273  9 29 0500  444.0  980.4    1.0  242.0   79.3  444.0
2024 273  9 29 0600  444.0  980.2    1.0  262.9   78.7  444.0
2024 273  9 29 0700  444.0  979.7    1.5  224.6   79.2  444.0
2024 273  9 29 0800  444.0  979.3    1.1   39.6   80.0  444.0
2024 273  9 29 0900  444.0  979.0    0.1   30.1   81.0  444.0
2024 273  9 29 1000  444.0  978.5    2.1  191.3   80.4  444.0
2024 273  9 29 1100  444.0  978.2    2.6  182.4   62.2  444.0
2024 273  9 29 1200  444.0  977.9    0.5  179.7   41.3  444.0
2024 273  9 29 1300  444.0  977.7    0.9   55.4   52.0  444.0
2024 273  9 29 1400  444.0  977.4    2.3   47.2   63.9  444.0
2024 273  9 29 1500  444.0  977.1    2.4   48.9   56.4  444.0
2024 273  9 29 1600  444.0  977.0    2.5  103.2   35.3  444.0
2024 273  9 29 1700  444.0  976.6    2.2  105.4   29.7  444.0
2024 273  9 29 1800  444.0  976.8    4.9   67.1   52.1  444.0
2024 273  9 29 1900  444.0  976.9    3.3   42.4   35.1  444.0
2024 273  9 29 2000  444.0  976.9    3.3   51.4   29.1  444.0
2024 273  9 29 2100  444.0  976.9    3.0   53.2   23.3  444.0
2024 273  9 29 2200  444.0  976.6    1.8   96.7   21.9  444.0
2024 273  9 29 2300  444.0  976.4    0.4   81.9   23.0  444.0
2024 274  9 30 0000  444.0  976.4    1.4  218.6   23.3  444.0
2024 274  9 30 0100  444.0  976.3    1.3   21.0   23.1  444.0
2024 274  9 30 0200  444.0  975.9    1.6   37.0   53.0  444.0
2024 274  9 30 0300  444.0  975.6    1.9   40.0   47.2  444.0
2024 274  9 30 0400  444.0  975.5    2.3   42.4   64.3  444.0
2024 274  9 30 0500  444.0  975.7    4.8   32.2   63.5  444.0
2024 274  9 30 0600  444.0  975.8    4.3   32.6   51.9  444.0
2024 274  9 30 0700  444.0  975.7    4.5   41.3   41.7  444.0
2024 274  9 30 0800  444.0  975.6    2.1   56.9   26.9  444.0
2024 274  9 30 0900  444.0  975.2    1.4   13.5   41.5  444.0
2024 274  9 30 1000  444.0  974.8    3.3   39.5   57.1  444.0
2024 274  9 30 1100  444.0  974.6    3.9   43.8   64.4  444.0
2024 274  9 30 1200  444.0  974.2    5.9   46.4   69.4  444.0
2024 274  9 30 1300  444.0  973.8    6.8   43.7   72.4  444.0
2024 274  9 30 1400  444.0  974.0    7.0   44.6   75.6  444.0
2024 274  9 30 1500  444.0  973.7    5.9   42.2   73.9  444.0
2024 274  9 30 1600  444.0  973.6    5.8   38.0   70.4  444.0
2024 274  9 30 1700  444.0  973.8    6.0   45.7   59.0  444.0
2024 274  9 30 1800  444.0  974.0    5.2   44.0   59.7  444.0
2024 274  9 30 1900  444.0  974.5    4.7   53.0   59.5  444.0
2024 274  9 30 2000  444.0  974.4    5.0   33.6   75.8  444.0
2024 274  9 30 2100  444.0  974.6    5.4   36.4   79.6  444.0
2024 274  9 30 2200  444.0  975.3    4.9   31.4   81.1  444.0
2024 274  9 30 2300  444.0  975.9    3.8   32.9   82.5  444.0
