Year: 2019  Month: 01  ID: CBD  ARGOS:  9504  Name: CAPE BIRD           
Lat: 77.22S  Lon: 166.44E  Elev:   38m
2019   1  1  1 0000   -0.0  983.3    3.6  237.6   74.7  444.0
2019   1  1  1 0100    1.2  982.9    2.9  239.1   72.4  444.0
2019   1  1  1 0200    1.7  982.9    2.3  352.5   65.1  444.0
2019   1  1  1 0300    1.8  982.8    3.6   39.3   51.3  444.0
2019   1  1  1 0400    1.5  982.8    4.2   24.4   61.6  444.0
2019   1  1  1 0500    1.7  983.0    2.8   12.2   56.1  444.0
2019   1  1  1 0600    1.5  982.9    2.6    6.2   59.7  444.0
2019   1  1  1 0700    1.4  982.8    2.5   21.6   57.8  444.0
2019   1  1  1 0800    1.0  982.8    2.3    6.1   64.2  444.0
2019   1  1  1 0900   -0.1  982.7    5.0   28.4   68.7  444.0
2019   1  1  1 1000   -0.9  982.6    5.4   35.1   72.5  444.0
2019   1  1  1 1100   -0.4  982.6    3.4   27.0   67.3  444.0
2019   1  1  1 1200   -0.6  982.6    3.5   25.0   69.7  444.0
2019   1  1  1 1300   -0.9  982.5    2.9   23.5   71.4  444.0
2019   1  1  1 1400  444.0  982.3    0.5   66.1   67.4  444.0
2019   1  1  1 1500  444.0  982.0    1.5  131.5   71.5  444.0
2019   1  1  1 1600  444.0  981.7    0.8  107.4   72.2  444.0
2019   1  1  1 1700   -0.6  981.5    0.7   49.0   68.8  444.0
2019   1  1  1 1800   -0.6  981.2    1.4   69.6   72.8  444.0
2019   1  1  1 1900   -0.2  981.0    1.4   67.7   74.0  444.0
2019   1  1  1 2000    0.0  980.8    1.4   61.3   75.5  444.0
2019   1  1  1 2100   -0.1  980.6    2.0    5.8   77.1  444.0
2019   1  1  1 2200   -0.0  980.5    2.0  355.0   79.2  444.0
2019   1  1  1 2300    0.7  980.3    2.2   21.1   77.0  444.0
2019   2  1  2 0000    0.3  980.1    3.6   16.2   77.7  444.0
2019   2  1  2 0100    0.3  980.0    4.4   24.1   77.0  444.0
2019   2  1  2 0200    0.7  979.7    4.3   25.7   73.7  444.0
2019   2  1  2 0300    1.2  979.4    3.0   11.5   68.0  444.0
2019   2  1  2 0400    0.7  979.3    4.7   18.7   68.3  444.0
2019   2  1  2 0500    0.3  979.1    5.7   21.6   68.2  444.0
2019   2  1  2 0600   -0.3  978.9    6.1   20.4   69.8  444.0
2019   2  1  2 0700   -0.8  978.9    5.7   17.4   72.3  444.0
2019   2  1  2 0800   -0.6  978.9    4.3   20.4   73.3  444.0
2019   2  1  2 0900   -1.3  978.8    4.1   15.8   73.8  444.0
2019   2  1  2 1000   -2.0  978.5    5.2   21.4   76.6  444.0
2019   2  1  2 1100   -2.2  978.4    4.3   32.5   78.1  444.0
2019   2  1  2 1200   -2.0  978.2    4.6   21.1   78.9  444.0
2019   2  1  2 1300   -2.3  978.0    4.0   17.6   79.6  444.0
2019   2  1  2 1400   -2.4  977.7    2.6   14.1   78.7  444.0
2019   2  1  2 1500   -2.1  977.5    2.8    6.9   75.9  444.0
2019   2  1  2 1600   -2.4  977.4    2.6   13.8   76.6  444.0
2019   2  1  2 1700   -2.4  977.5    1.5    2.0   77.2  444.0
2019   2  1  2 1800   -2.1  977.3    1.1  316.6   76.4  444.0
2019   2  1  2 1900   -2.0  977.1    2.3  254.1   74.3  444.0
2019   2  1  2 2000   -2.0  977.1    2.3  265.4   73.7  444.0
2019   2  1  2 2100   -1.9  976.9    2.9  259.8   71.6  444.0
2019   2  1  2 2200   -1.7  976.9    1.2  283.2   71.4  444.0
2019   2  1  2 2300   -1.6  977.0    1.4  319.6   69.9  444.0
2019   3  1  3 0000   -1.8  976.8    3.5   16.9   74.9  444.0
2019   3  1  3 0100   -1.8  976.7    3.9   18.2   73.7  444.0
2019   3  1  3 0200   -2.0  976.6    4.0   18.7   73.2  444.0
2019   3  1  3 0300   -2.0  976.5    4.1   20.5   74.1  444.0
2019   3  1  3 0400   -2.1  976.4    4.5   15.9   73.2  444.0
2019   3  1  3 0500   -1.9  976.3    4.2   15.4   71.1  444.0
2019   3  1  3 0600   -1.9  976.2    4.9   20.6   70.0  444.0
2019   3  1  3 0700   -2.4  976.1    4.3   13.5   71.0  444.0
2019   3  1  3 0800   -2.6  976.3    3.3   22.2   71.9  444.0
2019   3  1  3 0900   -2.5  976.2    2.2   12.0   72.1  444.0
2019   3  1  3 1000   -2.5  976.2    3.0   32.3   70.7  444.0
2019   3  1  3 1100   -2.5  976.1    2.5   38.1   71.3  444.0
2019   3  1  3 1200   -2.6  975.9    2.4   42.8   70.5  444.0
2019   3  1  3 1300   -2.6  975.8    1.4   30.6   70.8  444.0
2019   3  1  3 1400   -2.6  975.7    1.3    5.8   73.5  444.0
2019   3  1  3 1500   -2.4  975.4    1.3   44.8   73.0  444.0
2019   3  1  3 1600   -2.5  975.3    1.1   74.9   72.0  444.0
2019   3  1  3 1700   -2.5  975.2    1.6   42.2   72.2  444.0
2019   3  1  3 1800   -2.4  975.2    2.1   58.0   72.0  444.0
2019   3  1  3 1900   -2.3  975.0    2.1   44.7   70.3  444.0
2019   3  1  3 2000   -2.1  974.9    2.4   26.1   69.5  444.0
2019   3  1  3 2100   -3.0  974.8    1.4   44.7   77.8  444.0
2019   3  1  3 2200   -2.7  974.6    4.5   53.5   78.8  444.0
2019   3  1  3 2300   -2.6  974.3    4.0   57.2   79.4  444.0
2019   4  1  4 0000   -2.6  974.1    5.7   50.3   76.8  444.0
2019   4  1  4 0100   -2.2  974.1    3.8   14.9   75.3  444.0
2019   4  1  4 0200   -2.5  973.8    5.4   18.8   78.9  444.0
2019   4  1  4 0300   -2.1  973.4    6.3   34.9   74.5  444.0
2019   4  1  4 0400   -2.2  973.3    5.7   19.5   73.7  444.0
2019   4  1  4 0500   -2.2  973.0    8.3   49.5   73.1  444.0
2019   4  1  4 0600   -1.8  973.1    5.2   30.6   69.4  444.0
2019   4  1  4 0700   -1.7  973.0    4.7   17.7   65.9  444.0
2019   4  1  4 0800   -1.8  973.0    4.7   37.4   66.2  444.0
2019   4  1  4 0900   -2.0  973.1    4.3   35.0   65.6  444.0
2019   4  1  4 1000   -2.3  973.1    4.0   55.4   66.3  444.0
2019   4  1  4 1100   -2.5  973.1    3.8   65.3   65.7  444.0
2019   4  1  4 1200   -3.0  973.0    3.3   74.3   67.8  444.0
2019   4  1  4 1300   -2.9  973.1    3.6   78.8   66.9  444.0
2019   4  1  4 1400   -2.8  973.0    3.6   66.5   71.4  444.0
2019   4  1  4 1500   -3.2  972.9    3.0   73.2   72.0  444.0
2019   4  1  4 1600   -3.2  972.9    3.8   62.3   73.3  444.0
2019   4  1  4 1700   -2.9  973.0    4.0   56.7   70.0  444.0
2019   4  1  4 1800   -2.5  973.1    4.3   67.0   64.4  444.0
2019   4  1  4 1900   -2.1  973.3    4.2   52.7   63.3  444.0
2019   4  1  4 2000   -1.8  973.5    4.2   49.8   52.8  444.0
2019   4  1  4 2100   -1.3  973.5    4.5   43.2   52.8  444.0
2019   4  1  4 2200   -1.2  973.8    4.6   35.0   53.5  444.0
2019   4  1  4 2300   -1.0  974.1    4.9   28.5   56.7  444.0
2019   5  1  5 0000   -0.6  974.4    4.8   27.3   51.0  444.0
2019   5  1  5 0100   -0.7  974.5    4.9   10.5   52.6  444.0
2019   5  1  5 0200   -0.5  974.7    5.5   17.4   53.0  444.0
2019   5  1  5 0300   -0.4  974.7    6.5   19.1   54.1  444.0
2019   5  1  5 0400   -0.2  974.9    6.0   35.6   57.2  444.0
2019   5  1  5 0500    0.1  975.1    6.0   21.4   56.2  444.0
2019   5  1  5 0600    0.0  975.3    6.2   49.5   48.2  444.0
2019   5  1  5 0700   -0.4  975.8    7.2   50.4   53.1  444.0
2019   5  1  5 0800   -0.5  976.3    6.5   34.0   55.0  444.0
2019   5  1  5 0900   -0.9  976.7    6.8   51.8   53.6  444.0
2019   5  1  5 1000   -0.8  977.4    4.9   70.8   52.3  444.0
2019   5  1  5 1100   -1.6  977.9    5.7   80.0   59.0  444.0
2019   5  1  5 1200   -1.7  978.4    3.5   55.8   60.9  444.0
2019   5  1  5 1300   -1.8  978.8    1.8  109.4   66.6  444.0
2019   5  1  5 1400   -2.3  978.9    3.3  122.9   63.7  444.0
2019   5  1  5 1500   -3.0  979.1    3.6  118.5   62.1  444.0
2019   5  1  5 1600   -2.8  979.3    3.7  118.9   61.4  444.0
2019   5  1  5 1700   -2.6  979.6    3.4  117.8   59.2  444.0
2019   5  1  5 1800   -2.1  980.0    2.7  101.7   62.8  444.0
2019   5  1  5 1900   -1.5  980.2    1.3  111.6   67.8  444.0
2019   5  1  5 2000   -1.1  980.4    2.2  235.1   67.7  444.0
2019   5  1  5 2100   -1.2  980.6    2.2   15.0   64.8  444.0
2019   5  1  5 2200   -0.8  981.0    2.2    3.5   63.2  444.0
2019   5  1  5 2300   -1.2  981.2    5.1   18.7   70.5  444.0
2019   6  1  6 0000   -1.0  981.3    4.8   14.4   72.6  444.0
2019   6  1  6 0100   -1.2  981.3    5.4   18.3   73.3  444.0
2019   6  1  6 0200   -1.1  981.4    4.8   15.0   72.9  444.0
2019   6  1  6 0300   -1.2  981.5    5.3   17.1   72.9  444.0
2019   6  1  6 0400   -1.3  981.4    4.7   16.1   75.0  444.0
2019   6  1  6 0500   -1.1  981.4    4.4   11.4   73.8  444.0
2019   6  1  6 0600   -1.2  981.6    4.2   15.0   71.8  444.0
2019   6  1  6 0700   -1.7  981.7    4.4   16.7   73.4  444.0
2019   6  1  6 0800   -1.7  981.9    4.5   16.8   73.6  444.0
2019   6  1  6 0900   -1.7  982.1    2.9   12.4   70.0  444.0
2019   6  1  6 1000   -1.8  982.3    1.9  351.8   70.5  444.0
2019   6  1  6 1100   -2.2  982.4    1.3   12.1   72.3  444.0
2019   6  1  6 1200   -2.3  982.5    0.5    2.9   73.8  444.0
2019   6  1  6 1300   -2.2  982.4    0.4  322.9   74.5  444.0
2019   6  1  6 1400   -2.0  982.5    0.8  336.0   75.5  444.0
2019   6  1  6 1500   -2.4  982.4    3.4   27.3   76.9  444.0
2019   6  1  6 1600   -2.3  982.5    0.6  342.1   75.6  444.0
2019   6  1  6 1700   -2.2  982.6    2.5   26.6   74.2  444.0
2019   6  1  6 1800   -2.6  982.6    3.2   48.4   71.8  444.0
2019   6  1  6 1900   -2.3  982.7    3.8   41.3   72.2  444.0
2019   6  1  6 2000   -2.0  982.7    4.3   46.3   71.7  444.0
2019   6  1  6 2100   -1.5  982.6    4.1   28.2   69.7  444.0
2019   6  1  6 2200   -2.4  983.1    5.0   12.8   76.3  444.0
2019   6  1  6 2300   -2.8  983.2    5.9   25.2   77.2  444.0
2019   7  1  7 0000   -2.2  983.3    5.4   21.5   76.0  444.0
2019   7  1  7 0100   -2.1  983.1    5.6   33.1   75.4  444.0
2019   7  1  7 0200   -2.0  982.8    5.5   37.0   75.3  444.0
2019   7  1  7 0300   -1.3  982.7    5.7   30.6   72.3  444.0
2019   7  1  7 0400   -1.7  982.4    6.6   42.4   73.8  444.0
2019   7  1  7 0500   -1.9  982.9    4.9   73.0   77.2  444.0
2019   7  1  7 0600   -2.3  982.7    6.4   46.2   77.7  444.0
2019   7  1  7 0700   -2.2  983.1    4.5   43.7   77.1  444.0
2019   7  1  7 0800   -2.1  983.0    3.7   62.2   75.8  444.0
2019   7  1  7 0900   -1.7  982.8    3.3   45.9   72.7  444.0
2019   7  1  7 1000   -2.2  982.5  444.0  444.0   68.5  444.0
2019   7  1  7 1100   -2.7  982.9    6.3   63.2   74.5  444.0
2019   7  1  7 1200   -2.7  982.8    5.9   24.3   78.0  444.0
2019   7  1  7 1300   -2.5  982.9    6.2   21.0   78.7  444.0
2019   7  1  7 1400   -2.3  982.4    5.5    1.6   78.5  444.0
2019   7  1  7 1500   -2.2  982.1    5.3   24.9   74.5  444.0
2019   7  1  7 1600   -2.3  981.3    5.3   38.0   69.8  444.0
2019   7  1  7 1700   -2.6  982.0    5.4   63.2   70.5  444.0
2019   7  1  7 1800   -1.6  981.9    3.6   57.5   58.4  444.0
2019   7  1  7 1900   -1.4  982.5    3.4  111.2   46.5  444.0
2019   7  1  7 2000   -1.7  982.0    7.2   59.2   56.5  444.0
2019   7  1  7 2100   -1.5  983.0    4.8    4.9   60.0  444.0
2019   7  1  7 2200   -1.7  982.7    5.6   51.7   67.3  444.0
2019   7  1  7 2300   -1.4  983.2    2.7   48.3   64.9  444.0
2019   8  1  8 0000   -0.6  982.0    7.4   15.1   57.6  444.0
2019   8  1  8 0100   -0.9  982.8    4.9    4.7   61.7  444.0
2019   8  1  8 0200   -0.5  982.9    5.0  358.4   62.7  444.0
2019   8  1  8 0300   -0.6  983.1    5.8    5.3   60.5  444.0
2019   8  1  8 0400   -0.7  983.4    4.5  358.1   62.6  444.0
2019   8  1  8 0500   -0.7  983.3    4.3  354.1   63.4  444.0
2019   8  1  8 0600   -0.9  983.3    3.9  347.4   63.1  444.0
2019   8  1  8 0700   -1.4  983.3    4.7  348.8   65.2  444.0
2019   8  1  8 0800   -1.2  983.2    3.4  350.7   63.4  444.0
2019   8  1  8 0900   -1.6  983.2    5.2    5.0   70.5  444.0
2019   8  1  8 1000   -1.6  982.8    4.9    3.3   71.2  444.0
2019   8  1  8 1100   -1.5  982.9    3.1  344.0   69.7  444.0
2019   8  1  8 1200   -0.9  982.9    2.6  313.5   66.7  444.0
2019   8  1  8 1300   -1.4  982.6    2.1  320.9   67.7  444.0
2019   8  1  8 1400   -1.5  982.2    1.7    3.9   68.2  444.0
2019   8  1  8 1500   -2.8  982.0    3.7  104.1   57.5  444.0
2019   8  1  8 1600   -2.7  981.8    4.8   81.5   60.4  444.0
2019   8  1  8 1700   -2.0  982.0    2.7   84.3   52.1  444.0
2019   8  1  8 1800   -2.0  981.9    3.0   93.4   56.8  444.0
2019   8  1  8 1900   -1.8  981.7    3.8   96.7   62.2  444.0
2019   8  1  8 2000   -1.5  981.9    3.4  102.0   59.6  444.0
2019   8  1  8 2100   -1.0  982.0    3.8   86.0   57.2  444.0
2019   8  1  8 2200   -0.4  981.9    3.3   32.6   55.5  444.0
2019   8  1  8 2300   -0.6  982.0    2.5   80.3   62.8  444.0
2019   9  1  9 0000   -0.8  981.6    4.7   27.0   62.3  444.0
2019   9  1  9 0100   -1.1  981.6    7.6   44.5   70.1  444.0
2019   9  1  9 0200   -1.7  981.6    6.4   38.4   72.7  444.0
2019   9  1  9 0300   -1.6  982.1    4.5   57.3   70.1  444.0
2019   9  1  9 0400   -1.5  982.2    5.5   34.1   68.4  444.0
2019   9  1  9 0500   -1.5  982.5    4.4    6.0   69.0  444.0
2019   9  1  9 0600   -1.6  982.7    2.9  349.3   71.1  444.0
2019   9  1  9 0700   -1.4  982.6    3.3  323.9   70.1  444.0
2019   9  1  9 0800   -1.1  982.7    3.0  321.3   67.8  444.0
2019   9  1  9 0900   -1.3  982.8    4.0  339.2   68.5  444.0
2019   9  1  9 1000   -1.6  982.9    3.6  349.2   71.4  444.0
2019   9  1  9 1100   -1.8  982.9    3.5    1.2   71.3  444.0
2019   9  1  9 1200   -1.7  982.9    3.5  313.9   72.1  444.0
2019   9  1  9 1300   -1.8  982.7    3.9  357.9   70.6  444.0
2019   9  1  9 1400   -2.0  982.6    3.0   68.0   69.9  444.0
2019   9  1  9 1500   -2.1  982.6    2.9   69.7   68.9  444.0
2019   9  1  9 1600   -2.7  982.3    5.6   60.3   72.3  444.0
2019   9  1  9 1700   -2.5  982.5    5.7   66.5   71.0  444.0
2019   9  1  9 1800   -2.2  982.6    6.1   43.0   73.4  444.0
2019   9  1  9 1900   -2.2  982.9    7.5   18.0   74.2  444.0
2019   9  1  9 2000   -2.4  983.5    5.9   26.2   74.4  444.0
2019   9  1  9 2100   -2.3  984.0    3.5    6.4   72.5  444.0
2019   9  1  9 2200   -2.3  984.2    3.4  339.5   72.0  444.0
2019   9  1  9 2300   -2.4  983.9    5.2   10.5   71.8  444.0
2019  10  1 10 0000   -2.3  983.7    4.6   20.8   68.2  444.0
2019  10  1 10 0100   -1.7  983.5    7.0   44.1   64.1  444.0
2019  10  1 10 0200   -1.7  983.6    5.8   57.9   62.8  444.0
2019  10  1 10 0300   -1.6  983.3    7.8   49.6   59.4  444.0
2019  10  1 10 0400   -1.3  983.9    5.7   23.4   55.1  444.0
2019  10  1 10 0500   -1.5  984.0    6.9   26.8   55.8  444.0
2019  10  1 10 0600   -1.8  984.1    5.4   36.2   60.5  444.0
2019  10  1 10 0700   -1.8  984.6    4.8    8.8   62.0  444.0
2019  10  1 10 0800   -1.6  984.7    4.1  355.2   64.0  444.0
2019  10  1 10 0900   -1.6  985.3    4.0    1.2   66.6  444.0
2019  10  1 10 1000   -2.0  985.6    3.5    1.4   69.2  444.0
2019  10  1 10 1100   -2.1  985.8    3.4  356.7   70.4  444.0
2019  10  1 10 1200   -2.2  986.1    3.4    4.8   72.2  444.0
2019  10  1 10 1300   -2.3  986.0    3.0  359.9   72.5  444.0
2019  10  1 10 1400   -2.0  986.2    0.6  308.3   67.2  444.0
2019  10  1 10 1500   -2.9  986.0    2.5  114.2   63.3  444.0
2019  10  1 10 1600   -2.4  985.9    2.6  206.0   66.4  444.0
2019  10  1 10 1700   -1.7  986.0    3.5  206.1   65.6  444.0
2019  10  1 10 1800   -2.3  985.5    3.9  120.2   64.0  444.0
2019  10  1 10 1900   -1.0  985.9    2.3  121.2   51.2  444.0
2019  10  1 10 2000   -0.0  984.7   11.4  222.7   51.2  444.0
2019  10  1 10 2100    1.3  985.3    6.1  193.6   37.0  444.0
2019  10  1 10 2200    1.9  985.2    5.2   38.8   40.8  444.0
2019  10  1 10 2300    2.0  986.5    2.5   19.4   34.4  444.0
2019  11  1 11 0000    1.7  986.0    5.6   25.2   48.1  444.0
2019  11  1 11 0100    2.3  986.3    8.3  210.2   44.1  444.0
2019  11  1 11 0200    1.7  987.1    3.4   12.3   46.7  444.0
2019  11  1 11 0300    0.9  986.3    8.7   43.4   59.4  444.0
2019  11  1 11 0400    1.2  987.4    6.3   30.3   54.2  444.0
2019  11  1 11 0500    1.1  987.4    7.0   27.8   62.8  444.0
2019  11  1 11 0600    0.9  987.9    5.5    0.5   63.7  444.0
2019  11  1 11 0700    1.4  988.9    1.9  301.4   61.0  444.0
2019  11  1 11 0800    1.6  989.6    2.7  222.5   55.3  444.0
2019  11  1 11 0900    1.0  990.2    2.2    1.9   63.7  444.0
2019  11  1 11 1000   -0.0  989.9    6.5   49.6   70.8  444.0
2019  11  1 11 1100   -0.4  990.9    4.9   47.1   74.1  444.0
2019  11  1 11 1200   -0.4  990.6    6.0   50.3   72.8  444.0
2019  11  1 11 1300   -0.8  991.2    4.5   42.7   73.0  444.0
2019  11  1 11 1400   -1.1  991.4    3.1   84.9   75.5  444.0
2019  11  1 11 1500   -0.0  991.2    3.6   69.0   60.7  444.0
2019  11  1 11 1600   -0.7  991.8    2.1   50.8   63.1  444.0
2019  11  1 11 1700   -0.1  992.0    4.2   65.1   65.5  444.0
2019  11  1 11 1800   -0.2  992.5    4.8   51.6   70.0  444.0
2019  11  1 11 1900  444.0  993.0    0.2  112.5   72.1  444.0
2019  11  1 11 2000    0.8  993.0    4.0   28.8   60.4  444.0
2019  11  1 11 2100    0.1  993.2    7.0   33.6   76.3  444.0
2019  11  1 11 2200   -0.3  993.9    5.8   27.2   81.1  444.0
2019  11  1 11 2300   -0.3  994.4    4.5   41.2   80.5  444.0
2019  12  1 12 0000   -0.1  994.6    5.4    7.5   79.8  444.0
2019  12  1 12 0100   -0.2  994.8    5.0   28.2   81.5  444.0
2019  12  1 12 0200   -0.1  994.8    5.1   12.2   80.1  444.0
2019  12  1 12 0300   -0.2  994.9    4.4    6.4   80.2  444.0
2019  12  1 12 0400   -0.0  994.9    4.0    5.9   79.1  444.0
2019  12  1 12 0500   -0.0  994.9    3.7    4.4   79.3  444.0
2019  12  1 12 0600   -0.2  995.1    4.0    5.8   81.3  444.0
2019  12  1 12 0700   -0.6  995.0    3.2  355.4   84.3  444.0
2019  12  1 12 0800   -0.5  994.9    2.7   30.4   84.5  444.0
2019  12  1 12 0900   -0.6  994.7    3.7   25.5   84.6  444.0
2019  12  1 12 1000   -0.7  994.5    4.6   17.8   82.9  444.0
2019  12  1 12 1100   -1.0  994.5    4.3   19.1   81.0  444.0
2019  12  1 12 1200   -1.0  994.6    4.3   27.6   83.2  444.0
2019  12  1 12 1300   -1.2  994.5    4.3   38.8   83.8  444.0
2019  12  1 12 1400   -1.5  994.1    4.8   53.0   85.1  444.0
2019  12  1 12 1500   -1.7  993.8    3.7   46.2   85.0  444.0
2019  12  1 12 1600   -1.6  993.4    3.7   39.5   84.6  444.0
2019  12  1 12 1700   -1.3  993.3    2.5   10.7   79.1  444.0
2019  12  1 12 1800   -1.6  993.1    3.2   26.8   82.9  444.0
2019  12  1 12 1900   -1.6  993.0    2.8   42.2   83.6  444.0
2019  12  1 12 2000   -1.6  992.6    2.6   21.5   83.3  444.0
2019  12  1 12 2100   -1.8  992.4    1.6   41.8   85.1  444.0
2019  12  1 12 2200   -2.2  992.1    1.6    5.0   88.5  444.0
2019  12  1 12 2300   -2.2  991.6    3.9   30.8   91.7  444.0
2019  13  1 13 0000   -2.0  991.2    4.5   18.3   92.7  444.0
2019  13  1 13 0100   -1.4  990.8    5.0   24.7   91.0  444.0
2019  13  1 13 0200   -0.7  990.6    4.4   29.6   77.4  444.0
2019  13  1 13 0300   -1.3  990.6    2.3    5.1   79.3  444.0
2019  13  1 13 0400   -2.2  990.4    2.1    2.5   88.0  444.0
2019  13  1 13 0500   -1.7  990.2    2.7   19.5   88.7  444.0
2019  13  1 13 0600   -1.6  990.2    3.5   12.1   75.9  444.0
2019  13  1 13 0700   -2.5  989.8    6.8   23.5   83.1  444.0
2019  13  1 13 0800   -2.1  989.6    4.9   23.9   78.5  444.0
2019  13  1 13 0900   -2.7  989.8    5.6   28.3   83.1  444.0
2019  13  1 13 1000   -3.0  989.8    5.3   32.8   89.2  444.0
2019  13  1 13 1100   -3.0  989.9    4.6   38.8   90.9  444.0
2019  13  1 13 1200   -2.8  990.1    3.5   25.3   90.3  444.0
2019  13  1 13 1300   -3.2  990.2    1.3   46.5   92.4  444.0
2019  13  1 13 1400   -3.2  990.2    1.6  207.2   93.4  444.0
2019  13  1 13 1500   -3.2  990.1    2.1  189.0   94.0  444.0
2019  13  1 13 1600   -3.2  990.0    2.9   16.5   93.0  444.0
2019  13  1 13 1700   -3.5  989.8    6.3   66.8   89.8  444.0
2019  13  1 13 1800   -3.0  990.0    7.1   61.9   82.2  444.0
2019  13  1 13 1900   -3.0  990.6    4.7   64.0   81.7  444.0
2019  13  1 13 2000   -2.4  990.5    5.3   58.8   80.4  444.0
2019  13  1 13 2100   -2.3  991.0    5.3   46.2   81.7  444.0
2019  13  1 13 2200   -2.4  991.5    3.2   81.2   81.1  444.0
2019  13  1 13 2300   -2.4  991.8    3.5  216.0   74.9  444.0
2019  14  1 14 0000   -0.9  991.9    3.9   35.7   74.3  444.0
2019  14  1 14 0100   -0.9  991.9    6.4   31.5   74.8  444.0
2019  14  1 14 0200   -1.1  992.5    7.6   40.8   74.5  444.0
2019  14  1 14 0300   -1.7  992.7    5.5   34.1   79.7  444.0
2019  14  1 14 0400   -1.4  993.1    3.5   26.9   79.6  444.0
2019  14  1 14 0500   -1.4  993.4    2.3   13.2   78.3  444.0
2019  14  1 14 0600   -0.7  993.6    3.1   13.0   76.0  444.0
2019  14  1 14 0700   -1.2  994.0    3.1   68.5   72.3  444.0
2019  14  1 14 0800   -1.3  994.2    2.1   21.1   70.7  444.0
2019  14  1 14 0900   -1.2  994.4    5.1   38.5   72.3  444.0
2019  14  1 14 1000   -1.7  994.9    4.1   49.2   77.1  444.0
2019  14  1 14 1100   -1.9  995.2    4.3   44.7   78.0  444.0
2019  14  1 14 1200   -2.0  995.7    4.1   37.8   82.5  444.0
2019  14  1 14 1300   -2.0  996.0    3.6   50.0   81.6  444.0
2019  14  1 14 1400   -1.8  996.3    2.7   45.8   79.5  444.0
2019  14  1 14 1500   -1.8  996.5    2.3   51.9   78.2  444.0
2019  14  1 14 1600   -1.8  996.6    1.9   62.0   77.4  444.0
2019  14  1 14 1700   -1.7  996.8    1.3  121.3   77.7  444.0
2019  14  1 14 1800   -1.4  997.2    0.9  108.1   76.1  444.0
2019  14  1 14 1900  444.0  997.4    0.8   89.6   74.4  444.0
2019  14  1 14 2000   -1.9  997.6    2.6  121.9   74.7  444.0
2019  14  1 14 2100   -0.7  997.6    2.5   69.1   69.8  444.0
2019  14  1 14 2200   -0.3  997.7    3.6   43.1   66.8  444.0
2019  14  1 14 2300   -0.2  997.8    3.7   44.3   68.8  444.0
2019  15  1 15 0000    0.0  997.8    3.8   38.5   66.5  444.0
2019  15  1 15 0100    0.2  997.8    3.1    3.5   71.2  444.0
2019  15  1 15 0200    0.3  997.7    4.1    9.3   71.0  444.0
2019  15  1 15 0300    0.3  997.6    3.2    4.8   69.8  444.0
2019  15  1 15 0400    0.6  997.3    4.6   28.6   61.1  444.0
2019  15  1 15 0500    0.3  997.1    4.5   16.4   63.7  444.0
2019  15  1 15 0600    0.2  997.2    4.4   26.2   64.3  444.0
2019  15  1 15 0700   -0.2  996.8    5.5   33.9   67.9  444.0
2019  15  1 15 0800   -0.8  996.3    6.0   42.8   72.1  444.0
2019  15  1 15 0900   -1.4  995.8    7.9   51.1   70.2  444.0
2019  15  1 15 1000   -1.6  995.6    7.3   52.5   71.8  444.0
2019  15  1 15 1100   -1.6  995.3    6.1   43.6   73.8  444.0
2019  15  1 15 1200   -1.8  994.9    7.0   48.2   74.0  444.0
2019  15  1 15 1300   -1.7  994.3    7.0   47.5   73.4  444.0
2019  15  1 15 1400   -1.7  993.6    7.7   49.8   73.2  444.0
2019  15  1 15 1500   -2.1  992.9    7.0   35.8   73.5  444.0
2019  15  1 15 1600   -1.9  992.3    6.4   44.7   67.1  444.0
2019  15  1 15 1700   -1.9  991.8    7.4   41.5   70.6  444.0
2019  15  1 15 1800   -1.5  991.3    6.8   56.4   57.5  444.0
2019  15  1 15 1900   -1.0  990.8    7.3   61.8   49.4  444.0
2019  15  1 15 2000   -0.6  990.1    9.1   53.5   46.6  444.0
2019  15  1 15 2100   -0.3  989.1    8.9   46.8   49.2  444.0
2019  15  1 15 2200   -0.3  988.5   11.3   48.8   46.5  444.0
2019  15  1 15 2300    0.7  987.8   10.8   49.4   38.2  444.0
2019  16  1 16 0000    0.6  987.2    9.8   26.2   60.3  444.0
2019  16  1 16 0100   -0.1  986.5   12.0   27.5   63.3  444.0
2019  16  1 16 0200   -0.3  985.9   11.8   24.9   67.5  444.0
2019  16  1 16 0300   -0.4  985.3   12.4   23.8   71.3  444.0
2019  16  1 16 0400   -0.2  984.6   11.0   21.3   66.3  444.0
2019  16  1 16 0500   -0.6  984.6   12.3   18.8   69.6  444.0
2019  16  1 16 0600   -1.1  984.3   11.5   31.6   69.6  444.0
2019  16  1 16 0700   -1.4  984.2   11.8   32.3   69.0  444.0
2019  16  1 16 0800   -1.3  984.2   11.2   40.5   63.3  444.0
2019  16  1 16 0900   -1.3  983.9   12.7   51.5   63.8  444.0
2019  16  1 16 1000   -0.3  984.6    5.3   28.0   48.1  444.0
2019  16  1 16 1100   -1.3  984.4    6.6   32.4   57.7  444.0
2019  16  1 16 1200   -1.2  984.3    7.8   48.8   66.9  444.0
2019  16  1 16 1300   -1.3  984.3    6.7   52.9   63.0  444.0
2019  16  1 16 1400   -1.4  984.3    5.2   66.3   63.8  444.0
2019  16  1 16 1500   -2.0  984.2    3.5  129.9   65.3  444.0
2019  16  1 16 1600   -2.3  984.2    4.7  124.0   62.8  444.0
2019  16  1 16 1700   -1.2  984.1    3.9  114.0   60.1  444.0
2019  16  1 16 1800   -0.7  984.2    2.1   69.4   61.4  444.0
2019  16  1 16 1900   -0.8  984.2    1.7  288.3   68.0  444.0
2019  16  1 16 2000   -0.5  984.3    1.6  231.4   63.9  444.0
2019  16  1 16 2100   -0.6  984.2    1.7  253.6   63.3  444.0
2019  16  1 16 2200   -0.3  984.0    1.9  241.9   61.5  444.0
2019  16  1 16 2300    0.0  983.9    2.7  220.6   57.9  444.0
2019  17  1 17 0000   -0.3  983.9    3.0  231.3   60.9  444.0
2019  17  1 17 0100   -0.8  983.9    1.6   23.5   71.1  444.0
2019  17  1 17 0200   -0.8  983.9    1.0   15.6   70.4  444.0
2019  17  1 17 0300   -1.1  983.8    1.2  352.5   72.8  444.0
2019  17  1 17 0400   -1.1  983.8    1.1  352.3   73.0  444.0
2019  17  1 17 0500   -1.7  983.9    2.9   27.0   77.6  444.0
2019  17  1 17 0600   -1.7  984.0    2.2   28.1   81.1  444.0
2019  17  1 17 0700   -1.4  984.1    1.4  330.3   78.1  444.0
2019  17  1 17 0800   -1.4  984.3    1.0  223.5   77.4  444.0
2019  17  1 17 0900   -1.8  984.3    0.7  289.9   77.6  444.0
2019  17  1 17 1000   -2.0  984.4    1.3  307.2   76.8  444.0
2019  17  1 17 1100   -2.9  984.6    0.6   26.4   82.9  444.0
2019  17  1 17 1200   -3.1  984.7    0.6   46.0   87.5  444.0
2019  17  1 17 1300   -3.5  984.7    3.6   32.8   90.4  444.0
2019  17  1 17 1400   -4.0  984.9    3.4   31.7   92.1  444.0
2019  17  1 17 1500   -3.8  985.0    3.1   22.9   93.0  444.0
2019  17  1 17 1600   -4.1  985.0    3.0   36.5   93.3  444.0
2019  17  1 17 1700   -4.1  985.1    2.6   47.5   93.8  444.0
2019  17  1 17 1800   -3.8  985.1    2.6   50.3   93.2  444.0
2019  17  1 17 1900   -3.6  985.2    3.0   17.0   93.0  444.0
2019  17  1 17 2000   -3.9  985.6    2.7   18.2   93.7  444.0
2019  17  1 17 2100   -3.6  985.5    4.1   42.2   93.5  444.0
2019  17  1 17 2200   -3.2  985.7    4.1   25.1   91.4  444.0
2019  17  1 17 2300   -3.1  985.6    4.3    3.6   86.3  444.0
2019  18  1 18 0000   -3.1  985.7    5.7   18.4   84.9  444.0
2019  18  1 18 0100   -3.2  985.7    6.0   24.8   87.1  444.0
2019  18  1 18 0200   -3.5  985.7    6.1   33.1   89.6  444.0
2019  18  1 18 0300   -3.7  985.8    6.3   47.2   89.9  444.0
2019  18  1 18 0400   -3.6  985.6    7.3   51.8   84.9  444.0
2019  18  1 18 0500   -3.5  985.6    6.9   58.3   82.6  444.0
2019  18  1 18 0600   -3.6  985.5    8.3   66.0   81.9  444.0
2019  18  1 18 0700   -2.9  985.6    4.9    8.6   81.1  444.0
2019  18  1 18 0800   -3.0  985.2    6.3   48.2   79.2  444.0
2019  18  1 18 0900   -3.5  985.7    7.2   58.7   85.1  444.0
2019  18  1 18 1000   -3.3  985.5    7.3   67.7   83.6  444.0
2019  18  1 18 1100   -2.9  985.1    6.9   50.5   83.8  444.0
2019  18  1 18 1200   -2.3  985.2    3.7   42.1   83.4  444.0
2019  18  1 18 1300   -2.4  985.4    2.6   26.8   82.1  444.0
2019  18  1 18 1400   -3.0  984.8   10.5   35.3   82.1  444.0
2019  18  1 18 1500   -3.8  985.2    9.9   55.1   83.4  444.0
2019  18  1 18 1600   -3.8  984.8    9.1   60.3   79.6  444.0
2019  18  1 18 1700   -3.9  985.0    9.6   55.4   76.4  444.0
2019  18  1 18 1800   -4.1  984.9    9.4   61.4   74.8  444.0
2019  18  1 18 1900   -4.4  985.1    8.3   67.3   77.9  444.0
2019  18  1 18 2000   -4.4  985.1    7.1   69.6   78.5  444.0
2019  18  1 18 2100   -4.4  985.0    6.7   66.7   78.8  444.0
2019  18  1 18 2200   -4.2  985.0    5.3   72.1   78.5  444.0
2019  18  1 18 2300   -3.9  985.0    3.9   66.7   76.4  444.0
2019  19  1 19 0000   -3.5  985.1    0.9   56.8   72.6  444.0
2019  19  1 19 0100   -3.3  985.1    0.7  220.7   73.5  444.0
2019  19  1 19 0200   -3.6  984.8    1.6  261.6   73.5  444.0
2019  19  1 19 0300   -3.4  984.6    1.9  236.5   70.5  444.0
2019  19  1 19 0400   -3.4  984.3    2.5  224.8   70.1  444.0
2019  19  1 19 0500   -3.3  984.1    2.2  243.5   68.8  444.0
2019  19  1 19 0600   -3.1  984.0    0.9  253.2   67.4  444.0
2019  19  1 19 0700   -3.3  983.9    1.3  341.3   74.8  444.0
2019  19  1 19 0800   -3.4  984.0    1.3   18.8   75.8  444.0
2019  19  1 19 0900   -3.4  983.9    1.2  255.1   75.2  444.0
2019  19  1 19 1000   -3.6  983.9    1.3  326.3   75.7  444.0
2019  19  1 19 1100   -3.7  984.0    0.6   86.4   76.4  444.0
2019  19  1 19 1200   -3.9  984.0    1.7   52.1   77.4  444.0
2019  19  1 19 1300   -3.8  983.9    1.3  130.1   77.8  444.0
2019  19  1 19 1400   -3.7  983.7    1.0  347.8   76.8  444.0
2019  19  1 19 1500   -3.7  983.4    1.2  217.2   78.2  444.0
2019  19  1 19 1600   -3.8  983.2    1.4  206.5   77.4  444.0
2019  19  1 19 1700   -3.8  983.1    0.7  263.1   78.6  444.0
2019  19  1 19 1800   -3.9  983.1    2.1  216.6   80.6  444.0
2019  19  1 19 1900   -4.1  983.4    1.9  223.5   83.9  444.0
2019  19  1 19 2000   -4.3  983.4    2.2  219.7   87.7  444.0
2019  19  1 19 2100   -4.4  983.6    2.3  221.3   89.2  444.0
2019  19  1 19 2200   -4.2  983.5    3.0  224.8   90.6  444.0
2019  19  1 19 2300   -4.0  983.6    2.8  228.7   91.9  444.0
2019  20  1 20 0000   -3.8  983.6    3.1  228.4   92.7  444.0
2019  20  1 20 0100   -3.8  983.6    2.9  223.3   92.3  444.0
2019  20  1 20 0200   -3.8  983.5    3.5  220.1   91.2  444.0
2019  20  1 20 0300   -3.8  983.3    4.4  225.7   90.0  444.0
2019  20  1 20 0400   -4.0  982.9    4.4  222.9   87.9  444.0
2019  20  1 20 0500   -4.1  983.0    1.3  259.7   86.9  444.0
2019  20  1 20 0600   -4.3  983.0    1.2   13.8   89.7  444.0
2019  20  1 20 0700   -4.5  983.1    1.4  326.3   91.5  444.0
2019  20  1 20 0800   -4.6  983.3    0.7   25.1   92.5  444.0
2019  20  1 20 0900   -4.7  983.5    0.3  135.3   93.1  444.0
2019  20  1 20 1000   -4.3  983.7    0.0    0.0   93.6  444.0
2019  20  1 20 1100   -4.6  983.7    0.0    0.0   93.6  444.0
2019  20  1 20 1200   -4.6  984.0    0.0    0.0   93.8  444.0
2019  20  1 20 1300   -4.7  984.1    0.0    0.0   93.8  444.0
2019  20  1 20 1400   -4.7  984.2    0.0    0.0   94.1  444.0
2019  20  1 20 1500   -4.6  984.2    0.0    0.0   94.2  444.0
2019  20  1 20 1600   -4.3  984.4    0.0    0.0   94.4  444.0
2019  20  1 20 1700   -4.2  984.5    0.0    0.0   94.3  444.0
2019  20  1 20 1800   -4.3  984.8    0.0    0.0   94.2  444.0
2019  20  1 20 1900   -3.9  985.2    1.1   39.1   94.3  444.0
2019  20  1 20 2000   -3.6  985.5    0.0    0.0   94.3  444.0
2019  20  1 20 2100   -3.7  985.8    2.3  204.1   94.6  444.0
2019  20  1 20 2200   -3.4  986.0    2.3  200.6   94.4  444.0
2019  20  1 20 2300   -2.7  986.3    0.8  151.1   92.8  444.0
2019  21  1 21 0000  444.0  986.4    1.5  158.3   85.6  444.0
2019  21  1 21 0100   -1.5  986.6    1.8  199.7   79.7  444.0
2019  21  1 21 0200   -1.9  986.6    4.1  217.2   81.5  444.0
2019  21  1 21 0300   -2.6  986.8    3.5  217.7   84.9  444.0
2019  21  1 21 0400   -2.6  986.9    3.5  219.2   83.5  444.0
2019  21  1 21 0500   -2.7  987.1    2.5  217.0   84.3  444.0
2019  21  1 21 0600   -2.9  987.3    1.7  220.6   87.4  444.0
2019  21  1 21 0700  444.0  987.7    0.8  214.7   89.3  444.0
2019  21  1 21 0800   -2.6  987.8    1.6  219.7   88.8  444.0
2019  21  1 21 0900   -3.3  988.0    2.3  169.6   88.9  444.0
2019  21  1 21 1000   -2.8  988.2    2.2  208.7   85.3  444.0
2019  21  1 21 1100   -3.3  988.5    2.4  176.5   84.3  444.0
2019  21  1 21 1200   -3.6  988.8    1.7  214.2   85.0  444.0
2019  21  1 21 1300   -3.5  989.0    1.7  176.6   87.1  444.0
2019  21  1 21 1400   -3.9  989.2    1.9  215.8   87.5  444.0
2019  21  1 21 1500   -3.9  989.6    1.1  168.5   89.6  444.0
2019  21  1 21 1600   -3.4  989.7    2.1  177.8   84.7  444.0
2019  21  1 21 1700   -3.0  989.8    1.6  188.8   80.7  444.0
2019  21  1 21 1800   -2.9  990.3    2.9  104.3   72.6  444.0
2019  21  1 21 1900   -2.6  990.8    1.2  139.0   73.0  444.0
2019  21  1 21 2000   -2.3  991.4    1.3  199.2   72.7  444.0
2019  21  1 21 2100   -2.3  992.0    1.4  214.7   78.9  444.0
2019  21  1 21 2200   -2.5  992.2    0.5  123.4   78.8  444.0
2019  21  1 21 2300   -2.0  992.5    2.2   49.8   80.0  444.0
2019  22  1 22 0000   -2.5  992.7    1.9   12.9   85.9  444.0
2019  22  1 22 0100  444.0  993.0    0.4  232.0   85.6  444.0
2019  22  1 22 0200   -2.0  993.1    0.9  279.7   82.7  444.0
2019  22  1 22 0300   -2.1  993.1    1.0  239.6   85.4  444.0
2019  22  1 22 0400   -2.3  993.2    1.6  232.1   87.0  444.0
2019  22  1 22 0500   -2.7  993.5    1.7  259.5   88.9  444.0
2019  22  1 22 0600   -2.6  993.6    0.3  342.7   90.4  444.0
2019  22  1 22 0700   -2.4  993.7    0.5  209.3   89.8  444.0
2019  22  1 22 0800   -2.8  993.9    2.4  219.8   90.6  444.0
2019  22  1 22 0900   -3.1  993.7    3.4  215.5   91.8  444.0
2019  22  1 22 1000   -3.2  993.6    3.1  213.7   90.8  444.0
2019  22  1 22 1100   -3.2  993.0    2.2  212.5   88.6  444.0
2019  22  1 22 1200   -3.2  992.6    0.8  186.6   85.0  444.0
2019  22  1 22 1300   -3.5  992.2    1.1  105.8   85.2  444.0
2019  22  1 22 1400   -3.5  992.5    0.4  112.8   82.5  444.0
2019  22  1 22 1500   -2.9  991.9    2.7   71.3   72.4  444.0
2019  22  1 22 1600   -2.6  992.1    1.4  324.6   71.3  444.0
2019  22  1 22 1700   -3.3  991.9    5.4   43.2   78.6  444.0
2019  22  1 22 1800   -3.1  991.7   10.2   47.6   80.5  444.0
2019  22  1 22 1900   -2.8  992.9    5.7   15.1   86.0  444.0
2019  22  1 22 2000   -2.8  993.6    3.6  357.5   85.1  444.0
2019  22  1 22 2100   -3.1  993.9    2.4  337.9   85.1  444.0
2019  22  1 22 2200   -3.1  994.0    3.3  308.1   83.9  444.0
2019  22  1 22 2300   -3.3  993.8    4.0  310.6   83.4  444.0
2019  23  1 23 0000   -3.4  993.7    3.4  321.8   84.0  444.0
2019  23  1 23 0100   -3.6  993.7    4.1  345.7   84.5  444.0
2019  23  1 23 0200   -3.8  993.7    4.1  338.0   86.2  444.0
2019  23  1 23 0300   -3.9  993.8    4.0    8.1   85.5  444.0
2019  23  1 23 0400   -4.0  993.9    2.8  344.8   86.3  444.0
2019  23  1 23 0500   -4.1  994.0    3.3  330.1   86.5  444.0
2019  23  1 23 0600   -4.1  994.3    2.8  313.5   86.5  444.0
2019  23  1 23 0700   -4.0  994.2    3.2  274.3   86.4  444.0
2019  23  1 23 0800   -4.0  994.0    2.5  270.9   85.7  444.0
2019  23  1 23 0900   -4.0  994.0    1.0  271.5   84.9  444.0
2019  23  1 23 1000   -4.0  993.9    0.8  322.1   83.8  444.0
2019  23  1 23 1100   -4.2  993.7    2.3  344.9   84.8  444.0
2019  23  1 23 1200   -4.4  993.4    4.0   42.2   82.7  444.0
2019  23  1 23 1300   -4.5  993.2    5.2   44.7   80.3  444.0
2019  23  1 23 1400   -4.6  993.3    0.7   35.8   79.7  444.0
2019  23  1 23 1500   -4.9  993.2    2.3   98.6   78.5  444.0
2019  23  1 23 1600   -4.9  993.0    2.1   80.1   78.9  444.0
2019  23  1 23 1700   -4.8  992.9    1.4  124.8   78.2  444.0
2019  23  1 23 1800   -4.0  992.9    0.7  151.4   71.3  444.0
2019  23  1 23 1900   -3.9  992.8    2.6  151.0   72.8  444.0
2019  23  1 23 2000   -3.5  992.6    1.9  125.8   74.3  444.0
2019  23  1 23 2100   -3.2  992.5    2.1   79.6   77.0  444.0
2019  23  1 23 2200   -3.0  992.1    3.6   43.0   76.3  444.0
2019  23  1 23 2300   -2.6  991.9    4.5   40.0   74.6  444.0
2019  24  1 24 0000   -2.5  991.6    2.4   29.6   73.9  444.0
2019  24  1 24 0100   -2.0  991.2    3.7   16.9   72.5  444.0
2019  24  1 24 0200   -1.9  990.6    2.7   14.6   72.5  444.0
2019  24  1 24 0300   -2.0  990.3    3.8   23.5   72.7  444.0
2019  24  1 24 0400   -2.1  990.0    4.5   12.0   72.0  444.0
2019  24  1 24 0500   -2.1  989.8    6.2   27.1   72.1  444.0
2019  24  1 24 0600   -2.4  989.6    6.9   32.0   70.6  444.0
2019  24  1 24 0700   -2.6  989.6    5.8   40.3   71.7  444.0
2019  24  1 24 0800   -2.9  989.3    4.4   51.8   70.2  444.0
2019  24  1 24 0900   -3.0  989.0    2.7   53.6   70.8  444.0
2019  24  1 24 1000   -2.9  988.6    1.4   76.2   71.3  444.0
2019  24  1 24 1100   -2.9  988.2    0.5  279.9   72.7  444.0
2019  24  1 24 1200   -3.5  987.8    1.2  285.8   74.1  444.0
2019  24  1 24 1300   -4.6  987.3    3.3  111.4   74.8  444.0
2019  24  1 24 1400   -5.3  986.9    4.1  101.9   75.3  444.0
2019  24  1 24 1500   -5.1  986.2    4.6   75.8   70.6  444.0
2019  24  1 24 1600   -5.0  985.9    3.3   54.1   67.0  444.0
2019  24  1 24 1700   -5.2  985.6    2.6   76.4   63.6  444.0
2019  24  1 24 1800   -4.8  985.1    3.1   60.9   64.9  444.0
2019  24  1 24 1900   -4.2  984.6    3.1   72.4   70.7  444.0
2019  24  1 24 2000   -3.9  984.1    3.3   77.5   72.0  444.0
2019  24  1 24 2100   -3.3  983.4    2.8   73.7   66.9  444.0
2019  24  1 24 2200   -2.8  982.7    3.2   29.2   63.7  444.0
2019  24  1 24 2300   -2.4  981.8    4.5   39.3   58.9  444.0
2019  25  1 25 0000   -1.7  981.0    6.7   27.7   66.0  444.0
2019  25  1 25 0100   -1.9  980.6    7.4   27.7   66.4  444.0
2019  25  1 25 0200   -2.2  979.9    6.3   31.3   61.9  444.0
2019  25  1 25 0300   -1.6  979.2    6.0   51.0   33.6  444.0
2019  25  1 25 0400   -1.1  978.5    6.4   19.8   53.9  444.0
2019  25  1 25 0500   -1.2  978.1    7.8   26.8   49.1  444.0
2019  25  1 25 0600   -1.2  977.4    7.6   26.7   52.8  444.0
2019  25  1 25 0700   -1.6  976.8    8.2   27.1   49.0  444.0
2019  25  1 25 0800   -1.6  975.8    8.3   25.5   51.8  444.0
2019  25  1 25 0900   -2.2  975.5    7.1   32.6   55.7  444.0
2019  25  1 25 1000   -2.5  975.2    6.4   30.3   49.5  444.0
2019  25  1 25 1100   -1.5  975.4    3.1  219.9   54.6  444.0
2019  25  1 25 1200  444.0  975.2    0.9  280.5   54.6  444.0
2019  25  1 25 1300  444.0  974.9    1.4  235.8   61.0  444.0
2019  25  1 25 1400   -3.6  974.8    2.5  130.4   58.6  444.0
2019  25  1 25 1500   -3.9  975.0    3.2  139.4   62.7  444.0
2019  25  1 25 1600   -4.5  975.1    3.6   90.2   59.6  444.0
2019  25  1 25 1700   -4.5  975.3    4.1  110.0   59.9  444.0
2019  25  1 25 1800   -3.9  975.6    4.0  121.0   50.4  444.0
2019  25  1 25 1900   -3.1  976.0    2.7  113.3   49.9  444.0
2019  25  1 25 2000   -2.9  976.3    2.8  108.5   55.0  444.0
2019  25  1 25 2100   -2.7  976.7    2.8  111.2   61.2  444.0
2019  25  1 25 2200   -2.1  976.6    3.3   55.0   62.1  444.0
2019  25  1 25 2300  444.0  977.0    1.5  316.6   61.9  444.0
2019  26  1 26 0000   -1.2  977.1    2.0  239.4   58.2  444.0
2019  26  1 26 0100   -0.7  977.3    3.1  242.6   59.6  444.0
2019  26  1 26 0200   -0.5  977.6    4.0  223.9   64.4  444.0
2019  26  1 26 0300   -0.8  978.0    4.8  224.2   69.1  444.0
2019  26  1 26 0400   -1.9  978.3    5.5  222.7   75.7  444.0
2019  26  1 26 0500   -2.3  978.8    3.7  225.8   76.7  444.0
2019  26  1 26 0600   -3.2  979.3    1.9  300.2   78.9  444.0
2019  26  1 26 0700   -1.3  979.3    1.8  240.2   76.0  444.0
2019  26  1 26 0800   -1.8  979.6    2.8  231.7   77.7  444.0
2019  26  1 26 0900   -1.6  980.0    2.2  250.1   73.0  444.0
2019  26  1 26 1000   -2.7  980.5    1.7   52.6   77.1  444.0
2019  26  1 26 1100   -3.1  980.7    2.4   29.3   77.9  444.0
2019  26  1 26 1200   -3.4  981.1    2.8   17.7   75.3  444.0
2019  26  1 26 1300   -3.6  981.4    3.6   22.2   77.2  444.0
2019  26  1 26 1400   -3.7  981.5    2.6   46.4   74.7  444.0
2019  26  1 26 1500   -4.3  981.7    6.8   18.3   81.0  444.0
2019  26  1 26 1600   -4.5  981.8    7.1   29.5   80.3  444.0
2019  26  1 26 1700   -4.6  982.2    6.2   28.4   77.7  444.0
2019  26  1 26 1800   -4.5  982.5    5.2   36.9   74.4  444.0
2019  26  1 26 1900   -4.1  982.7    4.3   45.4   73.2  444.0
2019  26  1 26 2000   -4.1  982.9    4.6   46.6   73.4  444.0
2019  26  1 26 2100   -4.1  983.0    4.7   19.9   76.5  444.0
2019  26  1 26 2200   -4.3  983.2    4.9   33.9   78.7  444.0
2019  26  1 26 2300   -4.2  983.4    5.2   32.0   82.6  444.0
2019  27  1 27 0000   -4.3  983.4    5.2   25.8   86.2  444.0
2019  27  1 27 0100   -3.7  983.3    4.8   45.4   81.9  444.0
2019  27  1 27 0200   -3.3  983.3    5.7   33.0   76.5  444.0
2019  27  1 27 0300   -3.4  983.3    5.8   40.8   76.7  444.0
2019  27  1 27 0400   -3.4  983.5    4.8   42.0   76.3  444.0
2019  27  1 27 0500   -3.1  983.5    5.2   26.1   74.8  444.0
2019  27  1 27 0600   -3.0  983.5    5.1   37.2   72.6  444.0
2019  27  1 27 0700   -2.8  983.6    5.0   25.8   71.9  444.0
2019  27  1 27 0800   -2.2  983.5    4.6   32.0   69.0  444.0
2019  27  1 27 0900   -2.9  983.4    4.7   49.4   67.8  444.0
2019  27  1 27 1000   -3.1  983.3    5.0   56.9   65.7  444.0
2019  27  1 27 1100   -3.2  983.1    6.8   51.1   64.5  444.0
2019  27  1 27 1200   -3.7  983.1    6.6   68.0   63.8  444.0
2019  27  1 27 1300   -3.1  983.3    5.2   51.4   57.9  444.0
2019  27  1 27 1400   -3.1  983.3    5.8   57.5   57.4  444.0
2019  27  1 27 1500   -3.2  982.9    5.0   55.0   57.3  444.0
2019  27  1 27 1600   -3.1  982.6    6.5   51.0   59.6  444.0
2019  27  1 27 1700   -3.0  982.5    5.7   46.2   62.1  444.0
2019  27  1 27 1800   -3.1  982.4    6.0   45.1   63.0  444.0
2019  27  1 27 1900   -2.9  982.1    5.7   60.2   69.8  444.0
2019  27  1 27 2000   -3.0  981.9    7.5   51.9   72.5  444.0
2019  27  1 27 2100   -3.1  981.9    5.5   34.3   78.2  444.0
2019  27  1 27 2200   -2.9  981.8    8.2   49.5   74.3  444.0
2019  27  1 27 2300   -2.9  981.6    6.6   60.9   73.1  444.0
2019  28  1 28 0000   -2.6  981.2    8.0   47.3   70.4  444.0
2019  28  1 28 0100   -1.8  981.1    3.3   34.9   62.7  444.0
2019  28  1 28 0200   -1.5  981.1    5.3  225.1   67.8  444.0
2019  28  1 28 0300   -1.5  981.0    4.9   24.6   54.2  444.0
2019  28  1 28 0400   -0.8  980.3    5.1    6.7   55.8  444.0
2019  28  1 28 0500    0.1  980.4    5.4  235.4   53.0  444.0
2019  28  1 28 0600   -0.6  980.4    3.4  266.8   56.8  444.0
2019  28  1 28 0700   -2.1  980.4    2.3   87.6   62.6  444.0
2019  28  1 28 0800   -2.1  980.2    1.7  304.7   63.2  444.0
2019  28  1 28 0900   -2.3  979.9    1.8  201.6   61.1  444.0
2019  28  1 28 1000   -2.0  979.6    6.5  210.1   55.1  444.0
2019  28  1 28 1100   -2.6  979.4    6.2  217.8   67.5  444.0
2019  28  1 28 1200   -4.0  979.4    6.2  145.9   56.2  444.0
2019  28  1 28 1300   -2.7  979.3    2.4  210.6   53.5  444.0
2019  28  1 28 1400   -2.9  979.0    2.7  174.9   63.5  444.0
2019  28  1 28 1500   -3.3  978.8    1.4   93.4   60.4  444.0
2019  28  1 28 1600   -3.4  978.7    2.2   68.4   69.2  444.0
2019  28  1 28 1700   -3.0  978.5    2.2  155.7   68.2  444.0
2019  28  1 28 1800   -3.4  978.1    3.9  162.1   56.1  444.0
2019  28  1 28 1900   -3.5  978.0    4.2  143.4   47.6  444.0
2019  28  1 28 2000   -2.4  977.8    4.7  160.2   47.1  444.0
2019  28  1 28 2100   -1.9  977.9    1.9  119.6   42.2  444.0
2019  28  1 28 2200   -2.7  977.9    2.1  127.7   51.4  444.0
2019  28  1 28 2300   -2.0  977.8    3.9   59.7   60.2  444.0
2019  29  1 29 0000   -1.7  977.9    3.4   45.4   61.4  444.0
2019  29  1 29 0100   -1.7  977.7    6.6   17.0   69.3  444.0
2019  29  1 29 0200   -1.9  977.6    6.1   22.0   71.9  444.0
2019  29  1 29 0300   -2.3  977.6    6.0   22.5   74.8  444.0
2019  29  1 29 0400   -2.5  977.7    5.5   18.0   73.9  444.0
2019  29  1 29 0500   -3.0  978.1    5.5   31.7   75.7  444.0
2019  29  1 29 0600   -3.1  978.4    4.4   53.8   75.4  444.0
2019  29  1 29 0700   -3.2  978.5    4.0   49.9   73.2  444.0
2019  29  1 29 0800   -3.4  978.7    4.7   47.1   73.1  444.0
2019  29  1 29 0900   -3.7  978.9    5.4   52.8   75.8  444.0
2019  29  1 29 1000   -3.8  979.3    5.6   45.5   74.6  444.0
2019  29  1 29 1100   -4.2  979.6    4.7   48.3   79.0  444.0
2019  29  1 29 1200   -4.3  979.8    4.4   47.9   78.4  444.0
2019  29  1 29 1300   -4.3  979.9    6.9   49.9   77.5  444.0
2019  29  1 29 1400   -4.6  980.1    5.4   47.3   78.9  444.0
2019  29  1 29 1500   -4.6  980.0    5.5   50.0   77.1  444.0
2019  29  1 29 1600   -4.5  980.3    4.8   47.9   75.7  444.0
2019  29  1 29 1700   -5.0  980.4    5.8   37.9   78.4  444.0
2019  29  1 29 1800   -4.7  981.0    3.5   51.6   75.6  444.0
2019  29  1 29 1900   -4.9  981.4    1.5   19.1   79.2  444.0
2019  29  1 29 2000   -5.3  981.7    4.0   30.5   83.2  444.0
2019  29  1 29 2100   -5.6  981.9    3.8   35.4   84.0  444.0
2019  29  1 29 2200   -5.6  982.2    5.0   18.3   84.9  444.0
2019  29  1 29 2300   -5.7  982.6    3.2   22.1   81.6  444.0
2019  30  1 30 0000   -5.3  983.0    1.0   62.4   79.8  444.0
2019  30  1 30 0100  444.0  444.0  444.0  444.0  444.0  444.0
2019  30  1 30 0200  444.0  444.0  444.0  444.0  444.0  444.0
2019  30  1 30 0300  444.0  444.0  444.0  444.0  444.0  444.0
2019  30  1 30 0400  444.0  444.0  444.0  444.0  444.0  444.0
2019  30  1 30 0500  444.0  444.0  444.0  444.0  444.0  444.0
2019  30  1 30 0600  444.0  444.0  444.0  444.0  444.0  444.0
2019  30  1 30 0700  444.0  444.0  444.0  444.0  444.0  444.0
2019  30  1 30 0800  444.0  444.0  444.0  444.0  444.0  444.0
2019  30  1 30 0900  444.0  444.0  444.0  444.0  444.0  444.0
2019  30  1 30 1000  444.0  444.0  444.0  444.0  444.0  444.0
2019  30  1 30 1100  444.0  444.0  444.0  444.0  444.0  444.0
2019  30  1 30 1200  444.0  444.0  444.0  444.0  444.0  444.0
2019  30  1 30 1300  444.0  444.0  444.0  444.0  444.0  444.0
2019  30  1 30 1400  444.0  444.0  444.0  444.0  444.0  444.0
2019  30  1 30 1500  444.0  444.0  444.0  444.0  444.0  444.0
2019  30  1 30 1600  444.0  444.0  444.0  444.0  444.0  444.0
2019  30  1 30 1700  444.0  444.0  444.0  444.0  444.0  444.0
2019  30  1 30 1800  444.0  444.0  444.0  444.0  444.0  444.0
2019  30  1 30 1900  444.0  444.0  444.0  444.0  444.0  444.0
2019  30  1 30 2000  444.0  444.0  444.0  444.0  444.0  444.0
2019  30  1 30 2100  444.0  444.0  444.0  444.0  444.0  444.0
2019  30  1 30 2200  444.0  444.0  444.0  444.0  444.0  444.0
2019  30  1 30 2300  444.0  444.0  444.0  444.0  444.0  444.0
2019  31  1 31 0000  444.0  444.0  444.0  444.0  444.0  444.0
2019  31  1 31 0100  444.0  444.0  444.0  444.0  444.0  444.0
2019  31  1 31 0200  444.0  444.0  444.0  444.0  444.0  444.0
2019  31  1 31 0300  444.0  444.0  444.0  444.0  444.0  444.0
2019  31  1 31 0400  444.0  444.0  444.0  444.0  444.0  444.0
2019  31  1 31 0500  444.0  444.0  444.0  444.0  444.0  444.0
2019  31  1 31 0600  444.0  444.0  444.0  444.0  444.0  444.0
2019  31  1 31 0700  444.0  444.0  444.0  444.0  444.0  444.0
2019  31  1 31 0800  444.0  444.0  444.0  444.0  444.0  444.0
2019  31  1 31 0900  444.0  444.0  444.0  444.0  444.0  444.0
2019  31  1 31 1000  444.0  444.0  444.0  444.0  444.0  444.0
2019  31  1 31 1100  444.0  444.0  444.0  444.0  444.0  444.0
2019  31  1 31 1200  444.0  444.0  444.0  444.0  444.0  444.0
2019  31  1 31 1300  444.0  444.0  444.0  444.0  444.0  444.0
2019  31  1 31 1400  444.0  444.0  444.0  444.0  444.0  444.0
2019  31  1 31 1500  444.0  444.0  444.0  444.0  444.0  444.0
2019  31  1 31 1600  444.0  444.0  444.0  444.0  444.0  444.0
2019  31  1 31 1700  444.0  444.0  444.0  444.0  444.0  444.0
2019  31  1 31 1800  444.0  444.0  444.0  444.0  444.0  444.0
2019  31  1 31 1900  444.0  444.0  444.0  444.0  444.0  444.0
2019  31  1 31 2000  444.0  444.0  444.0  444.0  444.0  444.0
2019  31  1 31 2100  444.0  444.0  444.0  444.0  444.0  444.0
2019  31  1 31 2200  444.0  444.0  444.0  444.0  444.0  444.0
2019  31  1 31 2300  444.0  444.0  444.0  444.0  444.0  444.0
