Year: 2021  Month: 12  ID: CBD  ARGOS: 99609  Name: Cape Bird           
Lat: 77.22S  Lon: 166.44E  Elev:   38m
2021 335 12  1 0000   -4.3  981.1    4.9   25.5   83.6  444.0
2021 335 12  1 0100   -4.0  980.7    5.7   21.7   79.2  444.0
2021 335 12  1 0200   -3.4  980.5    5.8   26.6   65.6  444.0
2021 335 12  1 0300   -3.6  980.5    5.2   20.7   67.2  444.0
2021 335 12  1 0400   -3.5  980.6    5.3   21.2   70.1  444.0
2021 335 12  1 0500   -3.7  980.6    5.2   21.0   73.0  444.0
2021 335 12  1 0600   -3.3  980.6    5.8   25.5   57.7  444.0
2021 335 12  1 0700   -3.9  980.4    5.2   37.5   55.2  444.0
2021 335 12  1 0800   -4.4  980.3    5.8   28.7   67.0  444.0
2021 335 12  1 0900   -4.2  980.3    5.2   20.6   55.1  444.0
2021 335 12  1 1000   -4.8  980.5    4.2   27.3   60.0  444.0
2021 335 12  1 1100   -4.9  980.5    4.0   45.5   52.2  444.0
2021 335 12  1 1200   -5.4  980.4    2.2   99.7   51.0  444.0
2021 335 12  1 1300   -5.9  980.4    2.5   90.3   48.8  444.0
2021 335 12  1 1400   -5.9  980.2    2.4   85.9   49.4  444.0
2021 335 12  1 1500   -6.3  979.9    3.2   71.9   52.2  444.0
2021 335 12  1 1600   -6.1  979.8    3.4   59.7   50.9  444.0
2021 335 12  1 1700   -5.7  979.6    3.7   62.5   49.2  444.0
2021 335 12  1 1800  444.0  444.0  444.0  444.0  444.0  444.0
2021 335 12  1 1900   -4.6  979.0    5.0   39.4   37.6  444.0
2021 335 12  1 2000   -5.1  978.9    5.7   40.1   46.9  444.0
2021 335 12  1 2100   -5.2  978.8    5.4   39.4   56.9  444.0
2021 335 12  1 2200   -4.0  978.7    4.6   45.0   66.6  444.0
2021 335 12  1 2300   -4.1  978.7    6.1   30.4   73.0  444.0
2021 336 12  2 0000   -3.5  978.5    4.0   20.4   73.2  444.0
2021 336 12  2 0100   -3.9  978.6    4.3   24.6   71.5  444.0
2021 336 12  2 0200   -3.6  978.6    3.6   22.1   66.2  444.0
2021 336 12  2 0300   -2.9  978.6    2.9   15.3   68.1  444.0
2021 336 12  2 0400  444.0  444.0  444.0  444.0  444.0  444.0
2021 336 12  2 0500   -2.8  978.6    1.9    2.3   71.3  444.0
2021 336 12  2 0600   -2.9  978.6    2.3   14.1   73.2  444.0
2021 336 12  2 0700  444.0  444.0  444.0  444.0  444.0  444.0
2021 336 12  2 0800   -3.6  978.7    2.4   70.2   75.4  444.0
2021 336 12  2 0900   -3.9  978.8    2.1   88.1   69.1  444.0
2021 336 12  2 1000   -4.4  978.8    2.5   96.9   68.2  444.0
2021 336 12  2 1100   -4.7  979.0    2.7  108.9   63.7  444.0
2021 336 12  2 1200   -5.2  979.1    3.0  108.6   68.1  444.0
2021 336 12  2 1300   -5.6  978.9    3.7  121.4   57.2  444.0
2021 336 12  2 1400   -5.4  978.9    2.2  121.0   49.4  444.0
2021 336 12  2 1500   -5.8  978.9    2.2  123.8   50.4  444.0
2021 336 12  2 1600  444.0  444.0  444.0  444.0  444.0  444.0
2021 336 12  2 1700   -5.2  979.1    2.9  124.1   55.2  444.0
2021 336 12  2 1800  444.0  444.0  444.0  444.0  444.0  444.0
2021 336 12  2 1900   -4.2  979.4    1.7  130.5   60.6  444.0
2021 336 12  2 2000   -4.1  979.6    2.3  125.9   60.3  444.0
2021 336 12  2 2100   -3.1  979.8    1.7   62.7   55.9  444.0
2021 336 12  2 2200  444.0  980.0    1.0   98.1   56.7  444.0
2021 336 12  2 2300  444.0  979.9    1.2  356.4   62.4  444.0
2021 337 12  3 0000  444.0  979.8    1.4  316.9   58.5  444.0
2021 337 12  3 0100   -2.0  979.7    1.8  329.7   63.2  444.0
2021 337 12  3 0200   -2.0  979.7    1.7  317.2   67.5  444.0
2021 337 12  3 0300   -2.5  979.9    1.8  301.1   58.7  444.0
2021 337 12  3 0400  444.0  980.0    1.3  358.4   44.8  444.0
2021 337 12  3 0500  444.0  979.7    1.1    3.9   46.5  444.0
2021 337 12  3 0600  444.0  444.0  444.0  444.0  444.0  444.0
2021 337 12  3 0700   -1.9  979.4    2.5   35.5   57.9  444.0
2021 337 12  3 0800   -2.3  979.1    3.0   38.0   53.0  444.0
2021 337 12  3 0900   -3.0  978.8    3.6   34.8   45.3  444.0
2021 337 12  3 1000   -3.8  978.4    4.5   45.7   55.7  444.0
2021 337 12  3 1100   -3.3  978.1    4.4   25.8   60.6  444.0
2021 337 12  3 1200   -3.6  977.6    3.8   45.2   31.8  444.0
2021 337 12  3 1300   -3.6  977.3    5.0   37.4   31.0  444.0
2021 337 12  3 1400   -3.6  976.8    6.2   54.8   26.7  444.0
2021 337 12  3 1500   -4.9  976.3    4.3   41.5   42.0  444.0
2021 337 12  3 1600   -3.7  975.7    4.1   30.0   47.5  444.0
2021 337 12  3 1700  444.0  444.0  444.0  444.0  444.0  444.0
2021 337 12  3 1800   -3.6  975.0    4.3   40.6   48.4  444.0
2021 337 12  3 1900  444.0  444.0  444.0  444.0  444.0  444.0
2021 337 12  3 2000   -5.6  974.2    2.7  218.1   67.0  444.0
2021 337 12  3 2100   -3.6  973.7    1.5  230.4   62.8  444.0
2021 337 12  3 2200   -3.3  973.2    2.5  212.6   59.1  444.0
2021 337 12  3 2300   -2.5  972.9    1.9  347.9   57.9  444.0
2021 338 12  4 0000   -1.6  972.8    1.7   53.4   33.4  444.0
2021 338 12  4 0100   -2.5  972.8    4.0  232.3   52.4  444.0
2021 338 12  4 0200   -2.6  972.1    6.9  226.7   55.6  444.0
2021 338 12  4 0300   -2.1  971.8    4.9  228.8   58.3  444.0
2021 338 12  4 0400   -1.7  971.7    1.6  322.7   52.4  444.0
2021 338 12  4 0500  444.0  444.0  444.0  444.0  444.0  444.0
2021 338 12  4 0600   -3.3  971.7    2.3  283.0   66.2  444.0
2021 338 12  4 0700   -2.9  971.2    1.9  352.6   66.7  444.0
2021 338 12  4 0800   -2.9  970.8    1.4    1.9   62.3  444.0
2021 338 12  4 0900   -4.4  972.0  444.0  444.0   74.1  444.0
2021 338 12  4 1000   -4.1  972.1    6.8  219.9   73.9  444.0
2021 338 12  4 1100  444.0  972.8    0.4   25.7   75.8  444.0
2021 338 12  4 1200   -5.4  972.6    2.5   60.1   75.6  444.0
2021 338 12  4 1300   -5.0  973.0    2.4  224.7   75.0  444.0
2021 338 12  4 1400   -5.9  973.1    1.0  146.3   78.8  444.0
2021 338 12  4 1500   -4.9  973.1    1.0  189.3   76.4  444.0
2021 338 12  4 1600   -4.8  973.2    1.5  219.5   72.9  444.0
2021 338 12  4 1700   -4.9  973.3    2.6  115.9   64.2  444.0
2021 338 12  4 1800   -5.5  973.6    3.5   60.1   71.8  444.0
2021 338 12  4 1900   -5.4  973.9    4.2   24.3   73.8  444.0
2021 338 12  4 2000   -5.9  974.3    3.1   44.9   80.2  444.0
2021 338 12  4 2100   -5.5  974.5    1.9   19.0   80.1  444.0
2021 338 12  4 2200   -5.5  974.7    3.2   20.1   80.4  444.0
2021 338 12  4 2300   -4.9  975.0    2.0   16.3   78.9  444.0
2021 339 12  5 0000   -4.8  975.1    1.5   10.1   78.0  444.0
2021 339 12  5 0100   -5.0  975.3    1.6    4.7   77.3  444.0
2021 339 12  5 0200   -4.8  975.3    1.6  325.8   77.2  444.0
2021 339 12  5 0300   -4.6  975.2    1.7  345.1   75.6  444.0
2021 339 12  5 0400  444.0  444.0  444.0  444.0  444.0  444.0
2021 339 12  5 0500   -4.2  975.2    3.1  346.9   71.3  444.0
2021 339 12  5 0600   -4.0  975.4    1.8    9.1   68.8  444.0
2021 339 12  5 0700   -4.1  975.4    2.0  334.1   69.7  444.0
2021 339 12  5 0800  444.0  975.4    1.0  358.4   68.4  444.0
2021 339 12  5 0900  444.0  975.4    1.4  261.0   73.5  444.0
2021 339 12  5 1000   -4.6  975.3    1.7  239.9   75.2  444.0
2021 339 12  5 1100   -4.8  975.2    1.6  255.0   74.7  444.0
2021 339 12  5 1200   -5.4  974.8    1.8  148.2   73.0  444.0
2021 339 12  5 1300   -5.7  974.5    1.3  165.1   64.9  444.0
2021 339 12  5 1400   -6.0  974.2    2.5  136.3   52.2  444.0
2021 339 12  5 1500   -6.2  973.9    2.6  137.9   48.0  444.0
2021 339 12  5 1600   -6.4  973.7    2.7  137.8   48.4  444.0
2021 339 12  5 1700   -6.3  973.6    3.8  138.8   45.3  444.0
2021 339 12  5 1800  444.0  973.6    1.2  246.4   44.3  444.0
2021 339 12  5 1900   -4.8  973.6    2.3  236.5   70.6  444.0
2021 339 12  5 2000   -5.2  973.2    4.6  221.1   71.9  444.0
2021 339 12  5 2100   -4.9  973.3    4.6  222.9   67.8  444.0
2021 339 12  5 2200   -4.4  973.2    4.9  228.8   61.8  444.0
2021 339 12  5 2300   -4.0  973.1    4.8  227.9   61.6  444.0
2021 340 12  6 0000   -4.2  973.1    5.5  224.8   59.4  444.0
2021 340 12  6 0100   -4.1  972.9    5.3  223.4   58.3  444.0
2021 340 12  6 0200   -4.1  972.8    4.8  223.4   57.8  444.0
2021 340 12  6 0300  444.0  444.0  444.0  444.0  444.0  444.0
2021 340 12  6 0400   -3.3  972.6    3.4  225.1   55.6  444.0
2021 340 12  6 0500   -3.3  972.4    2.5  228.7   60.2  444.0
2021 340 12  6 0600  444.0  444.0  444.0  444.0  444.0  444.0
2021 340 12  6 0700   -3.5  972.2    1.6  280.7   63.1  444.0
2021 340 12  6 0800   -4.2  971.8    2.0    9.8   74.8  444.0
2021 340 12  6 0900   -4.0  971.5    1.6   28.1   72.7  444.0
2021 340 12  6 1000   -4.1  971.2    1.7  108.2   63.2  444.0
2021 340 12  6 1100   -4.2  970.8    2.0  112.6   68.8  444.0
2021 340 12  6 1200   -4.4  970.5    1.9   97.6   70.1  444.0
2021 340 12  6 1300   -4.4  970.2    2.5   95.4   69.9  444.0
2021 340 12  6 1400   -4.7  969.9    3.0   81.7   68.4  444.0
2021 340 12  6 1500   -5.1  969.7    2.4   87.7   64.0  444.0
2021 340 12  6 1600   -5.0  969.4    2.9   77.7   65.0  444.0
2021 340 12  6 1700  444.0  444.0  444.0  444.0  444.0  444.0
2021 340 12  6 1800   -5.3  969.1    4.3   48.5   71.2  444.0
2021 340 12  6 1900  444.0  444.0  444.0  444.0  444.0  444.0
2021 340 12  6 2000   -5.1  968.9    4.8   46.8   73.1  444.0
2021 340 12  6 2100   -4.9  968.7    4.4   58.9   72.0  444.0
2021 340 12  6 2200   -4.9  968.6    5.0   49.3   70.8  444.0
2021 340 12  6 2300   -4.4  968.4    5.0   45.8   71.2  444.0
2021 341 12  7 0000   -4.0  967.8    5.6   45.3   54.1  444.0
2021 341 12  7 0100   -4.1  968.1    6.6   44.5   60.7  444.0
2021 341 12  7 0200   -3.8  967.9    6.4   27.7   59.8  444.0
2021 341 12  7 0300   -3.5  967.9    5.3   25.2   59.1  444.0
2021 341 12  7 0400   -3.8  967.7    4.6   30.9   62.3  444.0
2021 341 12  7 0500   -3.8  967.3    4.3   48.6   61.5  444.0
2021 341 12  7 0600   -3.7  967.2    5.0   45.5   64.8  444.0
2021 341 12  7 0700   -3.7  967.2    5.2   50.5   63.4  444.0
2021 341 12  7 0800   -4.3  967.2    5.1   40.1   74.6  444.0
2021 341 12  7 0900   -4.5  967.1    5.2   52.7   77.5  444.0
2021 341 12  7 1000   -4.4  967.0    4.7   52.1   76.2  444.0
2021 341 12  7 1100   -4.5  967.1    3.6   57.6   67.9  444.0
2021 341 12  7 1200   -4.7  966.9    4.1   46.5   74.5  444.0
2021 341 12  7 1300   -4.6  966.9    4.0   49.4   76.4  444.0
2021 341 12  7 1400   -4.7  966.6    3.5   36.7   77.8  444.0
2021 341 12  7 1500   -5.2  966.2    3.5   67.3   79.5  444.0
2021 341 12  7 1600   -4.8  965.9    3.3   59.1   77.5  444.0
2021 341 12  7 1700   -4.7  965.4    3.5   52.3   75.2  444.0
2021 341 12  7 1800   -4.7  965.2    3.8   58.7   77.5  444.0
2021 341 12  7 1900   -4.7  964.9    3.9   59.7   79.1  444.0
2021 341 12  7 2000   -4.2  964.5    3.0   53.0   74.6  444.0
2021 341 12  7 2100   -4.3  964.2    3.5   59.3   75.4  444.0
2021 341 12  7 2200   -3.4  963.9    4.0   21.2   74.5  444.0
2021 341 12  7 2300   -4.1  963.4    4.2   26.1   73.8  444.0
2021 342 12  8 0000   -3.9  962.9    4.8   20.4   71.5  444.0
2021 342 12  8 0100   -3.7  962.8    4.3   23.0   65.7  444.0
2021 342 12  8 0200   -3.8  962.4    4.5   21.6   64.5  444.0
2021 342 12  8 0300   -3.8  962.1    4.8   26.6   69.0  444.0
2021 342 12  8 0400  444.0  444.0  444.0  444.0  444.0  444.0
2021 342 12  8 0500   -4.1  962.0    4.5   17.4   68.7  444.0
2021 342 12  8 0600   -4.0  962.1    3.6   15.0   69.2  444.0
2021 342 12  8 0700   -4.1  962.4    2.8   44.4   65.3  444.0
2021 342 12  8 0800   -4.0  962.6    2.1   26.1   67.3  444.0
2021 342 12  8 0900   -3.9  962.7    1.9   57.0   68.2  444.0
2021 342 12  8 1000   -3.8  962.7    1.2  107.3   67.1  444.0
2021 342 12  8 1100  444.0  962.9    0.9  115.2   69.0  444.0
2021 342 12  8 1200   -3.7  962.9    2.1  225.3   71.2  444.0
2021 342 12  8 1300   -3.7  962.8    1.9  225.9   70.9  444.0
2021 342 12  8 1400   -4.4  962.7    5.0  225.9   74.5  444.0
2021 342 12  8 1500   -5.3  962.6    2.8  205.6   78.1  444.0
2021 342 12  8 1600  444.0  962.8    1.0  202.5   76.0  444.0
2021 342 12  8 1700   -4.4  962.8    6.8  222.1   74.4  444.0
2021 342 12  8 1800   -4.9  962.8    5.2  221.0   75.4  444.0
2021 342 12  8 1900   -4.2  962.6    2.3  228.7   75.9  444.0
2021 342 12  8 2000   -4.5  962.8    2.6  269.6   71.8  444.0
2021 342 12  8 2100   -3.8  962.5    3.1   65.6   66.1  444.0
2021 342 12  8 2200   -3.7  962.4    2.9    6.8   75.8  444.0
2021 342 12  8 2300   -3.0  962.7    5.1   22.0   67.9  444.0
2021 343 12  9 0000   -2.1  962.7    3.7   13.5   58.1  444.0
2021 343 12  9 0100   -2.7  962.6    2.2  345.7   72.3  444.0
2021 343 12  9 0200   -2.8  962.3    3.2    4.1   73.3  444.0
2021 343 12  9 0300   -2.6  962.1    3.5   33.1   72.1  444.0
2021 343 12  9 0400   -2.0  961.8    4.8   28.1   64.0  444.0
2021 343 12  9 0500   -1.0  961.6    6.2   39.1   38.0  444.0
2021 343 12  9 0600   -1.0  961.7    5.9   52.3   32.8  444.0
2021 343 12  9 0700   -0.6  961.7    4.2   52.6   26.6  444.0
2021 343 12  9 0800   -1.0  962.0    1.7  233.8   44.2  444.0
2021 343 12  9 0900   -1.5  962.1    1.3  244.9   46.2  444.0
2021 343 12  9 1000   -2.3  962.1    1.9  235.0   43.7  444.0
2021 343 12  9 1100   -2.8  961.9    3.7   51.5   43.9  444.0
2021 343 12  9 1200   -3.0  962.0    2.1   89.6   45.1  444.0
2021 343 12  9 1300   -4.0  962.2    3.1   84.8   58.5  444.0
2021 343 12  9 1400   -4.0  961.9    3.6  104.1   53.1  444.0
2021 343 12  9 1500   -4.4  961.6    3.4  111.9   47.9  444.0
2021 343 12  9 1600   -4.2  961.4    3.0  147.2   57.6  444.0
2021 343 12  9 1700  444.0  444.0  444.0  444.0  444.0  444.0
2021 343 12  9 1800   -3.3  961.7    0.8  103.8   45.8  444.0
2021 343 12  9 1900  444.0  444.0  444.0  444.0  444.0  444.0
2021 343 12  9 2000   -3.3  961.4    2.8   52.1   51.5  444.0
2021 343 12  9 2100   -3.2  961.5    4.2   16.4   70.2  444.0
2021 343 12  9 2200   -2.2  961.1    2.8   71.4   52.8  444.0
2021 343 12  9 2300   -2.5  961.4    6.8   47.5   50.3  444.0
2021 344 12 10 0000   -2.2  961.9    6.2   40.9   53.3  444.0
2021 344 12 10 0100   -2.2  962.5    2.7   47.0   52.0  444.0
2021 344 12 10 0200  444.0  962.5    1.0  337.6   35.0  444.0
2021 344 12 10 0300   -1.2  962.2    3.2  224.0   45.6  444.0
2021 344 12 10 0400   -0.5  962.2    3.3  222.3   50.9  444.0
2021 344 12 10 0500   -1.1  961.9    5.2  235.0   61.8  444.0
2021 344 12 10 0600   -1.6  962.1    4.8  218.8   67.3  444.0
2021 344 12 10 0700   -1.1  962.0    7.4  225.5   50.1  444.0
2021 344 12 10 0800   -0.4  962.0    8.5  220.4   45.5  444.0
2021 344 12 10 0900   -0.5  961.1   10.3  214.1   31.2  444.0
2021 344 12 10 1000   -0.6  961.0   13.8  200.5   37.1  444.0
2021 344 12 10 1100   -0.7  960.3   14.3  202.6   36.0  444.0
2021 344 12 10 1200   -1.3  960.3   11.4  208.4   50.0  444.0
2021 344 12 10 1300   -0.3  961.5    5.7  160.2   27.6  444.0
2021 344 12 10 1400   -1.4  962.2    6.3   85.7   40.7  444.0
2021 344 12 10 1500   -2.0  961.3    4.3   90.5   43.4  444.0
2021 344 12 10 1600    0.2  960.2    6.7  202.3   29.9  444.0
2021 344 12 10 1700    0.8  960.5    6.2  170.6   23.1  444.0
2021 344 12 10 1800   -0.4  960.6    6.2  210.8   28.3  444.0
2021 344 12 10 1900    1.1  960.3   12.8  187.4   26.9  444.0
2021 344 12 10 2000    0.2  444.0   10.5  210.4   49.3  444.0
2021 344 12 10 2100    2.2  960.4    7.3  167.0   25.0  444.0
2021 344 12 10 2200    0.1  960.7   11.6  216.4   51.5  444.0
2021 344 12 10 2300    3.8  962.0    6.5  185.7   20.3  444.0
2021 345 12 11 0000    1.3  961.3   11.9  208.3  444.0  444.0
2021 345 12 11 0100    2.1  959.7   16.8  214.1   31.7  444.0
2021 345 12 11 0200    2.7  444.0  444.0  444.0   30.0  444.0
2021 345 12 11 0300    1.9  961.3   12.6  214.4   33.5  444.0
2021 345 12 11 0400  444.0  444.0  444.0  444.0  444.0  444.0
2021 345 12 11 0500    1.5  961.2   14.4  217.4   41.0  444.0
2021 345 12 11 0600    0.8  961.1   13.1  219.9   46.2  444.0
2021 345 12 11 0700    0.7  961.9   11.8  217.8   48.9  444.0
2021 345 12 11 0800    1.5  963.0    3.1  192.1   35.7  444.0
2021 345 12 11 0900    1.5  444.0    4.3  222.9  444.0  444.0
2021 345 12 11 1000    2.5  962.9    5.8  172.0   27.8  444.0
2021 345 12 11 1100    0.9  962.5    9.2  209.1   33.1  444.0
2021 345 12 11 1200    1.1  961.3   14.8  202.5   24.2  444.0
2021 345 12 11 1300    0.5  961.3   14.3  205.5   25.9  444.0
2021 345 12 11 1400    0.5  961.2   17.1  201.3   23.6  444.0
2021 345 12 11 1500   -0.5  962.3   14.9  187.4   30.0  444.0
2021 345 12 11 1600   -0.4  960.7   17.4  205.2   31.6  444.0
2021 345 12 11 1700    0.1  959.7   21.6  206.2   26.6  444.0
2021 345 12 11 1800    0.0  444.0   17.8  192.0   27.0  444.0
2021 345 12 11 1900    0.2  961.5   20.1  199.3   28.5  444.0
2021 345 12 11 2000    1.2  961.9   12.2  189.6   32.1  444.0
2021 345 12 11 2100    1.7  962.1    2.5   80.7   35.7  444.0
2021 345 12 11 2200    2.1  963.0    3.0  353.3   29.8  444.0
2021 345 12 11 2300    4.0  962.2   12.8  191.5   23.5  444.0
2021 346 12 12 0000    2.6  962.2   20.4  195.5   26.9  444.0
2021 346 12 12 0100    3.2  963.6   16.3  195.0   25.4  444.0
2021 346 12 12 0200    2.0  963.1   19.7  197.5   29.2  444.0
2021 346 12 12 0300  444.0  444.0  444.0  444.0  444.0  444.0
2021 346 12 12 0400    2.8  964.1   15.3  190.1   24.4  444.0
2021 346 12 12 0500    2.8  964.0   16.7  192.2   23.0  444.0
2021 346 12 12 0600    2.6  965.1   13.1  193.6   25.0  444.0
2021 346 12 12 0700    1.9  966.7    4.2  202.1   29.4  444.0
2021 346 12 12 0800    1.3  966.8   10.7  166.9   29.9  444.0
2021 346 12 12 0900   -0.3  968.2    6.6   60.6   45.1  444.0
2021 346 12 12 1000   -0.7  968.3    5.4   83.9   47.1  444.0
2021 346 12 12 1100   -1.4  968.2    8.4   74.3   54.8  444.0
2021 346 12 12 1200   -1.2  968.5    7.0   76.5   50.3  444.0
2021 346 12 12 1300   -1.0  968.1    6.4   67.2   46.7  444.0
2021 346 12 12 1400   -0.2  968.4    6.2   69.5   38.2  444.0
2021 346 12 12 1500  444.0  444.0  444.0  444.0  444.0  444.0
2021 346 12 12 1600    0.2  968.8    0.8  179.8   39.5  444.0
2021 346 12 12 1700  444.0  444.0  444.0  444.0  444.0  444.0
2021 346 12 12 1800   -0.1  968.1    5.8   84.6   36.5  444.0
2021 346 12 12 1900  444.0  444.0  444.0  444.0  444.0  444.0
2021 346 12 12 2000    0.0  970.5    5.5   54.9   43.4  444.0
2021 346 12 12 2100    0.7  971.0    3.4   92.2   37.9  444.0
2021 346 12 12 2200    1.3  970.5    5.4   63.7   36.9  444.0
2021 346 12 12 2300    1.0  971.2    4.5   27.3   41.4  444.0
2021 347 12 13 0000    0.4  971.9    1.3   12.4   64.7  444.0
2021 347 12 13 0100    0.6  972.5    2.1  350.3   56.4  444.0
2021 347 12 13 0200  444.0  444.0  444.0  444.0  444.0  444.0
2021 347 12 13 0300    0.2  973.6    1.9  334.6   68.8  444.0
2021 347 12 13 0400    0.0  973.9    1.9    1.0   70.8  444.0
2021 347 12 13 0500    0.3  974.1    2.2   31.6   57.7  444.0
2021 347 12 13 0600    0.0  974.4    3.5   35.6   61.4  444.0
2021 347 12 13 0700    0.3  974.5    2.1   30.2   58.3  444.0
2021 347 12 13 0800   -0.5  974.6    2.8   33.6   73.0  444.0
2021 347 12 13 0900   -0.4  974.5    1.0  342.6   72.1  444.0
2021 347 12 13 1000   -0.6  974.7    2.1   16.5   74.8  444.0
2021 347 12 13 1100   -0.5  974.7    4.8   56.7   58.1  444.0
2021 347 12 13 1200    2.5  974.8    8.2  192.2   23.9  444.0
2021 347 12 13 1300    1.3  974.9    8.9  188.3   25.8  444.0
2021 347 12 13 1400    1.3  975.4    2.6  163.0   27.7  444.0
2021 347 12 13 1500    0.5  975.4    4.2  177.1   30.8  444.0
2021 347 12 13 1600    0.3  974.1   13.3  204.0   32.6  444.0
2021 347 12 13 1700    0.2  974.8   10.1  198.7   31.6  444.0
2021 347 12 13 1800  444.0  444.0  444.0  444.0  444.0  444.0
2021 347 12 13 1900    0.7  974.3   13.6  195.0   26.4  444.0
2021 347 12 13 2000    0.1  444.0    7.5  194.5   30.9  444.0
2021 347 12 13 2100    1.1  976.9    0.3  308.0   32.5  444.0
2021 347 12 13 2200    0.4  976.3    8.0   23.4   40.5  444.0
2021 347 12 13 2300    0.5  977.8    3.7   51.4   51.7  444.0
2021 348 12 14 0000    0.1  977.8    8.2   50.6   53.8  444.0
2021 348 12 14 0100    0.0  978.5    7.4   38.2   58.0  444.0
2021 348 12 14 0200    0.2  978.7    6.4   31.4   58.6  444.0
2021 348 12 14 0300    0.1  979.4    7.4   54.8   51.4  444.0
2021 348 12 14 0400    1.1  980.0    2.7   12.0   42.7  444.0
2021 348 12 14 0500    1.7  979.8    2.0   27.4   35.0  444.0
2021 348 12 14 0600    2.0  979.6    4.8   51.8   29.5  444.0
2021 348 12 14 0700    2.0  980.1    5.0   51.1   29.4  444.0
2021 348 12 14 0800    2.3  980.8    2.6   84.2   30.2  444.0
2021 348 12 14 0900    2.0  980.6    4.3   57.4   26.4  444.0
2021 348 12 14 1000    1.5  981.1    1.3  107.6   28.3  444.0
2021 348 12 14 1100    2.8  980.0   13.2  198.0   25.8  444.0
2021 348 12 14 1200    2.2  980.5   12.8  191.9   23.6  444.0
2021 348 12 14 1300    1.3  980.2   14.3  200.9   22.6  444.0
2021 348 12 14 1400    0.1  980.4   13.1  204.4   30.8  444.0
2021 348 12 14 1500    0.4  979.8   15.3  203.9   23.8  444.0
2021 348 12 14 1600    0.5  979.3   16.4  203.8   25.3  444.0
2021 348 12 14 1700    0.0  979.9   17.4  205.8   25.4  444.0
2021 348 12 14 1800    0.6  980.7   16.8  202.6   25.1  444.0
2021 348 12 14 1900    0.4  980.5   15.8  206.1   24.1  444.0
2021 348 12 14 2000   -0.8  981.2   11.2  209.7  444.0  444.0
2021 348 12 14 2100    0.6  981.3   12.5  204.1   23.2  444.0
2021 348 12 14 2200    1.0  981.7   10.4  201.2   22.9  444.0
2021 348 12 14 2300    1.3  981.0   14.0  199.2   22.2  444.0
2021 349 12 15 0000    1.0  981.2   13.1  180.2   27.9  444.0
2021 349 12 15 0100    0.8  980.3   14.1  187.3   29.4  444.0
2021 349 12 15 0200    1.2  444.0   11.2  190.7   26.1  444.0
2021 349 12 15 0300  444.0  444.0  444.0  444.0  444.0  444.0
2021 349 12 15 0400    2.0  979.4   13.8  202.7   30.1  444.0
2021 349 12 15 0500    1.9  444.0   11.3  176.5   35.5  444.0
2021 349 12 15 0600  444.0  978.8   13.0  204.3  444.0  444.0
2021 349 12 15 0700    2.1  977.3   11.9  199.1   31.5  444.0
2021 349 12 15 0800    2.1  977.6   15.9  188.1   30.9  444.0
2021 349 12 15 0900    2.4  978.2   14.5  178.9   30.4  444.0
2021 349 12 15 1000    2.9  977.6   15.0  183.8   28.4  444.0
2021 349 12 15 1100    2.5  977.8   12.6  191.4   26.9  444.0
2021 349 12 15 1200    2.5  977.9   12.7  191.7   29.1  444.0
2021 349 12 15 1300    3.4  978.4   15.5  198.0   26.5  444.0
2021 349 12 15 1400    2.4  978.1   10.7  192.6   31.9  444.0
2021 349 12 15 1500  444.0  444.0  444.0  444.0  444.0  444.0
2021 349 12 15 1600    2.4  976.5   14.0  203.5   34.8  444.0
2021 349 12 15 1700  444.0  444.0  444.0  444.0  444.0  444.0
2021 349 12 15 1800    1.0  976.9   12.8  199.3   41.5  444.0
2021 349 12 15 1900  444.0  444.0  444.0  444.0  444.0  444.0
2021 349 12 15 2000    2.6  977.4   13.9  176.2   29.5  444.0
2021 349 12 15 2100    1.6  976.7   12.3  179.9   39.1  444.0
2021 349 12 15 2200    2.3  976.4   16.1  187.9   27.9  444.0
2021 349 12 15 2300    2.6  976.5   15.5  182.4   26.4  444.0
2021 350 12 16 0000    2.0  444.0   19.5  201.8   33.6  444.0
2021 350 12 16 0100    2.4  444.0   13.1  180.8   30.6  444.0
2021 350 12 16 0200  444.0  444.0  444.0  444.0  444.0  444.0
2021 350 12 16 0300    1.7  974.5   21.4  202.2   38.2  444.0
2021 350 12 16 0400    1.5  974.1   21.8  201.9   38.5  444.0
2021 350 12 16 0500    1.8  975.2   15.3  198.1   32.3  444.0
2021 350 12 16 0600    3.6  976.5   11.3  206.8   22.6  444.0
2021 350 12 16 0700    2.4  444.0   18.0  195.2   26.2  444.0
2021 350 12 16 0800    4.2  976.3   11.8  181.7   21.6  444.0
2021 350 12 16 0900    2.5  977.0   21.4  198.2   22.9  444.0
2021 350 12 16 1000    2.0  976.9   15.6  193.2   25.2  444.0
2021 350 12 16 1100    1.2  976.6   11.4  209.1   27.5  444.0
2021 350 12 16 1200    3.5  977.3    2.0  164.8   16.9  444.0
2021 350 12 16 1300    1.9  976.9    7.5   53.8   29.8  444.0
2021 350 12 16 1400    2.0  977.1    5.9   98.1   28.1  444.0
2021 350 12 16 1500    1.9  978.0    5.3   71.0   27.8  444.0
2021 350 12 16 1600  444.0  444.0  444.0  444.0  444.0  444.0
2021 350 12 16 1700    2.7  976.9    3.9  135.3   23.4  444.0
2021 350 12 16 1800  444.0  444.0  444.0  444.0  444.0  444.0
2021 350 12 16 1900    2.3  976.3   13.3  198.0   23.4  444.0
2021 350 12 16 2000    2.9  976.7    4.0   96.1   22.7  444.0
2021 350 12 16 2100    2.2  977.5    1.6  274.5   24.0  444.0
2021 350 12 16 2200    1.8  974.6   15.1  216.5   21.6  444.0
2021 350 12 16 2300    1.4  975.3   10.5  211.9   33.0  444.0
2021 351 12 17 0000    3.2  975.4    1.2   20.8   21.9  444.0
2021 351 12 17 0100    2.9  974.8    4.5   18.3   27.6  444.0
2021 351 12 17 0200    2.2  974.6    4.8   33.8  444.0  444.0
2021 351 12 17 0300    2.1  973.7    8.3   51.3   31.0  444.0
2021 351 12 17 0400    2.5  973.5    6.8   52.8   26.6  444.0
2021 351 12 17 0500    2.0  973.0    5.8   45.4   38.0  444.0
2021 351 12 17 0600    2.5  972.4    4.7   38.4   30.7  444.0
2021 351 12 17 0700    2.1  971.8    6.8   43.2   36.0  444.0
2021 351 12 17 0800    1.9  971.4    4.9   40.6   26.7  444.0
2021 351 12 17 0900    1.3  970.9    5.4   52.0   32.9  444.0
2021 351 12 17 1000    0.9  970.3    5.2   74.5   35.2  444.0
2021 351 12 17 1100    1.2  970.1    3.9   67.6   32.0  444.0
2021 351 12 17 1200    0.7  969.8    3.6  126.0   45.3  444.0
2021 351 12 17 1300    0.4  969.8    3.7  217.8   49.2  444.0
2021 351 12 17 1400  444.0  970.1    0.3  230.5   51.0  444.0
2021 351 12 17 1500   -1.6  970.0    1.1   24.4   61.9  444.0
2021 351 12 17 1600   -2.0  970.1    2.7   21.3   62.8  444.0
2021 351 12 17 1700   -3.2  970.6    4.2   40.6   78.6  444.0
2021 351 12 17 1800   -3.1  970.8    4.7   32.3   77.4  444.0
2021 351 12 17 1900   -3.6  971.1    7.0   31.8   79.5  444.0
2021 351 12 17 2000   -3.8  971.9    6.5   26.8   81.2  444.0
2021 351 12 17 2100   -3.9  972.8    5.4   30.5   83.5  444.0
2021 351 12 17 2200   -3.5  973.5    3.5   15.3   82.8  444.0
2021 351 12 17 2300   -3.3  974.3    1.3   18.7   82.4  444.0
2021 352 12 18 0000   -3.3  975.0    2.4  295.4   81.8  444.0
2021 352 12 18 0100   -3.0  975.5    3.8  303.6   82.7  444.0
2021 352 12 18 0200   -2.2  976.1    3.6  319.3   79.5  444.0
2021 352 12 18 0300  444.0  444.0  444.0  444.0  444.0  444.0
2021 352 12 18 0400   -1.7  977.0    2.8  357.4   75.4  444.0
2021 352 12 18 0500  444.0  444.0  444.0  444.0  444.0  444.0
2021 352 12 18 0600   -0.8  977.0    4.4   18.8   71.2  444.0
2021 352 12 18 0700   -0.1  977.7    2.6   28.6   57.6  444.0
2021 352 12 18 0800   -0.1  977.9    3.6   46.2   41.8  444.0
2021 352 12 18 0900    0.4  978.4    1.6   17.1   36.9  444.0
2021 352 12 18 1000    0.2  978.1    1.7   57.5   45.9  444.0
2021 352 12 18 1100   -0.3  978.2    2.8   58.4   40.9  444.0
2021 352 12 18 1200    0.6  978.2    6.0  217.4   39.0  444.0
2021 352 12 18 1300    1.4  976.9    9.3  183.2   21.3  444.0
2021 352 12 18 1400   -0.5  977.4    9.1  203.0   47.4  444.0
2021 352 12 18 1500  444.0  976.6    0.8  151.1   28.8  444.0
2021 352 12 18 1600    1.7  976.2    8.0  187.7   22.9  444.0
2021 352 12 18 1700  444.0  444.0  444.0  444.0  444.0  444.0
2021 352 12 18 1800    1.5  444.0   16.6  195.8   22.4  444.0
2021 352 12 18 1900    1.1  444.0   19.4  199.9   23.1  444.0
2021 352 12 18 2000    0.9  975.7   19.6  201.4   24.8  444.0
2021 352 12 18 2100    1.5  977.1   14.5  184.4   26.1  444.0
2021 352 12 18 2200    1.6  977.1    4.2  228.1   26.7  444.0
2021 352 12 18 2300    1.6  977.1    5.4   23.6   32.4  444.0
2021 353 12 19 0000    2.3  977.1    3.9  331.2   35.5  444.0
2021 353 12 19 0100    2.9  977.2    3.6  340.6  444.0  444.0
2021 353 12 19 0200  444.0  444.0  444.0  444.0  444.0  444.0
2021 353 12 19 0300   -0.3  977.9   11.5   29.2   69.1  444.0
2021 353 12 19 0400   -0.3  979.6    3.7   39.6   67.6  444.0
2021 353 12 19 0500   -0.0  979.0    3.7   40.4   61.0  444.0
2021 353 12 19 0600    0.9  978.9    2.9  347.9   47.9  444.0
2021 353 12 19 0700    1.1  978.1    1.7   61.0   50.0  444.0
2021 353 12 19 0800    1.9  977.3    2.2  330.0   51.1  444.0
2021 353 12 19 0900    2.9  977.5    1.8   35.5   53.5  444.0
2021 353 12 19 1000    2.9  977.2    3.9   60.8   30.6  444.0
2021 353 12 19 1100    2.5  977.1    6.4   80.8   31.1  444.0
2021 353 12 19 1200    2.7  977.4    5.3   83.7   26.3  444.0
2021 353 12 19 1300    2.8  977.7    3.3   55.6   27.9  444.0
2021 353 12 19 1400    2.0  977.4    3.6   83.9   31.8  444.0
2021 353 12 19 1500    2.0  977.4    4.5   92.7   30.6  444.0
2021 353 12 19 1600    2.4  977.8    2.1  139.2   33.4  444.0
2021 353 12 19 1700    2.2  977.6    1.9  150.0   37.7  444.0
2021 353 12 19 1800  444.0  444.0  444.0  444.0  444.0  444.0
2021 353 12 19 1900    1.4  977.6    3.0  206.1   56.6  444.0
2021 353 12 19 2000    1.4  977.8    3.0  211.9   51.8  444.0
2021 353 12 19 2100    1.9  977.0    4.2  214.5   47.5  444.0
2021 353 12 19 2200  444.0  977.2    0.9   53.1   41.9  444.0
2021 353 12 19 2300    3.0  977.6    1.6  328.3   44.2  444.0
2021 354 12 20 0000    3.9  977.4    4.1   51.5   28.1  444.0
2021 354 12 20 0100    3.4  977.1    4.7  333.1   42.3  444.0
2021 354 12 20 0200    4.5  977.4    3.1   80.2   35.6  444.0
2021 354 12 20 0300    4.4  977.3    2.2   41.0   28.1  444.0
2021 354 12 20 0400    4.1  977.5    2.2  237.3   33.3  444.0
2021 354 12 20 0500    6.5  977.4    2.0  211.1   19.5  444.0
2021 354 12 20 0600    4.5  977.6    2.9  220.3  444.0  444.0
2021 354 12 20 0700    5.9  977.5    1.3   85.4   20.2  444.0
2021 354 12 20 0800    5.2  977.2    7.8   52.5   30.6  444.0
2021 354 12 20 0900    3.8  977.7    2.5  210.4   37.9  444.0
2021 354 12 20 1000    4.0  977.9    0.7  215.8   34.8  444.0
2021 354 12 20 1100    2.9  977.8    2.2  272.2   42.6  444.0
2021 354 12 20 1200    1.3  977.4    2.1   20.3   59.1  444.0
2021 354 12 20 1300    3.5  977.2    0.5  149.7   53.0  444.0
2021 354 12 20 1400    2.4  976.6    3.5   46.5   44.5  444.0
2021 354 12 20 1500    1.9  976.6    0.1   75.9   48.0  444.0
2021 354 12 20 1600  444.0  976.8    1.0  107.8   38.0  444.0
2021 354 12 20 1700    1.7  444.0    5.0   26.7   54.2  444.0
2021 354 12 20 1800    3.1  976.4    3.6   62.9   32.7  444.0
2021 354 12 20 1900    3.7  976.4    2.3  101.2   32.0  444.0
2021 354 12 20 2000    4.2  976.2    4.3   90.7   27.8  444.0
2021 354 12 20 2100    4.9  976.0    3.7   57.9   22.5  444.0
2021 354 12 20 2200    4.7  976.2    1.4  240.6   29.1  444.0
2021 354 12 20 2300    4.4  976.2    1.9   21.0   29.9  444.0
2021 355 12 21 0000    5.5  976.3    2.6   26.4   21.5  444.0
2021 355 12 21 0100  444.0  444.0  444.0  444.0  444.0  444.0
2021 355 12 21 0200    4.2  976.8    2.2   22.1   32.5  444.0
2021 355 12 21 0300  444.0  444.0  444.0  444.0  444.0  444.0
2021 355 12 21 0400    4.8  976.6    3.1   56.4   29.1  444.0
2021 355 12 21 0500  444.0  444.0  444.0  444.0  444.0  444.0
2021 355 12 21 0600    4.1  976.3    4.2   37.5   30.4  444.0
2021 355 12 21 0700    2.8  976.1    5.0   40.0   39.1  444.0
2021 355 12 21 0800    1.3  976.1    2.8    5.3   67.7  444.0
2021 355 12 21 0900    1.2  975.3    2.0    6.6   70.3  444.0
2021 355 12 21 1000    4.6  974.9   10.8  203.4   25.7  444.0
2021 355 12 21 1100    3.2  974.8   13.6  202.3   48.2  444.0
2021 355 12 21 1200    2.8  444.0    5.2  160.8   28.3  444.0
2021 355 12 21 1300    2.6  974.3    8.2  184.9   23.8  444.0
2021 355 12 21 1400    2.0  974.5    9.9  198.3   31.2  444.0
2021 355 12 21 1500   -0.4  974.8    2.0  333.9   60.5  444.0
2021 355 12 21 1600   -1.7  974.8    8.4   69.3   73.4  444.0
2021 355 12 21 1700  444.0  444.0  444.0  444.0  444.0  444.0
2021 355 12 21 1800   -0.6  974.1    3.0   83.7   60.6  444.0
2021 355 12 21 1900   -1.4  974.1    8.0   60.5   68.5  444.0
2021 355 12 21 2000   -1.3  974.2    6.7   63.9   70.5  444.0
2021 355 12 21 2100   -1.6  973.7    7.8   57.9   73.0  444.0
2021 355 12 21 2200   -1.6  974.0    6.9   48.7   76.5  444.0
2021 355 12 21 2300   -1.9  973.7    8.0   51.6   79.7  444.0
2021 356 12 22 0000   -1.9  974.0    6.9   40.8   81.2  444.0
2021 356 12 22 0100   -1.6  973.7    6.5   47.7   79.3  444.0
2021 356 12 22 0200  444.0  444.0  444.0  444.0  444.0  444.0
2021 356 12 22 0300   -1.5  973.2    6.2   29.7   79.7  444.0
2021 356 12 22 0400   -1.6  972.8    5.3   24.1   78.7  444.0
2021 356 12 22 0500   -1.4  972.6    4.8   20.9   79.3  444.0
2021 356 12 22 0600   -1.2  972.7    4.2   20.5   78.6  444.0
2021 356 12 22 0700  444.0  444.0  444.0  444.0  444.0  444.0
2021 356 12 22 0800   -1.6  972.4    3.0   13.4   80.0  444.0
2021 356 12 22 0900   -2.0  972.5    2.4   22.1   82.2  444.0
2021 356 12 22 1000   -2.1  972.4    1.6    5.8   83.6  444.0
2021 356 12 22 1100  444.0  972.5    0.5  359.8   83.7  444.0
2021 356 12 22 1200   -1.9  972.4    1.5  302.1   80.1  444.0
2021 356 12 22 1300   -2.0  972.3    2.2  257.4   78.0  444.0
2021 356 12 22 1400   -2.2  972.1    1.5  219.9   78.1  444.0
2021 356 12 22 1500   -2.3  972.0    2.1  227.8   78.3  444.0
2021 356 12 22 1600  444.0  444.0  444.0  444.0  444.0  444.0
2021 356 12 22 1700   -1.9  972.0    1.9  221.1   76.6  444.0
2021 356 12 22 1800  444.0  444.0  444.0  444.0  444.0  444.0
2021 356 12 22 1900  444.0  971.9    1.2  241.2   72.8  444.0
2021 356 12 22 2000   -1.4  971.9    1.9    3.8   72.2  444.0
2021 356 12 22 2100   -2.0  971.9    4.0   17.8   77.0  444.0
2021 356 12 22 2200   -2.1  971.9    3.4   16.9   81.3  444.0
2021 356 12 22 2300   -2.1  971.9    3.4   11.5   84.6  444.0
2021 357 12 23 0000   -2.2  971.7    2.7    5.3   83.8  444.0
2021 357 12 23 0100  444.0  444.0  444.0  444.0  444.0  444.0
2021 357 12 23 0200   -1.8  971.5    3.2    4.0   81.5  444.0
2021 357 12 23 0300   -2.2  971.2    2.9    2.3   83.4  444.0
2021 357 12 23 0400   -1.7  971.0    2.4  357.5   80.6  444.0
2021 357 12 23 0500   -1.5  970.8    2.5  347.6   79.7  444.0
2021 357 12 23 0600   -1.4  970.5    2.3  335.6   78.7  444.0
2021 357 12 23 0700   -1.6  970.3    2.5  344.9   79.9  444.0
2021 357 12 23 0800   -1.9  970.2    2.4    2.3   81.2  444.0
2021 357 12 23 0900   -2.0  970.1    2.9  347.0   83.4  444.0
2021 357 12 23 1000   -2.5  970.2    2.7  351.0   85.1  444.0
2021 357 12 23 1100   -2.9  970.0    3.6  352.4   87.6  444.0
2021 357 12 23 1200   -3.0  970.1    2.7  349.3   88.2  444.0
2021 357 12 23 1300   -3.6  969.8    2.9  358.1   90.4  444.0
2021 357 12 23 1400   -3.5  969.8    2.5   15.5   90.8  444.0
2021 357 12 23 1500   -3.9  969.9    2.9   10.8   91.3  444.0
2021 357 12 23 1600   -3.9  970.2    3.3   21.9   91.8  444.0
2021 357 12 23 1700   -4.0  970.7    3.0   25.4   92.4  444.0
2021 357 12 23 1800   -3.6  971.0    3.2   38.0   89.3  444.0
2021 357 12 23 1900   -3.3  971.5    1.5  342.9   87.7  444.0
2021 357 12 23 2000   -3.7  972.1    1.9  282.3   90.2  444.0
2021 357 12 23 2100   -2.9  972.7    2.6  235.9   90.2  444.0
2021 357 12 23 2200   -2.7  973.1    2.1  254.0   88.3  444.0
2021 357 12 23 2300   -2.5  973.8    2.5  244.8   87.0  444.0
2021 358 12 24 0000   -2.5  974.2    3.9  243.2   87.9  444.0
2021 358 12 24 0100  444.0  444.0  444.0  444.0  444.0  444.0
2021 358 12 24 0200   -1.4  974.6    5.7  228.8   85.7  444.0
2021 358 12 24 0300   -1.3  974.8    7.3  226.0   86.0  444.0
2021 358 12 24 0400   -0.7  975.0    6.7  227.0   85.9  444.0
2021 358 12 24 0500   -0.2  975.4    4.1  225.4   84.5  444.0
2021 358 12 24 0600   -0.6  975.7    3.1   13.7   80.2  444.0
2021 358 12 24 0700   -1.0  976.0    3.2   24.5   81.2  444.0
2021 358 12 24 0800   -1.2  976.1    3.5   43.0   83.2  444.0
2021 358 12 24 0900   -0.7  976.2    1.2   90.4   79.7  444.0
2021 358 12 24 1000   -0.6  975.9    2.6   47.4   77.8  444.0
2021 358 12 24 1100   -0.1  975.9    1.9  246.9   78.4  444.0
2021 358 12 24 1200   -0.8  975.1    7.9  224.3   82.8  444.0
2021 358 12 24 1300    1.8  974.7    8.4  192.3   54.9  444.0
2021 358 12 24 1400    1.1  973.5   11.4  203.5   42.6  444.0
2021 358 12 24 1500  444.0  974.9    1.3  104.0   51.7  444.0
2021 358 12 24 1600   -0.1  974.9    3.1  109.2  444.0  444.0
2021 358 12 24 1700    0.4  974.2    1.5  100.7   45.0  444.0
2021 358 12 24 1800  444.0  973.8    0.8  354.4   49.5  444.0
2021 358 12 24 1900    0.4  973.5    3.5   35.7   51.3  444.0
2021 358 12 24 2000    0.6  973.0    5.3   52.6   58.4  444.0
2021 358 12 24 2100    1.0  973.3    1.5    9.8   61.6  444.0
2021 358 12 24 2200    1.2  973.5    2.8    7.7   54.5  444.0
2021 358 12 24 2300    1.3  973.2    2.2    4.9   56.1  444.0
2021 359 12 25 0000    2.2  972.7    1.2   45.1   42.9  444.0
2021 359 12 25 0100    2.0  972.3    2.3  333.6   53.6  444.0
2021 359 12 25 0200  444.0  444.0  444.0  444.0  444.0  444.0
2021 359 12 25 0300    0.9  971.6    4.8   17.1   68.6  444.0
2021 359 12 25 0400    1.0  971.2    4.1   29.1   74.3  444.0
2021 359 12 25 0500    1.7  971.0    3.2   12.8   55.9  444.0
2021 359 12 25 0600    3.2  970.7    2.8   24.5   38.1  444.0
2021 359 12 25 0700  444.0  444.0  444.0  444.0  444.0  444.0
2021 359 12 25 0800    1.8  970.6    3.4  219.7   55.4  444.0
2021 359 12 25 0900    1.4  970.5    1.5  233.1   55.9  444.0
2021 359 12 25 1000    1.0  970.7    1.8  233.3   60.8  444.0
2021 359 12 25 1100  444.0  971.1    0.6  259.8   74.4  444.0
2021 359 12 25 1200   -0.5  971.1    4.3  215.0   75.0  444.0
2021 359 12 25 1300   -0.5  971.5    3.4  223.3   75.0  444.0
2021 359 12 25 1400  444.0  444.0  444.0  444.0  444.0  444.0
2021 359 12 25 1500   -1.0  972.2    2.9  217.4   73.9  444.0
2021 359 12 25 1600  444.0  444.0  444.0  444.0  444.0  444.0
2021 359 12 25 1700   -0.7  972.8    1.9   22.1   69.2  444.0
2021 359 12 25 1800  444.0  973.1    0.3  201.7   64.6  444.0
2021 359 12 25 1900   -0.5  973.2    1.9  216.8   64.7  444.0
2021 359 12 25 2000   -1.0  973.2    4.3  220.2   77.0  444.0
2021 359 12 25 2100   -0.4  973.4    2.7  235.9   77.8  444.0
2021 359 12 25 2200   -0.7  973.7    3.6  220.6   75.8  444.0
2021 359 12 25 2300   -0.5  973.8    3.7  213.9   72.0  444.0
2021 360 12 26 0000   -0.1  973.9    4.2  223.8   65.5  444.0
2021 360 12 26 0100  444.0  444.0  444.0  444.0  444.0  444.0
2021 360 12 26 0200  444.0  444.0  444.0  444.0  444.0  444.0
2021 360 12 26 0300    1.3  973.7    4.1  229.3   39.8  444.0
2021 360 12 26 0400    1.8  973.6    3.9  224.9   38.3  444.0
2021 360 12 26 0500    1.7  973.6    3.5  232.3   43.8  444.0
2021 360 12 26 0600    1.8  973.5    2.3  258.4   38.3  444.0
2021 360 12 26 0700    1.6  973.1    5.2  225.0   42.0  444.0
2021 360 12 26 0800    1.5  973.1    5.1  228.7   39.8  444.0
2021 360 12 26 0900    0.1  973.0    3.8   35.5   63.5  444.0
2021 360 12 26 1000   -0.3  973.3    3.2   44.4   59.5  444.0
2021 360 12 26 1100  444.0  973.2    0.7   89.3   54.5  444.0
2021 360 12 26 1200  444.0  973.0    1.2   26.8   70.1  444.0
2021 360 12 26 1300  444.0  972.7    1.0   47.4   62.4  444.0
2021 360 12 26 1400  444.0  972.4    0.8   16.8   67.0  444.0
2021 360 12 26 1500  444.0  444.0  444.0  444.0  444.0  444.0
2021 360 12 26 1600   -1.2  971.9    1.6   97.5   57.8  444.0
2021 360 12 26 1700  444.0  444.0  444.0  444.0  444.0  444.0
2021 360 12 26 1800   -0.9  971.4    2.1  115.1   50.7  444.0
2021 360 12 26 1900   -1.1  971.1    2.0  118.2   48.9  444.0
2021 360 12 26 2000   -1.3  971.0    1.8    9.4   54.5  444.0
2021 360 12 26 2100   -1.8  970.8    3.6   26.7   67.3  444.0
2021 360 12 26 2200   -2.2  970.6    5.0   24.4   75.1  444.0
2021 360 12 26 2300   -2.2  970.7    5.3   26.1   78.7  444.0
2021 361 12 27 0000   -1.8  970.6    4.7   15.7   79.8  444.0
2021 361 12 27 0100  444.0  444.0  444.0  444.0  444.0  444.0
2021 361 12 27 0200   -2.4  970.5    5.2   16.4   83.8  444.0
2021 361 12 27 0300   -3.0  970.6    5.8   13.6   84.7  444.0
2021 361 12 27 0400   -3.3  970.8    4.5   12.0   88.8  444.0
2021 361 12 27 0500   -3.3  970.8    4.0   13.4   88.7  444.0
2021 361 12 27 0600   -4.3  971.2    4.6   18.8   90.2  444.0
2021 361 12 27 0700   -4.1  971.5    3.8   14.4   90.6  444.0
2021 361 12 27 0800   -4.2  971.7    2.4   12.4   90.1  444.0
2021 361 12 27 0900   -3.7  971.8    3.5   15.1   89.0  444.0
2021 361 12 27 1000   -4.5  971.8    5.3   25.2   82.7  444.0
2021 361 12 27 1100   -4.7  972.4    5.4   24.0   83.6  444.0
2021 361 12 27 1200   -4.7  972.7    5.3   27.1   76.7  444.0
2021 361 12 27 1300   -4.7  973.0    2.1   15.2   72.6  444.0
2021 361 12 27 1400  444.0  973.0    0.6  307.4   69.7  444.0
2021 361 12 27 1500  444.0  972.9    1.1  228.8   71.8  444.0
2021 361 12 27 1600   -4.4  973.1    2.0  216.0   70.7  444.0
2021 361 12 27 1700   -4.2  973.1    1.8  236.2   71.0  444.0
2021 361 12 27 1800   -3.1  972.9    3.2  222.8   72.4  444.0
2021 361 12 27 1900   -3.4  972.6    5.5  221.5   69.8  444.0
2021 361 12 27 2000   -4.2  972.5    7.2  221.8   77.7  444.0
2021 361 12 27 2100   -4.0  972.3    4.8  232.7   78.0  444.0
2021 361 12 27 2200   -4.2  972.4    7.6  222.1   74.5  444.0
2021 361 12 27 2300   -3.6  972.6    4.6  239.1   73.0  444.0
2021 362 12 28 0000   -2.7  972.1    3.5   30.1   68.1  444.0
2021 362 12 28 0100   -2.3  971.9    3.8   21.2   65.2  444.0
2021 362 12 28 0200  444.0  444.0  444.0  444.0  444.0  444.0
2021 362 12 28 0300   -2.5  971.4    8.8   17.2   74.7  444.0
2021 362 12 28 0400   -3.1  971.9    7.9   16.8   76.9  444.0
2021 362 12 28 0500   -3.0  972.3    5.5   18.5   76.6  444.0
2021 362 12 28 0600   -2.7  972.3    4.9   22.5   75.7  444.0
2021 362 12 28 0700   -2.8  972.4    3.9   16.1   75.2  444.0
2021 362 12 28 0800   -3.1  972.4    1.7  348.3   74.8  444.0
2021 362 12 28 0900   -3.3  972.4    1.6   44.1   77.0  444.0
2021 362 12 28 1000   -2.1  972.5    2.7  307.5   74.7  444.0
2021 362 12 28 1100   -2.7  972.4    2.9  327.6   78.4  444.0
2021 362 12 28 1200   -3.7  972.3    2.8    1.3   80.7  444.0
2021 362 12 28 1300   -3.6  972.0    3.7   50.8   84.2  444.0
2021 362 12 28 1400  444.0  444.0  444.0  444.0  444.0  444.0
2021 362 12 28 1500   -3.4  971.6    2.5   55.0   86.3  444.0
2021 362 12 28 1600  444.0  444.0  444.0  444.0  444.0  444.0
2021 362 12 28 1700   -3.7  971.4    2.4   51.8   87.4  444.0
2021 362 12 28 1800  444.0  444.0  444.0  444.0  444.0  444.0
2021 362 12 28 1900  444.0  971.2    0.6  227.1   78.7  444.0
2021 362 12 28 2000  444.0  971.0    1.3  304.9   77.5  444.0
2021 362 12 28 2100   -2.8  970.9    1.5  255.9   77.6  444.0
2021 362 12 28 2200   -2.3  970.6    2.5    6.9   72.1  444.0
2021 362 12 28 2300   -1.7  970.6    7.5  215.6   56.2  444.0
2021 363 12 29 0000   -1.7  970.3    9.8  219.4   61.0  444.0
2021 363 12 29 0100  444.0  444.0  444.0  444.0  444.0  444.0
2021 363 12 29 0200   -1.3  970.4    9.2  217.9   58.7  444.0
2021 363 12 29 0300   -1.3  970.3    7.2  226.5   66.9  444.0
2021 363 12 29 0400   -1.3  970.3    4.9   25.7   60.2  444.0
2021 363 12 29 0500   -1.0  970.6    5.2   26.4   64.9  444.0
2021 363 12 29 0600   -1.5  970.7    7.1   29.9   66.9  444.0
2021 363 12 29 0700   -2.1  971.0    5.8   28.7   76.3  444.0
2021 363 12 29 0800   -2.4  971.6    4.4   17.4   77.7  444.0
2021 363 12 29 0900   -2.6  972.0    4.1   16.3   77.1  444.0
2021 363 12 29 1000   -2.6  972.7    2.2    2.1   76.6  444.0
2021 363 12 29 1100   -2.6  973.3    1.5  349.6   77.3  444.0
2021 363 12 29 1200   -3.1  973.7    1.1   62.9   80.4  444.0
2021 363 12 29 1300  444.0  974.0    0.9   39.6   82.3  444.0
2021 363 12 29 1400  444.0  974.2    0.3  276.8   84.4  444.0
2021 363 12 29 1500  444.0  444.0  444.0  444.0  444.0  444.0
2021 363 12 29 1600  444.0  974.9    1.0  263.3   86.0  444.0
2021 363 12 29 1700   -2.6  975.5    1.9  226.5   85.6  444.0
2021 363 12 29 1800  444.0  976.0    0.9  253.1   84.7  444.0
2021 363 12 29 1900  444.0  976.5    0.9  322.5   85.0  444.0
2021 363 12 29 2000   -2.7  977.0    1.6  303.5   85.8  444.0
2021 363 12 29 2100   -2.5  977.2    2.0  353.8   90.5  444.0
2021 363 12 29 2200   -2.4  977.6    3.6    1.6   90.1  444.0
2021 363 12 29 2300   -2.4  978.0    3.1   10.6   87.0  444.0
2021 364 12 30 0000   -3.0  978.4    5.6   14.6   89.2  444.0
2021 364 12 30 0100   -3.0  978.5    7.3   29.5   89.1  444.0
2021 364 12 30 0200   -2.8  979.0    6.5   31.1   86.9  444.0
2021 364 12 30 0300   -2.9  979.3    5.4   30.3   87.4  444.0
2021 364 12 30 0400   -2.7  979.6    4.3   32.9   85.9  444.0
2021 364 12 30 0500   -2.6  979.9    3.7   22.5   84.7  444.0
2021 364 12 30 0600   -2.4  980.3    3.6   27.0   83.7  444.0
2021 364 12 30 0700   -1.8  980.6    1.8   20.1   80.4  444.0
2021 364 12 30 0800   -2.2  980.8    3.2   30.4   80.7  444.0
2021 364 12 30 0900   -2.2  981.1    3.8    2.3   81.5  444.0
2021 364 12 30 1000   -2.5  981.4    3.6   12.8   83.1  444.0
2021 364 12 30 1100   -2.5  981.7    2.9   59.5   83.8  444.0
2021 364 12 30 1200   -2.6  982.1    2.3   39.5   84.8  444.0
2021 364 12 30 1300   -3.0  982.2    2.9   25.6   87.4  444.0
2021 364 12 30 1400   -2.8  982.2    3.3   34.9   89.2  444.0
2021 364 12 30 1500   -2.7  982.3    3.5   33.5   87.6  444.0
2021 364 12 30 1600   -3.0  982.5    3.9   69.2   78.4  444.0
2021 364 12 30 1700   -2.7  982.6    4.4   37.2   77.3  444.0
2021 364 12 30 1800   -2.4  982.9    2.4   25.2   73.0  444.0
2021 364 12 30 1900   -2.3  983.0    2.6   41.7   69.2  444.0
2021 364 12 30 2000   -1.7  983.1    1.6   43.9   70.5  444.0
2021 364 12 30 2100   -1.7  983.1    1.2  284.8   71.8  444.0
2021 364 12 30 2200   -1.3  982.8    2.5  230.9   71.6  444.0
2021 364 12 30 2300   -0.9  983.0    3.5  220.1   61.9  444.0
2021 365 12 31 0000   -0.6  982.9    3.8  223.4   66.6  444.0
2021 365 12 31 0100   -0.4  982.6    4.1  221.0   63.5  444.0
2021 365 12 31 0200  444.0  444.0  444.0  444.0  444.0  444.0
2021 365 12 31 0300   -0.8  982.2    4.0  220.7   71.7  444.0
2021 365 12 31 0400   -0.2  982.1    2.5  235.5   71.1  444.0
2021 365 12 31 0500    0.2  982.1    1.9  354.9   70.3  444.0
2021 365 12 31 0600   -0.9  981.9    3.2   11.2   75.6  444.0
2021 365 12 31 0700   -0.9  981.7    2.7  359.9   75.5  444.0
2021 365 12 31 0800   -0.9  981.4    2.3   10.0   70.9  444.0
2021 365 12 31 0900  444.0  981.3    1.4  333.0   60.2  444.0
2021 365 12 31 1000   -0.8  981.2    1.5    6.7   56.6  444.0
2021 365 12 31 1100   -1.6  981.1    2.7  114.7   44.0  444.0
2021 365 12 31 1200   -1.5  981.1    1.9  120.1   42.1  444.0
2021 365 12 31 1300   -2.0  981.0    2.5  120.6   43.0  444.0
2021 365 12 31 1400  444.0  444.0  444.0  444.0  444.0  444.0
2021 365 12 31 1500   -2.2  980.6    1.3  117.4   44.1  444.0
2021 365 12 31 1600   -2.6  980.3    2.1  121.0   42.8  444.0
2021 365 12 31 1700   -2.1  980.2    1.9   57.2   43.5  444.0
2021 365 12 31 1800  444.0  444.0  444.0  444.0  444.0  444.0
2021 365 12 31 1900  444.0  979.9    0.2  136.9   32.3  444.0
2021 365 12 31 2000   -0.8  979.9    2.2   76.8   42.2  444.0
2021 365 12 31 2100   -1.0  979.9    4.1   56.3   50.1  444.0
2021 365 12 31 2200   -1.4  980.2    3.4   51.6   54.4  444.0
2021 365 12 31 2300   -0.4  980.1    3.7   25.1   52.8  444.0
