Year: 2021  Month: 01  ID: CBD  ARGOS: 99609  Name: Cape Bird           
Lat: 77.22S  Lon: 166.44E  Elev:   38m
2021   1  1  1 0000   -2.4  967.3   12.8  205.5   61.1  444.0
2021   1  1  1 0100   -0.3  965.8   10.1  205.4   44.6  444.0
2021   1  1  1 0200    0.2  444.0   17.1  211.3   35.1  444.0
2021   1  1  1 0300    0.3  964.8   17.9  202.2   34.5  444.0
2021   1  1  1 0400    0.6  965.4   17.7  203.1   35.8  444.0
2021   1  1  1 0500    0.3  966.2   17.4  199.6   36.2  444.0
2021   1  1  1 0600   -0.2  965.2   18.1  194.0   37.8  444.0
2021   1  1  1 0700    0.4  966.3   14.2  202.6   35.1  444.0
2021   1  1  1 0800   -0.8  966.1   17.0  190.4   39.0  444.0
2021   1  1  1 0900    0.3  966.4   13.5  193.9   30.6  444.0
2021   1  1  1 1000   -0.2  444.0   15.9  197.5   32.1  444.0
2021   1  1  1 1100   -0.3  967.2    8.7  188.2   31.8  444.0
2021   1  1  1 1200  444.0  444.0  444.0  444.0  444.0  444.0
2021   1  1  1 1300   -1.9  966.5    2.5  118.5   50.8  444.0
2021   1  1  1 1400   -1.5  966.9    1.6   79.3   50.8  444.0
2021   1  1  1 1500   -2.1  967.0    1.7   55.5   59.2  444.0
2021   1  1  1 1600   -2.1  966.7    2.1   80.2   61.9  444.0
2021   1  1  1 1700   -2.5  966.5    5.7   69.8   65.1  444.0
2021   1  1  1 1800   -2.7  967.0    4.3  211.4   63.1  444.0
2021   1  1  1 1900   -3.5  966.6    4.3  225.0   70.1  444.0
2021   1  1  1 2000   -1.5  965.9    5.9   75.7   51.8  444.0
2021   1  1  1 2100   -0.7  966.7    3.3   86.2   53.3  444.0
2021   1  1  1 2200   -2.2  966.8    7.1  215.9   53.7  444.0
2021   1  1  1 2300   -1.4  966.3    5.4   35.5   64.0  444.0
2021   2  1  2 0000   -1.2  966.6    3.2   11.5   66.5  444.0
2021   2  1  2 0100   -1.1  966.4    3.4    7.4   69.0  444.0
2021   2  1  2 0200   -0.6  966.2    1.1  300.6   60.4  444.0
2021   2  1  2 0300   -0.8  965.6    4.8   14.6   47.6  444.0
2021   2  1  2 0400   -0.7  965.2    8.3   33.9   57.3  444.0
2021   2  1  2 0500   -0.4  966.4    4.0  343.8   55.0  444.0
2021   2  1  2 0600   -0.7  966.7    2.8  332.5   55.4  444.0
2021   2  1  2 0700   -0.8  966.8    3.4  345.5   57.9  444.0
2021   2  1  2 0800   -0.9  966.8    3.4   28.2   53.9  444.0
2021   2  1  2 0900   -0.9  966.5    3.4   63.5   58.3  444.0
2021   2  1  2 1000   -0.7  966.6    0.9    9.5   50.6  444.0
2021   2  1  2 1100  444.0  444.0  444.0  444.0  444.0  444.0
2021   2  1  2 1200   -1.5  965.3   13.6  222.1   54.1  444.0
2021   2  1  2 1300   -2.0  965.1   13.4  221.6   56.0  444.0
2021   2  1  2 1400   -0.9  964.6   15.6  204.9   30.5  444.0
2021   2  1  2 1500   -1.7  964.9   13.6  210.6   45.7  444.0
2021   2  1  2 1600   -1.4  964.8   14.0  212.6   43.2  444.0
2021   2  1  2 1700   -1.2  964.6   13.7  209.5   30.4  444.0
2021   2  1  2 1800   -1.0  965.0   13.1  200.4   37.5  444.0
2021   2  1  2 1900   -1.2  965.0   12.2  213.8   51.6  444.0
2021   2  1  2 2000   -0.7  964.5   16.4  204.5   38.6  444.0
2021   2  1  2 2100   -1.7  964.8   12.0  195.6   51.5  444.0
2021   2  1  2 2200   -2.5  965.8   15.4  179.7   69.7  444.0
2021   2  1  2 2300   -2.4  965.4   16.9  191.4   74.2  444.0
2021   3  1  3 0000   -0.9  964.5   14.2  192.2   68.9  444.0
2021   3  1  3 0100  444.0  444.0  444.0  444.0  444.0  444.0
2021   3  1  3 0200   -1.3  964.4   17.8  200.2   64.7  444.0
2021   3  1  3 0300  444.0  444.0  444.0  444.0  444.0  444.0
2021   3  1  3 0400   -0.9  966.5    9.6  184.9   61.3  444.0
2021   3  1  3 0500   -0.5  965.7    8.7  191.3   57.8  444.0
2021   3  1  3 0600   -1.6  966.6   15.4  192.7   71.4  444.0
2021   3  1  3 0700   -2.3  966.1    6.7  167.1   75.9  444.0
2021   3  1  3 0800   -0.7  966.1    7.8  197.0   55.4  444.0
2021   3  1  3 0900   -0.6  966.5    7.6  191.4   52.1  444.0
2021   3  1  3 1000   -0.6  966.6    5.8  169.7   50.7  444.0
2021   3  1  3 1100   -0.2  444.0   16.9  200.5   48.7  444.0
2021   3  1  3 1200   -0.4  966.5   17.0  192.0   51.0  444.0
2021   3  1  3 1300   -0.4  966.5    9.4  176.0   48.4  444.0
2021   3  1  3 1400   -0.9  965.2    8.9   61.1   58.6  444.0
2021   3  1  3 1500   -0.8  966.7    3.3   38.6   60.5  444.0
2021   3  1  3 1600   -0.2  966.3    4.9   45.8   59.6  444.0
2021   3  1  3 1700    0.8  966.3    0.5  172.6   41.2  444.0
2021   3  1  3 1800    1.1  965.3   10.4  188.2   33.0  444.0
2021   3  1  3 1900    1.4  965.9   11.0  190.1   33.0  444.0
2021   3  1  3 2000    1.6  965.9   11.1  203.8   30.9  444.0
2021   3  1  3 2100    1.2  965.5   10.2  218.7   34.6  444.0
2021   3  1  3 2200    1.0  965.6   10.6  209.8   40.6  444.0
2021   3  1  3 2300    1.2  965.7   10.1  217.4   46.0  444.0
2021   4  1  4 0000    2.5  965.7   10.5  208.3   32.3  444.0
2021   4  1  4 0100    2.4  965.8   13.1  198.4   26.0  444.0
2021   4  1  4 0200  444.0  444.0  444.0  444.0  444.0  444.0
2021   4  1  4 0300    0.8  964.1   16.2  210.6   51.4  444.0
2021   4  1  4 0400   -0.6  964.9   16.1  217.8   67.9  444.0
2021   4  1  4 0500   -0.4  962.8   18.2  219.0   63.6  444.0
2021   4  1  4 0600   -0.6  964.1   18.9  224.3   63.5  444.0
2021   4  1  4 0700    0.9  964.2   13.5  213.2   45.8  444.0
2021   4  1  4 0800    1.3  964.9   11.1  210.3   45.1  444.0
2021   4  1  4 0900    0.6  965.3   13.0  209.0   58.2  444.0
2021   4  1  4 1000  444.0  444.0  444.0  444.0  444.0  444.0
2021   4  1  4 1100    0.2  964.6   16.7  204.5   56.1  444.0
2021   4  1  4 1200  444.0  444.0  444.0  444.0  444.0  444.0
2021   4  1  4 1300   -1.1  965.4   17.9  187.1   60.8  444.0
2021   4  1  4 1400    0.8  965.6   20.5  192.2   42.0  444.0
2021   4  1  4 1500    1.3  444.0   20.5  201.0   32.8  444.0
2021   4  1  4 1600    1.8  966.6   20.4  196.9   31.3  444.0
2021   4  1  4 1700    0.7  967.4   15.3  196.6   47.9  444.0
2021   4  1  4 1800   -2.4  967.7   16.3  182.7   70.1  444.0
2021   4  1  4 1900   -1.0  969.3    4.9  214.1   63.0  444.0
2021   4  1  4 2000   -0.8  970.2    3.4   31.5   73.0  444.0
2021   4  1  4 2100   -0.9  969.7    7.2   53.1   76.1  444.0
2021   4  1  4 2200   -0.7  971.6    3.5   66.7   78.0  444.0
2021   4  1  4 2300   -0.0  971.7    5.3   41.0   76.1  444.0
2021   5  1  5 0000   -0.6  972.0    3.4   35.6   76.4  444.0
2021   5  1  5 0100   -0.2  972.3    5.4   33.9   76.4  444.0
2021   5  1  5 0200   -0.4  972.2    6.1    9.2   75.4  444.0
2021   5  1  5 0300   -0.1  971.8    7.9   43.8   74.3  444.0
2021   5  1  5 0400    0.1  972.4    7.6   26.3   75.0  444.0
2021   5  1  5 0500   -0.7  972.6    6.4   33.9   77.8  444.0
2021   5  1  5 0600   -0.8  972.8    4.6    9.3   78.0  444.0
2021   5  1  5 0700   -1.4  972.7    5.0   37.3   82.6  444.0
2021   5  1  5 0800   -1.1  972.7    4.0   25.1   82.1  444.0
2021   5  1  5 0900   -1.2  972.5    2.9   45.2   80.8  444.0
2021   5  1  5 1000  444.0  444.0  444.0  444.0  444.0  444.0
2021   5  1  5 1100  444.0  444.0  444.0  444.0  444.0  444.0
2021   5  1  5 1200   -0.8  972.4    1.0  313.8   76.2  444.0
2021   5  1  5 1300   -1.0  972.2    0.5  216.5   77.2  444.0
2021   5  1  5 1400  444.0  444.0  444.0  444.0  444.0  444.0
2021   5  1  5 1500   -0.7  971.7    0.9  348.0   77.3  444.0
2021   5  1  5 1600  444.0  444.0  444.0  444.0  444.0  444.0
2021   5  1  5 1700   -0.8  971.5    1.8  269.6   75.5  444.0
2021   5  1  5 1800   -0.9  971.5    0.9  294.7   78.3  444.0
2021   5  1  5 1900   -0.3  971.7    1.0  292.7   78.2  444.0
2021   5  1  5 2000   -0.6  971.8    1.5  269.2   78.0  444.0
2021   5  1  5 2100   -0.8  971.9    1.7  246.7   77.7  444.0
2021   5  1  5 2200   -0.3  971.7    1.7  244.0   77.0  444.0
2021   5  1  5 2300  444.0  444.0  444.0  444.0  444.0  444.0
2021   6  1  6 0000    0.7  971.4    1.8  333.6   74.4  444.0
2021   6  1  6 0100  444.0  444.0  444.0  444.0  444.0  444.0
2021   6  1  6 0200    1.0  971.2    2.2  349.7   72.5  444.0
2021   6  1  6 0300  444.0  444.0  444.0  444.0  444.0  444.0
2021   6  1  6 0400    1.7  970.6    4.2   16.5   64.6  444.0
2021   6  1  6 0500    0.8  970.5    6.8   17.0   67.4  444.0
2021   6  1  6 0600    0.3  970.9    5.2   27.2   68.9  444.0
2021   6  1  6 0700    0.1  971.2    1.8  339.9   69.3  444.0
2021   6  1  6 0800    0.5  971.2    3.6    0.6   67.2  444.0
2021   6  1  6 0900  444.0  444.0  444.0  444.0  444.0  444.0
2021   6  1  6 1000  444.0  444.0  444.0  444.0  444.0  444.0
2021   6  1  6 1100   -0.5  971.5    2.9    6.4   71.3  444.0
2021   6  1  6 1200   -0.5  971.5    2.1  347.7   70.7  444.0
2021   6  1  6 1300   -0.7  971.5    3.7   31.1   72.1  444.0
2021   6  1  6 1400   -0.7  971.5    1.4    1.4   69.9  444.0
2021   6  1  6 1500   -0.4  971.3    3.0  211.2   69.1  444.0
2021   6  1  6 1600   -0.9  971.3    1.7  121.9   64.8  444.0
2021   6  1  6 1700    0.3  971.4    0.0    0.0   59.7  444.0
2021   6  1  6 1800   -0.7  971.5    2.0  124.0   65.0  444.0
2021   6  1  6 1900    0.0  971.6    1.6   32.6   63.8  444.0
2021   6  1  6 2000    0.7  971.7    1.1  225.1   60.3  444.0
2021   6  1  6 2100    0.1  971.8    1.7   11.4   62.3  444.0
2021   6  1  6 2200    0.2  971.9    2.3    9.3   65.1  444.0
2021   6  1  6 2300    0.4  972.0    0.6  320.7   65.5  444.0
2021   7  1  7 0000    0.2  971.2    1.8  275.8   72.7  444.0
2021   7  1  7 0100    1.6  970.7    3.0   29.0   60.5  444.0
2021   7  1  7 0200    1.2  444.0    6.8   43.2   60.7  444.0
2021   7  1  7 0300    0.7  970.3    5.0   27.3   67.1  444.0
2021   7  1  7 0400    0.9  970.6    2.6  344.0   69.1  444.0
2021   7  1  7 0500    1.2  970.9    3.3   21.4   56.2  444.0
2021   7  1  7 0600    1.1  970.6    3.7   82.7   59.3  444.0
2021   7  1  7 0700    1.3  970.3    6.2   77.0   54.6  444.0
2021   7  1  7 0800    2.2  969.6   11.7  205.1   47.6  444.0
2021   7  1  7 0900    2.2  970.3   12.6  197.5   36.4  444.0
2021   7  1  7 1000  444.0  444.0  444.0  444.0  444.0  444.0
2021   7  1  7 1100    0.9  970.7    5.1  222.3   47.4  444.0
2021   7  1  7 1200    1.6  970.6    7.9  198.4   37.5  444.0
2021   7  1  7 1300   -0.3  970.9    4.6   52.9   65.8  444.0
2021   7  1  7 1400   -1.0  971.1    3.4   45.0   71.5  444.0
2021   7  1  7 1500   -1.9  971.4    6.6   53.9   78.9  444.0
2021   7  1  7 1600   -1.7  971.5    4.7   45.4   80.1  444.0
2021   7  1  7 1700   -1.5  971.3    6.0   42.6   80.8  444.0
2021   7  1  7 1800   -1.7  972.1    4.6   49.1   83.7  444.0
2021   7  1  7 1900   -1.5  972.2    4.4   25.9   82.7  444.0
2021   7  1  7 2000   -1.8  972.4    6.1   47.6   84.8  444.0
2021   7  1  7 2100   -1.9  972.9    5.1   42.2   85.2  444.0
2021   7  1  7 2200   -2.0  973.3    4.7   40.3   85.0  444.0
2021   7  1  7 2300   -1.5  973.2    4.0   25.7   83.7  444.0
2021   8  1  8 0000   -1.8  973.0    6.4   52.2   82.9  444.0
2021   8  1  8 0100   -1.7  973.2    6.8   48.2   83.5  444.0
2021   8  1  8 0200   -2.0  973.7    5.4   34.8   83.0  444.0
2021   8  1  8 0300   -2.3  973.7    7.5   52.5   85.2  444.0
2021   8  1  8 0400   -2.4  973.8    5.3   44.9   85.6  444.0
2021   8  1  8 0500   -2.2  974.0    5.3   34.6   84.8  444.0
2021   8  1  8 0600   -2.3  974.3    5.3   44.0   85.5  444.0
2021   8  1  8 0700   -2.3  974.5    4.7   44.2   85.7  444.0
2021   8  1  8 0800   -2.1  975.0    3.8   43.8   85.7  444.0
2021   8  1  8 0900   -1.5  975.3    4.2   18.5   83.4  444.0
2021   8  1  8 1000   -1.5  975.3    3.5    1.9   82.0  444.0
2021   8  1  8 1100  444.0  444.0  444.0  444.0  444.0  444.0
2021   8  1  8 1200   -1.6  975.6    3.9    6.4   85.7  444.0
2021   8  1  8 1300   -1.7  976.1    2.1  356.5   86.6  444.0
2021   8  1  8 1400   -1.5  975.9    0.5  224.8   85.3  444.0
2021   8  1  8 1500   -1.3  975.5    3.2  222.8   81.6  444.0
2021   8  1  8 1600   -1.2  975.0    7.3  221.8   79.0  444.0
2021   8  1  8 1700   -1.1  975.1    7.9  208.8   72.1  444.0
2021   8  1  8 1800   -1.6  975.3    8.0  207.5   69.7  444.0
2021   8  1  8 1900   -1.0  975.7    6.2  206.7   65.9  444.0
2021   8  1  8 2000    0.0  975.5    7.5  205.6   60.0  444.0
2021   8  1  8 2100    0.7  975.3    6.4  203.2   55.0  444.0
2021   8  1  8 2200    0.5  974.9   11.1  223.5   61.6  444.0
2021   8  1  8 2300  444.0  444.0  444.0  444.0  444.0  444.0
2021   9  1  9 0000    2.6  974.1   11.8  199.1   39.2  444.0
2021   9  1  9 0100    1.6  974.5    5.2  205.4   46.6  444.0
2021   9  1  9 0200    2.5  975.3    1.8  304.8   36.0  444.0
2021   9  1  9 0300  444.0  444.0  444.0  444.0  444.0  444.0
2021   9  1  9 0400    2.6  972.8   17.5  194.8   38.8  444.0
2021   9  1  9 0500    1.4  971.8   18.4  203.3   50.9  444.0
2021   9  1  9 0600    0.9  973.3   17.0  192.8   54.9  444.0
2021   9  1  9 0700    0.5  974.0   17.4  185.3   50.4  444.0
2021   9  1  9 0800   -0.0  974.3   14.0  189.3   59.0  444.0
2021   9  1  9 0900    0.5  972.6   18.7  194.8   52.1  444.0
2021   9  1  9 1000  444.0  444.0  444.0  444.0  444.0  444.0
2021   9  1  9 1100   -1.2  975.6    6.4   36.2   72.9  444.0
2021   9  1  9 1200   -1.1  975.9    6.8   49.5   74.1  444.0
2021   9  1  9 1300   -1.2  977.1    4.5   27.0   74.7  444.0
2021   9  1  9 1400   -1.6  977.8    5.6   52.3   75.8  444.0
2021   9  1  9 1500   -2.3  978.5    4.6   47.5   76.5  444.0
2021   9  1  9 1600   -3.0  979.3    3.3   48.9   87.4  444.0
2021   9  1  9 1700   -2.4  979.1    6.8   27.0   91.4  444.0
2021   9  1  9 1800   -2.1  980.0    5.3   34.4   89.9  444.0
2021   9  1  9 1900   -2.3  980.9    2.2  270.3   84.8  444.0
2021   9  1  9 2000   -2.0  980.7    4.3   46.6   80.0  444.0
2021   9  1  9 2100   -1.5  981.7    4.3  217.6   75.7  444.0
2021   9  1  9 2200   -0.9  982.0    5.2  223.8   70.8  444.0
2021   9  1  9 2300   -0.0  982.3    0.6  278.8   67.0  444.0
2021  10  1 10 0000  444.0  444.0  444.0  444.0  444.0  444.0
2021  10  1 10 0100   -0.8  982.3    4.0   18.3   71.7  444.0
2021  10  1 10 0200    0.6  982.6    5.2   47.6   51.0  444.0
2021  10  1 10 0300    0.4  983.1    3.3   48.3   52.1  444.0
2021  10  1 10 0400    0.5  983.4    3.8   28.4   60.8  444.0
2021  10  1 10 0500   -0.3  983.6    3.1    1.5   69.3  444.0
2021  10  1 10 0600   -0.7  983.8    4.7  346.0   72.5  444.0
2021  10  1 10 0700   -1.2  984.0    4.1   45.2   75.3  444.0
2021  10  1 10 0800   -1.2  983.9    4.1   42.2   77.8  444.0
2021  10  1 10 0900  444.0  444.0  444.0  444.0  444.0  444.0
2021  10  1 10 1000   -1.4  983.5    5.0   38.8   77.2  444.0
2021  10  1 10 1100   -1.5  983.2    4.9   35.3   78.8  444.0
2021  10  1 10 1200   -1.5  982.9    3.9   21.2   79.7  444.0
2021  10  1 10 1300   -1.7  982.5    4.7   10.1   79.5  444.0
2021  10  1 10 1400   -1.9  982.7    3.6   58.8   78.2  444.0
2021  10  1 10 1500   -1.8  982.4    2.7   83.5   76.2  444.0
2021  10  1 10 1600   -1.4  982.1    2.4   38.6   78.2  444.0
2021  10  1 10 1700   -1.3  982.1    2.4  240.7   79.3  444.0
2021  10  1 10 1800   -0.3  982.0    0.2  211.2   80.3  444.0
2021  10  1 10 1900   -0.8  981.8    3.5  133.5   67.9  444.0
2021  10  1 10 2000    0.0  981.9    2.5  251.0   52.0  444.0
2021  10  1 10 2100    0.0  981.9    2.7  251.9   51.1  444.0
2021  10  1 10 2200    0.4  981.9    1.6  228.4   52.7  444.0
2021  10  1 10 2300    0.4  981.9    1.7  246.3   62.0  444.0
2021  11  1 11 0000    0.7  982.1    2.1  244.3   61.1  444.0
2021  11  1 11 0100    0.3  982.2    2.9  244.5   65.5  444.0
2021  11  1 11 0200    0.7  982.4    3.2  247.4   65.4  444.0
2021  11  1 11 0300    0.8  982.5    2.2  259.9   60.3  444.0
2021  11  1 11 0400    0.7  982.7    2.2  339.5   60.3  444.0
2021  11  1 11 0500   -0.1  982.7    3.3   14.3   73.0  444.0
2021  11  1 11 0600   -0.3  983.1    3.6   19.0   75.0  444.0
2021  11  1 11 0700   -0.5  983.2    4.1   23.0   76.1  444.0
2021  11  1 11 0800   -0.6  983.4    4.0   28.8   75.7  444.0
2021  11  1 11 0900   -0.9  983.6    3.5   34.3   75.5  444.0
2021  11  1 11 1000   -0.7  983.9    2.6   40.4   73.2  444.0
2021  11  1 11 1100  444.0  444.0  444.0  444.0  444.0  444.0
2021  11  1 11 1200   -0.7  984.4    2.8   54.0   70.0  444.0
2021  11  1 11 1300   -0.8  984.5    3.7   55.0   67.1  444.0
2021  11  1 11 1400   -0.9  984.7    4.4   50.9   66.9  444.0
2021  11  1 11 1500   -1.2  984.8    5.1   53.1   68.9  444.0
2021  11  1 11 1600   -0.8  984.9    4.6   53.6   63.7  444.0
2021  11  1 11 1700   -0.8  985.3    2.0   58.7   65.5  444.0
2021  11  1 11 1800   -1.2  985.5    0.7   43.9   72.4  444.0
2021  11  1 11 1900   -1.6  985.3    3.5   30.7   75.2  444.0
2021  11  1 11 2000   -1.5  985.5    4.9   49.5   76.6  444.0
2021  11  1 11 2100   -1.6  985.7    3.9   23.3   77.4  444.0
2021  11  1 11 2200   -1.8  985.8    5.4   52.3   78.2  444.0
2021  11  1 11 2300  444.0  444.0  444.0  444.0  444.0  444.0
2021  12  1 12 0000   -2.2  985.9    7.3   24.6   81.7  444.0
2021  12  1 12 0100   -2.6  985.9    6.6   28.4   89.0  444.0
2021  12  1 12 0200   -2.0  985.6    6.8   30.5   82.2  444.0
2021  12  1 12 0300  444.0  444.0  444.0  444.0  444.0  444.0
2021  12  1 12 0400   -1.7  985.2    6.6   52.2   76.5  444.0
2021  12  1 12 0500   -1.9  985.2    5.5   38.6   78.7  444.0
2021  12  1 12 0600   -2.1  985.1    5.4   51.1   85.2  444.0
2021  12  1 12 0700   -2.0  985.1    4.9   59.4   84.6  444.0
2021  12  1 12 0800   -1.7  985.0    4.0   51.9   77.8  444.0
2021  12  1 12 0900   -1.9  984.9    2.9   66.8   81.9  444.0
2021  12  1 12 1000  444.0  444.0  444.0  444.0  444.0  444.0
2021  12  1 12 1100   -1.9  984.5    2.7   55.4   85.2  444.0
2021  12  1 12 1200   -1.7  984.3    3.2   51.9   85.8  444.0
2021  12  1 12 1300   -1.3  984.0    1.1   71.9   85.4  444.0
2021  12  1 12 1400   -2.4  983.8    3.2  124.6   80.5  444.0
2021  12  1 12 1500   -2.3  983.5    2.5  120.1   77.2  444.0
2021  12  1 12 1600   -2.1  983.2    3.0  156.3   73.5  444.0
2021  12  1 12 1700   -1.9  982.9    4.5  160.8   68.9  444.0
2021  12  1 12 1800   -1.6  982.8    3.1  157.0   58.8  444.0
2021  12  1 12 1900   -1.3  982.8    2.3  152.4   67.6  444.0
2021  12  1 12 2000   -1.5  982.8    2.7  124.0   69.0  444.0
2021  12  1 12 2100   -1.4  982.7    2.7  122.3   61.5  444.0
2021  12  1 12 2200    0.3  982.6    1.5   32.6   58.9  444.0
2021  12  1 12 2300   -0.1  982.4    1.6  272.2   63.7  444.0
2021  13  1 13 0000  444.0  444.0  444.0  444.0  444.0  444.0
2021  13  1 13 0100    0.8  981.8    6.3  228.5   56.4  444.0
2021  13  1 13 0200  444.0  444.0  444.0  444.0  444.0  444.0
2021  13  1 13 0300    1.2  981.2    6.9  227.1   53.9  444.0
2021  13  1 13 0400    0.3  981.4    6.6  225.3   54.7  444.0
2021  13  1 13 0500    0.7  981.2    7.8  226.6   56.9  444.0
2021  13  1 13 0600    1.2  981.3    5.6  239.6   50.3  444.0
2021  13  1 13 0700    1.6  981.3    7.4  227.3   41.2  444.0
2021  13  1 13 0800    1.9  981.0    5.7  232.8   44.3  444.0
2021  13  1 13 0900  444.0  444.0  444.0  444.0  444.0  444.0
2021  13  1 13 1000    0.7  981.2    3.0  254.9   52.4  444.0
2021  13  1 13 1100   -0.1  981.3    1.5  111.3   49.9  444.0
2021  13  1 13 1200   -0.0  981.2    1.9   60.0   46.1  444.0
2021  13  1 13 1300   -0.5  980.9    3.4   83.9   41.4  444.0
2021  13  1 13 1400    0.2  980.5    3.7   65.6   34.9  444.0
2021  13  1 13 1500   -0.5  980.5    3.4   63.9   38.0  444.0
2021  13  1 13 1600   -0.9  980.4    4.1  102.7   37.8  444.0
2021  13  1 13 1700   -0.8  980.6    2.4  113.0   36.4  444.0
2021  13  1 13 1800    0.1  980.8    2.9  213.0   54.1  444.0
2021  13  1 13 1900   -0.1  980.6    2.4  113.9   36.8  444.0
2021  13  1 13 2000    0.6  980.8    2.1  100.8   36.2  444.0
2021  13  1 13 2100    0.4  981.1    2.3   43.6   48.3  444.0
2021  13  1 13 2200    0.6  981.3    2.8   18.6   45.6  444.0
2021  13  1 13 2300    1.0  981.5    2.0    4.8   49.3  444.0
2021  14  1 14 0000    1.4  981.5    4.0   49.4   50.5  444.0
2021  14  1 14 0100    0.2  981.7    7.6   35.9   66.4  444.0
2021  14  1 14 0200    0.3  982.0    7.0   35.2   62.8  444.0
2021  14  1 14 0300   -0.4  982.4    5.8   45.5   66.4  444.0
2021  14  1 14 0400   -0.4  982.7    3.8  355.8   65.6  444.0
2021  14  1 14 0500   -1.5  982.6    3.4   37.5   74.5  444.0
2021  14  1 14 0600   -0.7  982.4    1.5    7.9   75.0  444.0
2021  14  1 14 0700    0.3  981.4   11.9  221.3   57.8  444.0
2021  14  1 14 0800   -1.4  981.5   10.9  206.0   56.4  444.0
2021  14  1 14 0900    0.7  981.0    9.9  202.6   44.4  444.0
2021  14  1 14 1000    0.3  981.8    1.3  296.5   49.0  444.0
2021  14  1 14 1100   -2.0  982.4    7.7   33.0   71.9  444.0
2021  14  1 14 1200  444.0  444.0  444.0  444.0  444.0  444.0
2021  14  1 14 1300   -2.6  982.7    4.2   12.3   78.7  444.0
2021  14  1 14 1400   -2.6  982.4    2.4   70.5   82.8  444.0
2021  14  1 14 1500   -1.3  980.8   10.7  211.0   63.6  444.0
2021  14  1 14 1600   -1.8  981.0    9.9  208.7   62.3  444.0
2021  14  1 14 1700   -1.8  980.9   10.8  216.5   60.9  444.0
2021  14  1 14 1800   -2.3  980.7   12.6  213.7   63.7  444.0
2021  14  1 14 1900   -2.4  980.6   13.4  210.6   56.5  444.0
2021  14  1 14 2000   -2.3  979.9   15.4  216.7   68.5  444.0
2021  14  1 14 2100   -2.5  980.2   17.2  219.1   67.6  444.0
2021  14  1 14 2200   -2.3  979.6   15.0  212.6   63.2  444.0
2021  14  1 14 2300  444.0  444.0  444.0  444.0  444.0  444.0
2021  15  1 15 0000   -2.4  981.8    3.1  344.4   71.3  444.0
2021  15  1 15 0100  444.0  444.0  444.0  444.0  444.0  444.0
2021  15  1 15 0200   -3.0  981.3    8.1   52.4   76.8  444.0
2021  15  1 15 0300   -2.5  980.9    6.7   56.6   77.4  444.0
2021  15  1 15 0400   -3.0  981.2    3.9   13.2   80.0  444.0
2021  15  1 15 0500   -2.3  980.9    6.7  214.4   76.1  444.0
2021  15  1 15 0600   -2.4  980.4    8.9  206.2   66.9  444.0
2021  15  1 15 0700   -1.3  980.2    9.8  203.9   47.0  444.0
2021  15  1 15 0800   -1.2  980.2    8.9  199.5   45.1  444.0
2021  15  1 15 0900   -1.8  980.5    8.1  191.4   49.0  444.0
2021  15  1 15 1000  444.0  444.0  444.0  444.0  444.0  444.0
2021  15  1 15 1100   -4.4  980.5    7.6  211.2   70.8  444.0
2021  15  1 15 1200   -3.9  980.4    1.1  186.9   68.8  444.0
2021  15  1 15 1300  444.0  444.0  444.0  444.0  444.0  444.0
2021  15  1 15 1400   -3.0  980.0    1.5  252.7   66.9  444.0
2021  15  1 15 1500   -3.9  979.7    5.9   46.7   73.1  444.0
2021  15  1 15 1600  444.0  444.0  444.0  444.0  444.0  444.0
2021  15  1 15 1700   -3.4  980.5    4.8   30.9   79.0  444.0
2021  15  1 15 1800   -3.2  980.5    4.2   22.3   77.5  444.0
2021  15  1 15 1900   -2.7  980.8    3.6   30.8   78.0  444.0
2021  15  1 15 2000   -2.6  980.7    4.1   36.4   76.1  444.0
2021  15  1 15 2100   -2.8  981.0    2.7   33.7   75.0  444.0
2021  15  1 15 2200   -1.6  981.2    1.7  338.6   72.2  444.0
2021  15  1 15 2300   -2.4  981.2    1.6  290.4   72.1  444.0
2021  16  1 16 0000  444.0  444.0  444.0  444.0  444.0  444.0
2021  16  1 16 0100   -1.2  981.1    3.7  229.6   69.4  444.0
2021  16  1 16 0200  444.0  444.0  444.0  444.0  444.0  444.0
2021  16  1 16 0300   -1.4  980.9    3.9  244.4   63.0  444.0
2021  16  1 16 0400   -1.2  980.5    4.7  235.1   63.6  444.0
2021  16  1 16 0500   -1.1  980.5    5.3  228.3   63.5  444.0
2021  16  1 16 0600   -1.3  980.7    5.2  226.4   64.2  444.0
2021  16  1 16 0700   -1.0  980.6    5.3  245.7   66.7  444.0
2021  16  1 16 0800   -1.0  980.6    5.5  233.0   68.1  444.0
2021  16  1 16 0900  444.0  444.0  444.0  444.0  444.0  444.0
2021  16  1 16 1000   -2.1  980.8    6.0  223.0   73.4  444.0
2021  16  1 16 1100   -2.1  980.9    4.7  223.0   72.0  444.0
2021  16  1 16 1200   -2.2  980.8    1.6  217.0   71.0  444.0
2021  16  1 16 1300   -1.7  980.6    5.8  217.2   64.5  444.0
2021  16  1 16 1400   -1.4  980.3    7.6  214.1   64.8  444.0
2021  16  1 16 1500   -1.4  980.2    7.4  221.9   62.6  444.0
2021  16  1 16 1600   -1.3  980.0    9.8  216.7   57.7  444.0
2021  16  1 16 1700   -1.0  980.1    9.4  208.8   50.1  444.0
2021  16  1 16 1800   -0.9  980.1    9.2  206.1   46.7  444.0
2021  16  1 16 1900   -0.5  980.6    8.7  205.0   42.0  444.0
2021  16  1 16 2000   -0.5  981.0    7.8  206.3   41.4  444.0
2021  16  1 16 2100   -0.5  981.5    6.7  217.4   47.3  444.0
2021  16  1 16 2200   -0.3  981.6    7.8  221.8   42.6  444.0
2021  16  1 16 2300   -0.1  981.9    6.5  226.1   45.1  444.0
2021  17  1 17 0000   -0.1  982.2    6.6  226.0   48.2  444.0
2021  17  1 17 0100    0.2  982.5    5.8  237.6   49.0  444.0
2021  17  1 17 0200    0.1  982.7    4.3  250.5   45.3  444.0
2021  17  1 17 0300   -0.1  982.9    3.5  254.2   50.9  444.0
2021  17  1 17 0400   -0.5  983.2    2.6  354.8   65.5  444.0
2021  17  1 17 0500   -0.3  983.4    2.0    9.0   65.7  444.0
2021  17  1 17 0600   -0.8  983.8    2.0   21.9   69.1  444.0
2021  17  1 17 0700   -0.2  984.1    2.5   14.8   67.8  444.0
2021  17  1 17 0800   -0.5  984.2    2.4   12.2   69.3  444.0
2021  17  1 17 0900  444.0  444.0  444.0  444.0  444.0  444.0
2021  17  1 17 1000   -1.1  985.0    2.5   35.2   73.3  444.0
2021  17  1 17 1100   -1.1  985.4    1.7   60.5   70.5  444.0
2021  17  1 17 1200   -1.5  985.8    2.6   80.1   66.1  444.0
2021  17  1 17 1300   -1.7  986.3    3.7   85.0   61.1  444.0
2021  17  1 17 1400   -1.6  986.6    4.0   73.6   60.5  444.0
2021  17  1 17 1500   -1.7  986.9    4.8   72.3   50.4  444.0
2021  17  1 17 1600   -1.8  987.6    2.3  116.8   47.3  444.0
2021  17  1 17 1700   -2.2  988.0    4.5  119.9   49.4  444.0
2021  17  1 17 1800   -1.5  988.6    6.4   77.4   45.7  444.0
2021  17  1 17 1900   -0.9  989.4    6.0   69.3   51.6  444.0
2021  17  1 17 2000   -0.6  989.7    5.4   59.5   50.8  444.0
2021  17  1 17 2100   -0.3  990.5    5.3   59.2   53.0  444.0
2021  17  1 17 2200   -0.1  991.1    6.2   51.8   52.9  444.0
2021  17  1 17 2300  444.0  444.0  444.0  444.0  444.0  444.0
2021  18  1 18 0000    1.2  991.9    7.8   44.9   30.7  444.0
2021  18  1 18 0100  444.0  444.0  444.0  444.0  444.0  444.0
2021  18  1 18 0200    1.0  992.1    9.4   27.1   43.0  444.0
2021  18  1 18 0300   -0.3  992.0   12.7   29.2   61.2  444.0
2021  18  1 18 0400   -0.0  994.1   11.1   28.1   56.8  444.0
2021  18  1 18 0500    0.4  994.8    8.7   49.4   49.9  444.0
2021  18  1 18 0600    0.1  996.3    7.0   45.5   61.9  444.0
2021  18  1 18 0700    0.3  996.9    6.6   47.5   62.3  444.0
2021  18  1 18 0800    0.2  997.6    6.0   46.7   61.7  444.0
2021  18  1 18 0900    0.2  998.6    5.2   48.5   63.2  444.0
2021  18  1 18 1000  444.0  444.0  444.0  444.0  444.0  444.0
2021  18  1 18 1100   -0.4  999.9    4.0   70.9   58.7  444.0
2021  18  1 18 1200   -0.7 1000.4    3.9   77.5   58.4  444.0
2021  18  1 18 1300   -0.6 1000.9    3.6   69.7   57.9  444.0
2021  18  1 18 1400   -1.1 1001.1    4.2   79.2   62.4  444.0
2021  18  1 18 1500  444.0  444.0  444.0  444.0  444.0  444.0
2021  18  1 18 1600   -0.8 1001.8    4.8   79.3   63.6  444.0
2021  18  1 18 1700   -0.8 1002.1    4.2   83.0   64.2  444.0
2021  18  1 18 1800   -0.1 1002.4    4.6   71.4   61.7  444.0
2021  18  1 18 1900    0.2 1002.6    5.1   66.0   59.9  444.0
2021  18  1 18 2000    0.5 1003.1    5.5   56.2   59.0  444.0
2021  18  1 18 2100    0.7 1003.2    6.2   53.1   58.6  444.0
2021  18  1 18 2200  444.0  444.0  444.0  444.0  444.0  444.0
2021  18  1 18 2300    1.0 1003.6    5.9   34.9   65.6  444.0
2021  19  1 19 0000  444.0  444.0  444.0  444.0  444.0  444.0
2021  19  1 19 0100    1.0 1003.3    6.5   28.5   64.9  444.0
2021  19  1 19 0200  444.0  444.0  444.0  444.0  444.0  444.0
2021  19  1 19 0300    0.8 1003.0    8.4   30.5   65.2  444.0
2021  19  1 19 0400    0.8 1002.9    7.5   26.6   66.7  444.0
2021  19  1 19 0500    1.0 1003.5    5.7   24.1   65.3  444.0
2021  19  1 19 0600    0.9 1003.1    6.6   10.4   68.5  444.0
2021  19  1 19 0700    2.0 1003.5    2.7  157.9   53.9  444.0
2021  19  1 19 0800    1.1 1003.4    1.8  357.9   60.4  444.0
2021  19  1 19 0900  444.0  444.0  444.0  444.0  444.0  444.0
2021  19  1 19 1000    0.7 1002.7    7.0  219.5   73.3  444.0
2021  19  1 19 1100    0.7 1002.6    1.2  190.0   71.5  444.0
2021  19  1 19 1200    0.4 1002.4    3.1   71.3   72.8  444.0
2021  19  1 19 1300    0.5 1001.7    4.5  216.3   71.5  444.0
2021  19  1 19 1400    0.4 1001.2    5.4  219.9   60.5  444.0
2021  19  1 19 1500    0.2 1000.8    1.7   67.7   64.8  444.0
2021  19  1 19 1600   -0.6 1000.0    1.8  358.9   67.8  444.0
2021  19  1 19 1700   -2.1  999.7    2.0   50.3   78.6  444.0
2021  19  1 19 1800   -2.4  999.2    2.0   46.3   86.0  444.0
2021  19  1 19 1900   -2.3  998.7    1.3  177.2   89.4  444.0
2021  19  1 19 2000   -2.6  997.9    3.8  202.3   91.5  444.0
2021  19  1 19 2100   -2.5  997.2    2.8  186.2   92.8  444.0
2021  19  1 19 2200   -2.3  995.9    2.6   47.8   93.3  444.0
2021  19  1 19 2300   -1.8  994.5    1.0  255.1   93.5  444.0
2021  20  1 20 0000   -1.0  993.5    3.1  120.7   92.4  444.0
2021  20  1 20 0100   -0.6  992.2    3.5   28.0   85.2  444.0
2021  20  1 20 0200   -1.3  991.4    3.7   19.2   87.8  444.0
2021  20  1 20 0300   -1.7  990.4    2.8   53.8   90.8  444.0
2021  20  1 20 0400   -1.9  989.9    3.1   58.0   93.2  444.0
2021  20  1 20 0500   -1.7  989.9    0.6   87.2   94.8  444.0
2021  20  1 20 0600   -1.5  989.6    2.3  112.0   95.6  444.0
2021  20  1 20 0700   -1.5  989.0    2.3   95.4   96.3  444.0
2021  20  1 20 0800   -1.8  988.1    5.5   53.5   96.9  444.0
2021  20  1 20 0900  444.0  444.0  444.0  444.0  444.0  444.0
2021  20  1 20 1000   -1.3  988.4    4.9   40.8   97.5  444.0
2021  20  1 20 1100   -1.6  988.9    3.0   41.8   96.9  444.0
2021  20  1 20 1200   -1.3  988.6    3.6   60.4   96.4  444.0
2021  20  1 20 1300   -0.9  987.4    7.8   61.4   92.7  444.0
2021  20  1 20 1400   -0.3  987.3    8.5   58.9   77.6  444.0
2021  20  1 20 1500   -0.7  988.2    5.8   59.6   78.2  444.0
2021  20  1 20 1600   -1.0  988.6    6.2   52.6   81.1  444.0
2021  20  1 20 1700   -1.0  988.4    7.6   65.7   83.3  444.0
2021  20  1 20 1800   -1.5  988.3    6.7   56.5   86.8  444.0
2021  20  1 20 1900   -0.8  988.2    9.3   51.3   86.2  444.0
2021  20  1 20 2000   -0.3  989.2    5.2   52.7   80.1  444.0
2021  20  1 20 2100   -1.0  989.7    2.5  211.8   82.6  444.0
2021  20  1 20 2200   -0.7  990.0    1.6  212.1   90.2  444.0
2021  20  1 20 2300   -0.1  990.1    0.3  236.0   88.8  444.0
2021  21  1 21 0000    0.2  989.8    4.9   66.1   78.0  444.0
2021  21  1 21 0100    0.5  989.8    5.8   55.5   73.9  444.0
2021  21  1 21 0200   -0.1  990.2    4.5   26.9   78.2  444.0
2021  21  1 21 0300    0.4  990.7    1.0  235.8   82.0  444.0
2021  21  1 21 0400    0.1  990.8    4.3   41.9   76.7  444.0
2021  21  1 21 0500    1.1  990.7    5.3   43.8   73.6  444.0
2021  21  1 21 0600    0.3  990.6    6.1   25.3   75.5  444.0
2021  21  1 21 0700    0.3  990.5    7.0   27.2   83.9  444.0
2021  21  1 21 0800  444.0  444.0  444.0  444.0  444.0  444.0
2021  21  1 21 0900   -0.6  990.8    5.7   43.4   85.7  444.0
2021  21  1 21 1000   -0.5  991.1    3.8   54.9   84.4  444.0
2021  21  1 21 1100   -0.8  991.0    4.2   62.2   80.6  444.0
2021  21  1 21 1200   -1.0  990.4    6.0   43.5   79.7  444.0
2021  21  1 21 1300   -1.1  989.6    7.3   37.1   84.1  444.0
2021  21  1 21 1400   -1.0  989.4    7.9   43.8   77.9  444.0
2021  21  1 21 1500   -1.0  988.4    9.2   50.6   78.6  444.0
2021  21  1 21 1600   -0.7  988.2   10.3   51.3   76.8  444.0
2021  21  1 21 1700    0.2  987.3   10.0   48.7   59.4  444.0
2021  21  1 21 1800   -0.2  986.4    9.2   26.7   67.0  444.0
2021  21  1 21 1900    0.5  986.8    2.2  174.9   66.0  444.0
2021  21  1 21 2000    1.0  986.7    1.0  236.1   69.0  444.0
2021  21  1 21 2100    1.0  986.7    2.3  221.3   68.3  444.0
2021  21  1 21 2200  444.0  444.0  444.0  444.0  444.0  444.0
2021  21  1 21 2300    1.8  987.4    2.1   71.8   66.5  444.0
2021  22  1 22 0000    2.5  987.3    0.9  159.1   59.4  444.0
2021  22  1 22 0100    3.7  987.0    5.1  191.6   51.3  444.0
2021  22  1 22 0200  444.0  444.0  444.0  444.0  444.0  444.0
2021  22  1 22 0300    1.8  986.9    2.5    2.8   67.6  444.0
2021  22  1 22 0400    1.4  986.8    3.4   19.6   70.0  444.0
2021  22  1 22 0500    1.4  987.1    2.0  284.0   68.7  444.0
2021  22  1 22 0600    1.3  986.7    2.0    0.1   70.1  444.0
2021  22  1 22 0700    1.2  986.9    2.7   30.6   71.0  444.0
2021  22  1 22 0800  444.0  444.0  444.0  444.0  444.0  444.0
2021  22  1 22 0900  444.0  444.0  444.0  444.0  444.0  444.0
2021  22  1 22 1000    1.1  987.1    2.0  124.7  444.0  444.0
2021  22  1 22 1100    0.5  986.9    0.9   43.3  444.0  444.0
2021  22  1 22 1200    0.5  987.1    1.4  304.6   70.5  444.0
2021  22  1 22 1300    0.2  986.8    2.6  211.1   73.6  444.0
2021  22  1 22 1400   -0.2  986.8    2.5  218.8   76.9  444.0
2021  22  1 22 1500   -1.1  986.3    1.9   98.6   74.1  444.0
2021  22  1 22 1600   -0.8  986.0    3.5   69.5   64.9  444.0
2021  22  1 22 1700   -0.5  985.6    3.7   50.2   59.5  444.0
2021  22  1 22 1800   -0.2  985.9    3.4   35.2   50.8  444.0
2021  22  1 22 1900    0.3  985.7    4.7   28.9   46.7  444.0
2021  22  1 22 2000    0.5  985.4    4.4   32.3   47.3  444.0
2021  22  1 22 2100    0.3  985.2    4.5   37.6   58.8  444.0
2021  22  1 22 2200   -0.1  985.1    5.9   49.4   66.9  444.0
2021  22  1 22 2300  444.0  444.0  444.0  444.0  444.0  444.0
2021  23  1 23 0000   -0.2  984.8    5.1   21.5   71.3  444.0
2021  23  1 23 0100  444.0  444.0  444.0  444.0  444.0  444.0
2021  23  1 23 0200   -0.6  984.8    4.2   25.5   74.8  444.0
2021  23  1 23 0300   -0.5  984.7    3.5   11.6   76.0  444.0
2021  23  1 23 0400   -0.6  984.7    1.9   19.7   77.4  444.0
2021  23  1 23 0500   -0.4  984.6    2.3  320.5   77.9  444.0
2021  23  1 23 0600   -0.9  984.5    2.4  350.6   80.0  444.0
2021  23  1 23 0700   -0.8  984.7    2.8  325.9   80.4  444.0
2021  23  1 23 0800   -0.8  984.3    4.2  294.1   82.4  444.0
2021  23  1 23 0900  444.0  444.0  444.0  444.0  444.0  444.0
2021  23  1 23 1000   -0.4  984.3    3.4  271.4   77.8  444.0
2021  23  1 23 1100   -0.4  984.0    3.9  263.9   72.1  444.0
2021  23  1 23 1200   -0.6  983.8    2.7  278.8   67.0  444.0
2021  23  1 23 1300   -1.5  983.6    3.0  120.3   67.2  444.0
2021  23  1 23 1400   -2.0  983.1    3.5  101.3   71.5  444.0
2021  23  1 23 1500   -2.5  982.9    4.0   96.6   71.6  444.0
2021  23  1 23 1600   -2.5  982.5    3.4   80.0   71.1  444.0
2021  23  1 23 1700   -2.9  982.2    3.8   90.1   73.7  444.0
2021  23  1 23 1800   -2.3  982.0    2.7   99.3   68.5  444.0
2021  23  1 23 1900   -2.2  981.8    3.0   88.1   64.9  444.0
2021  23  1 23 2000   -1.4  981.3    2.2   83.9   62.1  444.0
2021  23  1 23 2100   -1.1  981.0    2.3   65.5   62.8  444.0
2021  23  1 23 2200   -1.1  980.6    2.7   65.8   66.5  444.0
2021  23  1 23 2300   -1.2  980.7    1.6   26.8   70.4  444.0
2021  24  1 24 0000   -0.7  980.5    1.4  318.5   68.8  444.0
2021  24  1 24 0100   -0.5  980.2    2.2  356.5   66.0  444.0
2021  24  1 24 0200   -1.0  980.0    2.3    7.2   67.3  444.0
2021  24  1 24 0300   -0.3  979.6    1.5  299.5   64.3  444.0
2021  24  1 24 0400    0.5  979.3    1.9  312.6   60.1  444.0
2021  24  1 24 0500   -0.2  978.8    2.4  288.4   64.7  444.0
2021  24  1 24 0600   -0.1  978.4    2.7  286.2   63.5  444.0
2021  24  1 24 0700   -0.6  977.7    1.1    9.3   66.0  444.0
2021  24  1 24 0800   -0.8  977.1    1.9   62.2   66.8  444.0
2021  24  1 24 0900   -1.0  976.4    2.9   43.8   69.5  444.0
2021  24  1 24 1000  444.0  444.0  444.0  444.0  444.0  444.0
2021  24  1 24 1100   -1.3  975.3    2.7   34.4   72.7  444.0
2021  24  1 24 1200   -1.8  974.5    4.1   55.4   74.7  444.0
2021  24  1 24 1300   -2.1  973.9    5.2   69.2   75.6  444.0
2021  24  1 24 1400   -2.4  973.1    5.9   53.4   75.5  444.0
2021  24  1 24 1500   -2.5  972.8    3.6   69.9   74.7  444.0
2021  24  1 24 1600   -2.3  972.3    1.7   55.9   73.1  444.0
2021  24  1 24 1700   -2.7  972.2    3.2  135.0   74.2  444.0
2021  24  1 24 1800   -1.8  971.9    1.8  173.2   72.1  444.0
2021  24  1 24 1900   -1.7  971.7    3.3  188.9   69.1  444.0
2021  24  1 24 2000   -1.5  971.3    5.7  200.8   67.4  444.0
2021  24  1 24 2100   -0.7  971.4    1.6   54.1   64.6  444.0
2021  24  1 24 2200  444.0  444.0  444.0  444.0  444.0  444.0
2021  24  1 24 2300   -0.9  971.9    0.6  302.0   63.5  444.0
2021  25  1 25 0000  444.0  444.0  444.0  444.0  444.0  444.0
2021  25  1 25 0100   -0.1  972.0    3.3  233.0   65.1  444.0
2021  25  1 25 0200  444.0  444.0  444.0  444.0  444.0  444.0
2021  25  1 25 0300    0.1  972.9    2.7  257.4   62.8  444.0
2021  25  1 25 0400    0.1  973.6    2.6  247.3   64.9  444.0
2021  25  1 25 0500    0.3  974.0    2.2  246.6   69.2  444.0
2021  25  1 25 0600    0.3  974.7    2.4  245.3   69.8  444.0
2021  25  1 25 0700    0.4  975.1    2.5  265.2   62.6  444.0
2021  25  1 25 0800    0.5  975.5    3.0  252.3   62.0  444.0
2021  25  1 25 0900  444.0  444.0  444.0  444.0  444.0  444.0
2021  25  1 25 1000  444.0  444.0  444.0  444.0  444.0  444.0
2021  25  1 25 1100   -1.0  976.8    4.6   82.0   68.1  444.0
2021  25  1 25 1200   -1.5  977.4    7.0   52.8   67.0  444.0
2021  25  1 25 1300   -2.0  978.4    5.8   61.5   68.0  444.0
2021  25  1 25 1400  444.0  444.0  444.0  444.0  444.0  444.0
2021  25  1 25 1500   -1.8  980.5    3.4  124.2   59.5  444.0
2021  25  1 25 1600   -1.0  981.3    2.2  244.8   59.6  444.0
2021  25  1 25 1700   -1.2  981.9    4.0  226.9   66.1  444.0
2021  25  1 25 1800   -1.2  982.6    1.3  219.4   58.4  444.0
2021  25  1 25 1900   -1.9  983.0    3.6   75.2   57.1  444.0
2021  25  1 25 2000   -2.0  983.2    6.6   71.1   62.1  444.0
2021  25  1 25 2100  444.0  444.0  444.0  444.0  444.0  444.0
2021  25  1 25 2200   -1.1  984.5    9.6   49.8   58.9  444.0
2021  25  1 25 2300  444.0  444.0  444.0  444.0  444.0  444.0
2021  26  1 26 0000   -0.7  986.4    5.0   39.5   61.1  444.0
2021  26  1 26 0100   -0.4  987.0    5.3   31.0   58.0  444.0
2021  26  1 26 0200   -0.4  987.2    4.6   10.9   59.1  444.0
2021  26  1 26 0300  444.0  444.0  444.0  444.0  444.0  444.0
2021  26  1 26 0400    0.1  987.9    3.9   16.6   55.1  444.0
2021  26  1 26 0500   -0.5  988.1    5.5   31.8   60.1  444.0
2021  26  1 26 0600   -1.2  988.4    5.1   37.0   64.0  444.0
2021  26  1 26 0700   -1.4  988.7    5.5   44.5   65.9  444.0
2021  26  1 26 0800   -1.5  988.8    6.7   49.0   66.8  444.0
2021  26  1 26 0900  444.0  444.0  444.0  444.0  444.0  444.0
2021  26  1 26 1000   -1.8  989.3    5.6   78.3   65.7  444.0
2021  26  1 26 1100   -2.0  989.6    4.1   94.8   62.9  444.0
2021  26  1 26 1200   -2.1  989.8    3.2  111.2   65.5  444.0
2021  26  1 26 1300  444.0  444.0  444.0  444.0  444.0  444.0
2021  26  1 26 1400   -2.8  989.7    3.8  112.2   61.5  444.0
2021  26  1 26 1500   -1.8  989.7    2.8   94.6   67.6  444.0
2021  26  1 26 1600   -1.4  989.6    2.7   78.0   67.8  444.0
2021  26  1 26 1700   -1.5  989.6    3.2   71.4   68.0  444.0
2021  26  1 26 1800   -1.1  989.6    3.4  356.5   67.8  444.0
2021  26  1 26 1900   -1.3  989.6    3.9  332.3   70.6  444.0
2021  26  1 26 2000   -1.4  989.4    2.0  357.5   71.1  444.0
2021  26  1 26 2100   -1.2  989.2    2.5   73.7   70.1  444.0
2021  26  1 26 2200   -1.4  989.0    3.2   52.4   75.1  444.0
2021  26  1 26 2300   -1.1  988.9    4.4   10.4   72.3  444.0
2021  27  1 27 0000   -0.9  988.7    4.9   23.1   69.2  444.0
2021  27  1 27 0100   -0.7  988.6    5.6   30.2   65.7  444.0
2021  27  1 27 0200   -0.4  987.9    6.5   27.9   64.3  444.0
2021  27  1 27 0300   -0.3  987.1    8.0   19.8   66.0  444.0
2021  27  1 27 0400   -0.2  986.5    6.6   37.3   52.5  444.0
2021  27  1 27 0500    0.1  985.9    7.3   67.3   37.7  444.0
2021  27  1 27 0600   -0.5  985.6    5.5   57.1   39.4  444.0
2021  27  1 27 0700   -0.5  984.8   11.0   51.0   36.2  444.0
2021  27  1 27 0800  444.0  444.0  444.0  444.0  444.0  444.0
2021  27  1 27 0900   -0.5  984.7    3.7  131.1   46.9  444.0
2021  27  1 27 1000   -0.9  984.7    3.0   31.8   43.6  444.0
2021  27  1 27 1100  444.0  444.0  444.0  444.0  444.0  444.0
2021  27  1 27 1200   -0.7  984.7    0.7  314.9   49.7  444.0
2021  27  1 27 1300   -1.9  984.6    1.7  130.7   55.9  444.0
2021  27  1 27 1400   -2.6  984.2    3.4  139.4   59.6  444.0
2021  27  1 27 1500  444.0  444.0  444.0  444.0  444.0  444.0
2021  27  1 27 1600   -2.7  983.7    3.9  139.4   52.5  444.0
2021  27  1 27 1700   -2.9  983.7    3.7  119.7   48.1  444.0
2021  27  1 27 1800   -2.4  983.4    4.8  104.0   50.6  444.0
2021  27  1 27 1900   -1.2  983.4    4.6  214.7   47.4  444.0
2021  27  1 27 2000   -0.5  983.3    4.9  222.8   50.4  444.0
2021  27  1 27 2100   -0.3  983.2    1.0  116.4   49.9  444.0
2021  27  1 27 2200  444.0  444.0  444.0  444.0  444.0  444.0
2021  27  1 27 2300   -0.3  983.1    4.8  217.7   46.8  444.0
2021  28  1 28 0000  444.0  444.0  444.0  444.0  444.0  444.0
2021  28  1 28 0100   -0.1  982.9    3.0   56.7   55.0  444.0
2021  28  1 28 0200  444.0  444.0  444.0  444.0  444.0  444.0
2021  28  1 28 0300    0.6  982.6    1.0  254.6   57.5  444.0
2021  28  1 28 0400   -0.3  982.5    4.2   17.4   66.7  444.0
2021  28  1 28 0500   -0.2  982.6    2.4   30.8   62.8  444.0
2021  28  1 28 0600   -0.9  982.7    3.9   17.0   71.0  444.0
2021  28  1 28 0700   -1.0  982.7    2.4   29.2   70.1  444.0
2021  28  1 28 0800   -0.9  982.9    0.9  344.6   68.1  444.0
2021  28  1 28 0900  444.0  444.0  444.0  444.0  444.0  444.0
2021  28  1 28 1000  444.0  444.0  444.0  444.0  444.0  444.0
2021  28  1 28 1100   -1.3  983.0    3.1   45.0   71.9  444.0
2021  28  1 28 1200   -1.2  983.1    0.1   23.5   71.1  444.0
2021  28  1 28 1300   -1.4  983.0    1.6    6.2   69.2  444.0
2021  28  1 28 1400   -2.3  983.0    6.0   25.9   75.2  444.0
2021  28  1 28 1500   -2.9  982.9    6.1   31.0   76.8  444.0
2021  28  1 28 1600   -3.1  983.2    3.8   26.9   80.2  444.0
2021  28  1 28 1700   -3.3  983.3    2.8   44.8   84.3  444.0
2021  28  1 28 1800   -3.2  983.1    3.6   52.8   83.3  444.0
2021  28  1 28 1900   -2.8  982.9    4.5   12.7   83.0  444.0
2021  28  1 28 2000   -2.9  983.1    3.5   82.4   81.7  444.0
2021  28  1 28 2100   -2.7  982.1    5.0   45.6   81.2  444.0
2021  28  1 28 2200   -2.4  982.4    5.2   39.5   79.2  444.0
2021  28  1 28 2300  444.0  444.0  444.0  444.0  444.0  444.0
2021  29  1 29 0000   -1.8  983.3    3.6   37.1   76.6  444.0
2021  29  1 29 0100  444.0  444.0  444.0  444.0  444.0  444.0
2021  29  1 29 0200   -3.1  983.9    3.0   23.2   87.2  444.0
2021  29  1 29 0300   -3.6  983.9    0.8   16.7   91.1  444.0
2021  29  1 29 0400   -3.0  983.9    4.2   11.6   93.2  444.0
2021  29  1 29 0500   -2.5  984.1    5.3   16.5   92.1  444.0
2021  29  1 29 0600   -3.1  984.2    3.6   49.1   90.0  444.0
2021  29  1 29 0700   -2.8  984.5    3.4   37.0   85.7  444.0
2021  29  1 29 0800   -3.5  984.8    2.7   45.8   88.4  444.0
2021  29  1 29 0900   -3.5  985.0    2.4   49.9   89.2  444.0
2021  29  1 29 1000   -3.9  984.9    1.7   93.2   91.4  444.0
2021  29  1 29 1100   -3.0  985.0    3.3  272.8   89.1  444.0
2021  29  1 29 1200   -3.3  984.7    2.4  274.2   84.7  444.0
2021  29  1 29 1300  444.0  444.0  444.0  444.0  444.0  444.0
2021  29  1 29 1400   -4.0  983.9    1.4  317.2   86.3  444.0
2021  29  1 29 1500   -3.5  983.1    2.4  306.3   87.6  444.0
2021  29  1 29 1600   -3.1  982.3    3.3  297.5   83.5  444.0
2021  29  1 29 1700   -3.2  981.7    2.7  219.5   81.9  444.0
2021  29  1 29 1800   -3.4  981.1    2.1  191.4   84.0  444.0
2021  29  1 29 1900   -3.9  980.4    2.9  157.2   78.8  444.0
2021  29  1 29 2000   -3.8  979.9    2.7  149.0   72.3  444.0
2021  29  1 29 2100   -3.2  979.3    1.5  190.3   69.3  444.0
2021  29  1 29 2200   -2.2  979.0    0.6  215.2   68.6  444.0
2021  29  1 29 2300   -2.3  978.6    2.9   39.6   63.7  444.0
2021  30  1 30 0000   -1.7  978.5    3.0   64.4   67.7  444.0
2021  30  1 30 0100   -2.3  978.3    4.4   39.0   75.0  444.0
2021  30  1 30 0200   -1.8  977.6    2.7   15.8   76.3  444.0
2021  30  1 30 0300   -1.7  977.1    3.3   42.9   71.9  444.0
2021  30  1 30 0400   -1.0  976.6    2.2   56.0   56.9  444.0
2021  30  1 30 0500   -1.1  976.3    1.7  279.5   52.9  444.0
2021  30  1 30 0600   -1.1  975.9    2.2  110.7  444.0  444.0
2021  30  1 30 0700  444.0  444.0  444.0  444.0  444.0  444.0
2021  30  1 30 0800  444.0  444.0  444.0  444.0  444.0  444.0
2021  30  1 30 0900   -0.8  975.3    4.7  227.7   43.4  444.0
2021  30  1 30 1000   -1.3  974.8    7.5  220.0   47.0  444.0
2021  30  1 30 1100  444.0  444.0  444.0  444.0  444.0  444.0
2021  30  1 30 1200   -2.4  974.7    4.9  185.4   46.8  444.0
2021  30  1 30 1300  444.0  444.0  444.0  444.0  444.0  444.0
2021  30  1 30 1400   -2.6  974.3    5.7  220.8   67.5  444.0
2021  30  1 30 1500   -3.0  974.0    4.4  192.5   66.8  444.0
2021  30  1 30 1600   -3.0  973.7    4.7  213.5   67.2  444.0
2021  30  1 30 1700   -3.1  973.5    4.6  195.4   63.2  444.0
2021  30  1 30 1800   -2.9  973.2    4.7  202.7   55.3  444.0
2021  30  1 30 1900   -2.8  973.0    5.1  198.2   61.1  444.0
2021  30  1 30 2000   -2.6  972.5    5.2  211.5   56.5  444.0
2021  30  1 30 2100   -2.3  972.7    3.7  225.1   50.4  444.0
2021  30  1 30 2200  444.0  444.0  444.0  444.0  444.0  444.0
2021  30  1 30 2300   -1.7  971.8    7.0  227.0   55.9  444.0
2021  31  1 31 0000  444.0  444.0  444.0  444.0  444.0  444.0
2021  31  1 31 0100   -0.7  970.2   11.9  245.1   59.4  444.0
2021  31  1 31 0200    0.2  969.1   15.9  218.8   48.4  444.0
2021  31  1 31 0300    0.4  969.6   14.5  204.3   38.8  444.0
2021  31  1 31 0400   -0.2  969.4   14.3  198.8   41.6  444.0
2021  31  1 31 0500    0.1  969.2   14.5  199.3   46.2  444.0
2021  31  1 31 0600   -1.3  969.4   16.1  196.8   44.0  444.0
2021  31  1 31 0700  444.0  444.0  444.0  444.0  444.0  444.0
2021  31  1 31 0800  444.0  444.0  444.0  444.0  444.0  444.0
2021  31  1 31 0900   -3.4  972.9    6.7   61.4   74.6  444.0
2021  31  1 31 1000   -3.3  973.4    6.9   43.7   75.7  444.0
2021  31  1 31 1100   -3.7  974.7    6.5   40.5   77.4  444.0
2021  31  1 31 1200   -3.9  975.5    6.1   35.6   78.6  444.0
2021  31  1 31 1300   -3.8  976.0    3.1  347.9   80.8  444.0
2021  31  1 31 1400   -3.6  975.6    2.5   22.0   82.5  444.0
2021  31  1 31 1500   -3.6  975.0    6.1   71.3   82.7  444.0
2021  31  1 31 1600   -1.2  973.0   12.8  222.0   57.0  444.0
2021  31  1 31 1700   -1.8  974.2    1.8  182.9   51.0  444.0
2021  31  1 31 1800   -1.4  973.4   11.8  224.0   55.9  444.0
2021  31  1 31 1900   -1.3  973.8   12.6  210.9   51.5  444.0
2021  31  1 31 2000   -1.0  973.7   10.6  212.6   55.2  444.0
2021  31  1 31 2100   -1.4  973.9   11.7  221.4   61.4  444.0
2021  31  1 31 2200   -0.7  973.4   14.4  205.7   47.9  444.0
2021  31  1 31 2300  444.0  444.0  444.0  444.0  444.0  444.0
