Year: 2023  Month: 09  ID: CBD  ARGOS: 99609  Name: Cape Bird           
Lat: 77.22S  Lon: 166.44E  Elev:   38m
2023 244  9  1 0000  444.0  985.3    1.1   66.2   79.8  444.0
2023 244  9  1 0100  444.0  984.6    0.0    0.0   80.6  444.0
2023 244  9  1 0200  444.0  984.4    0.0    0.0   79.8  444.0
2023 244  9  1 0300  444.0  983.6    0.0    0.0   80.0  444.0
2023 244  9  1 0400  444.0  983.4    1.0  191.5   79.4  444.0
2023 244  9  1 0500  444.0  983.2    0.7  194.2   76.8  444.0
2023 244  9  1 0600  444.0  982.8    0.4   85.8   75.2  444.0
2023 244  9  1 0700  444.0  982.3    0.8   80.7   75.9  444.0
2023 244  9  1 0800  444.0  982.1    0.0    0.0   76.0  444.0
2023 244  9  1 0900  444.0  981.6    0.7  192.9   76.6  444.0
2023 244  9  1 1000  -27.5  981.5    1.0  213.6   76.4  444.0
2023 244  9  1 1100  -27.9  981.1    1.5  180.4   77.8  444.0
2023 244  9  1 1200  444.0  981.1    0.6   98.1   78.0  444.0
2023 244  9  1 1300  444.0  980.9    0.3   96.1   77.8  444.0
2023 244  9  1 1400  444.0  980.9    1.0   62.4   77.7  444.0
2023 244  9  1 1500  444.0  980.6    0.6   60.1   77.2  444.0
2023 244  9  1 1600  444.0  980.8    0.9  109.9   76.9  444.0
2023 244  9  1 1700  444.0  981.1    1.1  110.0   77.1  444.0
2023 244  9  1 1800  444.0  981.2    0.9  146.0   76.9  444.0
2023 244  9  1 1900  444.0  981.6    0.7  136.6   76.1  444.0
2023 244  9  1 2000  444.0  982.3    0.4  120.8   76.8  444.0
2023 244  9  1 2100  444.0  982.6    1.1  100.4   76.9  444.0
2023 244  9  1 2200  444.0  983.0    0.0    0.0   76.2  444.0
2023 244  9  1 2300  444.0  983.4    0.9   95.2   76.3  444.0
2023 245  9  2 0000  444.0  983.8    0.0    0.0   75.8  444.0
2023 245  9  2 0100  444.0  984.4    0.4  135.7   75.2  444.0
2023 245  9  2 0200  -31.2  984.8    1.5  174.1   75.1  444.0
2023 245  9  2 0300  -31.1  985.4    1.8  197.0   74.8  444.0
2023 245  9  2 0400  -29.9  985.9    2.0  206.1   75.8  444.0
2023 245  9  2 0500  -28.5  986.2    2.4  176.9   77.2  444.0
2023 245  9  2 0600  -28.5  986.4    1.9  203.4   77.7  444.0
2023 245  9  2 0700  -30.9  986.3    2.4  204.1   75.7  444.0
2023 245  9  2 0800  -32.3  985.9    3.1  206.9   74.1  444.0
2023 245  9  2 0900  -30.4  985.2    7.8  206.5   75.7  444.0
2023 245  9  2 1000  -30.0  984.7    6.2  221.7   76.1  444.0
2023 245  9  2 1100  -27.2  983.7    4.1  205.6   79.0  444.0
2023 245  9  2 1200  -24.8  983.4    7.9   44.7   81.1  444.0
2023 245  9  2 1300  -27.0  983.4    6.7  351.6   80.8  444.0
2023 245  9  2 1400  -23.8  985.0   10.6   58.7   82.2  444.0
2023 245  9  2 1500  -23.5  986.0    2.1  189.7   81.8  444.0
2023 245  9  2 1600  -22.9  985.8    3.9  146.0   69.1  444.0
2023 245  9  2 1700  -26.2  985.0    3.4  225.2   58.5  444.0
2023 245  9  2 1800  -25.7  984.8    2.3  175.5   65.6  444.0
2023 245  9  2 1900  -27.3  984.7    4.5   45.9   68.3  444.0
2023 245  9  2 2000  -28.9  985.0    2.7   46.8   70.3  444.0
2023 245  9  2 2100  444.0  985.3    1.4   87.0   71.8  444.0
2023 245  9  2 2200  -27.4  985.2    2.9   60.6   68.9  444.0
2023 245  9  2 2300  -25.8  985.2    2.2   85.2   68.2  444.0
2023 246  9  3 0000  444.0  984.7    0.8   87.8   66.2  444.0
2023 246  9  3 0100  -26.4  983.3    5.4   49.0   62.6  444.0
2023 246  9  3 0200  -24.5  983.8    3.1   95.8   62.8  444.0
2023 246  9  3 0300  -25.3  983.1    7.9   46.8   63.3  444.0
2023 246  9  3 0400  -25.5  983.5    7.2   53.7   61.5  444.0
2023 246  9  3 0500  -26.4  983.9    2.5  195.5   66.6  444.0
2023 246  9  3 0600  -25.2  984.7    2.1  146.1   63.9  444.0
2023 246  9  3 0700  -24.8  984.0    2.0   75.7   55.8  444.0
2023 246  9  3 0800  -24.5  983.8    2.8   70.1   53.4  444.0
2023 246  9  3 0900  -24.7  983.9    1.7   73.4   49.2  444.0
2023 246  9  3 1000  -26.5  983.6    5.5   39.0   59.1  444.0
2023 246  9  3 1100  -25.5  983.7    6.6   56.5   62.0  444.0
2023 246  9  3 1200  -24.9  984.0    3.1   45.8   54.4  444.0
2023 246  9  3 1300  444.0  984.1    0.4   81.7   56.4  444.0
2023 246  9  3 1400  -26.7  983.7    2.6  174.5   59.5  444.0
2023 246  9  3 1500  -27.3  983.6    3.2  201.2   62.4  444.0
2023 246  9  3 1600  -28.3  983.5    3.8  194.2   66.6  444.0
2023 246  9  3 1700  -28.6  983.2    5.8  208.5   67.6  444.0
2023 246  9  3 1800  -27.7  982.9    5.6  196.9   68.0  444.0
2023 246  9  3 1900  -26.3  983.1    5.3  201.0   61.6  444.0
2023 246  9  3 2000  -27.7  983.1    4.4  186.5   57.0  444.0
2023 246  9  3 2100  -28.2  983.1    4.2  197.0   55.3  444.0
2023 246  9  3 2200  444.0  983.6    1.2  199.1   55.9  444.0
2023 246  9  3 2300  -28.3  983.7    2.2  186.4   58.1  444.0
2023 247  9  4 0000  444.0  983.6    1.3   51.2   60.1  444.0
2023 247  9  4 0100  444.0  984.1    0.4  173.7   61.8  444.0
2023 247  9  4 0200  444.0  984.1    1.1  206.5   62.4  444.0
2023 247  9  4 0300  -28.6  983.9    3.1  205.8   66.0  444.0
2023 247  9  4 0400  -28.0  984.2    2.4  202.8   66.2  444.0
2023 247  9  4 0500  -29.5  984.7    3.4   47.2   64.3  444.0
2023 247  9  4 0600  -27.3  984.6    2.5   71.6   65.4  444.0
2023 247  9  4 0700  -28.4  984.8    2.7   63.0   57.1  444.0
2023 247  9  4 0800  -26.2  984.9    2.2   88.3   54.7  444.0
2023 247  9  4 0900  -25.6  985.2    2.1   42.4   45.5  444.0
2023 247  9  4 1000  -26.2  984.9    2.5   53.3   46.4  444.0
2023 247  9  4 1100  -23.7  985.2    2.4   54.9   42.3  444.0
2023 247  9  4 1200  -23.8  984.7    1.9   90.7   44.8  444.0
2023 247  9  4 1300  -24.6  984.6    3.0   91.9   38.5  444.0
2023 247  9  4 1400  -21.3  983.9    2.9   89.9   37.2  444.0
2023 247  9  4 1500  -26.5  983.6    2.8   40.0   51.6  444.0
2023 247  9  4 1600  -27.8  983.6    1.7  192.4   52.9  444.0
2023 247  9  4 1700  -28.2  983.7    4.8  201.1   53.3  444.0
2023 247  9  4 1800  444.0  983.3    0.3  114.1   47.8  444.0
2023 247  9  4 1900  -28.7  983.3    0.7  203.9   46.5  444.0
2023 247  9  4 2000  -30.3  983.4    2.0  196.6   53.4  444.0
2023 247  9  4 2100  -30.5  984.0    0.4   56.4   56.7  444.0
2023 247  9  4 2200  -29.8  984.4    2.1  215.5   57.9  444.0
2023 247  9  4 2300  -29.2  984.8    2.1  193.6   56.1  444.0
2023 248  9  5 0000  -29.4  985.2    2.0  204.9   56.8  444.0
2023 248  9  5 0100  -29.3  985.5    0.6  211.0   59.5  444.0
2023 248  9  5 0200  -29.7  986.3    0.7    3.3   58.1  444.0
2023 248  9  5 0300  444.0  987.1    0.2   35.2   61.4  444.0
2023 248  9  5 0400  -28.7  987.0    1.8  196.7   65.2  444.0
2023 248  9  5 0500  -29.1  987.4    2.3  201.9   68.1  444.0
2023 248  9  5 0600  444.0  987.7    0.5  264.7   63.2  444.0
2023 248  9  5 0700  444.0  987.9    0.7  232.0   69.0  444.0
2023 248  9  5 0800  444.0  988.3    0.1   98.1   69.9  444.0
2023 248  9  5 0900  444.0  988.5    0.2   53.6   71.3  444.0
2023 248  9  5 1000  444.0  988.8    0.9   34.1   72.0  444.0
2023 248  9  5 1100  -27.8  988.7    2.4  185.2   73.2  444.0
2023 248  9  5 1200  -27.6  988.6    2.4  197.0   74.5  444.0
2023 248  9  5 1300  -27.5  988.2    0.5  224.3   75.4  444.0
2023 248  9  5 1400  444.0  988.3    0.8  184.4   76.3  444.0
2023 248  9  5 1500  -26.7  988.6    0.3  273.0   76.4  444.0
2023 248  9  5 1600  -27.0  988.3    0.8  216.3   76.5  444.0
2023 248  9  5 1700  -26.4  988.0    0.3  164.3   77.2  444.0
2023 248  9  5 1800  444.0  987.6    0.6  223.3   77.9  444.0
2023 248  9  5 1900  -25.1  986.8    4.0   62.8   78.5  444.0
2023 248  9  5 2000  -25.2  986.4    3.7   82.4   77.4  444.0
2023 248  9  5 2100  -25.1  985.6    3.8   84.8   77.2  444.0
2023 248  9  5 2200  -24.9  984.7    4.3   66.4   77.2  444.0
2023 248  9  5 2300  -25.0  984.0    5.3   61.9   76.8  444.0
2023 249  9  6 0000  -25.1  983.4    5.1   66.1   76.8  444.0
2023 249  9  6 0100  -25.3  982.5    4.4   77.7   77.2  444.0
2023 249  9  6 0200  -25.4  981.3    5.4   65.4   77.6  444.0
2023 249  9  6 0300  -25.6  980.5    4.7   68.0   78.2  444.0
2023 249  9  6 0400  -25.9  979.6    3.8   70.6   78.5  444.0
2023 249  9  6 0500  -26.2  979.0    4.0   63.5   79.1  444.0
2023 249  9  6 0600  -26.4  978.0    5.1   50.1   79.2  444.0
2023 249  9  6 0700  -26.4  977.0    6.4   42.2   79.5  444.0
2023 249  9  6 0800  -26.7  976.6    4.6   53.3   79.5  444.0
2023 249  9  6 0900  -26.9  975.8    4.7   52.8   79.7  444.0
2023 249  9  6 1000  -27.3  975.7    3.6   59.5   79.5  444.0
2023 249  9  6 1100  -27.5  975.2    3.6   61.3   79.4  444.0
2023 249  9  6 1200  -28.0  974.5    3.7   59.2   78.8  444.0
2023 249  9  6 1300  -28.4  974.6    2.6   62.9   78.3  444.0
2023 249  9  6 1400  -29.0  974.0    4.8   51.9   78.0  444.0
2023 249  9  6 1500  444.0  974.1    0.2  128.7   77.8  444.0
2023 249  9  6 1600  -29.0  973.8    3.9  188.0   77.4  444.0
2023 249  9  6 1700  -29.1  973.5    2.5  162.7   77.3  444.0
2023 249  9  6 1800  444.0  973.6    1.0   89.0   76.9  444.0
2023 249  9  6 1900  -30.2  973.8    2.0  168.0   76.1  444.0
2023 249  9  6 2000  444.0  973.8    0.7   67.9   75.4  444.0
2023 249  9  6 2100  444.0  974.3    0.3  184.2   74.3  444.0
2023 249  9  6 2200  -32.6  974.6    2.3  187.9   73.3  444.0
2023 249  9  6 2300  -33.8  975.1    1.9  202.2   71.8  444.0
2023 250  9  7 0000  444.0  975.5    0.5  195.8   72.5  444.0
2023 250  9  7 0100  444.0  976.2    0.0    0.0   72.5  444.0
2023 250  9  7 0200  -32.7  976.4    0.5   45.0   72.8  444.0
2023 250  9  7 0300  444.0  976.7    0.7   79.2   74.0  444.0
2023 250  9  7 0400  -30.5  976.9    1.8   52.9   74.5  444.0
2023 250  9  7 0500  -30.8  977.1    2.3   58.8   74.8  444.0
2023 250  9  7 0600  -30.0  977.5    2.2   57.4   75.2  444.0
2023 250  9  7 0700  444.0  978.1    0.9   99.2   75.3  444.0
2023 250  9  7 0800  -30.2  978.4    1.8  141.8   75.2  444.0
2023 250  9  7 0900  -30.1  978.0    2.3  177.1   75.4  444.0
2023 250  9  7 1000  -28.5  978.3    1.5  163.5   77.0  444.0
2023 250  9  7 1100  444.0  978.4    0.0    0.0   75.3  444.0
2023 250  9  7 1200  444.0  978.3    0.7   45.2   74.9  444.0
2023 250  9  7 1300  444.0  978.0    0.6  128.3   75.3  444.0
2023 250  9  7 1400  444.0  978.4    0.4   87.5   75.3  444.0
2023 250  9  7 1500  -31.1  978.7    0.7   27.0   74.3  444.0
2023 250  9  7 1600  -31.3  979.2    1.9   44.2   74.3  444.0
2023 250  9  7 1700  -30.9  979.5    1.7  201.0   74.8  444.0
2023 250  9  7 1800  444.0  980.4    0.2  177.0   77.0  444.0
2023 250  9  7 1900  444.0  980.9    0.2  189.3   76.3  444.0
2023 250  9  7 2000  -30.1  981.6    1.3  193.1   77.6  444.0
2023 250  9  7 2100  444.0  981.9    0.4  159.2   77.8  444.0
2023 250  9  7 2200  -29.2  982.1    1.5  214.6   77.2  444.0
2023 250  9  7 2300  -25.3  981.2    3.2   40.7   79.7  444.0
2023 251  9  8 0000  -25.4  979.9    8.3   50.8   80.0  444.0
2023 251  9  8 0100  -26.9  979.1    2.7   33.8   79.3  444.0
2023 251  9  8 0200  -27.9  976.5    7.9   12.6   78.8  444.0
2023 251  9  8 0300  -27.2  978.9    1.9  120.6   79.2  444.0
2023 251  9  8 0400  -25.8  977.8    5.4   49.6   80.2  444.0
2023 251  9  8 0500  -24.2  979.0    2.7   42.2   81.4  444.0
2023 251  9  8 0600  -23.2  978.6    5.2   60.0   82.4  444.0
2023 251  9  8 0700  -21.5  979.7    5.2   47.0   64.9  444.0
2023 251  9  8 0800  -21.6  977.2    4.9   61.1   54.3  444.0
2023 251  9  8 0900  -21.4  977.7    5.5   56.5   53.2  444.0
2023 251  9  8 1000  -18.4  976.1    4.0   52.5   43.9  444.0
2023 251  9  8 1100  444.0  975.6    0.7  148.5   57.1  444.0
2023 251  9  8 1200  -19.1  975.2    1.7   59.9   51.1  444.0
2023 251  9  8 1300  -17.9  974.4    4.7   26.6   48.0  444.0
2023 251  9  8 1400  -16.8  973.9   10.6  180.7   77.2  444.0
2023 251  9  8 1500  -17.3  973.3   20.0  179.1   89.5  444.0
2023 251  9  8 1600  -14.7  973.5    5.9  147.2   95.8  444.0
2023 251  9  8 1700  -14.3  975.3   13.1  175.0   94.3  444.0
2023 251  9  8 1800  -14.9  972.0   22.1  184.9   96.0  444.0
2023 251  9  8 1900  -14.0  972.8   20.5  192.8   96.8  444.0
2023 251  9  8 2000  -13.9  974.8   13.5  184.3   92.7  444.0
2023 251  9  8 2100  -12.5  975.9   10.3  171.0   84.4  444.0
2023 251  9  8 2200  -12.4  974.8   11.3  181.3   76.8  444.0
2023 251  9  8 2300  -10.2  975.5   12.3  173.7   51.0  444.0
2023 252  9  9 0000  -10.4  976.4    5.0  184.2   43.6  444.0
2023 252  9  9 0100  -11.4  976.7   17.8  188.7   58.3  444.0
2023 252  9  9 0200  -12.1  978.0   12.5  173.3   54.6  444.0
2023 252  9  9 0300  -11.6  980.0    1.0  327.0   46.8  444.0
2023 252  9  9 0400  -11.2  978.3    3.3  156.4   53.2  444.0
2023 252  9  9 0500  -11.3  979.9    9.5  214.2   61.1  444.0
2023 252  9  9 0600  -11.6  981.2    2.5  148.2   53.2  444.0
2023 252  9  9 0700  -12.0  982.8    7.4   60.7   54.1  444.0
2023 252  9  9 0800  -11.6  984.5    3.6  108.6   47.1  444.0
2023 252  9  9 0900  -10.9  984.9    3.9   62.8   47.0  444.0
2023 252  9  9 1000  -11.5  986.9    5.2   96.8   50.2  444.0
2023 252  9  9 1100  -10.6  987.0    8.1   68.5   42.6  444.0
2023 252  9  9 1200  -10.9  988.7    4.0   78.5   47.4  444.0
2023 252  9  9 1300  -10.4  990.6    6.4  150.3   39.5  444.0
2023 252  9  9 1400  -11.1  990.2    6.1   65.3   49.1  444.0
2023 252  9  9 1500  -11.8  992.2    2.7   94.3   50.7  444.0
2023 252  9  9 1600  -11.6  993.4    0.9    3.1   58.6  444.0
2023 252  9  9 1700  -12.3  995.0    6.3   49.5   59.1  444.0
2023 252  9  9 1800  -12.2  995.1    6.0   63.0   54.5  444.0
2023 252  9  9 1900  -12.8  996.0    6.4   61.5   62.6  444.0
2023 252  9  9 2000  -13.3  997.0    5.9   98.1   68.3  444.0
2023 252  9  9 2100  -12.1  997.1    2.2   95.2   55.1  444.0
2023 252  9  9 2200  -11.7  996.5    7.0   40.8   51.4  444.0
2023 252  9  9 2300  -12.1  998.2    3.6  199.0   63.9  444.0
2023 253  9 10 0000  -11.9  998.1    3.1   44.0   57.1  444.0
2023 253  9 10 0100  -11.4  998.3    2.1  104.0   54.5  444.0
2023 253  9 10 0200  -11.1  998.4    1.4   85.7   53.4  444.0
2023 253  9 10 0300  -11.3  998.6    2.1   68.0   55.1  444.0
2023 253  9 10 0400  -14.8  998.8    6.1   45.3   77.4  444.0
2023 253  9 10 0500  -14.2  999.1    4.6   52.8   81.0  444.0
2023 253  9 10 0600  -13.6  999.1    6.3   51.6   79.8  444.0
2023 253  9 10 0700  -13.4  999.0    3.5   64.8   76.2  444.0
2023 253  9 10 0800  -13.2  998.6    3.4   76.7   71.8  444.0
2023 253  9 10 0900  -12.6  998.0    3.2  175.5   61.8  444.0
2023 253  9 10 1000  -12.8  996.7    5.0   56.4   65.4  444.0
2023 253  9 10 1100  -12.3  997.2    3.4   90.2   53.6  444.0
2023 253  9 10 1200  -12.4  996.1    4.5   57.1   60.1  444.0
2023 253  9 10 1300  -11.8  996.1    2.2   56.1   52.4  444.0
2023 253  9 10 1400  -12.6  995.4    3.7   72.3   54.9  444.0
2023 253  9 10 1500  -13.3  995.4    2.2   76.2   63.1  444.0
2023 253  9 10 1600  444.0  995.0    0.6  353.9   65.5  444.0
2023 253  9 10 1700  -14.9  994.3    2.8   99.1   75.3  444.0
2023 253  9 10 1800  -15.2  993.7    1.8  134.9   77.8  444.0
2023 253  9 10 1900  -14.1  992.3    6.0  181.4   69.8  444.0
2023 253  9 10 2000  -14.1  992.1    5.8  163.9   62.9  444.0
2023 253  9 10 2100  -14.1  991.2    5.0  173.5   61.5  444.0
2023 253  9 10 2200  -14.1  990.5    3.6  194.8   61.6  444.0
2023 253  9 10 2300  -13.5  990.1    3.8  171.3   51.5  444.0
2023 254  9 11 0000  -13.0  989.4    3.4  187.2   50.0  444.0
2023 254  9 11 0100  -12.6  989.0    2.7  181.9   48.9  444.0
2023 254  9 11 0200  444.0  988.5    0.1  193.8   43.6  444.0
2023 254  9 11 0300  -12.2  988.2    1.7  127.2   51.9  444.0
2023 254  9 11 0400  444.0  987.6    1.1   14.2   60.1  444.0
2023 254  9 11 0500  444.0  987.1    0.9  114.8   66.1  444.0
2023 254  9 11 0600  -14.8  987.2    2.8  120.4   65.8  444.0
2023 254  9 11 0700  -14.6  987.0    1.8   99.4   67.7  444.0
2023 254  9 11 0800  -15.2  987.6    2.8   91.3   67.5  444.0
2023 254  9 11 0900  -15.3  987.7    3.2   59.0   64.8  444.0
2023 254  9 11 1000  -16.4  988.0    2.5   58.3   72.3  444.0
2023 254  9 11 1100  -16.4  987.7    7.1   34.7   74.0  444.0
2023 254  9 11 1200  -16.9  988.4    5.6   30.6   75.4  444.0
2023 254  9 11 1300  -17.6  988.2    3.2   63.5   74.6  444.0
2023 254  9 11 1400  -18.1  988.3    2.4  110.0   77.0  444.0
2023 254  9 11 1500  -17.9  988.0    3.3  105.6   78.9  444.0
2023 254  9 11 1600  -17.3  988.1    2.6   69.6   79.7  444.0
2023 254  9 11 1700  -18.0  987.8    4.0   95.9   80.4  444.0
2023 254  9 11 1800  -17.5  987.5    4.2   74.2   81.7  444.0
2023 254  9 11 1900  -17.1  987.0    5.8   58.5   82.7  444.0
2023 254  9 11 2000  -15.1  986.6    5.5   39.4   76.1  444.0
2023 254  9 11 2100  -17.9  987.1    7.2   32.2   78.6  444.0
2023 254  9 11 2200  -16.8  987.9    7.1   28.3   79.8  444.0
2023 254  9 11 2300  -14.7  987.4    8.7   41.3   77.1  444.0
2023 255  9 12 0000  -14.8  988.3    9.3   21.0   68.9  444.0
2023 255  9 12 0100  -14.0  988.9    6.6   55.0   64.0  444.0
2023 255  9 12 0200  -14.9  988.6    7.3   35.5   68.2  444.0
2023 255  9 12 0300  -14.8  987.9    8.8   53.9   73.2  444.0
2023 255  9 12 0400  -13.8  987.4    2.9   23.6   71.0  444.0
2023 255  9 12 0500  -13.0  987.5    5.2   15.0   67.8  444.0
2023 255  9 12 0600  -13.1  987.9    6.2   40.2   67.7  444.0
2023 255  9 12 0700  -15.8  987.1    8.0   29.1   75.6  444.0
2023 255  9 12 0800  -14.0  988.2    5.2   61.3   76.2  444.0
2023 255  9 12 0900  -13.8  986.8    6.7   59.4   66.5  444.0
2023 255  9 12 1000  -13.6  987.0    3.8  126.2   68.2  444.0
2023 255  9 12 1100  -12.8  986.3    5.2   71.0   65.2  444.0
2023 255  9 12 1200  -12.8  985.2    3.6   66.2   65.6  444.0
2023 255  9 12 1300  -14.0  984.7    3.5  116.0   70.1  444.0
2023 255  9 12 1400  -14.0  984.1    5.1  118.3   60.1  444.0
2023 255  9 12 1500  -13.0  982.9    3.1  106.9   57.2  444.0
2023 255  9 12 1600  -13.6  982.6    4.1  101.6   58.0  444.0
2023 255  9 12 1700  -13.7  982.0    4.0  122.3   63.6  444.0
2023 255  9 12 1800  -12.6  981.8    2.6  124.4   65.0  444.0
2023 255  9 12 1900  -12.6  981.4    1.8  132.7   61.3  444.0
2023 255  9 12 2000  -12.3  980.4    6.1   80.4   57.6  444.0
2023 255  9 12 2100  -12.9  980.6    2.9  122.5   63.3  444.0
2023 255  9 12 2200  -12.1  980.5    4.3  191.3   57.4  444.0
2023 255  9 12 2300  -11.4  980.2    1.5  170.5   56.1  444.0
2023 256  9 13 0000  -11.6  979.2    3.9  171.0   56.3  444.0
2023 256  9 13 0100  -11.0  978.9    5.2  202.4   52.8  444.0
2023 256  9 13 0200  -10.4  978.3    7.8  204.8   49.8  444.0
2023 256  9 13 0300   -9.4  979.0    5.2  198.4   44.5  444.0
2023 256  9 13 0400   -8.8  979.1    2.7  208.7   41.5  444.0
2023 256  9 13 0500   -8.2  979.8    3.3  166.2   37.1  444.0
2023 256  9 13 0600   -8.6  980.0    5.1  171.3   38.6  444.0
2023 256  9 13 0700   -7.4  981.0    1.2  127.2   36.0  444.0
2023 256  9 13 0800   -7.0  982.0    4.2  186.4   31.4  444.0
2023 256  9 13 0900   -7.2  982.9    2.3   70.7   35.2  444.0
2023 256  9 13 1000   -7.3  984.6    2.4  136.6   40.9  444.0
2023 256  9 13 1100   -5.8  984.6    4.0  169.4   35.9  444.0
2023 256  9 13 1200   -6.8  984.7    9.0  198.8   35.1  444.0
2023 256  9 13 1300   -6.1  985.6   10.0  178.7   40.7  444.0
2023 256  9 13 1400   -6.0  986.2   10.8  174.5   42.2  444.0
2023 256  9 13 1500   -3.3  985.6    6.8   64.2   26.8  444.0
2023 256  9 13 1600   -3.7  986.4    2.4   62.2   35.1  444.0
2023 256  9 13 1700   -5.8  987.6    4.2  116.3   39.9  444.0
2023 256  9 13 1800   -6.1  987.4    2.9   73.6   52.9  444.0
2023 256  9 13 1900   -6.0  988.0    2.2  210.8   54.8  444.0
2023 256  9 13 2000   -6.5  988.5    3.3   92.8   51.8  444.0
2023 256  9 13 2100   -5.8  988.6    1.3   42.3   56.2  444.0
2023 256  9 13 2200   -6.2  989.1    9.4   53.9   55.0  444.0
2023 256  9 13 2300   -6.3  988.9    6.8   73.4   54.3  444.0
2023 257  9 14 0000   -5.4  987.5    6.8   68.5   48.4  444.0
2023 257  9 14 0100   -6.3  987.0    8.4   34.0   58.9  444.0
2023 257  9 14 0200   -6.5  987.3    3.6   43.0   57.2  444.0
2023 257  9 14 0300   -6.7  987.8    2.0  115.5   61.2  444.0
2023 257  9 14 0400   -6.0  987.2    5.7   73.2   58.1  444.0
2023 257  9 14 0500   -5.7  986.5    5.9  188.4   55.1  444.0
2023 257  9 14 0600   -7.4  986.7    4.1  103.9   64.8  444.0
2023 257  9 14 0700   -7.1  987.0    1.6  191.8   62.1  444.0
2023 257  9 14 0800   -7.0  986.3    3.7  102.0   57.9  444.0
2023 257  9 14 0900   -8.2  986.3    3.2  155.7   70.6  444.0
2023 257  9 14 1000  -11.8  985.5    3.1  202.7   70.4  444.0
2023 257  9 14 1100  444.0  984.9    1.4   80.1   61.4  444.0
2023 257  9 14 1200  -10.2  985.0    3.2   54.6   57.4  444.0
2023 257  9 14 1300  -10.7  985.0    7.8   50.3   73.6  444.0
2023 257  9 14 1400  -11.0  985.6    6.4   58.3   76.8  444.0
2023 257  9 14 1500  -11.6  986.0    2.5   70.6   78.3  444.0
2023 257  9 14 1600  -11.9  984.7    2.2   79.5   79.9  444.0
2023 257  9 14 1700  -10.8  983.1    3.3   58.9   60.5  444.0
2023 257  9 14 1800  -10.2  985.1    3.4  202.1   46.0  444.0
2023 257  9 14 1900  -11.9  985.2    7.2   77.1   58.6  444.0
2023 257  9 14 2000  -12.0  985.8    8.0   50.3   60.9  444.0
2023 257  9 14 2100  -12.6  986.5    5.7   83.1   62.9  444.0
2023 257  9 14 2200  -11.4  988.0    4.3   68.4   43.4  444.0
2023 257  9 14 2300  -10.2  986.1    1.1   13.0   40.5  444.0
2023 258  9 15 0000  -10.2  986.4    3.9  105.0   38.8  444.0
2023 258  9 15 0100   -9.8  985.3    6.3   79.8   38.8  444.0
2023 258  9 15 0200   -8.5  985.7    4.7   53.6   36.2  444.0
2023 258  9 15 0300   -8.4  984.6    6.2   44.8   31.5  444.0
2023 258  9 15 0400   -8.8  983.9    4.8   40.4   36.8  444.0
2023 258  9 15 0500   -8.6  984.3    5.8  360.0   41.8  444.0
2023 258  9 15 0600   -8.6  984.4    5.8   75.5   31.3  444.0
2023 258  9 15 0700   -9.3  983.8    6.3   69.1   38.4  444.0
2023 258  9 15 0800   -8.0  983.8    1.5  160.7   28.7  444.0
2023 258  9 15 0900   -9.6  983.0    3.2  108.8   31.7  444.0
2023 258  9 15 1000  -10.5  982.3    3.0  103.1   40.0  444.0
2023 258  9 15 1100  -13.8  981.8    3.2  188.7   47.5  444.0
2023 258  9 15 1200  -10.7  981.2    4.4  117.2   45.0  444.0
2023 258  9 15 1300  -11.6  980.5    2.0   99.1   46.9  444.0
2023 258  9 15 1400  -13.1  980.1    1.6   52.0   57.9  444.0
2023 258  9 15 1500  -13.3  979.5    3.1   43.3   69.1  444.0
2023 258  9 15 1600  -12.9  978.9    2.2   57.5   55.9  444.0
2023 258  9 15 1700  -13.3  978.2    6.6   42.8   60.8  444.0
2023 258  9 15 1800  -13.5  977.7    3.2   71.9   61.9  444.0
2023 258  9 15 1900  -14.1  977.4    2.8  151.9   60.8  444.0
2023 258  9 15 2000  -14.8  977.0    3.0  130.7   70.5  444.0
2023 258  9 15 2100  -15.0  976.9    3.6  112.7   74.8  444.0
2023 258  9 15 2200  444.0  976.3    1.3  104.2   76.2  444.0
2023 258  9 15 2300  -14.5  975.4    0.7   41.1   78.2  444.0
2023 259  9 16 0000  -14.4  974.0    3.3  212.0   76.8  444.0
2023 259  9 16 0100  -17.0  972.6    9.2  204.4   57.9  444.0
2023 259  9 16 0200  -16.9  972.4    5.3  196.3   57.8  444.0
2023 259  9 16 0300  -11.8  970.5    1.1  201.5   47.5  444.0
2023 259  9 16 0400   -9.1  970.3    3.3   37.3   29.7  444.0
2023 259  9 16 0500   -9.4  969.5    0.3  151.4   32.0  444.0
2023 259  9 16 0600   -8.9  967.0    2.2  164.8   27.6  444.0
2023 259  9 16 0700   -9.0  965.4   15.0  200.9   51.4  444.0
2023 259  9 16 0800   -8.9  968.8    6.6  288.8   35.4  444.0
2023 259  9 16 0900   -9.2  966.9    6.6   61.3   34.4  444.0
2023 259  9 16 1000  -10.1  968.3    3.3   68.0   49.3  444.0
2023 259  9 16 1100   -9.8  968.1    5.9   63.2   50.6  444.0
2023 259  9 16 1200   -8.7  966.9   12.2   53.5   43.6  444.0
2023 259  9 16 1300   -8.4  967.1    7.1   40.1   49.7  444.0
2023 259  9 16 1400   -9.1  968.0    2.8   94.9   51.0  444.0
2023 259  9 16 1500   -9.5  968.9    3.4  154.5   60.1  444.0
2023 259  9 16 1600   -9.4  970.5    5.6  298.1   67.6  444.0
2023 259  9 16 1700   -9.2  971.2    3.2  324.4   66.8  444.0
2023 259  9 16 1800  -10.0  969.4    5.9   93.5   65.3  444.0
2023 259  9 16 1900   -8.6  967.1   11.3  198.6   51.5  444.0
2023 259  9 16 2000   -8.6  964.8   20.3  221.3   70.7  444.0
2023 259  9 16 2100   -6.8  963.7   19.5  201.0   36.0  444.0
2023 259  9 16 2200   -8.9  962.4   20.2  203.2   50.1  444.0
2023 259  9 16 2300  -11.2  964.9   20.0  191.3   75.5  444.0
2023 260  9 17 0000  -12.9  964.7   18.2  197.4   86.4  444.0
2023 260  9 17 0100   -9.7  965.0   16.8  184.9   57.4  444.0
2023 260  9 17 0200   -9.8  965.5    5.9  190.0   55.0  444.0
2023 260  9 17 0300   -9.2  967.2    7.3  271.3   54.8  444.0
2023 260  9 17 0400  -10.8  965.4    6.6  214.0   59.8  444.0
2023 260  9 17 0500   -9.0  965.7    8.0   50.5   46.6  444.0
2023 260  9 17 0600   -9.5  965.5    8.5   60.1   52.2  444.0
2023 260  9 17 0700   -8.9  964.1    9.2   52.1   46.0  444.0
2023 260  9 17 0800   -8.8  965.4    4.5  166.2   54.4  444.0
2023 260  9 17 0900   -8.9  965.7    3.3   64.9   53.7  444.0
2023 260  9 17 1000   -9.9  965.3    9.7   47.8   61.1  444.0
2023 260  9 17 1100   -9.3  964.9    8.9   43.9   59.9  444.0
2023 260  9 17 1200   -9.0  965.2    5.1   48.1   52.0  444.0
2023 260  9 17 1300  -10.6  965.6    4.6   72.6   65.5  444.0
2023 260  9 17 1400  -11.1  965.2    5.4   45.9   69.2  444.0
2023 260  9 17 1500  -11.0  965.2    4.7   58.4   75.3  444.0
2023 260  9 17 1600  -10.7  964.6    2.0   67.7   71.6  444.0
2023 260  9 17 1700  -11.1  964.8    2.1  180.1   72.5  444.0
2023 260  9 17 1800  -11.0  965.1    2.9  107.4   76.6  444.0
2023 260  9 17 1900  -11.4  965.5    2.5  126.5   78.3  444.0
2023 260  9 17 2000  -11.9  965.7    3.2  107.2   79.3  444.0
2023 260  9 17 2100  -11.7  966.1    2.7   98.5   74.0  444.0
2023 260  9 17 2200  -11.6  966.4    2.7  176.1   70.9  444.0
2023 260  9 17 2300  -12.7  966.5    2.3  201.6   75.2  444.0
2023 261  9 18 0000  444.0  966.4    1.4   97.2   78.4  444.0
2023 261  9 18 0100  -15.0  966.4    2.8  211.2   79.4  444.0
2023 261  9 18 0200  -15.3  966.0    3.1  209.1   79.2  444.0
2023 261  9 18 0300  -13.1  966.1    3.6   18.8   77.9  444.0
2023 261  9 18 0400  -11.9  966.3    3.4   42.8   79.8  444.0
2023 261  9 18 0500  -11.5  966.1    4.8   37.8   78.0  444.0
2023 261  9 18 0600  -10.7  965.5    5.1   56.6   68.9  444.0
2023 261  9 18 0700  -11.6  965.6    7.4   52.8   74.7  444.0
2023 261  9 18 0800  -10.4  966.4    4.2   53.1   65.6  444.0
2023 261  9 18 0900  -10.3  967.1    5.5   57.9   65.9  444.0
2023 261  9 18 1000  -10.1  967.2    4.2   83.7   61.1  444.0
2023 261  9 18 1100   -9.9  968.0    7.0   75.3   53.8  444.0
2023 261  9 18 1200   -9.6  967.0    4.4   80.3   47.5  444.0
2023 261  9 18 1300   -9.9  967.7    4.6  205.7   54.9  444.0
2023 261  9 18 1400   -9.5  968.8    4.4   58.0   47.1  444.0
2023 261  9 18 1500   -9.7  967.4    5.3  192.5   52.9  444.0
2023 261  9 18 1600   -9.6  968.2    5.7   38.4   53.7  444.0
2023 261  9 18 1700   -9.7  968.6    9.4   56.3   50.4  444.0
2023 261  9 18 1800   -9.8  968.3   11.1   60.2   49.5  444.0
2023 261  9 18 1900   -9.8  968.9   10.5   63.6   49.4  444.0
2023 261  9 18 2000  -10.5  968.0    9.1   46.0   52.7  444.0
2023 261  9 18 2100   -9.6  969.9    2.0  325.0   55.3  444.0
2023 261  9 18 2200   -9.2  971.2    3.0  214.6   53.1  444.0
2023 261  9 18 2300   -8.7  970.8    4.0   27.5   48.5  444.0
2023 262  9 19 0000   -9.1  971.5    4.1  244.2   57.0  444.0
2023 262  9 19 0100   -8.9  970.1    5.2   40.5   50.3  444.0
2023 262  9 19 0200   -8.5  971.3    2.0   35.4   53.8  444.0
2023 262  9 19 0300   -9.0  971.0    9.5   79.2   47.6  444.0
2023 262  9 19 0400   -9.8  970.9   13.7   43.0   60.0  444.0
2023 262  9 19 0500  -10.0  972.4    3.6  344.6   67.0  444.0
2023 262  9 19 0600  -11.4  972.8    4.2   58.6   73.1  444.0
2023 262  9 19 0700  -11.5  972.0    3.5   42.4   63.0  444.0
2023 262  9 19 0800  -11.8  971.9    2.0  149.9   71.9  444.0
2023 262  9 19 0900  -12.1  970.9    1.1   40.0   73.9  444.0
2023 262  9 19 1000  -11.5  971.2    2.3   60.6   67.0  444.0
2023 262  9 19 1100  -11.4  970.9    3.2  177.2   67.6  444.0
2023 262  9 19 1200  -11.6  969.6    5.7   56.2   71.3  444.0
2023 262  9 19 1300  -10.5  969.5    8.2   47.2   55.5  444.0
2023 262  9 19 1400  -11.0  969.6    5.8   56.8   66.2  444.0
2023 262  9 19 1500  -10.6  969.2    4.1   57.4   56.9  444.0
2023 262  9 19 1600  -11.1  969.7    5.7   50.1   72.2  444.0
2023 262  9 19 1700  -11.5  969.7    4.5   19.4   69.8  444.0
2023 262  9 19 1800  -11.6  969.8    8.2   52.4   71.5  444.0
2023 262  9 19 1900  -11.6  970.1    8.1   49.1   69.3  444.0
2023 262  9 19 2000  -11.6  970.0    4.8   69.3   67.7  444.0
2023 262  9 19 2100  -11.7  970.1    2.3  104.4   73.5  444.0
2023 262  9 19 2200  -11.7  969.8    2.2  161.7   72.7  444.0
2023 262  9 19 2300  -11.7  969.5    2.2  190.8   74.8  444.0
2023 263  9 20 0000   -9.4  969.1    4.5  160.5   56.5  444.0
2023 263  9 20 0100  -10.9  968.5    4.8  204.6   70.3  444.0
2023 263  9 20 0200  -11.3  967.6    7.5  212.5   71.0  444.0
2023 263  9 20 0300  -12.3  967.3    8.2  212.1   76.8  444.0
2023 263  9 20 0400  -13.0  967.0    4.2  209.7   70.6  444.0
2023 263  9 20 0500  -11.5  966.4    5.4  200.0   73.2  444.0
2023 263  9 20 0600  -12.6  966.4    5.6  202.2   74.6  444.0
2023 263  9 20 0700  -12.6  966.4    5.4  199.5   70.7  444.0
2023 263  9 20 0800  -12.9  966.6    4.5  200.9   62.6  444.0
2023 263  9 20 0900  -10.5  966.2    5.5  177.0   44.7  444.0
2023 263  9 20 1000  -10.1  966.0    5.4  210.4   43.2  444.0
2023 263  9 20 1100  -11.0  966.2    6.3  211.2   49.9  444.0
2023 263  9 20 1200  -11.0  966.0    4.8  203.6   43.8  444.0
2023 263  9 20 1300  -11.7  965.6    4.5  183.1   44.3  444.0
2023 263  9 20 1400  -12.0  964.9    4.8  178.8   43.8  444.0
2023 263  9 20 1500  -11.9  964.8    4.5  174.6   42.3  444.0
2023 263  9 20 1600  -11.3  964.7    4.3  170.9   44.1  444.0
2023 263  9 20 1700  -11.1  964.7    4.1  167.3   51.3  444.0
2023 263  9 20 1800  -10.7  964.2    3.2  169.3   43.5  444.0
2023 263  9 20 1900  -11.1  964.1    3.9  189.4   44.7  444.0
2023 263  9 20 2000  -12.0  963.7    4.4  195.9   64.3  444.0
2023 263  9 20 2100  -11.9  963.5    5.8  198.4   56.8  444.0
2023 263  9 20 2200  -12.6  963.6    5.2  200.1   72.1  444.0
2023 263  9 20 2300  -10.3  963.2    5.4  206.3   78.4  444.0
2023 264  9 21 0000   -9.5  962.8    6.6  218.1   82.4  444.0
2023 264  9 21 0100  -10.0  962.9    5.6  213.9   84.6  444.0
2023 264  9 21 0200  -10.0  962.5    4.7  215.8   84.6  444.0
2023 264  9 21 0300   -9.6  962.4    2.8  204.6   84.0  444.0
2023 264  9 21 0400   -9.1  962.5    0.3  292.8   83.8  444.0
2023 264  9 21 0500   -9.6  962.3    3.6   66.9   83.1  444.0
2023 264  9 21 0600   -8.4  962.6    1.7  105.1   78.7  444.0
2023 264  9 21 0700   -9.0  962.5    5.2   56.2   77.9  444.0
2023 264  9 21 0800   -6.5  962.3    4.2   53.9   54.6  444.0
2023 264  9 21 0900   -6.5  962.0    5.0   49.9   49.9  444.0
2023 264  9 21 1000   -6.7  962.4    3.1   77.7   50.1  444.0
2023 264  9 21 1100   -6.8  962.5    4.9   55.2   56.7  444.0
2023 264  9 21 1200   -7.1  961.5   11.0   57.6   60.3  444.0
2023 264  9 21 1300   -5.7  963.4    6.3  200.2   58.1  444.0
2023 264  9 21 1400   -6.8  957.5   23.5  188.2   45.2  444.0
2023 264  9 21 1500   -9.6  963.5    3.4  128.8   53.6  444.0
2023 264  9 21 1600   -7.6  965.6    0.3   33.6   61.3  444.0
2023 264  9 21 1700   -8.7  966.1    5.1   91.7   54.5  444.0
2023 264  9 21 1800   -9.0  967.2   11.1  179.1   57.3  444.0
2023 264  9 21 1900   -7.9  966.7    4.8  212.6   54.0  444.0
2023 264  9 21 2000  -10.2  967.6    8.3  196.3   66.2  444.0
2023 264  9 21 2100   -7.3  969.5    5.0  167.7   47.8  444.0
2023 264  9 21 2200   -8.2  968.4   10.7  190.6   47.6  444.0
2023 264  9 21 2300   -6.6  969.3   13.0  184.7   42.0  444.0
2023 265  9 22 0000   -8.4  970.6    7.8  174.4   53.2  444.0
2023 265  9 22 0100   -8.7  973.1    8.2   36.4   65.0  444.0
2023 265  9 22 0200   -8.9  974.1    5.8   92.8   68.2  444.0
2023 265  9 22 0300   -8.7  968.6   15.3  205.8   68.4  444.0
2023 265  9 22 0400   -7.3  971.1   11.8  196.4   53.7  444.0
2023 265  9 22 0500   -8.8  971.5   15.1  193.4   56.3  444.0
2023 265  9 22 0600   -8.6  973.0   11.7  186.0   53.6  444.0
2023 265  9 22 0700   -9.2  971.4    7.5  212.6   49.3  444.0
2023 265  9 22 0800   -9.4  971.6    3.7  201.3   50.7  444.0
2023 265  9 22 0900   -9.7  972.1    5.9  191.5   63.3  444.0
2023 265  9 22 1000  -11.0  972.1    5.7  182.6   71.4  444.0
2023 265  9 22 1100  -12.2  972.0    4.9  176.2   71.4  444.0
2023 265  9 22 1200  -12.5  971.1    5.1  205.6   67.7  444.0
2023 265  9 22 1300  -14.7  971.1    5.0  200.9   72.6  444.0
2023 265  9 22 1400  -13.7  971.3    5.4  188.6   70.1  444.0
2023 265  9 22 1500  -13.5  971.4    5.9  191.3   65.8  444.0
2023 265  9 22 1600  -12.4  971.4    4.6  197.8   59.2  444.0
2023 265  9 22 1700  -11.5  971.2    6.7  178.9   52.6  444.0
2023 265  9 22 1800  -11.3  971.4    6.5  168.9   52.1  444.0
2023 265  9 22 1900  -10.9  971.6    5.7  166.1   49.0  444.0
2023 265  9 22 2000  -11.2  971.8    4.1  165.8   50.6  444.0
2023 265  9 22 2100  -12.2  972.0    4.6  175.2   55.7  444.0
2023 265  9 22 2200  -10.8  972.0    4.4  199.0   35.6  444.0
2023 265  9 22 2300   -9.2  972.0    5.8  169.2   33.1  444.0
2023 266  9 23 0000   -8.7  972.6    3.2  189.3   30.7  444.0
2023 266  9 23 0100   -8.9  972.9    2.0  177.8   36.4  444.0
2023 266  9 23 0200   -8.8  973.3    1.9  120.2   41.9  444.0
2023 266  9 23 0300  444.0  973.5    0.7   47.7   50.5  444.0
2023 266  9 23 0400   -9.2  973.4    2.0   16.4   68.1  444.0
2023 266  9 23 0500   -9.7  973.6    1.1   60.6   71.8  444.0
2023 266  9 23 0600  -10.5  974.0    0.7  195.1   58.8  444.0
2023 266  9 23 0700  -11.4  973.8    3.2   98.0   65.8  444.0
2023 266  9 23 0800  -11.9  974.1    3.1  112.7   60.1  444.0
2023 266  9 23 0900  -11.9  974.0    4.6  118.1   52.5  444.0
2023 266  9 23 1000  -11.8  974.1    3.2  123.7   54.9  444.0
2023 266  9 23 1100  -12.4  974.3    3.0  128.0   59.4  444.0
2023 266  9 23 1200  -11.9  974.1    2.3  109.5   55.8  444.0
2023 266  9 23 1300  -13.3  974.2    2.5  134.8   59.9  444.0
2023 266  9 23 1400  -13.6  974.1    3.9  130.9   63.7  444.0
2023 266  9 23 1500  -13.3  974.0    3.7  132.8   54.4  444.0
2023 266  9 23 1600  -15.1  974.1    2.1  191.1   62.0  444.0
2023 266  9 23 1700  -14.0  974.4    2.4  111.0   57.7  444.0
2023 266  9 23 1800  -13.8  974.5    3.0  108.3   62.5  444.0
2023 266  9 23 1900  -14.3  974.6    3.5  112.8   67.1  444.0
2023 266  9 23 2000  -13.8  974.7    1.3  154.6   65.7  444.0
2023 266  9 23 2100  -13.8  975.0    3.2  150.3   60.7  444.0
2023 266  9 23 2200  -13.5  975.3    4.8  163.6   59.4  444.0
2023 266  9 23 2300  -14.1  975.0    4.4  208.5   64.7  444.0
2023 267  9 24 0000  -13.8  975.0    4.4  202.0   49.9  444.0
2023 267  9 24 0100  -14.9  974.7    4.3  211.3   66.2  444.0
2023 267  9 24 0200  -15.9  974.8    4.1  215.8   69.6  444.0
2023 267  9 24 0300  -15.0  974.8    3.6  218.6   68.5  444.0
2023 267  9 24 0400  -12.9  974.1    7.0  216.4   70.0  444.0
2023 267  9 24 0500  -12.7  974.2    7.8  211.1   66.3  444.0
2023 267  9 24 0600  -13.5  974.6    6.4  208.9   59.3  444.0
2023 267  9 24 0700  -13.9  974.8    4.9  194.3   57.9  444.0
2023 267  9 24 0800  -15.6  974.6    5.3  207.7   66.0  444.0
2023 267  9 24 0900  -14.3  974.6    3.7  205.1   65.0  444.0
2023 267  9 24 1000  -14.4  974.4    6.0  198.6   61.8  444.0
2023 267  9 24 1100  -16.5  974.4    3.3  209.2   66.8  444.0
2023 267  9 24 1200  -15.6  974.3    4.1  201.6   57.2  444.0
2023 267  9 24 1300  -12.4  974.0    4.6  158.2   30.1  444.0
2023 267  9 24 1400  -13.8  973.8    1.3   88.0   52.2  444.0
2023 267  9 24 1500  -14.1  973.7    3.2  202.2   61.2  444.0
2023 267  9 24 1600  -14.6  973.8    2.0   79.2   65.5  444.0
2023 267  9 24 1700  -15.2  973.7    4.4   35.8   65.0  444.0
2023 267  9 24 1800  -16.2  974.4    2.3  109.2   67.0  444.0
2023 267  9 24 1900  -17.7  973.7    2.1   44.0   69.8  444.0
2023 267  9 24 2000  -15.5  973.1    4.0   45.5   64.9  444.0
2023 267  9 24 2100  -15.3  973.5    4.9  166.7   63.4  444.0
2023 267  9 24 2200  -17.6  973.8    5.0  203.8   63.4  444.0
2023 267  9 24 2300  -17.4  973.5    7.1  198.9   48.4  444.0
2023 268  9 25 0000  -15.6  972.4    7.2  191.7   34.9  444.0
2023 268  9 25 0100  -16.4  972.1    8.0  223.3   47.8  444.0
2023 268  9 25 0200  -17.1  970.5    7.7  210.7   66.7  444.0
2023 268  9 25 0300  -13.3  969.5    2.4   51.5   62.3  444.0
2023 268  9 25 0400  -11.4  969.3    5.4   58.6   45.2  444.0
2023 268  9 25 0500  -11.0  968.2    5.2   78.7   46.2  444.0
2023 268  9 25 0600  -10.3  967.1    8.1   45.5   44.5  444.0
2023 268  9 25 0700  -11.2  969.0    5.0  108.5   41.9  444.0
2023 268  9 25 0800  -10.8  965.4   13.1  191.6   42.7  444.0
2023 268  9 25 0900  -11.8  967.1    4.6  144.8   45.6  444.0
2023 268  9 25 1000  -11.4  965.1    5.7   55.2   50.3  444.0
2023 268  9 25 1100  -11.8  966.9    7.9  184.3   40.1  444.0
2023 268  9 25 1200  -10.4  967.3    8.0  176.7   31.1  444.0
2023 268  9 25 1300  -11.5  966.2    9.9  187.7   40.7  444.0
2023 268  9 25 1400  -11.3  967.9   12.6   50.4   50.6  444.0
2023 268  9 25 1500  -11.7  968.9    2.4   59.2   46.2  444.0
2023 268  9 25 1600  -11.6  967.9    9.1  192.6   40.9  444.0
2023 268  9 25 1700  -11.5  970.0    5.9  190.2   37.3  444.0
2023 268  9 25 1800  -12.1  969.9   10.9   52.1   53.7  444.0
2023 268  9 25 1900  -12.8  971.7    4.6   61.8   70.0  444.0
2023 268  9 25 2000  -10.6  971.7    6.0  300.4   63.9  444.0
2023 268  9 25 2100  -11.1  971.9    5.4   59.8   58.2  444.0
2023 268  9 25 2200  -10.8  972.4    3.9   81.4   52.5  444.0
2023 268  9 25 2300  -10.9  972.1    6.1  168.4   39.5  444.0
2023 269  9 26 0000  -10.8  969.6   20.5  214.3   66.8  444.0
2023 269  9 26 0100   -9.2  968.1   20.4  203.8   39.3  444.0
2023 269  9 26 0200  -10.1  969.4   20.5  212.6   57.6  444.0
2023 269  9 26 0300  -10.8  965.5   21.8  202.8   41.7  444.0
2023 269  9 26 0400  -11.0  966.6   26.4  195.3   39.4  444.0
2023 269  9 26 0500  -11.8  968.1   24.8  188.3   46.9  444.0
2023 269  9 26 0600  -11.7  970.5   14.9  171.5  444.0  444.0
2023 269  9 26 0700  -13.9  969.5   23.0  182.5   49.0  444.0
2023 269  9 26 0800  -12.6  969.4   14.1  181.7   51.1  444.0
2023 269  9 26 0900  -13.1  970.6   11.2  192.0   44.2  444.0
2023 269  9 26 1000  -11.0  971.0    6.4   63.7   43.1  444.0
2023 269  9 26 1100  -10.9  972.4    2.0   59.3   45.4  444.0
2023 269  9 26 1200  -10.9  973.3    1.5   38.6   50.3  444.0
2023 269  9 26 1300  -10.6  972.9    6.6   88.0   39.2  444.0
2023 269  9 26 1400  -11.2  972.8    8.8   73.6   45.4  444.0
2023 269  9 26 1500  -10.3  972.5    7.2   66.5   44.8  444.0
2023 269  9 26 1600  -10.5  974.1    6.9   67.7   44.3  444.0
2023 269  9 26 1700   -9.0  973.9    7.5  346.0   40.4  444.0
2023 269  9 26 1800  -11.0  975.7    6.4   54.3   51.7  444.0
2023 269  9 26 1900  -10.3  975.8    6.0   37.1   45.1  444.0
2023 269  9 26 2000  -10.2  976.0    5.0   62.4   40.6  444.0
2023 269  9 26 2100   -9.9  976.3    5.6   65.0   40.4  444.0
2023 269  9 26 2200   -9.9  977.3    0.4   26.1   51.9  444.0
2023 269  9 26 2300   -9.9  977.4    3.4   60.5   53.7  444.0
2023 270  9 27 0000   -9.2  977.5    4.1   64.5   36.9  444.0
2023 270  9 27 0100   -9.0  978.3    1.8  196.4   45.7  444.0
2023 270  9 27 0200   -9.4  978.7    3.6  218.5   40.5  444.0
2023 270  9 27 0300  -10.0  978.7    4.4   70.6   42.6  444.0
2023 270  9 27 0400   -9.5  978.7    2.2  173.0   48.9  444.0
2023 270  9 27 0500   -9.5  979.0    3.2  217.8   38.7  444.0
2023 270  9 27 0600  444.0  979.5    0.5  255.7   55.9  444.0
2023 270  9 27 0700  -11.8  979.4    0.7   69.1   51.7  444.0
2023 270  9 27 0800  -11.7  979.5    6.1   69.7   44.5  444.0
2023 270  9 27 0900  -12.1  979.6    6.5   50.2   54.6  444.0
2023 270  9 27 1000  -12.9  980.0    6.6   66.1   56.1  444.0
2023 270  9 27 1100  -13.7  980.4    6.8   43.4   62.5  444.0
2023 270  9 27 1200  -14.0  980.7    4.0   56.2   62.6  444.0
2023 270  9 27 1300  -14.2  981.0    3.3   60.4   56.4  444.0
2023 270  9 27 1400  -13.9  981.3    1.8   37.4   55.6  444.0
2023 270  9 27 1500  -15.3  981.7    2.1   84.9   67.7  444.0
2023 270  9 27 1600  444.0  982.0    0.3   53.4   69.8  444.0
2023 270  9 27 1700  444.0  982.2    0.1  233.0   68.5  444.0
2023 270  9 27 1800  -15.4  982.6    1.7   75.5   69.0  444.0
2023 270  9 27 1900  444.0  982.9    1.2  111.8   64.0  444.0
2023 270  9 27 2000  -14.8  983.3    2.1  145.8   64.2  444.0
2023 270  9 27 2100  -14.4  983.6    2.0  132.3   66.9  444.0
2023 270  9 27 2200  -14.6  983.9    1.8   71.2   67.6  444.0
2023 270  9 27 2300  444.0  984.0    0.2  155.4   69.8  444.0
2023 271  9 28 0000  -14.7  983.9    5.0  212.0   72.3  444.0
2023 271  9 28 0100  -15.6  983.6    7.6  214.5   70.9  444.0
2023 271  9 28 0200  -14.7  983.4    9.3  205.3   50.6  444.0
2023 271  9 28 0300  -14.4  983.2    9.2  213.3   49.4  444.0
2023 271  9 28 0400  -14.6  982.5    9.5  216.7   50.5  444.0
2023 271  9 28 0500  -14.9  982.0    9.6  214.8   46.6  444.0
2023 271  9 28 0600  -14.4  981.8    4.1  185.2   45.1  444.0
2023 271  9 28 0700  -12.8  981.7    2.8  199.9   48.9  444.0
2023 271  9 28 0800  -11.7  982.0    1.2   55.5   33.6  444.0
2023 271  9 28 0900  -12.1  982.3    2.6   91.3   48.0  444.0
2023 271  9 28 1000  -12.0  982.6    3.3  149.0   40.4  444.0
2023 271  9 28 1100  -12.7  983.2    2.3  115.8   46.5  444.0
2023 271  9 28 1200  -12.8  983.0    3.0  146.5   45.0  444.0
2023 271  9 28 1300  -13.5  982.3    6.3  195.0   33.6  444.0
2023 271  9 28 1400  -13.5  981.6    5.7  201.4   33.6  444.0
2023 271  9 28 1500  -14.3  981.7    2.5  151.3   37.8  444.0
2023 271  9 28 1600  -14.2  981.4    5.2   61.4   45.9  444.0
2023 271  9 28 1700  -14.0  981.8    3.2  171.1   47.2  444.0
2023 271  9 28 1800  -13.7  980.5    1.7    3.7   55.3  444.0
2023 271  9 28 1900  -12.7  980.8    2.9   60.1   50.6  444.0
2023 271  9 28 2000  444.0  981.5  444.0  444.0   62.9  444.0
2023 271  9 28 2100  -12.5  979.8    5.6   40.0   46.9  444.0
2023 271  9 28 2200  -11.9  980.6    2.4  101.3   37.5  444.0
2023 271  9 28 2300  -11.2  980.2    6.6   49.2   39.0  444.0
2023 272  9 29 0000  -10.9  980.4    3.1   26.4   45.7  444.0
2023 272  9 29 0100  -11.4  978.9    9.4   59.1   41.5  444.0
2023 272  9 29 0200  -10.6  979.7    5.1  246.8   44.2  444.0
2023 272  9 29 0300   -9.8  979.9    1.9  318.4   38.9  444.0
2023 272  9 29 0400  -10.9  979.1    5.5  258.3   32.4  444.0
2023 272  9 29 0500  -10.9  978.7    6.5   56.0   33.7  444.0
2023 272  9 29 0600  -10.4  978.7    1.5   20.3   30.0  444.0
2023 272  9 29 0700  -10.7  980.0    4.6  241.2   38.2  444.0
2023 272  9 29 0800  -11.7  980.9    2.9  346.9   40.1  444.0
2023 272  9 29 0900  -13.8  981.9    9.0   31.6   65.1  444.0
2023 272  9 29 1000  -14.5  982.8    5.1    8.7   72.5  444.0
2023 272  9 29 1100  -14.5  982.2    5.4  357.9   75.5  444.0
2023 272  9 29 1200  -15.2  982.4    6.9   55.6   77.9  444.0
2023 272  9 29 1300  -15.9  982.2    7.3   55.6   79.6  444.0
2023 272  9 29 1400  -16.3  982.0    8.8   45.3   80.2  444.0
2023 272  9 29 1500  -17.6  983.6    7.7   37.7   82.1  444.0
2023 272  9 29 1600  -18.7  983.5    9.3   23.9   83.4  444.0
2023 272  9 29 1700  -19.1  984.2    6.9   21.5   84.5  444.0
2023 272  9 29 1800  -19.7  984.7    4.4   44.0   85.2  444.0
2023 272  9 29 1900  -19.5  984.5    6.4   53.4   86.2  444.0
2023 272  9 29 2000  -19.1  983.7    8.1   32.1   87.1  444.0
2023 272  9 29 2100  -19.0  984.4    6.2   39.8   87.4  444.0
2023 272  9 29 2200  -18.6  983.9    7.1   27.9   87.5  444.0
2023 272  9 29 2300  -18.6  983.7    6.3   47.1   87.3  444.0
2023 273  9 30 0000  -17.9  983.5    7.4   51.6   87.4  444.0
2023 273  9 30 0100  -16.9  982.7    5.0   46.5   87.6  444.0
2023 273  9 30 0200  -16.4  981.9    7.1   37.2   87.3  444.0
2023 273  9 30 0300  -16.5  981.5    7.7   32.2   88.4  444.0
2023 273  9 30 0400  -16.3  981.7    6.2   36.0   89.4  444.0
2023 273  9 30 0500  -16.2  981.9    5.9   49.4   89.4  444.0
2023 273  9 30 0600  -17.0  982.2    7.7   34.1   87.4  444.0
2023 273  9 30 0700  -17.3  982.2    7.7   32.2   87.8  444.0
2023 273  9 30 0800  -17.7  982.6    4.4   51.0   88.1  444.0
2023 273  9 30 0900  -17.8  982.3    6.8   51.9   87.7  444.0
2023 273  9 30 1000  -18.1  981.9    6.9   44.5   88.5  444.0
2023 273  9 30 1100  -17.8  982.1    8.3   49.5   87.5  444.0
2023 273  9 30 1200  -17.7  981.5    7.8   38.7   85.8  444.0
2023 273  9 30 1300  -17.8  981.8    7.1   54.8   85.5  444.0
2023 273  9 30 1400  -18.2  981.5    7.7   49.1   85.9  444.0
2023 273  9 30 1500  -18.8  981.7    8.5   49.7   86.8  444.0
2023 273  9 30 1600  -19.3  981.9    6.9   54.0   88.7  444.0
2023 273  9 30 1700  -19.5  982.0    5.0   60.3   90.4  444.0
2023 273  9 30 1800  -19.5  981.8    4.3   57.5   92.2  444.0
2023 273  9 30 1900  -19.6  981.8    2.9   63.3   93.7  444.0
2023 273  9 30 2000  -19.6  981.3    2.3   56.8   93.3  444.0
2023 273  9 30 2100  -19.8  980.9    5.8   54.1   91.9  444.0
2023 273  9 30 2200  -19.4  980.4    7.1   36.2   92.2  444.0
2023 273  9 30 2300  -19.0  980.9    5.1   32.2   92.2  444.0
